 N     7.0   -1.79574445   -0.01411400   -0.03628123   14.00307401
 N     7.0    1.86748502    2.23568795   -0.34858084   14.00307401
 C     6.0   -0.80171894    2.49207518   -0.02712193   12.00000000
 C     6.0    3.36314509    0.11105848    0.09539310   12.00000000
 C     6.0    2.10955618   -2.28352158    0.07999973   12.00000000
 C     6.0   -0.63456031   -2.58027545   -0.10086820   12.00000000
 O     8.0   -1.89291294   -4.44707717    0.00888474   15.99491464
 O     8.0   -2.05636389    4.19245495    0.19495957   15.99491464
 H     1.0   -4.04739944   -0.08887337   -0.17511676    1.00782504
 H     1.0    2.60546601    3.97030466    0.10044215    1.00782504
 H     1.0    5.11445890    0.50992584    0.85536610    1.00782504
 H     1.0    3.06289128   -3.89020519    0.74504903    1.00782504
