    0.000151920   -0.000110327   -0.000084788
    0.000067100    0.000010911    0.000430495
   -0.000176142   -0.000406858   -0.000411715
    0.000288325    0.000517362   -0.000143826
    0.000179558   -0.000335997   -0.000226098
   -0.000792286   -0.000108851    0.000592650
    0.000156320    0.000032682   -0.000092839
    0.000167531    0.000195624    0.000046874
    0.000098567    0.001647858   -0.000715084
   -0.001193958    0.000351909   -0.000436721
    0.002025613   -0.001132985   -0.000545369
   -0.003145544    0.000753547   -0.000392920
