 N     7.0   -1.94979318   -0.02217498   -0.28277071   14.00307401
 N     7.0    1.87248608    2.25119993    0.00547084   14.00307401
 C     6.0   -0.85648238    2.28914888    0.01693891   12.00000000
 C     6.0    3.17652626    0.18826917    0.04055623   12.00000000
 C     6.0    2.18512981   -2.18188228   -0.08946718   12.00000000
 C     6.0   -0.56214667   -2.54892497   -0.18399420   12.00000000
 O     8.0   -1.76459094   -4.50154814    0.23377869   15.99491464
 O     8.0   -2.04583919    4.21362884    0.11414349   15.99491464
 H     1.0   -3.91570902    0.14035279    0.08719543    1.00782504
 H     1.0    2.60911964    4.07003914    0.35095410    1.00782504
 H     1.0    5.47827328    0.51040653    0.07997620    1.00782504
 H     1.0    3.50858106   -3.84481744    0.43722647    1.00782504
