   -0.000139501    0.000153070    0.000105380
   -0.000115795   -0.000333762    0.000067259
   -0.000386473    0.000588813   -0.000049560
    0.000138095    0.000164478    0.000141288
   -0.000264648   -0.000748679   -0.000651147
    0.000335520    0.000606351    0.000486292
   -0.000030083    0.000009087   -0.000197590
    0.000301645   -0.000232214   -0.000158764
    0.000097512   -0.001164794    0.000847507
   -0.001100953    0.000217515    0.000704807
    0.000655615    0.000406956   -0.000226583
    0.001868109   -0.000647061    0.002241275
