     0.000  -412.517592588  -412.333366736  -412.281834551  -412.281834551  -412.231037141
     0.500  -412.526074191  -412.345149660  -412.291430938  -412.291430938  -412.231375091
     1.000  -412.531492929  -412.354172178  -412.298439508  -412.298439508  -412.231473902
     1.500  -412.531669559  -412.358218758  -412.300712466  -412.300712466  -412.231401793
     2.000  -412.527165611  -412.357797302  -412.298802676  -412.298802676  -412.231292974
     2.500  -412.519431455  -412.354290634  -412.294117317  -412.294117317  -412.231202396
     3.000  -412.509888581  -412.349045609  -412.288015728  -412.288015728  -412.231118236
     3.500  -412.499978962  -412.343432664  -412.281870958  -412.281870958  -412.231019616
     4.000  -412.491355044  -412.339044562  -412.277272554  -412.277272554  -412.230927823
     4.500  -412.485497714  -412.337318022  -412.275656075  -412.275656075  -412.230897181
     5.000  -412.482922610  -412.338729518  -412.277518426  -412.277518426  -412.230943887
     5.500  -412.482941241  -412.342532566  -412.282177171  -412.282177171  -412.231025752
     6.000  -412.484266483  -412.347359749  -412.288346546  -412.288346546  -412.231111153
     6.500  -412.485544280  -412.351784189  -412.294626190  -412.294626190  -412.231214262
     7.000  -412.485294901  -412.354293083  -412.299419755  -412.299419755  -412.231340508
     7.500  -412.481916002  -412.353266298  -412.300953778  -412.300953778  -412.231441729
     8.000  -412.474445926  -412.347696502  -412.298063493  -412.298063493  -412.231416402
     8.500  -412.464037195  -412.338631367  -412.291685744  -412.291685744  -412.231174744
     9.000  -412.454985034  -412.330209024  -412.285914163  -412.285914163  -412.230817895
     9.500  -412.452834034  -412.327821309  -412.286146347  -412.286146347  -412.230699615
    10.000  -412.459309141  -412.333127556  -412.294064506  -412.294064506  -412.230989028
    10.500  -412.470070708  -412.341853342  -412.305404455  -412.305404455  -412.231383115
    11.000  -412.478831552  -412.347874408  -412.314039408  -412.314039408  -412.231573056
    11.500  -412.481971797  -412.347769847  -412.316538807  -412.316538807  -412.231542432
    12.000  -412.479255931  -412.341492708  -412.312845595  -412.312845595  -412.231395084
    12.500  -412.472493338  -412.331019317  -412.304920586  -412.304920586  -412.231210900
    13.000  -412.464257775  -412.319072300  -412.295457904  -412.295457904  -412.231052799
    13.500  -412.456839090  -412.308086030  -412.286839514  -412.286839514  -412.230972131
    14.000  -412.451452111  -412.299425643  -412.280350704  -412.280350704  -412.230964375
    14.500  -412.448257413  -412.293414941  -412.276211022  -412.276211022  -412.230974930
    15.000  -412.447068545  -412.290032698  -412.274292106  -412.274292106  -412.230975960
    15.500  -412.447749128  -412.289291227  -412.274518969  -412.274518969  -412.230989886
    16.000  -412.449962133  -412.290969747  -412.276611306  -412.276611306  -412.231039087
    16.500  -412.452906652  -412.294347569  -412.279800395  -412.279800395  -412.231115442
    17.000  -412.455458734  -412.298349666  -412.282951729  -412.282951729  -412.231199627
    17.500  -412.456476984  -412.301857600  -412.284871245  -412.284871245  -412.231278228
    18.000  -412.455038194  -412.303942475  -412.284562910  -412.284562910  -412.231327114
    18.500  -412.450841165  -412.304268285  -412.281660525  -412.281660525  -412.231280190
    19.000  -412.445113719  -412.303979263  -412.277368482  -412.277368482  -412.231073118
    19.500  -412.441185909  -412.306150809  -412.275107285  -412.275107285  -412.230814583
    20.000  -412.442515153  -412.313671833  -412.278572569  -412.278572569  -412.230818648
    20.500  -412.448754473  -412.325803596  -412.287563138  -412.287563138  -412.231132720
    21.000  -412.455470194  -412.338250808  -412.297585760  -412.297585760  -412.231403243
    21.500  -412.458553580  -412.347114655  -412.304435340  -412.304435340  -412.231438044
    22.000  -412.457111523  -412.351582907  -412.307107225  -412.307107225  -412.231333019
    22.500  -412.452442784  -412.352918807  -412.306754530  -412.306754530  -412.231235128
    23.000  -412.446021278  -412.352497593  -412.304675413  -412.304675413  -412.231177006
    23.500  -412.438897209  -412.351245325  -412.301733748  -412.301733748  -412.231118038
    24.000  -412.432127897  -412.350090287  -412.298810150  -412.298810150  -412.231048519
    24.500  -412.426863163  -412.350061882  -412.296905291  -412.296905291  -412.231003915
    25.000  -412.423854309  -412.351809832  -412.296658487  -412.296658487  -412.231007386
    25.500  -412.423120671  -412.355277346  -412.298019574  -412.298019574  -412.231044747
    26.000  -412.424142343  -412.359896187  -412.300440357  -412.300440357  -412.231089535
    26.500  -412.426257082  -412.364982081  -412.303264694  -412.303264694  -412.231126701
    27.000  -412.428912065  -412.369975947  -412.305969514  -412.305969514  -412.231155988
    27.500  -412.431714713  -412.374485903  -412.308196645  -412.308196645  -412.231187683
    28.000  -412.434294575  -412.378136518  -412.309600897  -412.309600897  -412.231242693
    28.500  -412.436032312  -412.380287884  -412.309569859  -412.309569859  -412.231319710
    29.000  -412.436159658  -412.380126176  -412.307319515  -412.307319515  -412.231339202
    29.500  -412.434899190  -412.377810702  -412.303032803  -412.303032803  -412.231196783
    30.000  -412.434664387  -412.375692488  -412.299075752  -412.299075752  -412.230983596
    30.500  -412.438532447  -412.376831932  -412.298504400  -412.298504400  -412.230974367
    31.000  -412.446506712  -412.381301733  -412.301378096  -412.301378096  -412.231216179
    31.500  -412.454864980  -412.385538911  -412.304143814  -412.304143814  -412.231447840
    32.000  -412.459707691  -412.385851804  -412.303173750  -412.303173750  -412.231475625
    32.500  -412.459893880  -412.381305678  -412.297658158  -412.297658158  -412.231330070
    33.000  -412.456905544  -412.373559665  -412.289412175  -412.289412175  -412.231140035
    33.500  -412.453109667  -412.365119282  -412.281088467  -412.281088467  -412.230999383
    34.000  -412.450362522  -412.357948681  -412.274749970  -412.274749970  -412.230927681
    34.500  -412.449637537  -412.353112994  -412.271484590  -412.271484590  -412.230904756
    35.000  -412.451246654  -412.351007398  -412.271632670  -412.271632670  -412.230914474
    35.500  -412.455052862  -412.351580977  -412.275019719  -412.275019719  -412.230953424
    36.000  -412.460520203  -412.354387472  -412.281029430  -412.281029430  -412.231018755
    36.500  -412.466760529  -412.358633935  -412.288672903  -412.288672903  -412.231096758
    37.000  -412.472740503  -412.363381361  -412.296810927  -412.296810927  -412.231165721
    37.500  -412.477596331  -412.367845280  -412.304477920  -412.304477920  -412.231217004
    38.000  -412.480754033  -412.371502822  -412.311008017  -412.311008017  -412.231270157
    38.500  -412.481668452  -412.373807927  -412.315779512  -412.315779512  -412.231338777
    39.000  -412.479736471  -412.374093382  -412.318116734  -412.318116734  -412.231354665
    39.500  -412.475241661  -412.372504313  -412.318221354  -412.318221354  -412.231223558
    40.000  -412.470462177  -412.371130882  -412.318261887  -412.318261887  -412.231021240
    40.500  -412.468354586  -412.372737210  -412.321069588  -412.321069588  -412.231005241
    41.000  -412.469065086  -412.377331026  -412.326683860  -412.326683860  -412.231240595
    41.500  -412.469140456  -412.381392051  -412.331583477  -412.331583477  -412.231474935
    42.000  -412.464933567  -412.381239503  -412.332073630  -412.332073630  -412.231518335
    42.500  -412.455423889  -412.375799967  -412.327073246  -412.327073246  -412.231405417
    43.000  -412.442011448  -412.366378359  -412.317892653  -412.317892653  -412.231238693
    43.500  -412.427105600  -412.355253900  -412.306829651  -412.306829651  -412.231084219
    44.000  -412.413072401  -412.344651560  -412.296136065  -412.296136065  -412.230971484
    44.500  -412.401689683  -412.336220905  -412.287495346  -412.287495346  -412.230914826
    45.000  -412.393879375  -412.330787839  -412.281765875  -412.281765875  -412.230919492
    45.500  -412.389604977  -412.328263092  -412.278885164  -412.278885164  -412.230980813
    46.000  -412.387965285  -412.327738449  -412.277960681  -412.277960681  -412.231074841
    46.500  -412.387603536  -412.327890262  -412.277672686  -412.277672686  -412.231149614
    47.000  -412.387520760  -412.327780624  -412.277081189  -412.277081189  -412.231139797
    47.500  -412.388020134  -412.327786581  -412.276560894  -412.276560894  -412.231027694
    48.000  -412.390841249  -412.329722413  -412.277933720  -412.277933720  -412.230916850
    48.500  -412.397584312  -412.335258623  -412.282888593  -412.282888593  -412.230975265
    49.000  -412.407367259  -412.343576721  -412.290631475  -412.290631475  -412.231239004
    49.500  -412.416439889  -412.350973801  -412.297477793  -412.297477793  -412.231526503
    50.000  -412.420867413  -412.353527597  -412.299514096  -412.299514096  -412.231585320
    50.500  -412.420199961  -412.350754256  -412.296254930  -412.296254930  -412.231306122
    51.000  -412.418812716  -412.346965817  -412.291999948  -412.291999948  -412.230915235
    51.500  -412.422344636  -412.347763941  -412.292329934  -412.292329934  -412.230847996
    52.000  -412.431690655  -412.354092929  -412.298164439  -412.298164439  -412.231145000
    52.500  -412.442434429  -412.361682333  -412.305209023  -412.305209023  -412.231411697
    53.000  -412.450155019  -412.366305078  -412.309216704  -412.309216704  -412.231435420
    53.500  -412.453736085  -412.367029477  -412.309243908  -412.309243908  -412.231311601
    54.000  -412.454411427  -412.365237572  -412.306660073  -412.306660073  -412.231184187
    54.500  -412.453731688  -412.362584738  -412.303111026  -412.303111026  -412.231123881
    55.000  -412.452436242  -412.359874198  -412.299396027  -412.299396027  -412.231136794
    55.500  -412.450297460  -412.356902366  -412.295321283  -412.295321283  -412.231190740
    56.000  -412.446602077  -412.352940371  -412.290186541  -412.290186541  -412.231227067
    56.500  -412.441033150  -412.347617886  -412.283670025  -412.283670025  -412.231183281
    57.000  -412.434554496  -412.341816323  -412.276713647  -412.276713647  -412.231043011
    57.500  -412.429571236  -412.337847301  -412.271679844  -412.271679844  -412.230871741
    58.000  -412.428866871  -412.338413408  -412.271297243  -412.271297243  -412.230786519
    58.500  -412.433811797  -412.344833862  -412.276888074  -412.276888074  -412.230874621
    59.000  -412.443067352  -412.355750361  -412.287094581  -412.287094581  -412.231126566
    59.500  -412.452781349  -412.367305442  -412.298078582  -412.298078582  -412.231442403
    60.000  -412.458187551  -412.374716621  -412.305095382  -412.305095382  -412.231697293
    60.500  -412.455704890  -412.374351154  -412.304551211  -412.304551211  -412.231753393
    61.000  -412.445206277  -412.365977830  -412.296237711  -412.296237711  -412.231458812
    61.500  -412.431991954  -412.354743176  -412.285303877  -412.285303877  -412.230878323
    62.000  -412.425074920  -412.349494189  -412.280589796  -412.280589796  -412.230543717
    62.500  -412.429419003  -412.355081757  -412.286944203  -412.286944203  -412.230837361
    63.000  -412.440837531  -412.367298408  -412.300163761  -412.300163761  -412.231342461
    63.500  -412.451475369  -412.378339724  -412.312444004  -412.312444004  -412.231582387
    64.000  -412.456794690  -412.383733386  -412.319300243  -412.319300243  -412.231561038
    64.500  -412.456272272  -412.383002221  -412.320233523  -412.320233523  -412.231449140
    65.000  -412.451196441  -412.377453310  -412.316524101  -412.316524101  -412.231329053
    65.500  -412.443323985  -412.368840858  -412.309898230  -412.309898230  -412.231212686
    66.000  -412.434508032  -412.359006148  -412.302162044  -412.302162044  -412.231122142
    66.500  -412.426273603  -412.349468277  -412.294782273  -412.294782273  -412.231091268
    67.000  -412.419343460  -412.340965412  -412.288418880  -412.288418880  -412.231090736
    67.500  -412.414042811  -412.333867980  -412.283341493  -412.283341493  -412.231037155
    68.000  -412.411360191  -412.329236997  -412.280508684  -412.280508684  -412.230925433
    68.500  -412.412928057  -412.328796667  -412.281561365  -412.281561365  -412.230872003
    69.000  -412.419386115  -412.333284314  -412.287193923  -412.287193923  -412.230972320
    69.500  -412.429086080  -412.341141755  -412.295848797  -412.295848797  -412.231178314
    70.000  -412.438778731  -412.349186306  -412.304376441  -412.304376441  -412.231383894
    70.500  -412.445221453  -412.354207285  -412.309608086  -412.309608086  -412.231537114
    71.000  -412.446167617  -412.353944892  -412.309316740  -412.309316740  -412.231601657
    71.500  -412.441116894  -412.347833043  -412.302952998  -412.302952998  -412.231477066
    72.000  -412.432709542  -412.338396700  -412.293042358  -412.293042358  -412.231096839
    72.500  -412.427133729  -412.331690834  -412.285637414  -412.285637414  -412.230716486
    73.000  -412.430028411  -412.333272410  -412.286305235  -412.286305235  -412.230775423
    73.500  -412.440507082  -412.342291359  -412.294228175  -412.294228175  -412.231195703
    74.000  -412.452214014  -412.352535363  -412.303260356  -412.303260356  -412.231486111
    74.500  -412.460112984  -412.359142903  -412.308640239  -412.308640239  -412.231458781
    75.000  -412.463638650  -412.361690782  -412.310058890  -412.310058890  -412.231282103
    75.500  -412.464678990  -412.362157545  -412.309596041  -412.309596041  -412.231159868
    76.000  -412.464676614  -412.362048507  -412.308801398  -412.308801398  -412.231152390
    76.500  -412.463617755  -412.361394210  -412.307681371  -412.307681371  -412.231202002
    77.000  -412.460764772  -412.359486533  -412.305444714  -412.305444714  -412.231227103
    77.500  -412.455831484  -412.356043302  -412.301700405  -412.301700405  -412.231175134
    78.000  -412.449723265  -412.351942026  -412.297228260  -412.297228260  -412.231049830
    78.500  -412.444411687  -412.349099076  -412.293882000  -412.293882000  -412.230922805
    79.000  -412.441862449  -412.349411119  -412.293535250  -412.293535250  -412.230880648
    79.500  -412.442786906  -412.353522109  -412.296840394  -412.296840394  -412.230942357
    80.000  -412.446326291  -412.360513669  -412.302909738  -412.302909738  -412.231061346
    80.500  -412.450691519  -412.368540841  -412.309937763  -412.309937763  -412.231196626
    81.000  -412.453803888  -412.375460125  -412.315823364  -412.315823364  -412.231345002
    81.500  -412.453470331  -412.378994267  -412.318331804  -412.318331804  -412.231501461
    82.000  -412.447615391  -412.376957113  -412.315320000  -412.315320000  -412.231596173
    82.500  -412.435399170  -412.368370988  -412.305859911  -412.305859911  -412.231485936
    83.000  -412.419175607  -412.355435195  -412.292210605  -412.292210605  -412.231106913
    83.500  -412.404987681  -412.344048266  -412.280338968  -412.280338968  -412.230712768
    84.000  -412.398724121  -412.340006127  -412.276105474  -412.276105474  -412.230680782
    84.500  -412.400964253  -412.343874772  -412.280119755  -412.280119755  -412.230969401
    85.000  -412.407407442  -412.351407003  -412.288140916  -412.288140916  -412.231246153
    85.500  -412.413445948  -412.358072979  -412.295604445  -412.295604445  -412.231366402
    86.000  -412.416621639  -412.361480397  -412.300051544  -412.300051544  -412.231379546
    86.500  -412.416276371  -412.361009038  -412.300776461  -412.300776461  -412.231343508
    87.000  -412.412776261  -412.357033725  -412.298061231  -412.298061231  -412.231268865
    87.500  -412.407277606  -412.350696113  -412.292956337  -412.292956337  -412.231149409
    88.000  -412.401711801  -412.343899441  -412.287280819  -412.287280819  -412.230999962
    88.500  -412.398460127  -412.338998046  -412.283315977  -412.283315977  -412.230873636
    89.000  -412.399500976  -412.337958759  -412.282974588  -412.282974588  -412.230834327
    89.500  -412.405459182  -412.341420034  -412.286867463  -412.286867463  -412.230897429
    90.000  -412.415367168  -412.348454655  -412.294069668  -412.294069668  -412.231016413
    90.500  -412.427310878  -412.357209787  -412.302760548  -412.302760548  -412.231136011
    91.000  -412.439260862  -412.365731013  -412.311041910  -412.311041910  -412.231233095
    91.500  -412.449496947  -412.372379575  -412.317348210  -412.317348210  -412.231308100
    92.000  -412.456686243  -412.375903190  -412.320511596  -412.320511596  -412.231362574
    92.500  -412.459930725  -412.375474113  -412.319791536  -412.319791536  -412.231385739
    93.000  -412.458988834  -412.370899910  -412.315074504  -412.315074504  -412.231343852
    93.500  -412.454791382  -412.363130596  -412.307368468  -412.307368468  -412.231187785
    94.000  -412.450011340  -412.354828685  -412.299366936  -412.299366936  -412.230940614
    94.500  -412.448439732  -412.349772222  -412.294851695  -412.294851695  -412.230790213
    95.000  -412.452204223  -412.350129341  -412.295968027  -412.295968027  -412.230914730
    95.500  -412.459363309  -412.354095601  -412.300868738  -412.300868738  -412.231204595
    96.000  -412.465420960  -412.357396845  -412.305216115  -412.305216115  -412.231407108
    96.500  -412.466922157  -412.356814054  -412.305717554  -412.305717554  -412.231428916
    97.000  -412.463080789  -412.351736883  -412.301694209  -412.301694209  -412.231327537
    97.500  -412.455192863  -412.343544585  -412.294461624  -412.294461624  -412.231172834
    98.000  -412.445620051  -412.334590727  -412.286306281  -412.286306281  -412.231007171
    98.500  -412.437027816  -412.327457743  -412.279734995  -412.279734995  -412.230878457
    99.000  -412.431548784  -412.324135371  -412.276665121  -412.276665121  -412.230847200
    99.500  -412.429871458  -412.325137895  -412.277550847  -412.277550847  -412.230926635
   100.000  -412.431029821  -412.329314187  -412.281218899  -412.281218899  -412.231052061
   100.500  -412.433303691  -412.334771467  -412.285804551  -412.285804551  -412.231137192
   101.000  -412.435458350  -412.340126819  -412.290005039  -412.290005039  -412.231146452
   101.500  -412.437312436  -412.345076448  -412.293636177  -412.293636177  -412.231105331
   102.000  -412.439444022  -412.350100098  -412.297304338  -412.297304338  -412.231065070
   102.500  -412.442458238  -412.355717970  -412.301639707  -412.301639707  -412.231075389
   103.000  -412.446254976  -412.361751686  -412.306538322  -412.306538322  -412.231162968
   103.500  -412.449664610  -412.366954031  -412.310786994  -412.310786994  -412.231301402
   104.000  -412.450874941  -412.369431832  -412.312498723  -412.312498723  -412.231397851
   104.500  -412.448790324  -412.368008804  -412.310493405  -412.310493405  -412.231339107
   105.000  -412.444565286  -412.363775621  -412.305862600  -412.305862600  -412.231113150
   105.500  -412.441573370  -412.360091310  -412.301969050  -412.301969050  -412.230904530
   106.000  -412.442708503  -412.359915926  -412.301771246  -412.301771246  -412.230932981
   106.500  -412.447418554  -412.362852609  -412.304848549  -412.304848549  -412.231155534
   107.000  -412.452267987  -412.365673885  -412.307929080  -412.307929080  -412.231347985
   107.500  -412.454066705  -412.365394188  -412.307973683  -412.307973683  -412.231388607
   108.000  -412.451815311  -412.361175597  -412.304093302  -412.304093302  -412.231297464
   108.500  -412.446586499  -412.354196931  -412.297430563  -412.297430563  -412.231146098
   109.000  -412.440494474  -412.346629880  -412.290140227  -412.290140227  -412.231011031
   109.500  -412.435528693  -412.340493681  -412.284241851  -412.284241851  -412.230943511
   110.000  -412.432750101  -412.336870145  -412.280835866  -412.280835866  -412.230941406
   110.500  -412.432257912  -412.335880542  -412.280073566  -412.280073566  -412.230966401
   111.000  -412.433684653  -412.337181164  -412.281643340  -412.281643340  -412.230993779
   111.500  -412.436552680  -412.340314431  -412.285110911  -412.285110911  -412.231029887
   112.000  -412.440223358  -412.344651640  -412.289855843  -412.289855843  -412.231088220
   112.500  -412.443752800  -412.349245030  -412.294920708  -412.294920708  -412.231161854
   113.000  -412.446011121  -412.352944282  -412.299133702  -412.299133702  -412.231232525
   113.500  -412.445980999  -412.354693736  -412.301410068  -412.301410068  -412.231287234
   114.000  -412.443001514  -412.353774631  -412.301002255  -412.301002255  -412.231307161
   114.500  -412.437090621  -412.350124484  -412.297827558  -412.297827558  -412.231248247
   115.000  -412.429545931  -412.344938683  -412.293073602  -412.293073602  -412.231078032
   115.500  -412.423217935  -412.340955124  -412.289482682  -412.289482682  -412.230880914
   116.000  -412.421102705  -412.341072893  -412.289962974  -412.289962974  -412.230855345
   116.500  -412.423555481  -412.345594936  -412.294825354  -412.294825354  -412.231073387
   117.000  -412.427368877  -412.351316552  -412.300865778  -412.300865778  -412.231356787
   117.500  -412.428249867  -412.353980769  -412.303828588  -412.303828588  -412.231502474
   118.000  -412.423827122  -412.351246390  -412.301386557  -412.301386557  -412.231452266
   118.500  -412.414720129  -412.343734424  -412.294185980  -412.294185980  -412.231252424
   119.000  -412.403921188  -412.334404199  -412.285218573  -412.285218573  -412.231001876
   119.500  -412.395255960  -412.327027575  -412.278285355  -412.278285355  -412.230822396
   120.000  -412.391502894  -412.324327527  -412.276130556  -412.276130556  -412.230794123
   120.500  -412.393145350  -412.326740862  -412.279212077  -412.279212077  -412.230903287
   121.000  -412.398537007  -412.332592812  -412.285871494  -412.285871494  -412.231061874
   121.500  -412.405182321  -412.339373382  -412.293610709  -412.293610709  -412.231182704
   122.000  -412.411080232  -412.345078629  -412.300423931  -412.300423931  -412.231232690
   122.500  -412.415311533  -412.348797079  -412.305373231  -412.305373231  -412.231231601
   123.000  -412.417796602  -412.350461317  -412.308347242  -412.308347242  -412.231222110
   123.500  -412.418692232  -412.350240654  -412.309458930  -412.309458930  -412.231234409
   124.000  -412.417961563  -412.348103791  -412.308616638  -412.308616638  -412.231262210
   124.500  -412.415476412  -412.343910915  -412.305629022  -412.305629022  -412.231255372
   125.000  -412.411727414  -412.338117363  -412.300918213  -412.300918213  -412.231152820
   125.500  -412.408562474  -412.332515407  -412.296270242  -412.296270242  -412.230983766
   126.000  -412.408575883  -412.329651276  -412.294239904  -412.294239904  -412.230914873
   126.500  -412.412710857  -412.330461278  -412.295777885  -412.295777885  -412.231063309
   127.000  -412.418734982  -412.332771101  -412.298713850  -412.298713850  -412.231295956
   127.500  -412.423095845  -412.333138981  -412.299600107  -412.299600107  -412.231400309
   128.000  -412.423971483  -412.329874258  -412.296731039  -412.296731039  -412.231322894
   128.500  -412.422218821  -412.323959930  -412.291067466  -412.291067466  -412.231151963
   129.000  -412.420204271  -412.317873761  -412.285054018  -412.285054018  -412.230996379
   129.500  -412.420173605  -412.313960971  -412.280987734  -412.280987734  -412.230920091
   130.000  -412.423222716  -412.313413192  -412.280000696  -412.280000696  -412.230929603
   130.500  -412.429139652  -412.316120978  -412.281923211  -412.281923211  -412.230988349
   131.000  -412.436918963  -412.321195644  -412.285820554  -412.285820554  -412.231048207
   131.500  -412.445476156  -412.327684740  -412.290722130  -412.290722130  -412.231079485
   132.000  -412.454099521  -412.335016166  -412.296079236  -412.296079236  -412.231084217
   132.500  -412.462447875  -412.342979571  -412.301754388  -412.301754388  -412.231086496
   133.000  -412.470217555  -412.351374138  -412.307670424  -412.307670424  -412.231114583
   133.500  -412.476767374  -412.359618166  -412.313403561  -412.313403561  -412.231181932
   134.000  -412.480992155  -412.366612591  -412.318015698  -412.318015698  -412.231269486
   134.500  -412.481693108  -412.371104453  -412.320382420  -412.320382420  -412.231316470
   135.000  -412.478515893  -412.372618722  -412.320097457  -412.320097457  -412.231251412
   135.500  -412.472883998  -412.372393176  -412.318403191  -412.318403191  -412.231091645
   136.000  -412.467545355  -412.372941341  -412.317770435  -412.317770435  -412.230995307
   136.500  -412.464224083  -412.375739786  -412.319617907  -412.319617907  -412.231090244
   137.000  -412.461821289  -412.379462066  -412.322573734  -412.322573734  -412.231288073
   137.500  -412.457584814  -412.381156927  -412.323664108  -412.323664108  -412.231420117
   138.000  -412.449519072  -412.378646148  -412.320711765  -412.320711765  -412.231432377
   138.500  -412.437361780  -412.371495232  -412.313299477  -412.313299477  -412.231355574
   139.000  -412.422266044  -412.360703189  -412.302453237  -412.302453237  -412.231219138
   139.500  -412.406330870  -412.348246990  -412.290179738  -412.290179738  -412.231051532
   140.000  -412.392119544  -412.336610567  -412.278983639  -412.278983639  -412.230901235
   140.500  -412.381931694  -412.328057266  -412.271133464  -412.271133464  -412.230814742
   141.000  -412.377116495  -412.323935567  -412.267968028  -412.267968028  -412.230803476
   141.500  -412.377876829  -412.324474128  -412.269694915  -412.269694915  -412.230847088
   142.000  -412.383531379  -412.329037395  -412.275651358  -412.275651358  -412.230922504
   142.500  -412.392853603  -412.336462768  -412.284642625  -412.284642625  -412.231018281
   143.000  -412.404263704  -412.345255747  -412.295137453  -412.295137453  -412.231129668
   143.500  -412.415944020  -412.353709420  -412.305384649  -412.305384649  -412.231246056
   144.000  -412.426032781  -412.360100420  -412.313611673  -412.313611673  -412.231346204
   144.500  -412.432977076  -412.363039125  -412.318377354  -412.318377354  -412.231398247
   145.000  -412.436022061  -412.361948709  -412.319058409  -412.319058409  -412.231366427
   145.500  -412.435736280  -412.357575413  -412.316362728  -412.316362728  -412.231232357
   146.000  -412.434199524  -412.352166574  -412.312502459  -412.312502459  -412.231050443
   146.500  -412.434048962  -412.348513561  -412.310242099  -412.310242099  -412.230969134
   147.000  -412.436334540  -412.347809134  -412.310754521  -412.310754521  -412.231079589
   147.500  -412.439291802  -412.348415513  -412.312387002  -412.312387002  -412.231279222
   148.000  -412.439806921  -412.347305405  -412.312096679  -412.312096679  -412.231395123
   148.500  -412.435939023  -412.342562051  -412.307947296  -412.307947296  -412.231360939
   149.000  -412.428032760  -412.334482455  -412.300214689  -412.300214689  -412.231221833
   149.500  -412.418147859  -412.325022785  -412.290835418  -412.290835418  -412.231057259
   150.000  -412.408847690  -412.316616846  -412.282229085  -412.282229085  -412.230932562
   150.500  -412.402143010  -412.311153649  -412.276274340  -412.276274340  -412.230881445
   151.000  -412.398914472  -412.309424124  -412.273755311  -412.273755311  -412.230903107
   151.500  -412.398879745  -412.311097296  -412.274340301  -412.274340301  -412.230971772
   152.000  -412.400971702  -412.315092350  -412.276959656  -412.276959656  -412.231053163
   152.500  -412.403885282  -412.320108780  -412.280341724  -412.280341724  -412.231115228
   153.000  -412.406597161  -412.325128001  -412.283519574  -412.283519574  -412.231137244
   153.500  -412.408707881  -412.329740333  -412.286153535  -412.286153535  -412.231123991
   154.000  -412.410384540  -412.334079927  -412.288452068  -412.288452068  -412.231112553
   154.500  -412.411832694  -412.338298252  -412.290627432  -412.290627432  -412.231139432
   155.000  -412.412799850  -412.342069205  -412.292386900  -412.292386900  -412.231190001
   155.500  -412.412782790  -412.344799143  -412.293138128  -412.293138128  -412.231208571
   156.000  -412.411784625  -412.346385204  -412.292755978  -412.292755978  -412.231159241
   156.500  -412.410757187  -412.347669073  -412.292053243  -412.292053243  -412.231070838
   157.000  -412.411102750  -412.349960117  -412.292318209  -412.292318209  -412.231029904
   157.500  -412.413407237  -412.353793636  -412.294086539  -412.294086539  -412.231091888
   158.000  -412.416698144  -412.358197601  -412.296411487  -412.296411487  -412.231197876
   158.500  -412.419283538  -412.361514167  -412.297684275  -412.297684275  -412.231246661
   159.000  -412.420234798  -412.362855147  -412.297076695  -412.297076695  -412.231204640
   159.500  -412.419964550  -412.362659878  -412.295087927  -412.295087927  -412.231111481
   160.000  -412.419705606  -412.362167562  -412.293011322  -412.293011322  -412.231028590
   160.500  -412.420604871  -412.362516343  -412.292029741  -412.292029741  -412.230999584
   161.000  -412.423059564  -412.364084585  -412.292557068  -412.292557068  -412.231031287
   161.500  -412.426602192  -412.366382643  -412.294131268  -412.294131268  -412.231092043
   162.000  -412.430359320  -412.368515338  -412.295882040  -412.295882040  -412.231130086
   162.500  -412.433808365  -412.369942613  -412.297294346  -412.297294346  -412.231107423
   163.000  -412.437306332  -412.371012600  -412.298742294  -412.298742294  -412.231037275
   163.500  -412.441866150  -412.372742883  -412.301265693  -412.301265693  -412.230986105
   164.000  -412.448209339  -412.375884502  -412.305613395  -412.305613395  -412.231012535
   164.500  -412.455916398  -412.380075953  -412.311387130  -412.311387130  -412.231115160
   165.000  -412.463429966  -412.383844320  -412.317039971  -412.317039971  -412.231243454
   165.500  -412.468801668  -412.385342009  -412.320624207  -412.320624207  -412.231334767
   166.000  -412.470650610  -412.383291405  -412.320754324  -412.320754324  -412.231338876
   166.500  -412.468909350  -412.377719401  -412.317362373  -412.317362373  -412.231243606
   167.000  -412.464968226  -412.370102271  -412.311853521  -412.311853521  -412.231098368
   167.500  -412.460912756  -412.362612766  -412.306355176  -412.306355176  -412.230995777
   168.000  -412.458188228  -412.356795570  -412.302385437  -412.302385437  -412.230990615
   168.500  -412.456831450  -412.352800494  -412.300069384  -412.300069384  -412.231046313
   169.000  -412.455962361  -412.349859097  -412.298603802  -412.298603802  -412.231091933
   169.500  -412.454795114  -412.347273530  -412.297243864  -412.297243864  -412.231099255
   170.000  -412.453104361  -412.344865810  -412.295761558  -412.295761558  -412.231086062
   170.500  -412.451034785  -412.342781672  -412.294264563  -412.294264563  -412.231074072
   171.000  -412.448809016  -412.341204151  -412.292921619  -412.292921619  -412.231060677
   171.500  -412.446724660  -412.340361672  -412.291979438  -412.291979438  -412.231030982
   172.000  -412.445313947  -412.340699960  -412.291929743  -412.291929743  -412.230989538
   172.500  -412.445241703  -412.342788314  -412.293401691  -412.293401691  -412.230971257
   173.000  -412.446804716  -412.346822836  -412.296649204  -412.296649204  -412.231008832
   173.500  -412.449481866  -412.352173765  -412.301090091  -412.301090091  -412.231094920
   174.000  -412.452053746  -412.357500897  -412.305420633  -412.305420633  -412.231186980
   174.500  -412.453223303  -412.361370691  -412.308239231  -412.308239231  -412.231244086
   175.000  -412.452226348  -412.362866823  -412.308665407  -412.308665407  -412.231249539
   175.500  -412.449105338  -412.361870540  -412.306621432  -412.306621432  -412.231203954
   176.000  -412.444712921  -412.359073050  -412.302837720  -412.302837720  -412.231114291
   176.500  -412.440557856  -412.355834229  -412.298704351  -412.298704351  -412.231006240
   177.000  -412.438371041  -412.353767971  -412.295841684  -412.295841684  -412.230933991
   177.500  -412.439290349  -412.353947866  -412.295298823  -412.295298823  -412.230949742
   178.000  -412.443113808  -412.356178922  -412.296829409  -412.296829409  -412.231048352
   178.500  -412.448366889  -412.359068866  -412.298978047  -412.298978047  -412.231165359
   179.000  -412.453207485  -412.360923207  -412.299995915  -412.299995915  -412.231235185
   179.500  -412.456406060  -412.360701416  -412.298815445  -412.298815445  -412.231229741
   180.000  -412.457820947  -412.358467389  -412.295510989  -412.295510989  -412.231154864
   180.500  -412.458345309  -412.355315682  -412.291226550  -412.291226550  -412.231042055
   181.000  -412.459429362  -412.352880693  -412.287675512  -412.287675512  -412.230946364
   181.500  -412.462252803  -412.352501905  -412.286289760  -412.286289760  -412.230924546
   182.000  -412.466916623  -412.354414380  -412.287388306  -412.287388306  -412.230987577
   182.500  -412.472303617  -412.357609673  -412.290023695  -412.290023695  -412.231086245
   183.000  -412.476795854  -412.360553998  -412.292693355  -412.292693355  -412.231158107
   183.500  -412.479196974  -412.362109775  -412.294261899  -412.294261899  -412.231178391
   184.000  -412.479133923  -412.361933724  -412.294365449  -412.294365449  -412.231161256
   184.500  -412.476889688  -412.360307944  -412.293247742  -412.293247742  -412.231128641
   185.000  -412.473095856  -412.357834052  -412.291455262  -412.291455262  -412.231085671
   185.500  -412.468613594  -412.355314518  -412.289727412  -412.289727412  -412.231026267
   186.000  -412.464535514  -412.353758073  -412.289014959  -412.289014959  -412.230962673
   186.500  -412.461926376  -412.354132476  -412.290242146  -412.290242146  -412.230942749
   187.000  -412.461108086  -412.356663539  -412.293615003  -412.293615003  -412.231014253
   187.500  -412.461033407  -412.360224296  -412.298004094  -412.298004094  -412.231158932
   188.000  -412.459595423  -412.362644693  -412.301245689  -412.301245689  -412.231295166
   188.500  -412.454842246  -412.361919964  -412.301332054  -412.301332054  -412.231341842
   189.000  -412.446197285  -412.357418734  -412.297611516  -412.297611516  -412.231267438
   189.500  -412.434938647  -412.350356998  -412.291261725  -412.291261725  -412.231105067
   190.000  -412.423675422  -412.343278689  -412.284771151  -412.284771151  -412.230944670
   190.500  -412.414964407  -412.338676904  -412.280569339  -412.280569339  -412.230882678
   191.000  -412.409881668  -412.337569770  -412.279608392  -412.279608392  -412.230940109
   191.500  -412.407693718  -412.339168397  -412.281043667  -412.281043667  -412.231048780
   192.000  -412.406825955  -412.341841183  -412.283209730  -412.283209730  -412.231126027
   192.500  -412.406082003  -412.344330039  -412.284849775  -412.284849775  -412.231141373
   193.000  -412.405145882  -412.346254378  -412.285627706  -412.285627706  -412.231114752
   193.500  -412.404351121  -412.347885831  -412.285896013  -412.285896013  -412.231078630
   194.000  -412.404211976  -412.349681926  -412.286221687  -412.286221687  -412.231053083
   194.500  -412.405121365  -412.351982857  -412.287070067  -412.287070067  -412.231037244
   195.000  -412.407358090  -412.355015016  -412.288792852  -412.288792852  -412.231015290
   195.500  -412.411293933  -412.359093630  -412.291816990  -412.291816990  -412.230981385
   196.000  -412.417434725  -412.364663356  -412.296671804  -412.296671804  -412.230968777
   196.500  -412.425921249  -412.371804852  -412.303486073  -412.303486073  -412.231034104
   197.000  -412.435772683  -412.379491289  -412.311241037  -412.311241037  -412.231179425
   197.500  -412.444919728  -412.385636084  -412.317824972  -412.317824972  -412.231314887
   198.000  -412.451463234  -412.388362604  -412.321317828  -412.321317828  -412.231342896
   198.500  -412.455002224  -412.387337077  -412.321339667  -412.321339667  -412.231263535
   199.000  -412.456598368  -412.383735548  -412.319024679  -412.319024679  -412.231171306
   199.500  -412.457434937  -412.378897819  -412.315676186  -412.315676186  -412.231149315
   200.000  -412.457653327  -412.373156395  -412.311590069  -412.311590069  -412.231183714
   200.500  -412.456548145  -412.366018177  -412.306232452  -412.306232452  -412.231200483
   201.000  -412.453638720  -412.357220656  -412.299293866  -412.299293866  -412.231156843
   201.500  -412.449347368  -412.347400166  -412.291354855  -412.291354855  -412.231067620
   202.000  -412.444840400  -412.337925445  -412.283720072  -412.283720072  -412.230971202
   202.500  -412.441463283  -412.330332473  -412.277854909  -412.277854909  -412.230898455
   203.000  -412.440243570  -412.325825952  -412.274892900  -412.274892900  -412.230866119
   203.500  -412.441603767  -412.324989883  -412.275352206  -412.275352206  -412.230880897
   204.000  -412.445240379  -412.327656674  -412.279015254  -412.279015254  -412.230943681
   204.500  -412.450127772  -412.332893892  -412.284923433  -412.284923433  -412.231046369
   205.000  -412.454689624  -412.339150739  -412.291529743  -412.291529743  -412.231164179
   205.500  -412.457250395  -412.344690624  -412.297123263  -412.297123263  -412.231247104
   206.000  -412.456822820  -412.348364656  -412.300596681  -412.300596681  -412.231235746
   206.500  -412.453931476  -412.350442146  -412.302275458  -412.302275458  -412.231117070
   207.000  -412.450673743  -412.352708088  -412.304014482  -412.304014482  -412.230973902
   207.500  -412.449414361  -412.357219117  -412.307946911  -412.307946911  -412.230933622
   208.000  -412.450925649  -412.364498528  -412.314660599  -412.314660599  -412.231042360
   208.500  -412.453706066  -412.372871894  -412.322513245  -412.322513245  -412.231228085
   209.000  -412.455024955  -412.379487093  -412.328645160  -412.328645160  -412.231376239
   209.500  -412.452640318  -412.382002673  -412.330676792  -412.330676792  -412.231414561
   210.000  -412.445928001  -412.379695166  -412.327841034  -412.327841034  -412.231344573
   210.500  -412.435920739  -412.373497930  -412.321042164  -412.321042164  -412.231214788
   211.000  -412.424613409  -412.365315779  -412.312178832  -412.312178832  -412.231077159
   211.500  -412.414163307  -412.357236034  -412.303352541  -412.303352541  -412.230965274
   212.000  -412.406348274  -412.350993353  -412.296319930  -412.296319930  -412.230893260
   212.500  -412.402310824  -412.347714809  -412.292228172  -412.292228172  -412.230865529
   213.000  -412.402478304  -412.347840248  -412.291523117  -412.291523117  -412.230881959
   213.500  -412.406556400  -412.351113602  -412.293939036  -412.293939036  -412.230941102
   214.000  -412.413561942  -412.356613671  -412.298532889  -412.298532889  -412.231037582
   214.500  -412.421935242  -412.362862843  -412.303801187  -412.303801187  -412.231155598
   215.000  -412.429824705  -412.368104367  -412.307967480  -412.307967480  -412.231263557
   215.500  -412.435610876  -412.370815431  -412.309502523  -412.309502523  -412.231319130
   216.000  -412.438569886  -412.370358268  -412.307774969  -412.307774969  -412.231290795
   216.500  -412.439340157  -412.367437700  -412.303500462  -412.303500462  -412.231180374
   217.000  -412.439853572  -412.364031300  -412.298659218  -412.298659218  -412.231025299
   217.500  -412.442644672  -412.362711778  -412.295811075  -412.295811075  -412.230907887
   218.000  -412.449452818  -412.365272829  -412.296728750  -412.296728750  -412.230947331
   218.500  -412.459505046  -412.371033935  -412.300723967  -412.300723967  -412.231156385
   219.000  -412.469461179  -412.376784312  -412.304615433  -412.304615433  -412.231362154
   219.500  -412.475885994  -412.379233158  -412.305184955  -412.305184955  -412.231407887
   220.000  -412.477572328  -412.377305352  -412.301466228  -412.301466228  -412.231302942
   220.500  -412.475604262  -412.372193822  -412.294776653  -412.294776653  -412.231142257
   221.000  -412.472061775  -412.366066030  -412.287403543  -412.287403543  -412.231002847
   221.500  -412.468847945  -412.360898257  -412.281421606  -412.281421606  -412.230918940
   222.000  -412.467112485  -412.357905424  -412.278111150  -412.278111150  -412.230896030
   222.500  -412.467121566  -412.357411222  -412.277826373  -412.277826373  -412.230926129
   223.000  -412.468374142  -412.358962157  -412.280109078  -412.280109078  -412.230991299
   223.500  -412.469893629  -412.361611992  -412.283977877  -412.283977877  -412.231062633
   224.000  -412.470695658  -412.364380031  -412.288391077  -412.288391077  -412.231103897
   224.500  -412.470335051  -412.366788482  -412.292790546  -412.292790546  -412.231095136
   225.000  -412.469161629  -412.369109902  -412.297357000  -412.297357000  -412.231070365
   225.500  -412.467777232  -412.371819588  -412.302470684  -412.302470684  -412.231115328
   226.000  -412.465830479  -412.374389074  -412.307512159  -412.307512159  -412.231271852
   226.500  -412.461523732  -412.374795786  -412.310381888  -412.310381888  -412.231433577
   227.000  -412.453191535  -412.371106834  -412.309099207  -412.309099207  -412.231404489
   227.500  -412.441969309  -412.364169314  -412.304505235  -412.304505235  -412.231136127
   228.000  -412.432181447  -412.358042746  -412.300696794  -412.300696794  -412.230885085
   228.500  -412.427598646  -412.356314894  -412.301320857  -412.301320857  -412.230927346
   229.000  -412.427671263  -412.358368306  -412.305805376  -412.305805376  -412.231160090
   229.500  -412.428864646  -412.360693856  -412.310652392  -412.310652392  -412.231311519
   230.000  -412.428506827  -412.360688272  -412.313236138  -412.313236138  -412.231305982
   230.500  -412.426181455  -412.358009346  -412.313169861  -412.313169861  -412.231228805
   231.000  -412.422699896  -412.353538011  -412.311275699  -412.311275699  -412.231165333
   231.500  -412.418838433  -412.348119333  -412.308333838  -412.308333838  -412.231147444
   232.000  -412.414801732  -412.342036811  -412.304557575  -412.304557575  -412.231161606
   232.500  -412.410365133  -412.335152770  -412.299748295  -412.299748295  -412.231169093
   233.000  -412.405437512  -412.327476405  -412.293864893  -412.293864893  -412.231123481
   233.500  -412.400718673  -412.319818116  -412.287683783  -412.287683783  -412.231008417
   234.000  -412.397882395  -412.313972381  -412.282978605  -412.282978605  -412.230877584
   234.500  -412.398745934  -412.311885460  -412.281683400  -412.281683400  -412.230836297
   235.000  -412.403776445  -412.314159532  -412.284386384  -412.284386384  -412.230940922
   235.500  -412.411319882  -412.319274114  -412.289546084  -412.289546084  -412.231138803
   236.000  -412.418368492  -412.324338432  -412.294247846  -412.294247846  -412.231329072
   236.500  -412.422098913  -412.326609118  -412.295731048  -412.295731048  -412.231428822
   237.000  -412.421242837  -412.324839134  -412.292747730  -412.292747730  -412.231365500
   237.500  -412.417187745  -412.320368079  -412.286658850  -412.286658850  -412.231104840
   238.000  -412.414222243  -412.317383254  -412.281689372  -412.281689372  -412.230785291
   238.500  -412.417209785  -412.320641440  -412.282637401  -412.282637401  -412.230701569
   239.000  -412.427396666  -412.331335518  -412.290723848  -412.290723848  -412.230935018
   239.500  -412.441285509  -412.345985761  -412.302481627  -412.302481627  -412.231235244
   240.000  -412.454050010  -412.359821068  -412.313152542  -412.313152542  -412.231395005
   240.500  -412.462687045  -412.369879519  -412.319807903  -412.319807903  -412.231422265
   241.000  -412.466257771  -412.375222123  -412.321570393  -412.321570393  -412.231394307
   241.500  -412.464924407  -412.375965050  -412.318642684  -412.318642684  -412.231337431
   242.000  -412.459531644  -412.372871988  -412.311892231  -412.311892231  -412.231228594
   242.500  -412.451835210  -412.367600897  -412.303083028  -412.303083028  -412.231059388
   243.000  -412.444477651  -412.362696337  -412.294855469  -412.294855469  -412.230896752
   243.500  -412.439924926  -412.360539609  -412.289665544  -412.289665544  -412.230848255
   244.000  -412.438924483  -412.361817673  -412.288247608  -412.288247608  -412.230939319
   244.500  -412.440145651  -412.365165585  -412.289262582  -412.289262582  -412.231079361
   245.000  -412.441447670  -412.368430808  -412.290573707  -412.290573707  -412.231172859
   245.500  -412.441288692  -412.370073869  -412.290659737  -412.290659737  -412.231205597
   246.000  -412.439046057  -412.369479675  -412.288930280  -412.288930280  -412.231217864
   246.500  -412.434538744  -412.366472762  -412.285235526  -412.285235526  -412.231235833
   247.000  -412.427718158  -412.360998890  -412.279540865  -412.279540865  -412.231225980
   247.500  -412.419197263  -412.353646964  -412.272436417  -412.272436417  -412.231102383
   248.000  -412.411373494  -412.346767734  -412.266251965  -412.266251965  -412.230844469
   248.500  -412.408401321  -412.344456519  -412.265041559  -412.265041559  -412.230646880
   249.000  -412.413219216  -412.349607821  -412.271652061  -412.271652061  -412.230765577
   249.500  -412.424054566  -412.360451601  -412.284273978  -412.284273978  -412.231132291
   250.000  -412.435371030  -412.371502968  -412.297398417  -412.297398417  -412.231440667
   250.500  -412.442210479  -412.377876372  -412.306122122  -412.306122122  -412.231523255
   251.000  -412.442923492  -412.377984630  -412.308829696  -412.308829696  -412.231401309
   251.500  -412.439103366  -412.373457502  -412.307103421  -412.307103421  -412.231173480
   252.000  -412.434085942  -412.367643800  -412.304224793  -412.304224793  -412.230975957
   252.500  -412.430828647  -412.363501345  -412.303068694  -412.303068694  -412.230925262
   253.000  -412.430171179  -412.361868775  -412.304380762  -412.304380762  -412.231018867
   253.500  -412.430830572  -412.361467783  -412.306788189  -412.306788189  -412.231144391
   254.000  -412.430975556  -412.360480234  -412.308389051  -412.308389051  -412.231201803
   254.500  -412.429703671  -412.358026839  -412.308241539  -412.308241539  -412.231174349
   255.000  -412.427358703  -412.354487201  -412.306687885  -412.306687885  -412.231101859
   255.500  -412.424980646  -412.350952815  -412.304804322  -412.304804322  -412.231032828
   256.000  -412.423579197  -412.348501565  -412.303666641  -412.303666641  -412.231001940
   256.500  -412.423597564  -412.347656361  -412.303800230  -412.303800230  -412.231028300
   257.000  -412.424631985  -412.348091160  -412.304881325  -412.304881325  -412.231115144
   257.500  -412.425429929  -412.348611352  -412.305716267  -412.305716267  -412.231239195
   258.000  -412.424310933  -412.347556200  -412.304648241  -412.304648241  -412.231335228
   258.500  -412.420178724  -412.343802286  -412.300565739  -412.300565739  -412.231310688
   259.000  -412.413793245  -412.338043730  -412.294187005  -412.294187005  -412.231139895
   259.500  -412.407933052  -412.332984400  -412.288252194  -412.288252194  -412.230959041
   260.000  -412.405357623  -412.331338437  -412.285521473  -412.285521473  -412.230931931
   260.500  -412.406537641  -412.333575263  -412.286517031  -412.286517031  -412.231024377
   261.000  -412.410012091  -412.338256335  -412.289856325  -412.289856325  -412.231117781
   261.500  -412.414025801  -412.343633685  -412.293846239  -412.293846239  -412.231196770
   262.000  -412.417010801  -412.348105973  -412.296928392  -412.296928392  -412.231271192
   262.500  -412.417611904  -412.350240076  -412.297699797  -412.297699797  -412.231303384
   263.000  -412.415222277  -412.349314162  -412.295460716  -412.295460716  -412.231263246
   263.500  -412.410403913  -412.345752466  -412.290655342  -412.290655342  -412.231166556
   264.000  -412.404661865  -412.340912555  -412.284662624  -412.284662624  -412.231051977
   264.500  -412.399855445  -412.336510451  -412.279216495  -412.279216495  -412.230951755
   265.000  -412.397673150  -412.334106242  -412.275882192  -412.275882192  -412.230883454
   265.500  -412.399311065  -412.334790526  -412.275738078  -412.275738078  -412.230856744
   266.000  -412.405300954  -412.339023240  -412.279206476  -412.279206476  -412.230876127
   266.500  -412.415409828  -412.346540218  -412.285968163  -412.285968163  -412.230944042
   267.000  -412.428591331  -412.356311821  -412.294933148  -412.294933148  -412.231058336
   267.500  -412.443039518  -412.366601213  -412.304311242  -412.304311242  -412.231204494
   268.000  -412.456454228  -412.375226341  -412.311884911  -412.311884911  -412.231346941
   268.500  -412.466639451  -412.380146379  -412.315598873  -412.315598873  -412.231426468
   269.000  -412.472437132  -412.380378780  -412.314470461  -412.314470461  -412.231378819
   269.500  -412.474668587  -412.376927338  -412.309500316  -412.309500316  -412.231183335
   270.000  -412.476302995  -412.372950043  -412.303827174  -412.303827174  -412.230929012
   270.500  -412.480972276  -412.372289094  -412.301256678  -412.301256678  -412.230812671
   271.000  -412.490090099  -412.376605162  -412.303419587  -412.303419587  -412.230961332
   271.500  -412.501175271  -412.383686226  -412.308116618  -412.308116618  -412.231241324
   272.000  -412.509766002  -412.389308378  -412.311206495  -412.311206495  -412.231409689
   272.500  -412.512891640  -412.390650132  -412.310014933  -412.310014933  -412.231383218
   273.000  -412.510471410  -412.387667338  -412.304680069  -412.304680069  -412.231239489
   273.500  -412.504374722  -412.382168959  -412.297187948  -412.297187948  -412.231079118
   274.000  -412.496954036  -412.376384449  -412.289908244  -412.289908244  -412.230958656
   274.500  -412.490120845  -412.372072841  -412.284686000  -412.284686000  -412.230894520
   275.000  -412.485002775  -412.370202469  -412.282521101  -412.282521101  -412.230885242
   275.500  -412.481913100  -412.370934395  -412.283555090  -412.283555090  -412.230922989
   276.000  -412.480446460  -412.373723092  -412.287181207  -412.287181207  -412.230996208
   276.500  -412.479657980  -412.377495005  -412.292233983  -412.292233983  -412.231086637
   277.000  -412.478362955  -412.380947473  -412.297296784  -412.297296784  -412.231166310
   277.500  -412.475564595  -412.382970684  -412.301138650  -412.301138650  -412.231208436
   278.000  -412.470843410  -412.383034350  -412.303112910  -412.303112910  -412.231211863
   278.500  -412.464373679  -412.381201689  -412.303179461  -412.303179461  -412.231211587
   279.000  -412.456468058  -412.377672171  -412.301450453  -412.301450453  -412.231229348
   279.500  -412.447336672  -412.372535417  -412.297953012  -412.297953012  -412.231204493
   280.000  -412.437902046  -412.366586062  -412.293450504  -412.293450504  -412.231056573
   280.500  -412.430662841  -412.362199645  -412.290322027  -412.290322027  -412.230882227
   281.000  -412.428159960  -412.361827802  -412.291049651  -412.291049651  -412.230905559
   281.500  -412.430017388  -412.365066973  -412.295266728  -412.295266728  -412.231119767
   282.000  -412.433081087  -412.368799114  -412.299878539  -412.299878539  -412.231289675
   282.500  -412.434614124  -412.370358255  -412.302225307  -412.302225307  -412.231295637
   283.000  -412.434152410  -412.369355831  -412.301912757  -412.301912757  -412.231198034
   283.500  -412.432840169  -412.366998346  -412.300139611  -412.300139611  -412.231091982
   284.000  -412.432084145  -412.364741323  -412.298352555  -412.298352555  -412.231027463
   284.500  -412.432748790  -412.363487732  -412.297450229  -412.297450229  -412.231014764
   285.000  -412.434956507  -412.363399088  -412.297591149  -412.297591149  -412.231040861
   285.500  -412.438253086  -412.364064997  -412.298371179  -412.298371179  -412.231079994
   286.000  -412.441994219  -412.364894978  -412.299219091  -412.299219091  -412.231098075
   286.500  -412.445847222  -412.365621351  -412.299905236  -412.299905236  -412.231069466
   287.000  -412.450148984  -412.366658444  -412.300899464  -412.300899464  -412.231005421
   287.500  -412.455711583  -412.368909057  -412.303168924  -412.303168924  -412.230966880
   288.000  -412.462929638  -412.372873266  -412.307272718  -412.307272718  -412.231024931
   288.500  -412.470791754  -412.377660485  -412.312356405  -412.312356405  -412.231189826
   289.000  -412.476783373  -412.380886534  -412.316038265  -412.316038265  -412.231391643
   289.500  -412.477967120  -412.379736379  -412.315473749  -412.315473749  -412.231521974
   290.000  -412.472675480  -412.372631822  -412.309037251  -412.309037251  -412.231468131
   290.500  -412.462214042  -412.360915622  -412.298015570  -412.298015570  -412.231167885
   291.000  -412.451495279  -412.349483999  -412.287255070  -412.287255070  -412.230773512
   291.500  -412.446477366  -412.344257944  -412.282639508  -412.282639508  -412.230645606
   292.000  -412.449081074  -412.347150475  -412.286058576  -412.286058576  -412.230896535
   292.500  -412.455666053  -412.354563530  -412.293903524  -412.293903524  -412.231220976
   293.000  -412.461152167  -412.361477496  -412.301153761  -412.301153761  -412.231366694
   293.500  -412.462815199  -412.365195335  -412.305114127  -412.305114127  -412.231349989
   294.000  -412.460444680  -412.365467483  -412.305541508  -412.305541508  -412.231277003
   294.500  -412.454963242  -412.363112210  -412.303260443  -412.303260443  -412.231201269
   295.000  -412.447574143  -412.359179163  -412.299334030  -412.299334030  -412.231119743
   295.500  -412.439685115  -412.354897210  -412.295015812  -412.295015812  -412.231017193
   296.000  -412.433023755  -412.351813630  -412.291885710  -412.291885710  -412.230908469
   296.500  -412.429339204  -412.351515655  -412.291563612  -412.291563612  -412.230848167
   297.000  -412.429598259  -412.354840578  -412.294905567  -412.294905567  -412.230883973
   297.500  -412.433327478  -412.361226206  -412.301346243  -412.301346243  -412.230999861
   298.000  -412.438869619  -412.368967035  -412.309156718  -412.309156718  -412.231124664
   298.500  -412.444401629  -412.376228881  -412.316470782  -412.316470782  -412.231202030
   299.000  -412.448760338  -412.381868005  -412.322116975  -412.322116975  -412.231232244
   299.500  -412.451473505  -412.385451832  -412.325650786  -412.325650786  -412.231253457
   300.000  -412.452253652  -412.386743533  -412.326838690  -412.326838690  -412.231296566
   300.500  -412.450595954  -412.385287632  -412.325239837  -412.325239837  -412.231348708
   301.000  -412.446027510  -412.380645004  -412.320433841  -412.320433841  -412.231337204
   301.500  -412.439175560  -412.373449513  -412.313068453  -412.313068453  -412.231177655
   302.000  -412.432808549  -412.366450758  -412.305895978  -412.305895978  -412.230924305
   302.500  -412.430769583  -412.363475571  -412.302733881  -412.302733881  -412.230830716
   303.000  -412.434343106  -412.365840535  -412.304887595  -412.304887595  -412.231042399
   303.500  -412.440298712  -412.370420995  -412.309234785  -412.309234785  -412.231347494
   304.000  -412.443785905  -412.372522610  -412.311105398  -412.311105398  -412.231474880
   304.500  -412.442300239  -412.369793107  -412.308188022  -412.308188022  -412.231384111
   305.000  -412.436587503  -412.363087913  -412.301380774  -412.301380774  -412.231195603
   305.500  -412.429068436  -412.354884275  -412.293189290  -412.293189290  -412.231034244
   306.000  -412.421983552  -412.347434102  -412.285871719  -412.285871719  -412.230958824
   306.500  -412.416438822  -412.341827108  -412.280496140  -412.280496140  -412.230962026
   307.000  -412.412439535  -412.338041168  -412.276990634  -412.276990634  -412.230999032
   307.500  -412.409504136  -412.335565213  -412.274774744  -412.274774744  -412.231023470
   308.000  -412.407325824  -412.334063492  -412.273438407  -412.273438407  -412.231015336
   308.500  -412.406071301  -412.333673275  -412.273056377  -412.273056377  -412.230983380
   309.000  -412.406257161  -412.334880538  -412.274077902  -412.274077902  -412.230949395
   309.500  -412.408415079  -412.338186626  -412.277001457  -412.277001457  -412.230935083
   310.000  -412.412754231  -412.343774516  -412.282038712  -412.282038712  -412.230956934
   310.500  -412.418907176  -412.351256210  -412.288854163  -412.288854163  -412.231025618
   311.000  -412.425784635  -412.359522823  -412.296406678  -412.296406678  -412.231143120
   311.500  -412.431607001  -412.366769962  -412.302959884  -412.302959884  -412.231288472
   312.000  -412.434289548  -412.370869001  -412.306449857  -412.306449857  -412.231402412
   312.500  -412.432396462  -412.370311518  -412.305422609  -412.305422609  -412.231387972
   313.000  -412.426517934  -412.365583142  -412.300413528  -412.300413528  -412.231186041
   313.500  -412.419930978  -412.359843029  -412.294627986  -412.294627986  -412.230902693
   314.000  -412.416880600  -412.357243402  -412.292259001  -412.292259001  -412.230781217
   314.500  -412.419134144  -412.359518760  -412.295071964  -412.295071964  -412.230917744
   315.000  -412.424639354  -412.364646166  -412.301058194  -412.301058194  -412.231146111
   315.500  -412.429804577  -412.369094718  -412.306676399  -412.306676399  -412.231284722
   316.000  -412.432210883  -412.370502220  -412.309529066  -412.309529066  -412.231300536
   316.500  -412.431338434  -412.368386904  -412.309074811  -412.309074811  -412.231240826
   317.000  -412.427970143  -412.363553725  -412.306043995  -412.306043995  -412.231152405
   317.500  -412.423459338  -412.357371982  -412.301725496  -412.301725496  -412.231063962
   318.000  -412.419231598  -412.351287633  -412.297485951  -412.297485951  -412.230991889
   318.500  -412.416475410  -412.346521429  -412.294474902  -412.294474902  -412.230945915
   319.000  -412.415952724  -412.343883152  -412.293443532  -412.293443532  -412.230931403
   319.500  -412.417894312  -412.343667450  -412.294643052  -412.294643052  -412.230950578
   320.000  -412.421966353  -412.345616798  -412.297788041  -412.297788041  -412.231001736
   320.500  -412.427317469  -412.348961266  -412.302095328  -412.302095328  -412.231076669
   321.000  -412.432737412  -412.352567754  -412.306431338  -412.306431338  -412.231158727
   321.500  -412.436938376  -412.355211956  -412.309582649  -412.309582649  -412.231227843
   322.000  -412.438882444  -412.355896592  -412.310570599  -412.310570599  -412.231269382
   322.500  -412.438013011  -412.354078383  -412.308875754  -412.308875754  -412.231272781
   323.000  -412.434428437  -412.349839565  -412.304607344  -412.304607344  -412.231212885
   323.500  -412.429202973  -412.344215078  -412.298829155  -412.298829155  -412.231074056
   324.000  -412.424465454  -412.339287649  -412.293652086  -412.293652086  -412.230932898
   324.500  -412.422222176  -412.337032062  -412.291077409  -412.291077409  -412.230927414
   325.000  -412.422508492  -412.337480795  -412.291154770  -412.291154770  -412.231065804
   325.500  -412.423302611  -412.338632786  -412.291886584  -412.291886584  -412.231203943
   326.000  -412.422497895  -412.338404705  -412.291179615  -412.291179615  -412.231234297
   326.500  -412.419501952  -412.336210367  -412.288427399  -412.288427399  -412.231167962
   327.000  -412.415208246  -412.332923995  -412.284477048  -412.284477048  -412.231067218
   327.500  -412.411125674  -412.330012738  -412.280766122  -412.280766122  -412.230982147
   328.000  -412.408606739  -412.328771630  -412.278559647  -412.278559647  -412.230935948
   328.500  -412.408452324  -412.329936003  -412.278565470  -412.278565470  -412.230931778
   329.000  -412.410825940  -412.333598469  -412.280859630  -412.280859630  -412.230960332
   329.500  -412.415382569  -412.339340129  -412.285023600  -412.285023600  -412.231002779
   330.000  -412.421548949  -412.346509155  -412.290430602  -412.290430602  -412.231038782
   330.500  -412.428831214  -412.354531255  -412.296553053  -412.296553053  -412.231060604
   331.000  -412.436918987  -412.363013564  -412.303063412  -412.303063412  -412.231087146
   331.500  -412.445427259  -412.371490593  -412.309565433  -412.309565433  -412.231147096
   332.000  -412.453518601  -412.379049349  -412.315203667  -412.315203667  -412.231240582
   332.500  -412.459937488  -412.384364999  -412.318686531  -412.318686531  -412.231323345
   333.000  -412.463691948  -412.386387318  -412.318958763  -412.318958763  -412.231325685
   333.500  -412.465041978  -412.385335921  -412.316193217  -412.316193217  -412.231213740
   334.000  -412.465839892  -412.383058449  -412.312156482  -412.312156482  -412.231071101
   334.500  -412.468206497  -412.381731080  -412.308934355  -412.308934355  -412.231044373
   335.000  -412.472483215  -412.381827131  -412.306933061  -412.306933061  -412.231143073
   335.500  -412.477060096  -412.381926801  -412.304732222  -412.304732222  -412.231234927
   336.000  -412.480196132  -412.380491272  -412.300881198  -412.300881198  -412.231233314
   336.500  -412.481382344  -412.377183330  -412.295208596  -412.295208596  -412.231159376
   337.000  -412.481223555  -412.372732101  -412.288647498  -412.288647498  -412.231069791
   337.500  -412.480683691  -412.368184133  -412.282445317  -412.282445317  -412.231003065
   338.000  -412.480519003  -412.364355650  -412.277578237  -412.277578237  -412.230968220
   338.500  -412.481099412  -412.361670416  -412.274575697  -412.274575697  -412.230956337
   339.000  -412.482513939  -412.360274647  -412.273630837  -412.273630837  -412.230953664
   339.500  -412.484744399  -412.360214807  -412.274783324  -412.274783324  -412.230958109
   340.000  -412.487687183  -412.361456806  -412.277943728  -412.277943728  -412.230982056
   340.500  -412.490991856  -412.363720192  -412.282728449  -412.282728449  -412.231033106
   341.000  -412.493962688  -412.366370932  -412.288355045  -412.288355045  -412.231103190
   341.500  -412.495669187  -412.368520240  -412.293747383  -412.293747383  -412.231182675
   342.000  -412.495110745  -412.369176182  -412.297702960  -412.297702960  -412.231255097
   342.500  -412.491512142  -412.367525511  -412.299203915  -412.299203915  -412.231270268
   343.000  -412.485027928  -412.363633023  -412.298149739  -412.298149739  -412.231180643
   343.500  -412.477299273  -412.359010801  -412.295948596  -412.295948596  -412.231030852
   344.000  -412.470707690  -412.355901464  -412.294805621  -412.294805621  -412.230946269
   344.500  -412.466601526  -412.355538362  -412.295966465  -412.295966465  -412.230985379
   345.000  -412.464467840  -412.357330719  -412.298880329  -412.298880329  -412.231079847
   345.500  -412.462859453  -412.359781533  -412.302099577  -412.302099577  -412.231144301
   346.000  -412.460663115  -412.361733014  -412.304517419  -412.304517419  -412.231158871
   346.500  -412.457501652  -412.362754366  -412.305754686  -412.305754686  -412.231144737
   347.000  -412.453503926  -412.362908068  -412.305925700  -412.305925700  -412.231118638
   347.500  -412.449058027  -412.362507783  -412.305396302  -412.305396302  -412.231083300
   348.000  -412.444720448  -412.362035464  -412.304700343  -412.304700343  -412.231044988
   348.500  -412.441072855  -412.362006229  -412.304401401  -412.304401401  -412.231026163
   349.000  -412.438381535  -412.362633218  -412.304755312  -412.304755312  -412.231046384
   349.500  -412.436343648  -412.363577039  -412.305455983  -412.305455983  -412.231089250
   350.000  -412.434326530  -412.364185180  -412.305874777  -412.305874777  -412.231117485
   350.500  -412.431877530  -412.364000163  -412.305569147  -412.305569147  -412.231125545
   351.000  -412.428813520  -412.362847793  -412.304369169  -412.304369169  -412.231145885
   351.500  -412.424809171  -412.360422196  -412.301961495  -412.301961495  -412.231194344
   352.000  -412.419208320  -412.356089415  -412.297695832  -412.297695832  -412.231234912
   352.500  -412.411545398  -412.349400107  -412.291101949  -412.291101949  -412.231208113
   353.000  -412.402385300  -412.340922266  -412.282726731  -412.282726731  -412.231089306
   353.500  -412.393628115  -412.332547191  -412.274440483  -412.274440483  -412.230931155
   354.000  -412.387685494  -412.326676624  -412.268622099  -412.268622099  -412.230840958
   354.500  -412.385927744  -412.324685136  -412.266618450  -412.266618450  -412.230878648
   355.000  -412.387819121  -412.326064308  -412.267891364  -412.267891364  -412.230996167
   355.500  -412.391563963  -412.329063565  -412.270667933  -412.270667933  -412.231103146
   356.000  -412.395417022  -412.331986476  -412.273248307  -412.273248307  -412.231148621
   356.500  -412.398522995  -412.334016792  -412.274833866  -412.274833866  -412.231126490
   357.000  -412.401076315  -412.335373511  -412.275677999  -412.275677999  -412.231056722
   357.500  -412.404024114  -412.337016275  -412.276782636  -412.276782636  -412.230981026
   358.000  -412.408427745  -412.340012305  -412.279256931  -412.279256931  -412.230945902
   358.500  -412.414780292  -412.344859472  -412.283634714  -412.283634714  -412.230963080
   359.000  -412.422820130  -412.351304024  -412.289689766  -412.289689766  -412.231004451
   359.500  -412.431897838  -412.358710619  -412.296805012  -412.296805012  -412.231046443
   360.000  -412.441315251  -412.366403098  -412.304313183  -412.304313183  -412.231091421
   360.500  -412.450333224  -412.373672302  -412.311504240  -412.311504240  -412.231144250
   361.000  -412.458127774  -412.379728227  -412.317578453  -412.317578453  -412.231197111
   361.500  -412.463914459  -412.383817163  -412.321764834  -412.321764834  -412.231236480
   362.000  -412.467177100  -412.385442290  -412.323540237  -412.323540237  -412.231244658
   362.500  -412.467950265  -412.384638486  -412.322905654  -412.322905654  -412.231199669
   363.000  -412.467114882  -412.382265994  -412.320682644  -412.320682644  -412.231097362
   363.500  -412.466367498  -412.379988160  -412.318495038  -412.318495038  -412.230989357
   364.000  -412.467374442  -412.379442944  -412.317949853  -412.317949853  -412.230970221
   364.500  -412.470404433  -412.380894929  -412.319296860  -412.319296860  -412.231078488
   365.000  -412.473809936  -412.382724110  -412.320922378  -412.320922378  -412.231237730
   365.500  -412.475142345  -412.382530692  -412.320451919  -412.320451919  -412.231329030
   366.000  -412.472909511  -412.378873045  -412.316484716  -412.316484716  -412.231291590
   366.500  -412.467530583  -412.372205272  -412.309523557  -412.309523557  -412.231156426
   367.000  -412.460912765  -412.364447267  -412.301533628  -412.301533628  -412.231017497
   367.500  -412.455077870  -412.357612793  -412.294561561  -412.294561561  -412.230951015
   368.000  -412.451043315  -412.352697572  -412.289610945  -412.289610945  -412.230953067
   368.500  -412.448810027  -412.349680097  -412.286639435  -412.286639435  -412.230978161
   369.000  -412.447993175  -412.348165686  -412.285207645  -412.285207645  -412.230998154
   369.500  -412.448271812  -412.347847012  -412.284949024  -412.284949024  -412.231006501
   370.000  -412.449503653  -412.348621128  -412.285702321  -412.285702321  -412.231006997
   370.500  -412.451657455  -412.350515204  -412.287450828  -412.287450828  -412.231010744
   371.000  -412.454631241  -412.353490668  -412.290140025  -412.290140025  -412.231033106
   371.500  -412.458055312  -412.357231453  -412.293462580  -412.293462580  -412.231079022
   372.000  -412.461256461  -412.361093692  -412.296800802  -412.296800802  -412.231131716
   372.500  -412.463538823  -412.364375881  -412.299486141  -412.299486141  -412.231153492
   373.000  -412.464738487  -412.366871416  -412.301341213  -412.301341213  -412.231113321
   373.500  -412.465611700  -412.369265845  -412.303071202  -412.303071202  -412.231036425
   374.000  -412.467367375  -412.372690714  -412.305824131  -412.305824131  -412.231010123
   374.500  -412.470398327  -412.377481073  -412.309956136  -412.309956136  -412.231082940
   375.000  -412.473606609  -412.382515583  -412.314380034  -412.314380034  -412.231190718
   375.500  -412.475290073  -412.386093739  -412.317442988  -412.317442988  -412.231244466
   376.000  -412.474440921  -412.387212902  -412.318194796  -412.318194796  -412.231231965
   376.500  -412.471060637  -412.385866811  -412.316671999  -412.316671999  -412.231186923
   377.000  -412.465760271  -412.382642723  -412.313482525  -412.313482525  -412.231130766
   377.500  -412.459405525  -412.378372136  -412.309450278  -412.309450278  -412.231078409
   378.000  -412.452842370  -412.373863429  -412.305349068  -412.305349068  -412.231046849
   378.500  -412.446645995  -412.369656914  -412.301661453  -412.301661453  -412.231034349
   379.000  -412.441118187  -412.366021633  -412.298593411  -412.298593411  -412.231023492
   379.500  -412.436507689  -412.363174794  -412.296310987  -412.296310987  -412.231005084
   380.000  -412.433137392  -412.361410102  -412.295077932  -412.295077932  -412.230987183
   380.500  -412.431288628  -412.360983728  -412.295143731  -412.295143731  -412.230986535
   381.000  -412.430957998  -412.361873936  -412.296497782  -412.296497782  -412.231017560
   381.500  -412.431669876  -412.363592826  -412.298668310  -412.298668310  -412.231081418
   382.000  -412.432474416  -412.365183722  -412.300714371  -412.300714371  -412.231161164
   382.500  -412.432244979  -412.365513971  -412.301513309  -412.301513309  -412.231216369
   383.000  -412.430308905  -412.363903826  -412.300388118  -412.300388118  -412.231195288
   383.500  -412.427174609  -412.360854223  -412.297838678  -412.297838678  -412.231081611
   384.000  -412.424662246  -412.358186482  -412.295684600  -412.295684600  -412.230945575
   384.500  -412.424793976  -412.357943570  -412.295970789  -412.295970789  -412.230908837
   385.000  -412.428051527  -412.360652012  -412.299230565  -412.299230565  -412.231012980
   385.500  -412.432797645  -412.364736496  -412.303900825  -412.303900825  -412.231167331
   386.000  -412.436563993  -412.367788312  -412.307588744  -412.307588744  -412.231258210
   386.500  -412.437729082  -412.368228429  -412.308728975  -412.308728975  -412.231258594
   387.000  -412.436038773  -412.365823086  -412.307091355  -412.307091355  -412.231209632
   387.500  -412.432113651  -412.361194806  -412.303285659  -412.303285659  -412.231146649
   388.000  -412.426921957  -412.355302127  -412.298242311  -412.298242311  -412.231077350
   388.500  -412.421596412  -412.349262769  -412.293040336  -412.293040336  -412.231004447
   389.000  -412.417340346  -412.344265732  -412.288824534  -412.288824534  -412.230939901
   389.500  -412.415217256  -412.341363777  -412.286605225  -412.286605225  -412.230900951
   390.000  -412.415873463  -412.341200892  -412.286989046  -412.286989046  -412.230901189
   390.500  -412.419322928  -412.343798610  -412.289969289  -412.289969289  -412.230945712
   391.000  -412.424879899  -412.348488491  -412.294860193  -412.294860193  -412.231026929
   391.500  -412.431295926  -412.354046511  -412.300434103  -412.300434103  -412.231121751
   392.000  -412.437137946  -412.359065645  -412.305295994  -412.305295994  -412.231194949
   392.500  -412.441335330  -412.362495145  -412.308422122  -412.308422122  -412.231217347
   393.000  -412.443608373  -412.364060012  -412.309576252  -412.309576252  -412.231190166
   393.500  -412.444443546  -412.364228991  -412.309271580  -412.309271580  -412.231139667
   394.000  -412.444700610  -412.363821594  -412.308370310  -412.308370310  -412.231085624
   394.500  -412.445257932  -412.363666217  -412.307735328  -412.307735328  -412.231046706
   395.000  -412.446667038  -412.364280382  -412.307905452  -412.307905452  -412.231056164
   395.500  -412.448688415  -412.365432757  -412.308653857  -412.308653857  -412.231120010
   396.000  -412.450242910  -412.366102455  -412.308946498  -412.308946498  -412.231193279
   396.500  -412.450078367  -412.365129748  -412.307594389  -412.307594389  -412.231223808
   397.000  -412.447567220  -412.361983638  -412.304027444  -412.304027444  -412.231193946
   397.500  -412.443017314  -412.357045735  -412.298587141  -412.298587141  -412.231121981
   398.000  -412.437435188  -412.351360368  -412.292283130  -412.292283130  -412.231041169
   398.500  -412.432032452  -412.346143305  -412.286304591  -412.286304591  -412.230979521
   399.000  -412.427774614  -412.342340262  -412.281584091  -412.281584091  -412.230951548
   399.500  -412.425126250  -412.340384063  -412.278560786  -412.278560786  -412.230956927
   400.000  -412.424031099  -412.340183508  -412.277176199  -412.277176199  -412.230981496
   400.500  -412.424119248  -412.341335478  -412.277088631  -412.277088631  -412.231001125
   401.000  -412.425067419  -412.343487338  -412.278030256  -412.278030256  -412.230997260
   401.500  -412.426871033  -412.346609966  -412.280064289  -412.280064289  -412.230981942
   402.000  -412.429672684  -412.350825058  -412.283392735  -412.283392735  -412.231000128
   402.500  -412.433159310  -412.355798377  -412.287733362  -412.287733362  -412.231076894
   403.000  -412.436266140  -412.360436990  -412.292008851  -412.292008851  -412.231167761
   403.500  -412.437816346  -412.363520928  -412.294980370  -412.294980370  -412.231198510
   404.000  -412.437532819  -412.364707271  -412.296266476  -412.296266476  -412.231146763
   404.500  -412.436330514  -412.364828880  -412.296651008  -412.296651008  -412.231058013
   405.000  -412.435622954  -412.365211702  -412.297416191  -412.297416191  -412.231004488
   405.500  -412.436259231  -412.366632197  -412.299306394  -412.299306394  -412.231027690
   406.000  -412.437939691  -412.368747773  -412.301958406  -412.301958406  -412.231101683
   406.500  -412.439594872  -412.370475851  -412.304274913  -412.304274913  -412.231160850
   407.000  -412.440319754  -412.370915708  -412.305340570  -412.305340570  -412.231167694
   407.500  -412.439943477  -412.369905121  -412.304974706  -412.304974706  -412.231135652
   408.000  -412.438882132  -412.367866776  -412.303577740  -412.303577740  -412.231099129
   408.500  -412.437657166  -412.365327996  -412.301653637  -412.301653637  -412.231080640
   409.000  -412.436561430  -412.362593464  -412.299484720  -412.299484720  -412.231077749
   409.500  -412.435678121  -412.359772095  -412.297161420  -412.297161420  -412.231068972
   410.000  -412.435168827  -412.357070566  -412.294878783  -412.294878783  -412.231036535
   410.500  -412.435493613  -412.355017089  -412.293160253  -412.293160253  -412.230995179
   411.000  -412.437168537  -412.354218366  -412.292613979  -412.292613979  -412.230989146
   411.500  -412.440147950  -412.354737840  -412.293309770  -412.293309770  -412.231037419
   412.000  -412.443580646  -412.355845090  -412.294528142  -412.294528142  -412.231102082
   412.500  -412.446343292  -412.356540632  -412.295285668  -412.295285668  -412.231139580
   413.000  -412.447680412  -412.356185824  -412.294964766  -412.294964766  -412.231149742
   413.500  -412.447288351  -412.354576502  -412.293384885  -412.293384885  -412.231146808
   414.000  -412.445174916  -412.351792229  -412.290649288  -412.290649288  -412.231116983
   414.500  -412.441833008  -412.348362895  -412.287309341  -412.287309341  -412.231040060
   415.000  -412.438444975  -412.345472365  -412.284566620  -412.284566620  -412.230945783
   415.500  -412.436399903  -412.344483997  -412.283797524  -412.283797524  -412.230910725
   416.000  -412.436223611  -412.345884250  -412.285495831  -412.285495831  -412.230973232
   416.500  -412.437056898  -412.348769665  -412.288759583  -412.288759583  -412.231084876
   417.000  -412.437312200  -412.351501434  -412.291946118  -412.291946118  -412.231172519
   417.500  -412.435713466  -412.352736250  -412.293704518  -412.293704518  -412.231206622
   418.000  -412.431786425  -412.351909789  -412.293461253  -412.293461253  -412.231194139
   418.500  -412.425818147  -412.349197257  -412.291384063  -412.291384063  -412.231144852
   419.000  -412.418711659  -412.345376490  -412.288247302  -412.288247302  -412.231067784
   419.500  -412.411790841  -412.341645852  -412.285250877  -412.285250877  -412.230992764
   420.000  -412.406310543  -412.339146379  -412.283541425  -412.283541425  -412.230964920
   420.500  -412.402805414  -412.338320782  -412.283567484  -412.283567484  -412.230994007
   421.000  -412.400959229  -412.338788184  -412.284949975  -412.284949975  -412.231036457
   421.500  -412.400197104  -412.339937272  -412.287072627  -412.287072627  -412.231055761
   422.000  -412.400198313  -412.341437583  -412.289591099  -412.289591099  -412.231066414
   422.500  -412.400738885  -412.343078573  -412.292270132  -412.292270132  -412.231097372
   423.000  -412.401326072  -412.344397462  -412.294611779  -412.294611779  -412.231145809
   423.500  -412.401259549  -412.344730615  -412.295909110  -412.295909110  -412.231181908
   424.000  -412.400083805  -412.343652790  -412.295691694  -412.295691694  -412.231173777
   424.500  -412.398076795  -412.341453183  -412.294209236  -412.294209236  -412.231099873
   425.000  -412.396524410  -412.339403695  -412.292707359  -412.292707359  -412.230973773
   425.500  -412.397401564  -412.339445748  -412.293118544  -412.293118544  -412.230878770
   426.000  -412.402090850  -412.342929215  -412.296798514  -412.296798514  -412.230922441
   426.500  -412.409905825  -412.349160244  -412.303064393  -412.303064393  -412.231102006
   427.000  -412.418192857  -412.355511963  -412.309297002  -412.309297002  -412.231282671
   427.500  -412.424242384  -412.359323885  -412.312836094  -412.312836094  -412.231340032
   428.000  -412.427097498  -412.359689690  -412.312772637  -412.312772637  -412.231262682
   428.500  -412.427783794  -412.357673398  -412.310168146  -412.310168146  -412.231133568
   429.000  -412.428142697  -412.355137433  -412.306884812  -412.306884812  -412.231048851
   429.500  -412.429452333  -412.353368402  -412.304208056  -412.304208056  -412.231031544
   430.000  -412.432044255  -412.352700992  -412.302470603  -412.302470603  -412.231034223
   430.500  -412.435890386  -412.353116423  -412.301653678  -412.301653678  -412.231025251
   431.000  -412.441030732  -412.354681907  -412.301832479  -412.301832479  -412.231023061
   431.500  -412.447358503  -412.357347978  -412.302974252  -412.302974252  -412.231046064
   432.000  -412.454371633  -412.360700943  -412.304696296  -412.304696296  -412.231083006
   432.500  -412.461322592  -412.364107454  -412.306411307  -412.306411307  -412.231116833
   433.000  -412.467476634  -412.366958793  -412.307571094  -412.307571094  -412.231149825
   433.500  -412.472125625  -412.368670340  -412.307660956  -412.307660956  -412.231196717
   434.000  -412.474442841  -412.368521034  -412.306031697  -412.306031697  -412.231258024
   434.500  -412.473565131  -412.365727941  -412.301958032  -412.301958032  -412.231290992
   435.000  -412.469266673  -412.360108615  -412.295296600  -412.295296600  -412.231219030
   435.500  -412.463020015  -412.353146773  -412.287537128  -412.287537128  -412.231018605
   436.000  -412.458091746  -412.348099062  -412.281913670  -412.281913670  -412.230834120
   436.500  -412.457319939  -412.347795161  -412.281217242  -412.281217242  -412.230859418
   437.000  -412.460426728  -412.351966866  -412.285138982  -412.285138982  -412.231058019
   437.500  -412.464451454  -412.357674509  -412.290712407  -412.290712407  -412.231239234
   438.000  -412.466426327  -412.361956206  -412.294962762  -412.294962762  -412.231313598
   438.500  -412.464916345  -412.363342317  -412.296414490  -412.296414490  -412.231291267
   439.000  -412.460069716  -412.361893702  -412.295121706  -412.295121706  -412.231203082
   439.500  -412.453170149  -412.358755598  -412.292213940  -412.292213940  -412.231097784
   440.000  -412.445883026  -412.355416476  -412.289151278  -412.289151278  -412.231025386
   440.500  -412.439488420  -412.352958448  -412.286978747  -412.286978747  -412.230997729
   441.000  -412.434643000  -412.351839665  -412.286117657  -412.286117657  -412.230990137
   441.500  -412.431657101  -412.352191286  -412.286677992  -412.286677992  -412.230980558
   442.000  -412.430787243  -412.354127819  -412.288774866  -412.288774866  -412.230969317
   442.500  -412.432232293  -412.357755455  -412.292535360  -412.292535360  -412.230972543
   443.000  -412.435902892  -412.362945727  -412.297864579  -412.297864579  -412.231009572
   443.500  -412.441158433  -412.369068545  -412.304167162  -412.304167162  -412.231092540
   444.000  -412.446671858  -412.374845785  -412.310192282  -412.310192282  -412.231214851
   444.500  -412.450590971  -412.378499502  -412.314180678  -412.314180678  -412.231336893
   445.000  -412.451215995  -412.378412493  -412.314525193  -412.314525193  -412.231377539
   445.500  -412.448215707  -412.374332419  -412.310977690  -412.310977690  -412.231257271
   446.000  -412.443659481  -412.368397267  -412.305676674  -412.305676674  -412.231012268
   446.500  -412.441279093  -412.364405132  -412.302412832  -412.302412832  -412.230846872
   447.000  -412.443477624  -412.364840622  -412.303653888  -412.303653888  -412.230929121
   447.500  -412.449013744  -412.368571255  -412.308239998  -412.308239998  -412.231155100
   448.000  -412.454384869  -412.372221219  -412.312767381  -412.312767381  -412.231307828
   448.500  -412.456913552  -412.373236070  -412.314652356  -412.314652356  -412.231319547
   449.000  -412.455958172  -412.371073396  -412.313320680  -412.313320680  -412.231251385
   449.500  -412.452221303  -412.366501591  -412.309507076  -412.309507076  -412.231163174
   450.000  -412.446884107  -412.360735782  -412.304391865  -412.304391865  -412.231077681
   450.500  -412.441203432  -412.355040534  -412.299205303  -412.299205303  -412.231003820
   451.000  -412.436317544  -412.350541536  -412.295044074  -412.295044074  -412.230951600
   451.500  -412.433062310  -412.348048936  -412.292695093  -412.292695093  -412.230929717
   452.000  -412.431811443  -412.347902842  -412.292483441  -412.292483441  -412.230942902
   452.500  -412.432397238  -412.349898133  -412.294196415  -412.294196415  -412.230989119
   453.000  -412.434147726  -412.353322410  -412.297122943  -412.297122943  -412.231056954
   453.500  -412.436080914  -412.357148911  -412.300247904  -412.300247904  -412.231123665
   454.000  -412.437267673  -412.360396639  -412.302612854  -412.302612854  -412.231164162
   454.500  -412.437200604  -412.362495734  -412.303680962  -412.303680962  -412.231178069
   455.000  -412.435787087  -412.363277287  -412.303323834  -412.303323834  -412.231200794
   455.500  -412.432879790  -412.362500865  -412.301344045  -412.301344045  -412.231242859
   456.000  -412.428195488  -412.359772440  -412.297388491  -412.297388491  -412.231226496
   456.500  -412.422356603  -412.355592415  -412.291993462  -412.291993462  -412.231082175
   457.000  -412.417673686  -412.352156832  -412.287384897  -412.287384897  -412.230912303
   457.500  -412.416614099  -412.351854518  -412.285972923  -412.285972923  -412.230903460
   458.000  -412.419261863  -412.354746213  -412.287830771  -412.287830771  -412.231056956
   458.500  -412.423299965  -412.358541492  -412.290667637  -412.290667637  -412.231197567
   459.000  -412.426432498  -412.360994435  -412.292226773  -412.292226773  -412.231217507
   459.500  -412.428044973  -412.361539172  -412.291927026  -412.291927026  -412.231146942
   460.000  -412.428936619  -412.361013599  -412.290588601  -412.290588601  -412.231059407
   460.500  -412.430280705  -412.360620972  -412.289399622  -412.289399622  -412.231003300
   461.000  -412.432857499  -412.361168845  -412.289161018  -412.289161018  -412.230992714
   461.500  -412.436804604  -412.362823669  -412.290044605  -412.290044605  -412.231014897
   462.000  -412.441784771  -412.365282372  -412.291771227  -412.291771227  -412.231038842
   462.500  -412.447441748  -412.368228592  -412.294071840  -412.294071840  -412.231028810
   463.000  -412.453898853  -412.371832364  -412.297188587  -412.297188587  -412.230978215
   463.500  -412.461813631  -412.376803653  -412.301919131  -412.301919131  -412.230938855
   464.000  -412.471604125  -412.383619071  -412.308829300  -412.308829300  -412.230986303
   464.500  -412.482408332  -412.391480491  -412.317193577  -412.317193577  -412.231129381
   465.000  -412.492003393  -412.398230670  -412.324894093  -412.324894093  -412.231296771
   465.500  -412.497868816  -412.401410517  -412.329466123  -412.329466123  -412.231411020
   466.000  -412.498424326  -412.399487294  -412.329321665  -412.329321665  -412.231414629
   466.500  -412.493964655  -412.392780463  -412.324680608  -412.324680608  -412.231265797
   467.000  -412.487133985  -412.383936660  -412.318063303  -412.318063303  -412.231019867
   467.500  -412.481834237  -412.376856092  -412.313245991  -412.313245991  -412.230877254
   468.000  -412.480269057  -412.373765684  -412.312358268  -412.312358268  -412.230966818
   468.500  -412.481154445  -412.373447865  -412.314118242  -412.314118242  -412.231159983
   469.000  -412.481466517  -412.372973514  -412.315556551  -412.315556551  -412.231271841
   469.500  -412.479141993  -412.370368992  -412.314673123  -412.314673123  -412.231270116
   470.000  -412.473804585  -412.365319617  -412.311128644  -412.311128644  -412.231218818
   470.500  -412.465996073  -412.358389787  -412.305463900  -412.305463900  -412.231166774
   471.000  -412.456462780  -412.350311006  -412.298391967  -412.298391967  -412.231115089
   471.500  -412.446078202  -412.341910225  -412.290730649  -412.290730649  -412.231042179
   472.000  -412.436083252  -412.334356585  -412.283650534  -412.283650534  -412.230948778
   472.500  -412.428005147  -412.329086203  -412.278599556  -412.278599556  -412.230879465
   473.000  -412.422995683  -412.327147878  -412.276644557  -412.276644557  -412.230878075
   473.500  -412.421210254  -412.328590376  -412.277853442  -412.277853442  -412.230932345
   474.000  -412.421942356  -412.332603959  -412.281434641  -412.281434641  -412.231003341
   474.500  -412.424140909  -412.338043092  -412.286260961  -412.286260961  -412.231085090
   475.000  -412.426549835  -412.343567000  -412.291011969  -412.291011969  -412.231190434
   475.500  -412.427627958  -412.347555523  -412.294092507  -412.294092507  -412.231299237
   476.000  -412.425931076  -412.348482483  -412.294008444  -412.294008444  -412.231343844
   476.500  -412.421127294  -412.345926209  -412.290380357  -412.290380357  -412.231247496
   477.000  -412.415040934  -412.341618077  -412.284986575  -412.284986575  -412.231012174
   477.500  -412.411403280  -412.339211333  -412.281523118  -412.281523118  -412.230801336
   478.000  -412.413359797  -412.341817770  -412.283128281  -412.283128281  -412.230818108
   478.500  -412.420628008  -412.349185756  -412.289555041  -412.289555041  -412.231042270
   479.000  -412.429760048  -412.357955649  -412.297432066  -412.297432066  -412.231268936
   479.500  -412.437032087  -412.364518698  -412.303135334  -412.303135334  -412.231369317
   480.000  -412.440512079  -412.367054727  -412.304831374  -412.304831374  -412.231346279
   480.500  -412.440242146  -412.365697030  -412.302645902  -412.302645902  -412.231243543
   481.000  -412.437626286  -412.361917394  -412.298047574  -412.298047574  -412.231109459
   481.500  -412.434627431  -412.357726728  -412.293046022  -412.293046022  -412.231004987
   482.000  -412.432813583  -412.354727049  -412.289241057  -412.289241057  -412.230969103
   482.500  -412.432770197  -412.353529516  -412.287239281  -412.287239281  -412.230976835
   483.000  -412.434401383  -412.354061134  -412.286962072  -412.286962072  -412.230982510
   483.500  -412.437547462  -412.356187677  -412.288269074  -412.288269074  -412.230983554
   484.000  -412.442055093  -412.359787707  -412.291035604  -412.291035604  -412.231006485
   484.500  -412.447448758  -412.364424007  -412.294826143  -412.294826143  -412.231060502
   485.000  -412.452807217  -412.369216120  -412.298770968  -412.298770968  -412.231133945
   485.500  -412.456950087  -412.373018568  -412.301745965  -412.301745965  -412.231210476
   486.000  -412.458741962  -412.374715689  -412.302662783  -412.302662783  -412.231264279
   486.500  -412.457554210  -412.373675227  -412.300912177  -412.300912177  -412.231245890
   487.000  -412.454001760  -412.370480112  -412.297085593  -412.297085593  -412.231111273
   487.500  -412.450440232  -412.367430464  -412.293472776  -412.293472776  -412.230916777
   488.000  -412.449932558  -412.367526881  -412.293056427  -412.293056427  -412.230844956
   488.500  -412.453597108  -412.371843406  -412.296908867  -412.296908867  -412.230994627
   489.000  -412.459270822  -412.378206687  -412.302887919  -412.302887919  -412.231214169
   489.500  -412.463599116  -412.383278476  -412.307717042  -412.307717042  -412.231305546
   490.000  -412.464893104  -412.385392043  -412.309798194  -412.309798194  -412.231253074
   490.500  -412.463556994  -412.384963063  -412.309598217  -412.309598217  -412.231170868
   491.000  -412.460603329  -412.382999294  -412.308144707  -412.308144707  -412.231132292
   491.500  -412.456588392  -412.380039042  -412.305960544  -412.305960544  -412.231114492
   492.000  -412.451821318  -412.376364470  -412.303284443  -412.303284443  -412.231081377
   492.500  -412.446828574  -412.372471741  -412.300548799  -412.300548799  -412.231040438
   493.000  -412.442268614  -412.368990096  -412.298308972  -412.298308972  -412.231012011
   493.500  -412.438644347  -412.366396075  -412.296968724  -412.296968724  -412.230996804
   494.000  -412.436261641  -412.364972784  -412.296748390  -412.296748390  -412.230987442
   494.500  -412.435309286  -412.364889733  -412.297771195  -412.297771195  -412.230987022
   495.000  -412.435804720  -412.366146473  -412.300011848  -412.300011848  -412.231008654
   495.500  -412.437411391  -412.368386823  -412.303110559  -412.303110559  -412.231064943
   496.000  -412.439287637  -412.370745043  -412.306211484  -412.306211484  -412.231156394
   496.500  -412.440125969  -412.371877638  -412.307989874  -412.307989874  -412.231259833
   497.000  -412.438542469  -412.370342134  -412.307037404  -412.307037404  -412.231322011
   497.500  -412.433931785  -412.365452430  -412.302707132  -412.302707132  -412.231268324
   498.000  -412.427485464  -412.358302312  -412.296141363  -412.296141363  -412.231080417
   498.500  -412.422282750  -412.351879832  -412.290374156  -412.290374156  -412.230879012
   499.000  -412.421410473  -412.349220036  -412.288470960  -412.288470960  -412.230850178
   499.500  -412.425315439  -412.350779722  -412.290895269  -412.290895269  -412.231022835
   500.000  -412.431396460  -412.354027571  -412.295100037  -412.295100037  -412.231229959
