 N     7.0   -1.91309834   -0.23915303    0.10316625   14.00307401
 N     7.0    1.90851760    2.33803832   -0.10601394   14.00307401
 C     6.0   -0.92685675    2.31930966    0.08602235   12.00000000
 C     6.0    3.28978858    0.15898058    0.00234777   12.00000000
 C     6.0    2.28034236   -2.33837560    0.12227604   12.00000000
 C     6.0   -0.66084915   -2.50571232   -0.04901070   12.00000000
 O     8.0   -1.86455085   -4.43849764   -0.09295916   15.99491464
 O     8.0   -2.05802549    4.35680985   -0.03030218   15.99491464
 H     1.0   -3.65834635   -0.26484839    0.04360194    1.00782504
 H     1.0    2.65865874    4.11064818    0.01075393    1.00782504
 H     1.0    5.65473088    0.68869863   -0.38684216    1.00782504
 H     1.0    3.35523481   -3.71044613    0.36330900    1.00782504
