     0.000  -412.487340014  -412.312948738  -412.255695105  -412.255695105  -412.217321864
     0.500  -412.494031695  -412.320352350  -412.261725729  -412.261725729  -412.217793657
     1.000  -412.506776562  -412.334132024  -412.274365364  -412.274365364  -412.218240913
     1.500  -412.518182983  -412.346922280  -412.286286328  -412.286286328  -412.218340753
     2.000  -412.525529623  -412.356032017  -412.294834096  -412.294834096  -412.218287067
     2.500  -412.528736699  -412.361399699  -412.299977216  -412.299977216  -412.218292579
     3.000  -412.527393027  -412.362617074  -412.301311829  -412.301311829  -412.218406549
     3.500  -412.519984740  -412.358143904  -412.297271736  -412.297271736  -412.218526743
     4.000  -412.505418582  -412.346811586  -412.286645296  -412.286645296  -412.218442755
     4.500  -412.485977334  -412.330745648  -412.271544543  -412.271544543  -412.218010357
     5.000  -412.468851202  -412.316865809  -412.258992011  -412.258992011  -412.217477093
     5.500  -412.462134175  -412.312943218  -412.256966045  -412.256966045  -412.217372150
     6.000  -412.467494732  -412.320428206  -412.267064837  -412.267064837  -412.217778639
     6.500  -412.478988482  -412.333376715  -412.283281511  -412.283281511  -412.218260773
     7.000  -412.488957144  -412.344274253  -412.297914868  -412.297914868  -412.218530842
     7.500  -412.492545670  -412.348436499  -412.306095414  -412.306095414  -412.218618777
     8.000  -412.487856939  -412.344112256  -412.305920349  -412.305920349  -412.218638056
     8.500  -412.474611023  -412.331136877  -412.297094801  -412.297094801  -412.218599531
     9.000  -412.454107822  -412.310900785  -412.280887733  -412.280887733  -412.218347102
     9.500  -412.431285277  -412.288409053  -412.262187296  -412.262187296  -412.217760270
    10.000  -412.415586567  -412.273150643  -412.250378636  -412.250378636  -412.217232572
    10.500  -412.414772148  -412.272918643  -412.253178621  -412.253178621  -412.217397343
    11.000  -412.426503006  -412.285400832  -412.268238130  -412.268238130  -412.218032855
    11.500  -412.441213648  -412.301043632  -412.286007000  -412.286007000  -412.218473071
    12.000  -412.451371386  -412.312289924  -412.298967287  -412.298967287  -412.218580469
    12.500  -412.454346734  -412.316448659  -412.304491119  -412.304491119  -412.218539475
    13.000  -412.450280198  -412.313571468  -412.302709763  -412.302709763  -412.218463144
    13.500  -412.440366621  -412.304743955  -412.294800907  -412.294800907  -412.218361376
    14.000  -412.426551669  -412.291780965  -412.282674370  -412.282674370  -412.218208267
    14.500  -412.411835629  -412.277533210  -412.269257874  -412.269257874  -412.217958410
    15.000  -412.400682353  -412.266319943  -412.258903718  -412.258903718  -412.217651907
    15.500  -412.397955246  -412.262924337  -412.256356823  -412.256356823  -412.217546466
    16.000  -412.405140496  -412.268888637  -412.263035757  -412.263035757  -412.217814042
    16.500  -412.418149661  -412.280345104  -412.274877553  -412.274877553  -412.218196202
    17.000  -412.430903001  -412.291545357  -412.285904391  -412.285904391  -412.218381148
    17.500  -412.439877177  -412.299310865  -412.292721534  -412.292721534  -412.218376494
    18.000  -412.444500490  -412.303360679  -412.294855549  -412.294855549  -412.218339652
    18.500  -412.445163765  -412.304292580  -412.292752741  -412.292752741  -412.218337561
    19.000  -412.442279223  -412.302637843  -412.286860581  -412.286860581  -412.218271204
    19.500  -412.437605317  -412.300207070  -412.278981068  -412.278981068  -412.217973815
    20.000  -412.436113841  -412.301971430  -412.274197329  -412.274197329  -412.217550389
    20.500  -412.443804093  -412.313838033  -412.278775559  -412.278775559  -412.217487799
    21.000  -412.460922431  -412.335711934  -412.293426730  -412.293426730  -412.217947948
    21.500  -412.480200966  -412.359832057  -412.311311578  -412.311311578  -412.218451772
    22.000  -412.493798630  -412.378190098  -412.324670249  -412.324670249  -412.218603688
    22.500  -412.498936006  -412.388140221  -412.330582569  -412.330582569  -412.218477775
    23.000  -412.497080002  -412.391267343  -412.330343021  -412.330343021  -412.218326349
    23.500  -412.490416783  -412.389770632  -412.325974302  -412.325974302  -412.218293338
    24.000  -412.479743611  -412.384375069  -412.318098085  -412.318098085  -412.218326586
    24.500  -412.465139164  -412.375032074  -412.306589308  -412.306589308  -412.218258592
    25.000  -412.448223961  -412.363208298  -412.292841116  -412.292841116  -412.218007129
    25.500  -412.433067873  -412.352821565  -412.280710491  -412.280710491  -412.217743254
    26.000  -412.423644018  -412.347735647  -412.274030825  -412.274030825  -412.217711536
    26.500  -412.420470311  -412.348426085  -412.273289758  -412.273289758  -412.217878334
    27.000  -412.420991235  -412.352355011  -412.275998128  -412.275998128  -412.218032605
    27.500  -412.422524197  -412.356884205  -412.279578854  -412.279578854  -412.218102345
    28.000  -412.423552144  -412.360533829  -412.282602985  -412.282602985  -412.218165498
    28.500  -412.422887909  -412.362129224  -412.283920834  -412.283920834  -412.218289434
    29.000  -412.418863810  -412.359987338  -412.281847816  -412.281847816  -412.218417540
    29.500  -412.410280732  -412.352866405  -412.275121399  -412.275121399  -412.218345512
    30.000  -412.399246494  -412.342807870  -412.265751206  -412.265751206  -412.217925763
    30.500  -412.392638333  -412.336603743  -412.260504345  -412.260504345  -412.217475408
    31.000  -412.397185831  -412.340897838  -412.266026966  -412.266026966  -412.217527869
    31.500  -412.412290645  -412.355024564  -412.281698700  -412.281698700  -412.217969239
    32.000  -412.431337298  -412.372325478  -412.300928904  -412.300928904  -412.218328208
    32.500  -412.448214433  -412.386666073  -412.317625289  -412.317625289  -412.218476808
    33.000  -412.459807810  -412.394930008  -412.328651662  -412.328651662  -412.218515073
    33.500  -412.464968501  -412.395997778  -412.332806467  -412.332806467  -412.218511326
    34.000  -412.463525304  -412.389765463  -412.329865359  -412.329865359  -412.218461939
    34.500  -412.456235452  -412.377092655  -412.320561276  -412.320561276  -412.218334094
    35.000  -412.445165916  -412.360172734  -412.306980514  -412.306980514  -412.218109989
    35.500  -412.433806457  -412.342636129  -412.292679137  -412.292679137  -412.217844598
    36.000  -412.426095232  -412.328578693  -412.281719981  -412.281719981  -412.217677402
    36.500  -412.424365825  -412.320528137  -412.276634202  -412.276634202  -412.217702179
    37.000  -412.428023258  -412.318127837  -412.277093539  -412.277093539  -412.217857965
    37.500  -412.434384292  -412.318957620  -412.280704814  -412.280704814  -412.218030708
    38.000  -412.440395616  -412.320216661  -412.284652240  -412.284652240  -412.218182370
    38.500  -412.443446499  -412.319495314  -412.286444933  -412.286444933  -412.218324527
    39.000  -412.441473903  -412.314842293  -412.284008456  -412.284008456  -412.218424851
    39.500  -412.433547120  -412.305322390  -412.276315110  -412.276315110  -412.218378714
    40.000  -412.421314203  -412.292468862  -412.264879825  -412.264879825  -412.218088028
    40.500  -412.410175788  -412.281534169  -412.254936434  -412.254936434  -412.217619994
    41.000  -412.407742191  -412.280002671  -412.253894702  -412.253894702  -412.217358684
    41.500  -412.417977851  -412.291769374  -412.265531862  -412.265531862  -412.217679000
    42.000  -412.436178099  -412.312127846  -412.285036909  -412.285036909  -412.218301350
    42.500  -412.452809559  -412.331583062  -412.302883295  -412.302883295  -412.218664425
    43.000  -412.461466231  -412.343757568  -412.312760176  -412.312760176  -412.218643455
    43.500  -412.461325837  -412.347795312  -412.313992779  -412.313992779  -412.218434809
    44.000  -412.454767815  -412.345966734  -412.309113160  -412.309113160  -412.218214139
    44.500  -412.444839005  -412.341160909  -412.301254901  -412.301254901  -412.218040576
    45.000  -412.434226066  -412.335891256  -412.293076393  -412.293076393  -412.217905091
    45.500  -412.425190239  -412.332237568  -412.286700432  -412.286700432  -412.217799880
    46.000  -412.419537144  -412.331823417  -412.283728455  -412.283728455  -412.217752530
    46.500  -412.418135166  -412.335339021  -412.284817409  -412.284817409  -412.217807703
    47.000  -412.420282535  -412.341930719  -412.289095989  -412.289095989  -412.217966724
    47.500  -412.423734782  -412.349238331  -412.294220028  -412.294220028  -412.218159252
    48.000  -412.425778186  -412.354471053  -412.297456135  -412.297456135  -412.218273503
    48.500  -412.424916458  -412.356095401  -412.297359587  -412.297359587  -412.218226330
    49.000  -412.422031403  -412.354991105  -412.294910426  -412.294910426  -412.218079033
    49.500  -412.419395714  -412.353464234  -412.292490209  -412.292490209  -412.218049542
    50.000  -412.417699184  -412.352263662  -412.290866176  -412.290866176  -412.218211087
    50.500  -412.415230192  -412.349749159  -412.288339104  -412.288339104  -412.218276225
    51.000  -412.411695521  -412.345693970  -412.284559323  -412.284559323  -412.218015657
    51.500  -412.410933951  -412.343994547  -412.283273551  -412.283273551  -412.217755905
    52.000  -412.416366003  -412.348135298  -412.287840233  -412.287840233  -412.217919443
    52.500  -412.425506268  -412.355719026  -412.295787555  -412.295787555  -412.218277591
    53.000  -412.432816572  -412.361309067  -412.301655836  -412.301655836  -412.218423989
    53.500  -412.435394220  -412.362092411  -412.302636349  -412.302636349  -412.218334967
    54.000  -412.433866976  -412.358759916  -412.299430047  -412.299430047  -412.218166548
    54.500  -412.430365276  -412.353474330  -412.294213382  -412.294213382  -412.218014990
    55.000  -412.427001417  -412.348359898  -412.289123750  -412.289123750  -412.217907689
    55.500  -412.425295521  -412.344941159  -412.285698550  -412.285698550  -412.217865808
    56.000  -412.425766278  -412.343747792  -412.284490946  -412.284490946  -412.217920409
    56.500  -412.427542473  -412.343936191  -412.284692925  -412.284692925  -412.218050868
    57.000  -412.428761337  -412.343688775  -412.284537109  -412.284537109  -412.218146138
    57.500  -412.428201047  -412.341837426  -412.282910544  -412.282910544  -412.218084776
    58.000  -412.426915980  -412.339486749  -412.280964852  -412.280964852  -412.217896618
    58.500  -412.427683753  -412.339453746  -412.281535791  -412.281535791  -412.217791222
    59.000  -412.432037548  -412.343301378  -412.286157857  -412.286157857  -412.217928153
    59.500  -412.438044354  -412.349121450  -412.292843456  -412.292843456  -412.218232231
    60.000  -412.441389517  -412.352621594  -412.297175821  -412.297175821  -412.218492147
    60.500  -412.438545245  -412.350288479  -412.295500890  -412.295500890  -412.218502015
    61.000  -412.429882430  -412.342493234  -412.288061834  -412.288061834  -412.218155968
    61.500  -412.420898305  -412.334723377  -412.280250829  -412.280250829  -412.217669327
    62.000  -412.418684976  -412.334065410  -412.279109831  -412.279109831  -412.217547533
    62.500  -412.424996695  -412.342278468  -412.286412341  -412.286412341  -412.217890976
    63.000  -412.434895328  -412.354418682  -412.297280809  -412.297280809  -412.218258689
    63.500  -412.442616558  -412.364668955  -412.305989322  -412.305989322  -412.218386325
    64.000  -412.445644933  -412.370390782  -412.309998968  -412.309998968  -412.218357071
    64.500  -412.444010931  -412.371425059  -412.309256494  -412.309256494  -412.218302310
    65.000  -412.438486967  -412.368307332  -412.304415868  -412.304415868  -412.218255300
    65.500  -412.429988086  -412.361690508  -412.296270956  -412.296270956  -412.218176378
    66.000  -412.420022576  -412.352822118  -412.286231192  -412.286231192  -412.218021316
    66.500  -412.411206720  -412.344088666  -412.276853173  -412.276853173  -412.217807456
    67.000  -412.406892024  -412.338677864  -412.271467821  -412.271467821  -412.217640693
    67.500  -412.409556309  -412.338997806  -412.272559748  -412.272559748  -412.217654716
    68.000  -412.418928648  -412.344819570  -412.279874449  -412.279874449  -412.217864945
    68.500  -412.431792555  -412.353078595  -412.290222354  -412.290222354  -412.218138246
    69.000  -412.443843376  -412.359711581  -412.299356874  -412.299356874  -412.218348709
    69.500  -412.451600263  -412.361539228  -412.303899535  -412.303899535  -412.218472980
    70.000  -412.453013040  -412.356836008  -412.301931619  -412.301931619  -412.218517788
    70.500  -412.447637250  -412.345466975  -412.293126522  -412.293126522  -412.218406733
    71.000  -412.437804494  -412.330024851  -412.279873821  -412.279873821  -412.218018105
    71.500  -412.429932093  -412.317120262  -412.268573800  -412.268573800  -412.217498067
    72.000  -412.431757501  -412.314618186  -412.266926443  -412.266926443  -412.217367335
    72.500  -412.445135850  -412.324474250  -412.276813876  -412.276813876  -412.217771590
    73.000  -412.464102863  -412.340827523  -412.292423139  -412.292423139  -412.218220194
    73.500  -412.481349198  -412.356484257  -412.306713449  -412.306713449  -412.218397323
    74.000  -412.493063826  -412.367728915  -412.316212997  -412.316212997  -412.218393474
    74.500  -412.498344116  -412.373717933  -412.320355667  -412.320355667  -412.218344114
    75.000  -412.497459943  -412.374720910  -412.319675895  -412.319675895  -412.218265279
    75.500  -412.491519916  -412.371776046  -412.315423975  -412.315423975  -412.218123599
    76.000  -412.482782466  -412.367003697  -412.309844093  -412.309844093  -412.217954008
    76.500  -412.474033778  -412.362997983  -412.305553092  -412.305553092  -412.217859335
    77.000  -412.467123415  -412.361390009  -412.304105881  -412.304105881  -412.217867758
    77.500  -412.462425424  -412.362336100  -412.305522159  -412.305522159  -412.217922795
    78.000  -412.459424603  -412.365132102  -412.308944617  -412.308944617  -412.218008481
    78.500  -412.456961882  -412.368472998  -412.312938858  -412.312938858  -412.218132087
    79.000  -412.453290517  -412.370505567  -412.315552111  -412.315552111  -412.218252970
    79.500  -412.446685427  -412.369421798  -412.314903845  -412.314903845  -412.218342361
    80.000  -412.435952135  -412.363951933  -412.309663048  -412.309663048  -412.218410216
    80.500  -412.420488932  -412.353411592  -412.299090237  -412.299090237  -412.218422079
    81.000  -412.400973164  -412.338386602  -412.283719420  -412.283719420  -412.218231445
    81.500  -412.381345495  -412.322720328  -412.267348483  -412.267348483  -412.217751505
    82.000  -412.369314419  -412.314034809  -412.257580203  -412.257580203  -412.217349390
    82.500  -412.370689837  -412.318091121  -412.260204474  -412.260204474  -412.217565785
    83.000  -412.382243390  -412.331662983  -412.272090077  -412.272090077  -412.218182141
    83.500  -412.394684950  -412.345485356  -412.284124242  -412.284124242  -412.218565023
    84.000  -412.401543639  -412.353094454  -412.290032439  -412.290032439  -412.218525099
    84.500  -412.402603686  -412.354252722  -412.289762378  -412.289762378  -412.218232850
    85.000  -412.401724368  -412.352778021  -412.287279141  -412.287279141  -412.217951060
    85.500  -412.402860842  -412.352581668  -412.286566563  -412.286566563  -412.217897306
    86.000  -412.406849095  -412.354464631  -412.288406940  -412.288406940  -412.218058742
    86.500  -412.411542327  -412.356259337  -412.290531690  -412.290531690  -412.218201540
    87.000  -412.415000660  -412.356016991  -412.290848995  -412.290848995  -412.218155880
    87.500  -412.417879271  -412.354399283  -412.289873572  -412.289873572  -412.217984985
    88.000  -412.422588329  -412.353852163  -412.289925202  -412.289925202  -412.217871371
    88.500  -412.430722838  -412.356058277  -412.292595332  -412.292595332  -412.217901556
    89.000  -412.441749034  -412.360634826  -412.297454571  -412.297454571  -412.218016545
    89.500  -412.453728053  -412.365845429  -412.302769172  -412.302769172  -412.218144355
    90.000  -412.464394616  -412.369652011  -412.306546458  -412.306546458  -412.218278048
    90.500  -412.471470107  -412.369996002  -412.306805712  -412.306805712  -412.218415768
    91.000  -412.472941772  -412.365048567  -412.301823629  -412.301823629  -412.218462529
    91.500  -412.468558120  -412.354655623  -412.291614308  -412.291614308  -412.218244384
    92.000  -412.462011507  -412.342392825  -412.280143337  -412.280143337  -412.217767262
    92.500  -412.459933102  -412.333653104  -412.274829317  -412.274829317  -412.216988285
    93.000  -412.465333945  -412.328966028  -412.280688881  -412.280688881  -412.218385658
    93.500  -412.473854997  -412.330135862  -412.288779014  -412.288779014  -412.218578124
    94.000  -412.480964871  -412.330691796  -412.295243782  -412.295243782  -412.218577525
    94.500  -412.485390945  -412.328942500  -412.299154537  -412.299154537  -412.218498955
    95.000  -412.487484093  -412.325293642  -412.300938634  -412.300938634  -412.218509128
    95.500  -412.486813090  -412.319566579  -412.300142930  -412.300142930  -412.218563185
    96.000  -412.482541553  -412.311302764  -412.295873240  -412.295873240  -412.218566878
    96.500  -412.474642462  -412.300874223  -412.288100694  -412.288100694  -412.218485641
    97.000  -412.464279809  -412.289647494  -412.278199572  -412.278199572  -412.218329921
    97.500  -412.453620341  -412.279671522  -412.268733610  -412.268733610  -412.218142642
    98.000  -412.445556158  -412.273652758  -412.262766187  -412.262766187  -412.217977737
    98.500  -412.443052471  -412.274563392  -412.262931224  -412.262931224  -412.217909335
    99.000  -412.447692284  -412.284043000  -412.270258473  -412.270258473  -412.218000277
    99.500  -412.458242779  -412.300673178  -412.283240825  -412.283240825  -412.218247608
   100.000  -412.470774235  -412.320174157  -412.297983388  -412.297983388  -412.218565053
   100.500  -412.480225561  -412.337171490  -412.309530026  -412.309530026  -412.218866380
   101.000  -412.481951241  -412.346790603  -412.313301263  -412.313301263  -412.219080908
   101.500  -412.473061526  -412.345958624  -412.306443421  -412.306443421  -412.219058124
   102.000  -412.454663740  -412.335536824  -412.290144930  -412.290144930  -412.218606027
   102.500  -412.434060450  -412.322411249  -412.271884807  -412.271884807  -412.217892439
   103.000  -412.421834303  -412.316813155  -412.262329579  -412.262329579  -412.217586683
   103.500  -412.422667753  -412.323389096  -412.266022594  -412.266022594  -412.217971382
   104.000  -412.431290802  -412.336981632  -412.277483525  -412.277483525  -412.218519037
   104.500  -412.439353172  -412.349335179  -412.288181957  -412.288181957  -412.218759029
   105.000  -412.442460918  -412.356108839  -412.293587112  -412.293587112  -412.218693372
   105.500  -412.440837527  -412.357558634  -412.293837784  -412.293837784  -412.218507246
   106.000  -412.436825313  -412.356046856  -412.291255637  -412.291255637  -412.218344120
   106.500  -412.432704339  -412.353873932  -412.288153325  -412.288153325  -412.218260746
   107.000  -412.429731716  -412.352316135  -412.285853164  -412.285853164  -412.218250099
   107.500  -412.428191410  -412.351674547  -412.284709248  -412.284709248  -412.218262127
   108.000  -412.428115150  -412.351999569  -412.284804400  -412.284804400  -412.218232531
   108.500  -412.430150185  -412.353967409  -412.286808762  -412.286808762  -412.218151335
   109.000  -412.435555384  -412.358890085  -412.291989529  -412.291989529  -412.218125448
   109.500  -412.444603919  -412.367133432  -412.300646442  -412.300646442  -412.218286153
   110.000  -412.454806883  -412.376339092  -412.310368717  -412.310368717  -412.218595512
   110.500  -412.461529502  -412.382019735  -412.316654654  -412.316654654  -412.218864156
   111.000  -412.460748336  -412.380284484  -412.315639852  -412.315639852  -412.218952049
   111.500  -412.451270412  -412.370033243  -412.306265114  -412.306265114  -412.218835038
   112.000  -412.435305438  -412.353522048  -412.290795888  -412.290795888  -412.218527018
   112.500  -412.418184499  -412.336086381  -412.274509891  -412.274509891  -412.218093864
   113.000  -412.406858606  -412.324654539  -412.264207534  -412.264207534  -412.217827956
   113.500  -412.405353459  -412.323230976  -412.263747856  -412.263747856  -412.218024604
   114.000  -412.410871010  -412.329017624  -412.270235921  -412.270235921  -412.218429883
   114.500  -412.417207284  -412.335832764  -412.277471657  -412.277471657  -412.218612766
   115.000  -412.420861435  -412.340199098  -412.282013879  -412.282013879  -412.218534096
   115.500  -412.422188258  -412.342473379  -412.284270892  -412.284270892  -412.218379978
   116.000  -412.423007103  -412.344450171  -412.286077516  -412.286077516  -412.218286974
   116.500  -412.424530591  -412.347292966  -412.288615909  -412.288615909  -412.218294416
   117.000  -412.426670612  -412.350847254  -412.291725405  -412.291725405  -412.218377836
   117.500  -412.428352010  -412.353953620  -412.294230521  -412.294230521  -412.218470560
   118.000  -412.428498124  -412.355433134  -412.294943909  -412.294943909  -412.218480633
   118.500  -412.427317975  -412.355375024  -412.293976683  -412.293976683  -412.218359647
   119.000  -412.426864468  -412.355705699  -412.293313771  -412.293313771  -412.218192413
   119.500  -412.429676429  -412.358855082  -412.295481705  -412.295481705  -412.218143194
   120.000  -412.436455489  -412.365458210  -412.301235460  -412.301235460  -412.218247758
   120.500  -412.445505634  -412.373805178  -412.308983969  -412.308983969  -412.218415448
   121.000  -412.453956876  -412.381050657  -412.315981467  -412.315981467  -412.218609356
   121.500  -412.458553906  -412.383977781  -412.319079422  -412.319079422  -412.218814870
   122.000  -412.456235526  -412.379557025  -412.315275672  -412.315275672  -412.218910973
   122.500  -412.446008403  -412.366805020  -412.303576338  -412.303576338  -412.218719927
   123.000  -412.431332684  -412.349166797  -412.287386880  -412.287386880  -412.218235125
   123.500  -412.419713335  -412.334120680  -412.274135328  -412.274135328  -412.217825240
   124.000  -412.417200872  -412.327707861  -412.269827012  -412.269827012  -412.217881097
   124.500  -412.423061404  -412.329218911  -412.273750997  -412.273750997  -412.218226820
   125.000  -412.432040706  -412.333442732  -412.280726269  -412.280726269  -412.218455146
   125.500  -412.440079395  -412.336350672  -412.286773124  -412.286773124  -412.218480776
   126.000  -412.446030764  -412.336808712  -412.290801918  -412.290801918  -412.218439137
   126.500  -412.450015972  -412.334946904  -412.292964162  -412.292964162  -412.218441734
   127.000  -412.451816609  -412.330570325  -412.293048370  -412.293048370  -412.218504713
   127.500  -412.450589943  -412.322867134  -412.290200745  -412.290200745  -412.218565053
   128.000  -412.445789788  -412.311316002  -412.283849107  -412.283849107  -412.218514286
   128.500  -412.438687183  -412.297202218  -412.275230620  -412.275230620  -412.218285856
   129.000  -412.433124498  -412.284401127  -412.268154559  -412.268154559  -412.217983581
   129.500  -412.433790823  -412.277727605  -412.267272825  -412.267272825  -412.217869323
   130.000  -412.442530923  -412.279448323  -412.274257359  -412.274257359  -412.218151132
   130.500  -412.456477299  -412.288656839  -412.284827352  -412.288656839  -412.218539564
   131.000  -412.469761756  -412.300133395  -412.292230521  -412.300133395  -412.219124175
   131.500  -412.477727749  -412.306960706  -412.294886051  -412.306960706  -412.219285075
   132.000  -412.477901188  -412.306256620  -412.291040545  -412.306256620  -412.219302702
   132.500  -412.470090645  -412.297818871  -412.280747137  -412.297818871  -412.219195303
   133.000  -412.456423556  -412.283790572  -412.266222822  -412.283790572  -412.218891695
   133.500  -412.442113223  -412.269388999  -412.252648606  -412.269388999  -412.218428217
   134.000  -412.434346555  -412.261807126  -412.247079168  -412.261807126  -412.218151011
   134.500  -412.437148312  -412.265134044  -412.253308802  -412.265134044  -412.218342732
   135.000  -412.447486740  -412.276607162  -412.267893403  -412.276607162  -412.218715605
   135.500  -412.458632274  -412.290465118  -412.283107018  -412.283107018  -412.218837079
   136.000  -412.464734238  -412.300357141  -412.291632449  -412.291632449  -412.218942139
   136.500  -412.465386559  -412.306340985  -412.294645507  -412.294645507  -412.218876556
   137.000  -412.460848654  -412.308243992  -412.292557494  -412.292557494  -412.218775204
   137.500  -412.452323087  -412.306931119  -412.286782480  -412.286782480  -412.218657055
   138.000  -412.441598751  -412.304029081  -412.279234662  -412.279234662  -412.218499218
   138.500  -412.431182050  -412.301967825  -412.272486887  -412.272486887  -412.218304285
   139.000  -412.424023100  -412.303528576  -412.269534439  -412.269534439  -412.218158243
   139.500  -412.422155744  -412.310326608  -412.272458509  -412.272458509  -412.218183717
   140.000  -412.425125451  -412.321491131  -412.280766656  -412.280766656  -412.218383241
   140.500  -412.430147409  -412.334229680  -412.291508294  -412.291508294  -412.218598987
   141.000  -412.434131190  -412.345661950  -412.301416264  -412.301416264  -412.218714324
   141.500  -412.435314812  -412.354175668  -412.308582234  -412.308582234  -412.218747683
   142.000  -412.433203289  -412.359313028  -412.312349184  -412.312349184  -412.218774301
   142.500  -412.427611244  -412.360819523  -412.312329803  -412.312329803  -412.218836549
   143.000  -412.418152423  -412.358167329  -412.307896052  -412.307896052  -412.218880778
   143.500  -412.405027226  -412.351370260  -412.299004305  -412.299004305  -412.218768047
   144.000  -412.390857489  -412.342856078  -412.288077629  -412.288077629  -412.218435752
   144.500  -412.381076288  -412.337893007  -412.280452787  -412.280452787  -412.218147444
   145.000  -412.379881939  -412.340573704  -412.280388911  -412.280388911  -412.218268514
   145.500  -412.385385577  -412.348974828  -412.286210828  -412.286210828  -412.218664710
   146.000  -412.391465009  -412.356987832  -412.292091348  -412.292091348  -412.218925703
   146.500  -412.393585863  -412.360104712  -412.293765078  -412.293765078  -412.218924118
   147.000  -412.391152457  -412.357746131  -412.290801953  -412.290801953  -412.218763249
   147.500  -412.386292850  -412.352042749  -412.285364001  -412.285364001  -412.218581503
   148.000  -412.381722565  -412.345704639  -412.280080323  -412.280080323  -412.218500010
   148.500  -412.378900200  -412.340186246  -412.276238532  -412.276238532  -412.218519802
   149.000  -412.377931095  -412.335603867  -412.273740066  -412.273740066  -412.218506713
   149.500  -412.379266700  -412.332453548  -412.272850925  -412.272850925  -412.218403082
   150.000  -412.384390811  -412.332318382  -412.274942544  -412.274942544  -412.218326948
   150.500  -412.394233556  -412.336301564  -412.280943464  -412.280943464  -412.218379961
   151.000  -412.407773695  -412.343627294  -412.289954362  -412.289954362  -412.218511109
   151.500  -412.422689948  -412.352268059  -412.299877433  -412.299877433  -412.218628497
   152.000  -412.436702574  -412.360244511  -412.308711175  -412.308711175  -412.218717406
   152.500  -412.447957430  -412.365969020  -412.314885040  -412.314885040  -412.218813060
   153.000  -412.454697067  -412.367887544  -412.316893779  -412.316893779  -412.218919445
   153.500  -412.455345007  -412.364549522  -412.313360631  -412.313360631  -412.218956168
   154.000  -412.449727901  -412.355833975  -412.304254979  -412.304254979  -412.218789531
   154.500  -412.440807354  -412.344707248  -412.292634873  -412.292634873  -412.218423454
   155.000  -412.434185666  -412.336768975  -412.284176376  -412.284176376  -412.218169001
   155.500  -412.433615597  -412.335793047  -412.282703985  -412.282703985  -412.218289197
   156.000  -412.437526566  -412.340251297  -412.286708768  -412.286708768  -412.218561664
   156.500  -412.441867137  -412.346125414  -412.292158787  -412.292158787  -412.218697590
   157.000  -412.444105313  -412.350876438  -412.296470858  -412.296470858  -412.218742238
   157.500  -412.443092261  -412.353293877  -412.298368629  -412.298368629  -412.218797420
   158.000  -412.437853699  -412.352286109  -412.296685350  -412.296685350  -412.218826959
   158.500  -412.428028199  -412.347322820  -412.290816263  -412.290816263  -412.218773906
   159.000  -412.414680738  -412.339252923  -412.281545817  -412.281545817  -412.218627789
   159.500  -412.400442958  -412.330453188  -412.271209617  -412.271209617  -412.218412818
   160.000  -412.388995320  -412.324330374  -412.263212169  -412.263212169  -412.218209646
   160.500  -412.383681854  -412.323969242  -412.260691645  -412.260691645  -412.218142666
   161.000  -412.385639416  -412.330297234  -412.264690859  -412.264690859  -412.218257985
   161.500  -412.393140998  -412.341445638  -412.273507861  -412.273507861  -412.218461856
   162.000  -412.402941628  -412.354086892  -412.284009090  -412.284009090  -412.218638097
   162.500  -412.412053811  -412.365186825  -412.293353026  -412.293353026  -412.218758261
   163.000  -412.418365800  -412.372601885  -412.299558573  -412.299558573  -412.218860910
   163.500  -412.420283066  -412.374710601  -412.301108174  -412.301108174  -412.218963565
   164.000  -412.416656682  -412.370342124  -412.296852888  -412.296852888  -412.218968370
   164.500  -412.408261402  -412.360259477  -412.287487804  -412.287487804  -412.218686430
   165.000  -412.400101192  -412.349472396  -412.277881682  -412.277881682  -412.218172136
   165.500  -412.399927684  -412.345765937  -412.275642278  -412.275642278  -412.217952671
   166.000  -412.410874665  -412.352344820  -412.283802542  -412.283802542  -412.218325669
   166.500  -412.427570542  -412.363949430  -412.296964463  -412.296964463  -412.218841901
   167.000  -412.442029052  -412.372744589  -412.307198499  -412.307198499  -412.219055832
   167.500  -412.450124680  -412.374795281  -412.310518893  -412.310518893  -412.218980909
   168.000  -412.452016766  -412.370486739  -412.307301499  -412.307301499  -412.218810593
   168.500  -412.449604130  -412.361964538  -412.299715613  -412.299715613  -412.218671361
   169.000  -412.444643751  -412.351230852  -412.289803892  -412.289803892  -412.218584994
   169.500  -412.438356893  -412.339726167  -412.279046459  -412.279046459  -412.218505672
   170.000  -412.432035207  -412.328918150  -412.268936715  -412.268936715  -412.218378115
   170.500  -412.427721321  -412.320977089  -412.261657509  -412.261657509  -412.218218750
   171.000  -412.427814516  -412.318392776  -412.259709756  -412.259709756  -412.218142035
   171.500  -412.433382624  -412.322305293  -412.264256659  -412.264256659  -412.218234380
   172.000  -412.442952119  -412.331303509  -412.273928506  -412.273928506  -412.218437792
   172.500  -412.453320269  -412.342228249  -412.285609202  -412.285609202  -412.218643608
   173.000  -412.461188404  -412.351784433  -412.296026043  -412.296026043  -412.218810887
   173.500  -412.463992126  -412.357355751  -412.302546555  -412.302546555  -412.218931495
   174.000  -412.460190371  -412.357288326  -412.303465079  -412.303465079  -412.218981387
   174.500  -412.449682015  -412.351311353  -412.298431916  -412.298431916  -412.218916193
   175.000  -412.434469756  -412.341212493  -412.289144024  -412.289144024  -412.218658454
   175.500  -412.419504017  -412.331703545  -412.280218604  -412.280218604  -412.218243706
   176.000  -412.411426985  -412.329197780  -412.277985220  -412.277985220  -412.218069859
   176.500  -412.412857677  -412.336128046  -412.284816632  -412.284816632  -412.218397951
   177.000  -412.419125628  -412.347687845  -412.295879296  -412.295879296  -412.218819956
   177.500  -412.423698370  -412.357232478  -412.304540424  -412.304540424  -412.218946306
   178.000  -412.423888043  -412.361960250  -412.308051396  -412.308051396  -412.218839952
   178.500  -412.420558451  -412.362620323  -412.307256596  -412.307256596  -412.218698432
   179.000  -412.415428619  -412.360829852  -412.303907826  -412.303907826  -412.218621838
   179.500  -412.409516312  -412.357527437  -412.299099010  -412.299099010  -412.218604600
   180.000  -412.403123361  -412.352953525  -412.293233108  -412.293233108  -412.218586425
   180.500  -412.396692541  -412.347498652  -412.286847896  -412.286847896  -412.218502718
   181.000  -412.391687282  -412.342575119  -412.281469514  -412.281469514  -412.218354818
   181.500  -412.390471445  -412.340503799  -412.279474300  -412.279474300  -412.218244865
   182.000  -412.394770644  -412.342991825  -412.282559177  -412.282559177  -412.218283649
   182.500  -412.404117803  -412.349605839  -412.290210087  -412.290210087  -412.218441838
   183.000  -412.416161110  -412.358089533  -412.300055595  -412.300055595  -412.218615649
   183.500  -412.428068922  -412.365762645  -412.309294154  -412.309294154  -412.218787843
   184.000  -412.436947591  -412.369917265  -412.315116961  -412.315116961  -412.218988214
   184.500  -412.439739620  -412.367697231  -412.314583085  -412.314583085  -412.219143172
   185.000  -412.434489408  -412.357343230  -412.305860138  -412.305860138  -412.219059749
   185.500  -412.423134718  -412.340962530  -412.290989741  -412.290989741  -412.218591618
   186.000  -412.413116554  -412.326124306  -412.277477441  -412.277477441  -412.218005668
   186.500  -412.412979182  -412.321462364  -412.273896096  -412.273896096  -412.217928734
   187.000  -412.423847770  -412.328175176  -412.281383895  -412.281383895  -412.218398297
   187.500  -412.438872465  -412.339486921  -412.293115166  -412.293115166  -412.218817552
   188.000  -412.451218708  -412.348639226  -412.302302226  -412.302302226  -412.218908093
   188.500  -412.458569693  -412.353385175  -412.306706026  -412.306706026  -412.218799037
   189.000  -412.461830965  -412.354684658  -412.307342619  -412.307342619  -412.218654397
   189.500  -412.462763527  -412.354336852  -412.306109309  -412.306109309  -412.218561614
   190.000  -412.462543354  -412.353536779  -412.304329227  -412.304329227  -412.218561701
   190.500  -412.461124029  -412.352234120  -412.302087771  -412.302087771  -412.218630734
   191.000  -412.457630041  -412.349517185  -412.298599843  -412.298599843  -412.218657889
   191.500  -412.451957682  -412.345210955  -412.293786883  -412.293786883  -412.218530905
   192.000  -412.446247961  -412.341359320  -412.289745102  -412.289745102  -412.218298580
   192.500  -412.444035565  -412.341402458  -412.289908814  -412.289908814  -412.218181847
   193.000  -412.447083606  -412.347035548  -412.295919282  -412.295919282  -412.218328262
   193.500  -412.453338383  -412.356168129  -412.305598372  -412.305598372  -412.218628829
   194.000  -412.458392233  -412.364363248  -412.314417088  -412.314417088  -412.218893199
   194.500  -412.458253672  -412.367578181  -412.318257190  -412.318257190  -412.219052579
   195.000  -412.450639808  -412.363443291  -412.314696265  -412.314696265  -412.219103958
   195.500  -412.435310587  -412.351598518  -412.303348000  -412.303348000  -412.218966683
   196.000  -412.415264871  -412.334903715  -412.287053885  -412.287053885  -412.218530218
   196.500  -412.397743736  -412.320455563  -412.272901998  -412.272901998  -412.218016722
   197.000  -412.390471576  -412.315847977  -412.268487079  -412.268487079  -412.217973284
   197.500  -412.394219141  -412.321750936  -412.274511036  -412.274511036  -412.218419554
   198.000  -412.402566748  -412.331673203  -412.284546690  -412.284546690  -412.218794181
   198.500  -412.409424368  -412.339469690  -412.292530397  -412.292530397  -412.218860410
   199.000  -412.412911112  -412.343217560  -412.296606542  -412.296606542  -412.218791742
   199.500  -412.413475863  -412.343349645  -412.297230655  -412.297230655  -412.218743910
   200.000  -412.411701306  -412.340465802  -412.294986621  -412.294986621  -412.218704525
   200.500  -412.408297971  -412.335323297  -412.290581391  -412.290581391  -412.218611194
   201.000  -412.404754170  -412.329472984  -412.285506516  -412.285506516  -412.218504615
   201.500  -412.402728071  -412.324637759  -412.281415321  -412.281415321  -412.218467843
   202.000  -412.402917215  -412.321581636  -412.278994474  -412.278994474  -412.218472982
   202.500  -412.405352421  -412.320414593  -412.278274576  -412.278274576  -412.218444746
   203.000  -412.410320958  -412.321538548  -412.279585074  -412.279585074  -412.218413791
   203.500  -412.417972778  -412.325269419  -412.283193880  -412.283193880  -412.218459193
   204.000  -412.427297157  -412.330809021  -412.288288761  -412.288288761  -412.218585676
   204.500  -412.436069415  -412.336160998  -412.292898947  -412.292898947  -412.218746116
   205.000  -412.441623940  -412.338862885  -412.294615342  -412.294615342  -412.218889193
   205.500  -412.441798932  -412.336899114  -412.291491933  -412.291491933  -412.218930137
   206.000  -412.436369910  -412.330121780  -412.283435192  -412.283435192  -412.218733197
   206.500  -412.428793442  -412.321999015  -412.273952329  -412.273952329  -412.218311632
   207.000  -412.425484189  -412.318908901  -412.269455236  -412.269455236  -412.218036936
   207.500  -412.430403188  -412.324754374  -412.273904700  -412.273904700  -412.218238715
   208.000  -412.440649908  -412.336581272  -412.284435822  -412.284435822  -412.218678719
   208.500  -412.449575985  -412.347704321  -412.294467470  -412.294467470  -412.218954293
   209.000  -412.452593783  -412.353510572  -412.299469659  -412.299469659  -412.218945294
   209.500  -412.449396710  -412.353666754  -412.299141191  -412.299141191  -412.218738587
   210.000  -412.442824848  -412.350968952  -412.296255610  -412.296255610  -412.218521853
   210.500  -412.436073809  -412.348545918  -412.293859187  -412.293859187  -412.218464044
   211.000  -412.430207285  -412.347367274  -412.292801813  -412.292801813  -412.218546890
   211.500  -412.424330115  -412.346410123  -412.291923538  -412.291923538  -412.218605832
   212.000  -412.417792994  -412.344861471  -412.290294356  -412.290294356  -412.218550699
   212.500  -412.411499934  -412.343434011  -412.288559442  -412.288559442  -412.218434287
   213.000  -412.407214295  -412.343699158  -412.288282178  -412.288282178  -412.218360756
   213.500  -412.406057084  -412.346613689  -412.290467328  -412.290467328  -412.218386381
   214.000  -412.407662028  -412.351694810  -412.294713305  -412.294713305  -412.218492263
   214.500  -412.410406963  -412.357249575  -412.299424265  -412.299424265  -412.218631178
   215.000  -412.412152664  -412.361102865  -412.302516465  -412.302516465  -412.218761493
   215.500  -412.410969826  -412.361307238  -412.302121521  -412.302121521  -412.218834128
   216.000  -412.405998780  -412.356991752  -412.297424217  -412.297424217  -412.218767706
   216.500  -412.398619401  -412.349523488  -412.289820585  -412.289820585  -412.218518627
   217.000  -412.392803716  -412.342857783  -412.283268356  -412.283268356  -412.218252709
   217.500  -412.392523085  -412.340956258  -412.281712029  -412.281712029  -412.218266767
   218.000  -412.397776461  -412.343831765  -412.285138180  -412.285138180  -412.218521133
   218.500  -412.405118524  -412.348090665  -412.290122159  -412.290122159  -412.218678959
   219.000  -412.412018878  -412.351287538  -412.294184694  -412.294184694  -412.218667460
   219.500  -412.418080920  -412.353135258  -412.296993688  -412.296993688  -412.218658899
   220.000  -412.422974991  -412.353428436  -412.298292400  -412.298292400  -412.218701385
   220.500  -412.425759569  -412.351359952  -412.297217755  -412.297217755  -412.218711600
   221.000  -412.425971923  -412.346606308  -412.293396164  -412.293396164  -412.218651127
   221.500  -412.424245129  -412.339937576  -412.287558877  -412.287558877  -412.218545381
   222.000  -412.421991831  -412.332895669  -412.281220937  -412.281220937  -412.218430381
   222.500  -412.420831286  -412.327218267  -412.276106314  -412.276106314  -412.218338722
   223.000  -412.422056165  -412.324308385  -412.273613246  -412.273613246  -412.218298368
   223.500  -412.426180673  -412.324788541  -412.274373201  -412.274373201  -412.218320411
   224.000  -412.432779944  -412.328345723  -412.278091763  -412.278091763  -412.218386637
   224.500  -412.440722376  -412.333961407  -412.283781992  -412.283781992  -412.218477263
   225.000  -412.448461715  -412.340195429  -412.290040577  -412.290040577  -412.218599125
   225.500  -412.454004530  -412.345141795  -412.294998481  -412.294998481  -412.218767574
   226.000  -412.454849890  -412.346358856  -412.296242058  -412.296242058  -412.218937975
   226.500  -412.448817247  -412.341689230  -412.291625973  -412.291625973  -412.218964660
   227.000  -412.436188716  -412.331393175  -412.281406885  -412.281406885  -412.218695776
   227.500  -412.421635564  -412.320069646  -412.270157534  -412.270157534  -412.218223636
   228.000  -412.412462737  -412.314905397  -412.265010709  -412.265010709  -412.217974298
   228.500  -412.412512778  -412.319598163  -412.269593661  -412.269593661  -412.218216464
   229.000  -412.418512752  -412.330726472  -412.280417127  -412.280417127  -412.218655648
   229.500  -412.423975756  -412.341653969  -412.290801488  -412.290801488  -412.218898083
   230.000  -412.424856122  -412.348172848  -412.296523553  -412.296523553  -412.218887607
   230.500  -412.420834071  -412.349777209  -412.297087008  -412.297087008  -412.218764707
   231.000  -412.413541967  -412.347896246  -412.293948027  -412.293948027  -412.218640521
   231.500  -412.404871276  -412.344210311  -412.288840856  -412.288840856  -412.218546844
   232.000  -412.396355522  -412.340054200  -412.283186220  -412.283186220  -412.218470061
   232.500  -412.389242964  -412.336507864  -412.278189278  -412.278189278  -412.218394910
   233.000  -412.384667414  -412.334580312  -412.275015534  -412.275015534  -412.218328640
   233.500  -412.383552003  -412.335118157  -412.274673105  -412.274673105  -412.218301597
   234.000  -412.386203889  -412.338393899  -412.277565969  -412.277565969  -412.218349310
   234.500  -412.391855748  -412.343638785  -412.282990231  -412.282990231  -412.218477532
   235.000  -412.398639932  -412.349004734  -412.289086159  -412.289086159  -412.218635267
   235.500  -412.404388393  -412.352362798  -412.293637173  -412.293637173  -412.218731880
   236.000  -412.407908589  -412.352575027  -412.295371730  -412.295371730  -412.218726030
   236.500  -412.409536689  -412.350049810  -412.294532232  -412.294532232  -412.218683635
   237.000  -412.410211594  -412.345815151  -412.291962007  -412.291962007  -412.218680570
   237.500  -412.410510509  -412.340550208  -412.288141512  -412.288141512  -412.218633696
   238.000  -412.411655476  -412.335593658  -412.284221473  -412.284221473  -412.218437464
   238.500  -412.416585877  -412.334030507  -412.283148321  -412.283148321  -412.218258200
   239.000  -412.427543884  -412.338297627  -412.287307592  -412.287307592  -412.218345991
   239.500  -412.442818011  -412.346922021  -412.295274580  -412.295274580  -412.218615561
   240.000  -412.457939775  -412.355677427  -412.302932393  -412.302932393  -412.218805823
   240.500  -412.469366881  -412.361213883  -412.307069281  -412.307069281  -412.218835776
   241.000  -412.475993637  -412.362546150  -412.306824977  -412.306824977  -412.218762126
   241.500  -412.478513942  -412.360422047  -412.303059990  -412.303059990  -412.218638133
   242.000  -412.478618855  -412.356544324  -412.297568381  -412.297568381  -412.218488615
   242.500  -412.478466658  -412.353068283  -412.292576728  -412.292576728  -412.218364699
   243.000  -412.479823360  -412.351766170  -412.289907870  -412.289907870  -412.218347096
   243.500  -412.482915470  -412.352897949  -412.289851657  -412.289851657  -412.218455645
   244.000  -412.486213196  -412.354998139  -412.290959197  -412.290959197  -412.218585772
   244.500  -412.487920097  -412.356352021  -412.291530832  -412.291530832  -412.218599336
   245.000  -412.487860693  -412.356857897  -412.291490203  -412.291490203  -412.218491806
   245.500  -412.487514741  -412.358040528  -412.292385828  -412.292385828  -412.218414735
   246.000  -412.487926843  -412.360946954  -412.295273353  -412.295273353  -412.218488829
   246.500  -412.488059999  -412.364500008  -412.299051932  -412.299051932  -412.218661596
   247.000  -412.485483437  -412.366187950  -412.301157903  -412.301157903  -412.218815707
   247.500  -412.478106967  -412.363806487  -412.299313717  -412.299313717  -412.218876387
   248.000  -412.465442034  -412.356726702  -412.292805061  -412.292805061  -412.218779689
   248.500  -412.449538280  -412.346837235  -412.283435403  -412.283435403  -412.218495607
   249.000  -412.435115513  -412.338683425  -412.275671585  -412.275671585  -412.218188187
   249.500  -412.426907996  -412.336812028  -412.274011218  -412.274011218  -412.218176873
   250.000  -412.425292355  -412.341402358  -412.278616602  -412.278616602  -412.218492887
   250.500  -412.425864922  -412.347834946  -412.284904191  -412.284904191  -412.218814706
   251.000  -412.423862838  -412.351117719  -412.287956925  -412.287956925  -412.218911914
   251.500  -412.417658926  -412.349395848  -412.286028286  -412.286028286  -412.218803783
   252.000  -412.408781713  -412.343995072  -412.280574398  -412.280574398  -412.218602511
   252.500  -412.400304361  -412.337830163  -412.274646903  -412.274646903  -412.218415710
   253.000  -412.395140920  -412.333717375  -412.271182474  -412.271182474  -412.218323874
   253.500  -412.394818908  -412.333155357  -412.271752519  -412.271752519  -412.218331882
   254.000  -412.399333477  -412.336182004  -412.276399931  -412.276399931  -412.218388806
   254.500  -412.407769049  -412.341989160  -412.284242827  -412.284242827  -412.218484686
   255.000  -412.418474293  -412.349088247  -412.293655121  -412.293655121  -412.218621587
   255.500  -412.429153522  -412.355392463  -412.302377685  -412.302377685  -412.218737845
   256.000  -412.437746823  -412.359083966  -412.308424315  -412.308424315  -412.218781236
   256.500  -412.443222238  -412.359390837  -412.310883241  -412.310883241  -412.218768625
   257.000  -412.445459220  -412.356449552  -412.309785200  -412.309785200  -412.218734803
   257.500  -412.444821480  -412.350850688  -412.305650210  -412.305650210  -412.218677343
   258.000  -412.442224132  -412.343692293  -412.299517717  -412.299517717  -412.218555575
   258.500  -412.439607862  -412.337032172  -412.293406794  -412.293406794  -412.218371734
   259.000  -412.439765900  -412.333721903  -412.290141309  -412.290141309  -412.218232645
   259.500  -412.444710341  -412.335784758  -412.291752420  -412.291752420  -412.218271354
   260.000  -412.453824053  -412.342600233  -412.297661493  -412.297661493  -412.218477029
   260.500  -412.463938710  -412.351000786  -412.304784425  -412.304784425  -412.218733252
   261.000  -412.471000684  -412.356941262  -412.309189346  -412.309189346  -412.218951406
   261.500  -412.471622874  -412.357044884  -412.307619033  -412.307619033  -412.219050496
   262.000  -412.464523087  -412.350023364  -412.298902456  -412.298902456  -412.218914928
   262.500  -412.452175927  -412.338322917  -412.285584365  -412.285584365  -412.218516076
   263.000  -412.440854102  -412.328168119  -412.273964987  -412.273964987  -412.218101516
   263.500  -412.436794771  -412.325752834  -412.270273065  -412.270273065  -412.218037038
   264.000  -412.441016748  -412.332075048  -412.275509161  -412.275509161  -412.218339994
   264.500  -412.449067256  -412.342689043  -412.285194480  -412.285194480  -412.218666577
   265.000  -412.455763924  -412.352428585  -412.294120475  -412.294120475  -412.218788480
   265.500  -412.458723305  -412.358913950  -412.299867202  -412.299867202  -412.218746454
   266.000  -412.458132288  -412.362308444  -412.302562969  -412.302562969  -412.218669270
   266.500  -412.454983473  -412.363544624  -412.303110557  -412.303110557  -412.218635480
   267.000  -412.449908136  -412.363154035  -412.302002789  -412.302002789  -412.218641319
   267.500  -412.443136392  -412.361225972  -412.299294876  -412.299294876  -412.218629298
   268.000  -412.435297307  -412.358214096  -412.295411047  -412.295411047  -412.218532652
   268.500  -412.428229797  -412.355761764  -412.291994881  -412.291994881  -412.218368371
   269.000  -412.424590988  -412.356327135  -412.291545739  -412.291545739  -412.218273857
   269.500  -412.425857873  -412.361201983  -412.295441230  -412.295441230  -412.218378853
   270.000  -412.430573791  -412.368760607  -412.302173932  -412.302173932  -412.218632777
   270.500  -412.435116480  -412.375228154  -412.308092969  -412.308092969  -412.218846260
   271.000  -412.436417467  -412.377391917  -412.310101319  -412.310101319  -412.218887139
   271.500  -412.433963977  -412.374602385  -412.307633200  -412.307633200  -412.218779765
   272.000  -412.429540337  -412.368518956  -412.302384038  -412.302384038  -412.218639358
   272.500  -412.425652649  -412.361544976  -412.296722337  -412.296722337  -412.218511544
   273.000  -412.424715613  -412.356041056  -412.292899968  -412.292899968  -412.218375143
   273.500  -412.428975015  -412.354288029  -412.293035772  -412.293035772  -412.218310145
   274.000  -412.439226507  -412.357260364  -412.297924570  -412.297924570  -412.218423659
   274.500  -412.453406221  -412.363240566  -412.305696613  -412.305696613  -412.218633856
   275.000  -412.467750173  -412.368949858  -412.312973249  -412.312973249  -412.218776578
   275.500  -412.479209149  -412.371883422  -412.317208210  -412.317208210  -412.218809935
   276.000  -412.486366397  -412.371150660  -412.317498140  -412.317498140  -412.218782526
   276.500  -412.488952144  -412.366925340  -412.314021910  -412.314021910  -412.218730110
   277.000  -412.487416227  -412.359987963  -412.307562318  -412.307562318  -412.218633794
   277.500  -412.483119782  -412.351897137  -412.299696509  -412.299696509  -412.218469973
   278.000  -412.478521491  -412.345175009  -412.293000276  -412.293000276  -412.218288275
   278.500  -412.476284134  -412.342432584  -412.290189136  -412.290189136  -412.218224326
   279.000  -412.477350141  -412.344501313  -412.292204691  -412.292204691  -412.218349761
   279.500  -412.479996216  -412.349540971  -412.297278343  -412.297278343  -412.218552970
   280.000  -412.481420006  -412.354643349  -412.302513304  -412.302513304  -412.218658636
   280.500  -412.480153259  -412.358231566  -412.306301146  -412.306301146  -412.218643121
   281.000  -412.476437084  -412.360412462  -412.308692161  -412.308692161  -412.218635006
   281.500  -412.470526116  -412.361271630  -412.309698420  -412.309698420  -412.218713387
   282.000  -412.461615236  -412.359799053  -412.308226244  -412.308226244  -412.218804355
   282.500  -412.448850831  -412.354904783  -412.303096777  -412.303096777  -412.218783787
   283.000  -412.433079992  -412.347177121  -412.294815121  -412.294815121  -412.218602686
   283.500  -412.417485011  -412.339532189  -412.286229909  -412.286229909  -412.218348646
   284.000  -412.406152479  -412.335809727  -412.281140497  -412.281140497  -412.218219115
   284.500  -412.401176959  -412.337902701  -412.281438718  -412.281438718  -412.218329210
   285.000  -412.401031192  -412.344143063  -412.285496730  -412.285496730  -412.218572748
   285.500  -412.402003733  -412.350728284  -412.289601318  -412.289601318  -412.218774505
   286.000  -412.400782546  -412.354286929  -412.290518375  -412.290518375  -412.218854987
   286.500  -412.395834413  -412.353244114  -412.286856511  -412.286856511  -412.218814800
   287.000  -412.387553509  -412.347962417  -412.279194683  -412.279194683  -412.218682749
   287.500  -412.377856899  -412.340334673  -412.269641403  -412.269641403  -412.218510678
   288.000  -412.369392722  -412.332983515  -412.260996342  -412.260996342  -412.218356748
   288.500  -412.364655861  -412.328374896  -412.255820040  -412.255820040  -412.218250035
   289.000  -412.365435137  -412.328260331  -412.255862369  -412.255862369  -412.218213647
   289.500  -412.372380231  -412.333245462  -412.261633088  -412.261633088  -412.218283432
   290.000  -412.384487955  -412.342283252  -412.271918070  -412.271918070  -412.218457224
   290.500  -412.399194782  -412.352778505  -412.283915282  -412.283915282  -412.218651768
   291.000  -412.413570780  -412.361802275  -412.294485741  -412.294485741  -412.218773012
   291.500  -412.425661086  -412.367451074  -412.301552545  -412.301552545  -412.218804653
   292.000  -412.434800861  -412.369172221  -412.304450636  -412.304450636  -412.218784644
   292.500  -412.441145318  -412.367286739  -412.303462342  -412.303462342  -412.218735373
   293.000  -412.445388878  -412.362691832  -412.299505571  -412.299505571  -412.218635678
   293.500  -412.449005976  -412.357081915  -412.294340316  -412.294340316  -412.218473602
   294.000  -412.454281526  -412.352971710  -412.290570978  -412.290570978  -412.218325039
   294.500  -412.463085816  -412.352475155  -412.290421329  -412.290421329  -412.218327327
   295.000  -412.474957561  -412.355392747  -412.293817107  -412.293817107  -412.218502337
   295.500  -412.486854948  -412.358951447  -412.298115689  -412.298115689  -412.218707388
   296.000  -412.495212112  -412.359831369  -412.300104449  -412.300104449  -412.218814267
   296.500  -412.497946379  -412.356158145  -412.297935921  -412.297935921  -412.218815874
   297.000  -412.494799758  -412.347841642  -412.291431429  -412.291431429  -412.218751436
   297.500  -412.486929589  -412.336200423  -412.281675047  -412.281675047  -412.218604755
   298.000  -412.476924665  -412.323982528  -412.271115677  -412.271115677  -412.218373426
   298.500  -412.468480711  -412.315038806  -412.263358857  -412.263358857  -412.218174280
   299.000  -412.464495613  -412.312359526  -412.261360587  -412.261360587  -412.218161075
   299.500  -412.464985540  -412.315971873  -412.265317134  -412.265317134  -412.218320834
   300.000  -412.467426684  -412.323308133  -412.272854512  -412.272854512  -412.218501364
   300.500  -412.469017078  -412.331490042  -412.281164177  -412.281164177  -412.218597703
   301.000  -412.468286202  -412.338893116  -412.288594530  -412.288594530  -412.218617306
   301.500  -412.465076114  -412.345083809  -412.294664731  -412.294664731  -412.218618022
   302.000  -412.459741083  -412.350028401  -412.299290972  -412.299290972  -412.218638019
   302.500  -412.452548713  -412.353525706  -412.302224261  -412.302224261  -412.218672938
   303.000  -412.443689572  -412.355260568  -412.303108846  -412.303108846  -412.218678760
   303.500  -412.433814743  -412.355385844  -412.302090891  -412.302090891  -412.218609495
   304.000  -412.424539819  -412.355082505  -412.300402886  -412.300402886  -412.218483299
   304.500  -412.418004044  -412.356168880  -412.299990808  -412.299990808  -412.218409275
   305.000  -412.415268301  -412.359540012  -412.301935924  -412.301935924  -412.218482014
   305.500  -412.415075026  -412.363922319  -412.305165780  -412.305165780  -412.218657123
   306.000  -412.414607835  -412.366592270  -412.307118005  -412.307118005  -412.218789345
   306.500  -412.411694498  -412.365520685  -412.305850852  -412.305850852  -412.218766507
   307.000  -412.406480098  -412.360997847  -412.301664178  -412.301664178  -412.218609349
   307.500  -412.401118794  -412.355298837  -412.296769373  -412.296769373  -412.218454593
   308.000  -412.397802733  -412.350704294  -412.293327925  -412.293327925  -412.218403599
   308.500  -412.397285245  -412.348029781  -412.291996381  -412.291996381  -412.218434149
   309.000  -412.399084979  -412.346849277  -412.292181576  -412.292181576  -412.218486991
   309.500  -412.402336584  -412.346368898  -412.292944540  -412.292944540  -412.218524282
   310.000  -412.406366643  -412.346022031  -412.293616761  -412.293616761  -412.218528439
   310.500  -412.410919557  -412.345699977  -412.294042954  -412.294042954  -412.218509007
   311.000  -412.416027589  -412.345612637  -412.294434237  -412.294434237  -412.218492663
   311.500  -412.421639227  -412.345897044  -412.294970423  -412.294970423  -412.218504247
   312.000  -412.427305130  -412.346282738  -412.295447420  -412.295447420  -412.218548410
   312.500  -412.432144350  -412.346041819  -412.295217194  -412.295217194  -412.218607081
   313.000  -412.435163320  -412.344300290  -412.293483940  -412.293483940  -412.218641227
   313.500  -412.435838340  -412.340618230  -412.289880694  -412.289880694  -412.218612500
   314.000  -412.434653983  -412.335532310  -412.285006691  -412.285006691  -412.218519462
   314.500  -412.433068509  -412.330536914  -412.280402272  -412.280402272  -412.218417736
   315.000  -412.432661772  -412.327248610  -412.277718234  -412.277718234  -412.218373282
   315.500  -412.434159968  -412.326450514  -412.277758960  -412.277758960  -412.218393817
   316.000  -412.437211864  -412.327868917  -412.280259755  -412.280259755  -412.218466882
   316.500  -412.440544048  -412.330316594  -412.284015174  -412.284015174  -412.218588499
   317.000  -412.442178362  -412.331890895  -412.287066783  -412.287066783  -412.218695874
   317.500  -412.440434321  -412.330962835  -412.287688332  -412.287688332  -412.218695515
   318.000  -412.435252180  -412.327491297  -412.285716121  -412.285716121  -412.218578530
   318.500  -412.428323107  -412.323151428  -412.282703905  -412.282703905  -412.218433866
   319.000  -412.421822814  -412.320070918  -412.280681680  -412.280681680  -412.218359482
   319.500  -412.416965248  -412.319383345  -412.280732184  -412.280732184  -412.218383394
   320.000  -412.413577058  -412.320807920  -412.282554974  -412.282554974  -412.218454963
   320.500  -412.410735076  -412.323280248  -412.285101040  -412.285101040  -412.218518858
   321.000  -412.407597836  -412.325788551  -412.287383969  -412.287383969  -412.218552803
   321.500  -412.403766525  -412.327740411  -412.288841004  -412.288841004  -412.218565670
   322.000  -412.399163471  -412.328849424  -412.289224535  -412.289224535  -412.218582974
   322.500  -412.393688666  -412.328804942  -412.288268002  -412.288268002  -412.218622904
   323.000  -412.386981322  -412.327043001  -412.285465177  -412.285465177  -412.218667927
   323.500  -412.378718819  -412.323054038  -412.280383113  -412.280383113  -412.218647783
   324.000  -412.369593952  -412.317367813  -412.273660578  -412.273660578  -412.218498161
   324.500  -412.362127942  -412.312380262  -412.267819788  -412.267819788  -412.218268923
   325.000  -412.359756811  -412.311446908  -412.266353128  -412.266353128  -412.218153156
   325.500  -412.364115996  -412.316172751  -412.270964589  -412.270964589  -412.218279646
   326.000  -412.373284249  -412.324646219  -412.279781954  -412.279781954  -412.218546127
   326.500  -412.383248110  -412.332889274  -412.288788950  -412.288788950  -412.218749634
   327.000  -412.390822663  -412.337764657  -412.294750205  -412.294750205  -412.218790894
   327.500  -412.395236325  -412.338553489  -412.296815074  -412.296815074  -412.218686669
   328.000  -412.397962024  -412.336786876  -412.296373603  -412.296373603  -412.218509740
   328.500  -412.401548378  -412.335077986  -412.295922810  -412.295922810  -412.218373447
   329.000  -412.407951599  -412.335462259  -412.297407924  -412.297407924  -412.218367437
   329.500  -412.417257525  -412.338122938  -412.300961965  -412.300961965  -412.218472995
   330.000  -412.427969074  -412.341684164  -412.305179308  -412.305179308  -412.218578888
   330.500  -412.438495636  -412.344701530  -412.308599485  -412.308599485  -412.218615355
   331.000  -412.448128525  -412.346640531  -412.310672815  -412.310672815  -412.218611874
   331.500  -412.456662136  -412.347500958  -412.311384321  -412.311384321  -412.218636692
   332.000  -412.463479301  -412.346894765  -412.310346597  -412.310346597  -412.218704814
   332.500  -412.467406143  -412.343882084  -412.306654946  -412.306654946  -412.218746611
   333.000  -412.467735004  -412.337958716  -412.299901817  -412.299901817  -412.218676096
   333.500  -412.465437848  -412.330237168  -412.291359807  -412.291359807  -412.218497465
   334.000  -412.463058661  -412.323323911  -412.283827570  -412.283827570  -412.218329623
   334.500  -412.463031216  -412.319656905  -412.279900258  -412.279900258  -412.218275618
   335.000  -412.466186213  -412.320056761  -412.280456738  -412.280456738  -412.218325895
   335.500  -412.471751430  -412.323765146  -412.284686903  -412.284686903  -412.218432615
   336.000  -412.478025670  -412.329128844  -412.290815683  -412.290815683  -412.218562192
   336.500  -412.482929657  -412.334119646  -412.296700065  -412.296700065  -412.218725527
   337.000  -412.484471816  -412.336980678  -412.300372198  -412.300372198  -412.218852481
   337.500  -412.481334906  -412.336145139  -412.300381903  -412.300381903  -412.218875494
   338.000  -412.473431423  -412.331443600  -412.296535083  -412.296535083  -412.218760726
   338.500  -412.462853593  -412.324828205  -412.290752597  -412.290752597  -412.218499811
   339.000  -412.453781112  -412.320315015  -412.286966102  -412.286966102  -412.218266755
   339.500  -412.449828311  -412.321336217  -412.288500565  -412.288500565  -412.218310539
   340.000  -412.450717910  -412.327436487  -412.294775151  -412.294775151  -412.218600785
   340.500  -412.452565842  -412.334546431  -412.301650702  -412.301650702  -412.218886177
   341.000  -412.451277205  -412.338381012  -412.304853626  -412.304853626  -412.219000990
   341.500  -412.445061865  -412.336961125  -412.302508306  -412.302508306  -412.218927680
   342.000  -412.434931386  -412.331133626  -412.295619732  -412.295619732  -412.218713825
   342.500  -412.424012481  -412.323903138  -412.287364015  -412.287364015  -412.218469592
   343.000  -412.415864240  -412.318767629  -412.281369564  -412.281369564  -412.218348395
   343.500  -412.412265179  -412.317513041  -412.279471125  -412.279471125  -412.218409713
   344.000  -412.412332036  -412.319314110  -412.280824755  -412.280824755  -412.218554007
   344.500  -412.413896849  -412.322098192  -412.283290389  -412.283290389  -412.218645892
   345.000  -412.415436892  -412.324449406  -412.285388849  -412.285388849  -412.218641971
   345.500  -412.416781608  -412.326301802  -412.287027320  -412.287027320  -412.218584489
   346.000  -412.418535273  -412.328363175  -412.288928326  -412.288928326  -412.218551451
   346.500  -412.420935282  -412.330976473  -412.291483062  -412.291483062  -412.218610656
   347.000  -412.422953103  -412.333236573  -412.293821364  -412.293821364  -412.218758513
   347.500  -412.422381347  -412.333055860  -412.293884929  -412.293884929  -412.218916979
   348.000  -412.417105698  -412.328425619  -412.289667457  -412.289667457  -412.218954730
   348.500  -412.407074960  -412.319360284  -412.281170371  -412.281170371  -412.218758372
   349.000  -412.395786016  -412.309377315  -412.271876871  -412.271876871  -412.218394177
   349.500  -412.388881633  -412.304104365  -412.267364006  -412.267364006  -412.218226719
   350.000  -412.388878545  -412.306027202  -412.270067096  -412.270067096  -412.218498047
   350.500  -412.392028566  -412.311365759  -412.276172220  -412.276172220  -412.218871231
   351.000  -412.392870414  -412.314628122  -412.280167159  -412.280167159  -412.218934486
   351.500  -412.390014529  -412.314389740  -412.280606730  -412.280606730  -412.218734460
   352.000  -412.385864514  -412.313012779  -412.279821667  -412.279821667  -412.218561853
   352.500  -412.382697747  -412.312727979  -412.279999912  -412.279999912  -412.218548116
   353.000  -412.380671255  -412.313643600  -412.281203495  -412.281203495  -412.218606405
   353.500  -412.378867147  -412.314792613  -412.282422557  -412.282422557  -412.218636301
   354.000  -412.376732900  -412.315573017  -412.283024814  -412.283024814  -412.218624315
   354.500  -412.374384956  -412.316050742  -412.283064665  -412.283064665  -412.218592350
   355.000  -412.372330239  -412.316681244  -412.283007810  -412.283007810  -412.218548900
   355.500  -412.371295797  -412.318141198  -412.283565164  -412.283565164  -412.218494931
   356.000  -412.372155208  -412.321258719  -412.285618554  -412.285618554  -412.218446963
   356.500  -412.375634616  -412.326726292  -412.289928513  -412.289928513  -412.218444086
   357.000  -412.381732077  -412.334525767  -412.296547205  -412.296547205  -412.218527555
   357.500  -412.389126467  -412.343340328  -412.304217683  -412.304217683  -412.218717278
   358.000  -412.394957161  -412.350330797  -412.310137390  -412.310137390  -412.218985883
   358.500  -412.395389625  -412.351690102  -412.310505371  -412.310505371  -412.219223058
   359.000  -412.387448187  -412.344460137  -412.302341149  -412.302341149  -412.219219665
   359.500  -412.372120020  -412.329622203  -412.286590258  -412.286590258  -412.218790531
   360.000  -412.356570929  -412.314314105  -412.270364253  -412.270364253  -412.218133737
   360.500  -412.350640653  -412.308352192  -412.263480714  -412.263480714  -412.217887298
   361.000  -412.357934225  -412.315348129  -412.269581163  -412.269581163  -412.218280489
   361.500  -412.372716659  -412.329592868  -412.283005978  -412.283005978  -412.218801479
   362.000  -412.386778369  -412.342888484  -412.295608254  -412.295608254  -412.219028578
   362.500  -412.395794009  -412.350904788  -412.303084176  -412.303084176  -412.218984183
   363.000  -412.399618179  -412.353476988  -412.305274610  -412.305274610  -412.218845620
   363.500  -412.399893447  -412.352215898  -412.303791584  -412.303791584  -412.218726985
   364.000  -412.398278374  -412.348740824  -412.300260536  -412.300260536  -412.218652348
   364.500  -412.395965128  -412.344200265  -412.295843719  -412.295843719  -412.218592625
   365.000  -412.394017873  -412.339612202  -412.291580180  -412.291580180  -412.218509454
   365.500  -412.393854886  -412.336350975  -412.288868494  -412.288868494  -412.218401701
   366.000  -412.397175427  -412.336084997  -412.289396226  -412.289396226  -412.218331463
   366.500  -412.405003376  -412.339837695  -412.294191054  -412.294191054  -412.218381959
   367.000  -412.416504333  -412.346820347  -412.302446820  -412.302446820  -412.218566175
   367.500  -412.428836339  -412.354284005  -412.311384965  -412.311384965  -412.218799068
   368.000  -412.438429310  -412.358780459  -412.317537505  -412.317537505  -412.218963389
   368.500  -412.442762878  -412.357905949  -412.318519631  -412.318519631  -412.218988986
   369.000  -412.441430939  -412.351329217  -412.314083015  -412.314083015  -412.218898385
   369.500  -412.435830154  -412.340464966  -412.305778697  -412.305778697  -412.218770490
   370.000  -412.428023522  -412.327347425  -412.295796486  -412.295796486  -412.218621166
   370.500  -412.420449430  -412.314419554  -412.286627286  -412.286627286  -412.218418778
   371.000  -412.416096283  -412.304794691  -412.281205374  -412.281205374  -412.218298667
   371.500  -412.416611118  -412.300315443  -412.281039475  -412.281039475  -412.218426708
   372.000  -412.420217342  -412.299339821  -412.284180011  -412.284180011  -412.218671897
   372.500  -412.423385876  -412.298360512  -412.286920963  -412.286920963  -412.218809681
   373.000  -412.423960081  -412.295191907  -412.286922405  -412.286922405  -412.218796607
   373.500  -412.422036374  -412.289943622  -412.284086537  -412.284086537  -412.218703515
   374.000  -412.419150518  -412.284298380  -412.279750757  -412.279750757  -412.218571952
   374.500  -412.417332954  -412.280410509  -412.276013091  -412.276013091  -412.218428428
   375.000  -412.418192279  -412.279691995  -412.274984362  -412.274984362  -412.218392142
   375.500  -412.422073935  -412.282340283  -412.277239655  -412.277239655  -412.218482035
   376.000  -412.427958158  -412.287413590  -412.281493385  -412.281493385  -412.218610857
   376.500  -412.434239381  -412.293311439  -412.285832509  -412.285832509  -412.218693544
   377.000  -412.439716923  -412.298662666  -412.289017990  -412.289017990  -412.218699767
   377.500  -412.444280172  -412.303186836  -412.291064823  -412.291064823  -412.218619810
   378.000  -412.449064602  -412.307934717  -412.293281732  -412.293281732  -412.218520153
   378.500  -412.455385346  -412.314210475  -412.297154513  -412.297154513  -412.218543834
   379.000  -412.462746299  -412.321557298  -412.302323305  -412.302323305  -412.218723784
   379.500  -412.468491058  -412.327390838  -412.306205763  -412.306205763  -412.218886259
   380.000  -412.470216876  -412.329385422  -412.306417620  -412.306417620  -412.218852439
   380.500  -412.468292993  -412.327973573  -412.303308095  -412.303308095  -412.218634886
   381.000  -412.465660943  -412.326118200  -412.299776473  -412.299776473  -412.218446181
   381.500  -412.464908146  -412.326389180  -412.298358556  -412.298358556  -412.218471344
   382.000  -412.465781769  -412.328485683  -412.298754410  -412.298754410  -412.218634181
   382.500  -412.466120961  -412.330199880  -412.298778635  -412.298778635  -412.218726783
   383.000  -412.464607861  -412.330176843  -412.297116683  -412.297116683  -412.218674915
   383.500  -412.461870244  -412.329020333  -412.294420806  -412.294420806  -412.218566464
   384.000  -412.459337977  -412.328142130  -412.292150932  -412.292150932  -412.218523900
   384.500  -412.457549054  -412.328060869  -412.290869578  -412.290869578  -412.218584586
   385.000  -412.455629688  -412.327877130  -412.289718993  -412.289718993  -412.218677857
   385.500  -412.452267026  -412.326235591  -412.287412470  -412.287412470  -412.218709028
   386.000  -412.447096056  -412.322716868  -412.283637330  -412.283637330  -412.218628460
   386.500  -412.441397371  -412.318542962  -412.279773805  -412.279773805  -412.218460731
   387.000  -412.437680124  -412.316186048  -412.278467005  -412.278467005  -412.218309103
   387.500  -412.438098212  -412.317804950  -412.282006969  -412.282006969  -412.218308792
   388.000  -412.442516962  -412.323311316  -412.290358107  -412.290358107  -412.218485251
   388.500  -412.448217823  -412.330060814  -412.300838566  -412.300838566  -412.218705394
   389.000  -412.451761100  -412.334688913  -412.309993236  -412.309993236  -412.218845401
   389.500  -412.450862019  -412.334966122  -412.315480416  -412.315480416  -412.218883876
   390.000  -412.444892997  -412.330284894  -412.316574817  -412.316574817  -412.218832053
   390.500  -412.434811823  -412.321585676  -412.314071111  -412.314071111  -412.218681757
   391.000  -412.423211466  -412.311606543  -412.310122195  -412.311606543  -412.218859355
   391.500  -412.413961478  -412.308866283  -412.303511105  -412.308866283  -412.220221158
   392.000  -412.409344175  -412.311471738  -412.300182246  -412.311471738  -412.220278116
   392.500  -412.409082274  -412.317834684  -412.300913657  -412.317834684  -412.220459353
   393.000  -412.410826647  -412.325478914  -412.303401397  -412.325478914  -412.220638872
   393.500  -412.411892152  -412.331747771  -412.305012596  -412.331747771  -412.220770449
   394.000  -412.410068252  -412.334555707  -412.303560553  -412.334555707  -412.220854551
   394.500  -412.403845972  -412.332558940  -412.297504032  -412.332558940  -412.220863538
   395.000  -412.392956826  -412.325659230  -412.286486242  -412.325659230  -412.220749355
   395.500  -412.379085875  -412.315702491  -412.272073047  -412.315702491  -412.220503657
   396.000  -412.365855252  -412.306456713  -412.257772969  -412.306456713  -412.220235873
   396.500  -412.357103463  -412.301871086  -412.247404881  -412.301871086  -412.220144499
   397.000  -412.354149150  -412.303224471  -412.242594650  -412.303224471  -412.220319716
   397.500  -412.354955102  -412.308212930  -412.241943848  -412.308212930  -412.220534185
   398.000  -412.356273821  -412.313530302  -412.242357293  -412.313530302  -412.220663591
   398.500  -412.355891027  -412.316973919  -412.241881973  -412.316973919  -412.220830314
   399.000  -412.353025957  -412.317758744  -412.241319011  -412.317758744  -412.220038157
   399.500  -412.348790004  -412.318234601  -412.237940154  -412.318234601  -412.219981643
   400.000  -412.343440315  -412.318380232  -412.233761284  -412.318380232  -412.219937097
   400.500  -412.337426112  -412.318934129  -412.229371289  -412.318934129  -412.219905690
   401.000  -412.331016663  -412.320446648  -412.225146690  -412.320446648  -412.219892296
   401.500  -412.324271207  -412.323150314  -412.221203932  -412.323150314  -412.220014375
   402.000  -412.326895426  -412.316858903  -412.217388327  -412.326895426  -412.215900931
   402.500  -412.332543016  -412.310587431  -412.217448961  -412.332543016  -412.216158050
   403.000  -412.335547952  -412.300760759  -412.214481392  -412.335547952  -412.216206511
   403.500  -412.335270991  -412.288053126  -412.208477203  -412.335270991  -412.216145762
   404.000  -412.332675438  -412.274350685  -412.200826575  -412.332675438  -412.216083033
   404.500  -412.328994254  -412.261539073  -412.193041332  -412.328994254  -412.216027975
   405.000  -412.325501725  -412.251215666  -412.186493113  -412.325501725  -412.215927589
   405.500  -412.323807497  -412.244967610  -412.182747652  -412.323807497  -412.215886994
   406.000  -412.324358317  -412.242855169  -412.182107862  -412.324358317  -412.216000143
   406.500  -412.325279935  -412.242270850  -412.182443167  -412.325279935  -412.216161672
   407.000  -412.323872082  -412.239769850  -412.180677851  -412.323872082  -412.216231392
   407.500  -412.318710728  -412.233424212  -412.175043098  -412.318710728  -412.216179442
   408.000  -412.310243427  -412.223402517  -412.165767957  -412.310243427  -412.216055684
   408.500  -412.300145849  -412.211228917  -412.154416758  -412.300145849  -412.215913433
   409.000  -412.290515400  -412.198900110  -412.143033105  -412.290515400  -412.215779368
   409.500  -412.283399287  -412.188383403  -412.133634385  -412.283399287  -412.215667696
   410.000  -412.280502039  -412.181336761  -412.127908065  -412.280502039  -412.215603808
   410.500  -412.282769262  -412.178744080  -412.126791239  -412.282769262  -412.215623304
   411.000  -412.289877466  -412.180470385  -412.129961860  -412.289877466  -412.215743570
   411.500  -412.300003386  -412.185075742  -412.135606383  -412.300003386  -412.215948315
   412.000  -412.310105934  -412.190076916  -412.140752479  -412.310105934  -412.216192343
   412.500  -412.316686182  -412.192617280  -412.142176265  -412.316686182  -412.216393956
   413.000  -412.317111835  -412.190801156  -412.137934859  -412.317111835  -412.216433138
   413.500  -412.312158223  -412.184620230  -412.137500582  -412.312158223  -412.216505583
   414.000  -412.305781136  -412.179998958  -412.133319745  -412.305781136  -412.216104087
   414.500  -412.304224194  -412.181130379  -412.134221942  -412.304224194  -412.215976622
   415.000  -412.309376793  -412.189697209  -412.141887531  -412.309376793  -412.216239571
   415.500  -412.317636586  -412.201824354  -412.152530876  -412.317636586  -412.216557007
   416.000  -412.324278003  -412.212511364  -412.161310062  -412.324278003  -412.216686204
   416.500  -412.326953923  -412.219181046  -412.165778969  -412.326953923  -412.216646912
   417.000  -412.326255829  -412.220370642  -412.176060336  -412.326255829  -412.217382467
   417.500  -412.321102078  -412.218693220  -412.174734088  -412.321102078  -412.217281568
   418.000  -412.313611252  -412.214329183  -412.170597103  -412.313611252  -412.217130330
   418.500  -412.306026594  -412.209433611  -412.165977347  -412.306026594  -412.216960586
   419.000  -412.300410135  -412.199250782  -412.171972758  -412.300410135  -412.216553263
   419.500  -412.299353586  -412.199174939  -412.177633903  -412.299353586  -412.216556104
   420.000  -412.303132725  -412.204133975  -412.186774402  -412.303132725  -412.216637339
   420.500  -412.310509263  -412.212425897  -412.198682530  -412.310509263  -412.216770195
   421.000  -412.319450498  -412.221908236  -412.211445487  -412.319450498  -412.216908518
   421.500  -412.327867517  -412.230490956  -412.222996547  -412.327867517  -412.217016413
   422.000  -412.334238503  -412.236810566  -412.231710699  -412.334238503  -412.217053562
   422.500  -412.338208013  -412.241064895  -412.236794689  -412.338208013  -412.217009643
   423.000  -412.340608766  -412.244584107  -412.238775670  -412.340608766  -412.216984056
   423.500  -412.341990179  -412.247505678  -412.238875673  -412.341990179  -412.217092957
   424.000  -412.341156569  -412.248371056  -412.236443408  -412.341156569  -412.217197635
   424.500  -412.337085888  -412.246122441  -412.230730014  -412.337085888  -412.217028551
   425.000  -412.332282459  -412.243231108  -412.224447538  -412.332282459  -412.216715813
   425.500  -412.330820274  -412.244734960  -412.222819011  -412.330820274  -412.216295514
   426.000  -412.334113697  -412.249867748  -412.224715117  -412.334113697  -412.216558292
   426.500  -412.337959295  -412.255227913  -412.227112998  -412.337959295  -412.216792549
   427.000  -412.338744939  -412.256964573  -412.226360942  -412.338744939  -412.216808476
   427.500  -412.335872250  -412.254243827  -412.221807233  -412.335872250  -412.216649161
   428.000  -412.331376712  -412.248920682  -412.215433760  -412.331376712  -412.216449508
   428.500  -412.328010332  -412.243670833  -412.209955536  -412.328010332  -412.216331206
   429.000  -412.327434566  -412.240204505  -412.207020255  -412.327434566  -412.216333460
   429.500  -412.329589509  -412.238627963  -412.206569099  -412.329589509  -412.216413521
   430.000  -412.333278578  -412.238002760  -412.207397392  -412.333278578  -412.216503398
   430.500  -412.337217025  -412.237362599  -412.208180058  -412.337217025  -412.216535996
   431.000  -412.341087714  -412.236725584  -412.208517183  -412.341087714  -412.216451871
   431.500  -412.346344152  -412.237833172  -412.209761034  -412.346344152  -412.216272214
   432.000  -412.355691048  -412.243560107  -412.214540907  -412.355691048  -412.216178598
   432.500  -412.370425107  -412.255224494  -412.224128838  -412.370425107  -412.216347142
   433.000  -412.388064276  -412.270254885  -412.236056062  -412.388064276  -412.216690860
   433.500  -412.403535066  -412.283436753  -412.245295494  -412.403535066  -412.216988046
   434.000  -412.412189876  -412.289239013  -412.248562193  -412.412189876  -412.216861355
   434.500  -412.413106697  -412.287467397  -412.242024355  -412.413106697  -412.216748586
   435.000  -412.407357517  -412.284142402  -412.224889517  -412.407357517  -412.216959160
   435.500  -412.398229118  -412.274771620  -412.212069996  -412.398229118  -412.216526963
   436.000  -412.392991269  -412.271861043  -412.203344031  -412.392991269  -412.218237386
   436.500  -412.392821029  -412.271934142  -412.205670280  -412.392821029  -412.219205358
   437.000  -412.397619283  -412.275447404  -412.211897027  -412.397619283  -412.219482713
   437.500  -412.402910393  -412.279383369  -412.217960462  -412.402910393  -412.219652064
   438.000  -412.406066883  -412.281164115  -412.221141718  -412.406066883  -412.219715069
   438.500  -412.405902456  -412.279580307  -412.220197571  -412.405902456  -412.219730702
   439.000  -412.402012115  -412.274174436  -412.214705528  -412.402012115  -412.219717134
   439.500  -412.394590169  -412.265076902  -412.204880734  -412.394590169  -412.219642714
   440.000  -412.384907478  -412.253496098  -412.192048081  -412.384907478  -412.219463507
   440.500  -412.375837136  -412.242253788  -412.179159738  -412.375837136  -412.219215350
   441.000  -412.371135124  -412.235073185  -412.170069588  -412.371135124  -412.219065573
   441.500  -412.372993338  -412.234135474  -412.167081855  -412.372993338  -412.219143190
   442.000  -412.380272406  -412.238313686  -412.169180717  -412.380272406  -412.219351949
   442.500  -412.389799033  -412.244469880  -412.173325169  -412.389799033  -412.219517842
   443.000  -412.398850854  -412.249939622  -412.176934056  -412.398850854  -412.219592188
   443.500  -412.406044079  -412.253418507  -412.178774402  -412.406044079  -412.219623724
   444.000  -412.410771063  -412.254396575  -412.178400500  -412.410771063  -412.219659295
   444.500  -412.412538628  -412.252491298  -412.175490660  -412.412538628  -412.219712467
   445.000  -412.410753228  -412.247224052  -412.169628811  -412.410753228  -412.219776265
   445.500  -412.404856939  -412.238145524  -412.160427850  -412.404856939  -412.219815046
   446.000  -412.394962468  -412.225460446  -412.148141413  -412.394962468  -412.219717403
   446.500  -412.383438934  -412.211610418  -412.135211888  -412.383438934  -412.219375887
   447.000  -412.375917180  -412.202291654  -412.127250914  -412.375917180  -412.219029051
   447.500  -412.377424946  -412.202611558  -412.129218467  -412.377424946  -412.219173999
   448.000  -412.385789559  -412.210507980  -412.138906597  -412.385789559  -412.219717319
   448.500  -412.392957077  -412.218036730  -412.148329709  -412.392957077  -412.220071574
   449.000  -412.393066097  -412.219370810  -412.151795742  -412.393066097  -412.220000792
   449.500  -412.386376471  -412.214714282  -412.149706168  -412.386376471  -412.219665213
   450.000  -412.377311420  -412.208411260  -412.146433757  -412.377311420  -412.219337914
   450.500  -412.370428966  -412.204957590  -412.146268573  -412.370428966  -412.219223157
   451.000  -412.367381341  -412.205965149  -412.150429543  -412.367381341  -412.219307086
   451.500  -412.366954640  -412.210179703  -412.157180138  -412.366954640  -412.219424604
   452.000  -412.367310793  -412.215673295  -412.164155397  -412.367310793  -412.219462787
   452.500  -412.372971024  -412.209339361  -412.182846018  -412.372971024  -412.224685574
   453.000  -412.373572428  -412.216784636  -412.187206676  -412.373572428  -412.224622109
   453.500  -412.375080315  -412.225776237  -412.191866575  -412.375080315  -412.224561582
   454.000  -412.378419002  -412.236796698  -412.197712918  -412.378419002  -412.224528584
   454.500  -412.384098333  -412.249143952  -412.205496114  -412.384098333  -412.224538152
   455.000  -412.391864846  -412.261661148  -412.214788278  -412.391864846  -412.224613529
   455.500  -412.400576508  -412.273369539  -412.224031528  -412.400576508  -412.224722993
   456.000  -412.408579919  -412.282870796  -412.231405862  -412.408579919  -412.224846559
   456.500  -412.414082223  -412.288527230  -412.235107379  -412.414082223  -412.224924525
   457.000  -412.416061951  -412.289437868  -412.234183262  -412.416061951  -412.224847814
   457.500  -412.415686357  -412.286889951  -412.229945342  -412.415686357  -412.224608588
   458.000  -412.416249454  -412.284324709  -412.225913145  -412.416249454  -412.224426376
   458.500  -412.420291096  -412.284464269  -412.224898116  -412.420291096  -412.224498716
   459.000  -412.427056557  -412.286752693  -412.226375035  -412.427056557  -412.224728897
   459.500  -412.433540470  -412.288372923  -412.227463432  -412.433540470  -412.224925573
   460.000  -412.436957523  -412.286711324  -412.225408213  -412.436957523  -412.225007500
   460.500  -412.436014562  -412.280640149  -412.218907250  -412.436014562  -412.224977612
   461.000  -412.431018192  -412.270633270  -412.208259549  -412.431018192  -412.224874216
   461.500  -412.423426523  -412.258317259  -412.194930677  -412.423426523  -412.224735513
   462.000  -412.415317749  -412.245933196  -412.181002399  -412.415317749  -412.224585745
   462.500  -412.409000109  -412.235860686  -412.168640070  -412.409000109  -412.224393488
   463.000  -412.406703342  -412.223008741  -412.169899482  -412.406703342  -412.225305006
   463.500  -412.406838434  -412.221750849  -412.168913930  -412.406838434  -412.225370445
   464.000  -412.409537574  -412.240377392  -412.159430302  -412.409537574  -412.224850725
   464.500  -412.414118503  -412.245688247  -412.164712879  -412.414118503  -412.224971036
   465.000  -412.417789411  -412.251109784  -412.168972431  -412.417789411  -412.225032725
   465.500  -412.419565040  -412.255517190  -412.171311321  -412.419565040  -412.225035088
   466.000  -412.419416540  -412.258698183  -412.171832028  -412.419416540  -412.225006038
   466.500  -412.417896191  -412.261007015  -412.171238935  -412.417896191  -412.224975441
   467.000  -412.415681662  -412.262931847  -412.170358228  -412.415681662  -412.224971720
   467.500  -412.413071015  -412.264601873  -412.169596157  -412.413071015  -412.225045251
   468.000  -412.409242620  -412.265049340  -412.168163310  -412.409242620  -412.225209576
   468.500  -412.402234117  -412.262182010  -412.164055300  -412.402234117  -412.225302575
   469.000  -412.391314566  -412.255146680  -412.156473678  -412.391314566  -412.225085621
   469.500  -412.380036530  -412.247380996  -412.148928599  -412.380036530  -412.224660385
   470.000  -412.374477094  -412.244871445  -412.147479104  -412.374477094  -412.224520343
   470.500  -412.376628028  -412.249567905  -412.154083591  -412.376628028  -412.224802059
   471.000  -412.382530411  -412.257518255  -412.164707019  -412.382530411  -412.225080619
   471.500  -412.387773596  -412.264339870  -412.174817268  -412.387773596  -412.225107647
   472.000  -412.391230618  -412.268928119  -412.183131604  -412.391230618  -412.225013833
   472.500  -412.393676689  -412.272065548  -412.190256512  -412.393676689  -412.224964066
   473.000  -412.395514323  -412.274150109  -412.196430483  -412.395514323  -412.224984363
   473.500  -412.396260726  -412.274688935  -412.201024755  -412.396260726  -412.225030284
   474.000  -412.395111575  -412.272865790  -412.203112321  -412.395111575  -412.225069626
   474.500  -412.391450890  -412.268053260  -412.201979727  -412.391450890  -412.225080252
   475.000  -412.385245218  -412.260209932  -412.197522321  -412.385245218  -412.225020061
   475.500  -412.377659182  -412.250500260  -412.190860343  -412.377659182  -412.224846831
   476.000  -412.371538157  -412.241784087  -412.184821751  -412.371538157  -412.224607474
   476.500  -412.370539962  -412.237756974  -412.183072598  -412.370539962  -412.224478880
   477.000  -412.376561857  -412.240386421  -412.187542654  -412.376561857  -412.224601656
   477.500  -412.387805695  -412.247987431  -412.196493080  -412.387805695  -412.224900717
   478.000  -412.399993685  -412.256688021  -412.205539189  -412.399993685  -412.225288636
   478.500  -412.408503153  -412.261367069  -412.210468299  -412.408503153  -412.225463758
   479.000  -412.410665159  -412.259925322  -412.208567449  -412.410665159  -412.225488034
   479.500  -412.406204327  -412.252240287  -412.199679667  -412.406204327  -412.225318816
   480.000  -412.397816013  -412.241099608  -412.186625146  -412.397816013  -412.224949658
   480.500  -412.390944513  -412.231963165  -412.174965602  -412.390944513  -412.224565885
   481.000  -412.390977278  -412.230163062  -412.170183534  -412.390977278  -412.224491257
   481.500  -412.398946045  -412.236574929  -412.173369925  -412.398946045  -412.224783895
   482.000  -412.410864539  -412.246528108  -412.180600999  -412.410864539  -412.225048158
   482.500  -412.422040359  -412.244405159  -412.199419491  -412.422040359  -412.226644199
   483.000  -412.425696879  -412.248309586  -412.204025249  -412.425696879  -412.226700461
   483.500  -412.422757295  -412.246688842  -412.201171752  -412.422757295  -412.226645901
   484.000  -412.414056560  -412.240102300  -412.191900896  -412.414056560  -412.226499864
   484.500  -412.401939258  -412.230625627  -412.178715591  -412.401939258  -412.226266349
   485.000  -412.390022532  -412.221589391  -412.165376439  -412.390022532  -412.226034574
   485.500  -412.381765394  -412.216181147  -412.155446532  -412.381765394  -412.225951153
   486.000  -412.378427994  -412.215446317  -412.150259544  -412.378427994  -412.226026017
   486.500  -412.378912688  -412.218155180  -412.148782284  -412.378912688  -412.226128268
   487.000  -412.381557724  -412.222600168  -412.149450129  -412.381557724  -412.226182022
   487.500  -412.385352879  -412.227791583  -412.151402720  -412.385352879  -412.226210725
   488.000  -412.389798468  -412.233284050  -412.154330222  -412.389798468  -412.226241355
   488.500  -412.394544411  -412.238793439  -412.158069575  -412.394544411  -412.226277441
   489.000  -412.399229946  -412.244024605  -412.162400668  -412.399229946  -412.226347949
   489.500  -412.403002554  -412.248189555  -412.166547642  -412.403002554  -412.226499229
   490.000  -412.403947001  -412.249432545  -412.168612825  -412.403947001  -412.226679494
   490.500  -412.400000789  -412.245740472  -412.166494767  -412.400000789  -412.226668324
   491.000  -412.392034922  -412.238016001  -412.160957244  -412.392034922  -412.226306855
   491.500  -412.385599344  -412.231814261  -412.157364393  -412.385599344  -412.225922077
   492.000  -412.386082948  -412.232503515  -412.160852970  -412.386082948  -412.226051129
   492.500  -412.391670981  -412.238236829  -412.169345778  -412.391670981  -412.226528798
   493.000  -412.395452547  -412.242078500  -412.175717306  -412.395452547  -412.226771840
   493.500  -412.393409128  -412.240012976  -412.175792124  -412.393409128  -412.226607270
   494.000  -412.387355082  -412.234011551  -412.171207645  -412.387355082  -412.226290261
   494.500  -412.381814111  -412.229629726  -412.166330767  -412.381814111  -412.225857474
   495.000  -412.380252394  -412.227904469  -412.164905282  -412.380252394  -412.225893122
   495.500  -412.381739888  -412.229092480  -412.165782935  -412.381739888  -412.226060997
   496.000  -412.383629888  -412.230581126  -412.166374764  -412.383629888  -412.226193311
   496.500  -412.383725243  -412.230304159  -412.164525290  -412.383725243  -412.226220375
   497.000  -412.380177572  -412.239792290  -412.172253521  -412.380177572  -412.224752561
   497.500  -412.376830857  -412.235335319  -412.169832870  -412.376830857  -412.224587996
   498.000  -412.374641063  -412.231986524  -412.168142824  -412.374641063  -412.224382874
   498.500  -412.376667204  -412.232838615  -412.170275158  -412.376667204  -412.224271674
   499.000  -412.384516453  -412.239543736  -412.177864876  -412.384516453  -412.224369924
   499.500  -412.396727952  -412.250694191  -412.189485001  -412.396727952  -412.224644445
   500.000  -412.409246609  -412.262291465  -412.201118305  -412.409246609  -412.224946141
