 N     7.0   -1.94184901   -0.13084012    0.21093113   14.00307401
 N     7.0    1.80954546    2.29808621    0.02506809   14.00307401
 C     6.0   -0.92723121    2.21869625   -0.03619673   12.00000000
 C     6.0    3.26364170    0.16504887    0.08028481   12.00000000
 C     6.0    2.26200537   -2.18609305   -0.04022663   12.00000000
 C     6.0   -0.56495548   -2.46289964   -0.09199035   12.00000000
 O     8.0   -1.74151650   -4.50293146   -0.03557579   15.99491464
 O     8.0   -2.06432631    4.29758238   -0.07110953   15.99491464
 H     1.0   -3.89118181   -0.27440214   -0.11991955    1.00782504
 H     1.0    2.46689842    4.26479059   -0.20487649    1.00782504
 H     1.0    5.65160474    0.35821854   -0.33635167    1.00782504
 H     1.0    3.08950083   -3.68598188    0.05556122    1.00782504
