 N     7.0   -1.83085613   -0.13197986   -0.33389844   14.00307401
 N     7.0    1.78687798    2.32074744   -0.07652857   14.00307401
 C     6.0   -0.78753147    2.27675819   -0.08592300   12.00000000
 C     6.0    3.27059532    0.08648780    0.14062001   12.00000000
 C     6.0    2.06517688   -2.24314013   -0.12759076   12.00000000
 C     6.0   -0.57162844   -2.51845266   -0.03406715   12.00000000
 O     8.0   -1.90071550   -4.35986425    0.23872967   15.99491464
 O     8.0   -1.97756787    4.24085486    0.18376678   15.99491464
 H     1.0   -3.39308099   -0.00519543   -0.27217012    1.00782504
 H     1.0    2.70633865    3.86755886    0.58651267    1.00782504
 H     1.0    5.24427934    0.44460397    0.24209318    1.00782504
 H     1.0    3.25292566   -3.76602648   -0.29951085    1.00782504
