    0.000492160   -0.000000543   -0.000115478
    0.000020134   -0.000093961    0.000048887
   -0.000296534   -0.000253394   -0.000329951
   -0.000843514   -0.000022871    0.000284301
    0.000265828    0.000194920   -0.000074693
   -0.000239571   -0.000280962    0.000086110
   -0.000211805    0.000294380   -0.000013734
    0.000439879   -0.000240947    0.000089958
    0.001365695    0.003446901    0.000904094
    0.001736400    0.000526929    0.000846109
   -0.001404298   -0.000125639   -0.002543519
    0.000743729    0.001008703    0.000461229
