     0.000  -412.507638350  -412.315333442  -412.277057933  -412.277057933  -412.232510510
     0.500  -412.504681597  -412.307640333  -412.272879172  -412.272879172  -412.232493210
     1.000  -412.505563416  -412.304751230  -412.272928763  -412.272928763  -412.232571733
     1.500  -412.509131844  -412.305579334  -412.275998058  -412.275998058  -412.232648482
     2.000  -412.514065341  -412.308888976  -412.280817142  -412.280817142  -412.232689363
     2.500  -412.519450655  -412.313870129  -412.286621342  -412.286621342  -412.232723742
     3.000  -412.524477175  -412.319820138  -412.292781358  -412.292781358  -412.232801234
     3.500  -412.527846977  -412.325530453  -412.298134705  -412.298134705  -412.232944285
     4.000  -412.527570319  -412.329052763  -412.300737445  -412.300737445  -412.233105502
     4.500  -412.521781582  -412.328489972  -412.298677785  -412.298677785  -412.233142565
     5.000  -412.510808122  -412.324049902  -412.292175100  -412.292175100  -412.232904152
     5.500  -412.499015465  -412.319907172  -412.285480860  -412.285480860  -412.232482750
     6.000  -412.492991954  -412.322429262  -412.285123679  -412.285123679  -412.232290207
     6.500  -412.495597836  -412.334253536  -412.293990850  -412.293990850  -412.232580828
     7.000  -412.502448158  -412.350709942  -412.307791251  -412.307791251  -412.233082217
     7.500  -412.505779149  -412.363693609  -412.318824868  -412.318824868  -412.233359031
     8.000  -412.500885077  -412.368285589  -412.322298036  -412.322298036  -412.233299746
     8.500  -412.488135562  -412.364808780  -412.318343817  -412.318343817  -412.233093517
     9.000  -412.470496510  -412.356198601  -412.309620470  -412.309620470  -412.232912394
     9.500  -412.450898166  -412.345270796  -412.298740285  -412.298740285  -412.232783014
    10.000  -412.431648967  -412.334174850  -412.287695523  -412.287695523  -412.232670807
    10.500  -412.414719028  -412.324699926  -412.278180206  -412.278180206  -412.232583434
    11.000  -412.401607713  -412.318171531  -412.271483013  -412.271483013  -412.232539104
    11.500  -412.393099447  -412.315235734  -412.268256363  -412.268256363  -412.232528269
    12.000  -412.389379042  -412.315982540  -412.268628889  -412.268628889  -412.232538915
    12.500  -412.390202272  -412.320118082  -412.272363168  -412.272363168  -412.232583752
    13.000  -412.394758653  -412.326820292  -412.278699556  -412.278699556  -412.232687900
    13.500  -412.401382278  -412.334437175  -412.286050477  -412.286050477  -412.232851820
    14.000  -412.407635726  -412.340550778  -412.292079347  -412.292079347  -412.233019747
    14.500  -412.411252683  -412.342910922  -412.294628153  -412.294628153  -412.233076000
    15.000  -412.411752880  -412.341021773  -412.293334957  -412.293334957  -412.232953251
    15.500  -412.411333826  -412.337037353  -412.290492760  -412.290492760  -412.232727426
    16.000  -412.413681602  -412.334583189  -412.289838586  -412.289838586  -412.232559829
    16.500  -412.421484955  -412.336322205  -412.294068051  -412.294068051  -412.232584345
    17.000  -412.434307907  -412.341901706  -412.302754137  -412.302754137  -412.232822399
    17.500  -412.448326613  -412.347736215  -412.312136002  -412.312136002  -412.233104614
    18.000  -412.458817785  -412.349477154  -412.317605559  -412.317605559  -412.233236596
    18.500  -412.463122588  -412.344883367  -412.316632027  -412.316632027  -412.233169048
    19.000  -412.461658828  -412.334741314  -412.309729229  -412.309729229  -412.232964797
    19.500  -412.457129706  -412.322020380  -412.299650591  -412.299650591  -412.232725522
    20.000  -412.452975362  -412.310310047  -412.289856123  -412.289856123  -412.232542743
    20.500  -412.451918307  -412.302381849  -412.283078688  -412.283078688  -412.232462279
    21.000  -412.455185887  -412.299448923  -412.280556875  -412.280556875  -412.232478593
    21.500  -412.462532971  -412.301243186  -412.282052351  -412.282052351  -412.232560886
    22.000  -412.472670513  -412.306485335  -412.286284717  -412.286284717  -412.232683191
    22.500  -412.483659553  -412.313280551  -412.291361345  -412.291361345  -412.232823084
    23.000  -412.493291978  -412.319467440  -412.295204021  -412.295204021  -412.232934067
    23.500  -412.499837474  -412.323337910  -412.296313411  -412.296313411  -412.232941949
    24.000  -412.503119692  -412.324705464  -412.294810330  -412.294810330  -412.232830966
    24.500  -412.504648139  -412.325043365  -412.292495138  -412.292495138  -412.232743849
    25.000  -412.505680432  -412.325557445  -412.290820738  -412.290820738  -412.232812278
    25.500  -412.505569323  -412.325533890  -412.289180324  -412.289180324  -412.232901518
    26.000  -412.503479669  -412.324060730  -412.286629265  -412.286629265  -412.232822649
    26.500  -412.500745001  -412.322396328  -412.284304993  -412.284304993  -412.232660258
    27.000  -412.499676249  -412.322799474  -412.284309261  -412.284309261  -412.232645169
    27.500  -412.500420032  -412.325404668  -412.286638554  -412.286638554  -412.232811881
    28.000  -412.500483957  -412.327748057  -412.288736687  -412.288736687  -412.232960662
    28.500  -412.497464116  -412.327468992  -412.288204013  -412.288204013  -412.232945804
    29.000  -412.491267458  -412.324502587  -412.284958834  -412.284958834  -412.232798408
    29.500  -412.483878031  -412.320839164  -412.280953788  -412.280953788  -412.232628414
    30.000  -412.477782123  -412.318943163  -412.278585395  -412.278585395  -412.232533716
    30.500  -412.474475628  -412.320269353  -412.279207562  -412.279207562  -412.232558008
    31.000  -412.473742140  -412.324549504  -412.282438116  -412.282438116  -412.232684686
    31.500  -412.473884219  -412.330046935  -412.286417200  -412.286417200  -412.232843701
    32.000  -412.472762917  -412.334617382  -412.288901048  -412.288901048  -412.232922924
    32.500  -412.469337710  -412.337102512  -412.288958204  -412.288958204  -412.232808081
    33.000  -412.464927389  -412.338221475  -412.288330323  -412.288330323  -412.232600236
    33.500  -412.462340962  -412.340336448  -412.290081385  -412.290081385  -412.232523966
    34.000  -412.462969227  -412.344956943  -412.295510859  -412.295510859  -412.232642049
    34.500  -412.465482978  -412.350940947  -412.303081307  -412.303081307  -412.232828266
    35.000  -412.467372040  -412.355868310  -412.310037166  -412.310037166  -412.232977832
    35.500  -412.466508847  -412.357634182  -412.313998158  -412.313998158  -412.233067533
    36.000  -412.461709245  -412.355044044  -412.313544862  -412.313544862  -412.233052561
    36.500  -412.453384245  -412.348478359  -412.308892531  -412.308892531  -412.232904929
    37.000  -412.443821864  -412.340191406  -412.302196176  -412.302196176  -412.232705465
    37.500  -412.435968597  -412.333127214  -412.296351466  -412.296351466  -412.232597400
    38.000  -412.431421023  -412.328947303  -412.292989824  -412.292989824  -412.232623501
    38.500  -412.429814336  -412.327416207  -412.291837090  -412.291837090  -412.232690309
    39.000  -412.430086649  -412.327640736  -412.291931280  -412.291931280  -412.232714212
    39.500  -412.431678776  -412.329219811  -412.292789819  -412.292789819  -412.232716063
    40.000  -412.434326369  -412.332011675  -412.294204686  -412.294204686  -412.232763025
    40.500  -412.437162653  -412.335236167  -412.295381276  -412.295381276  -412.232871682
    41.000  -412.438519179  -412.337285166  -412.294792440  -412.294792440  -412.232959723
    41.500  -412.437101704  -412.336883582  -412.291409207  -412.291409207  -412.232890206
    42.000  -412.433847986  -412.334917270  -412.286558482  -412.286558482  -412.232640045
    42.500  -412.432177765  -412.334732920  -412.284035755  -412.284035755  -412.232426391
    43.000  -412.435047699  -412.339272127  -412.286988337  -412.286988337  -412.232472403
    43.500  -412.441892151  -412.348008547  -412.294834462  -412.294834462  -412.232703444
    44.000  -412.449419790  -412.357688512  -412.304139663  -412.304139663  -412.232916936
    44.500  -412.454379711  -412.365060451  -412.311459099  -412.311459099  -412.233023565
    45.000  -412.455065027  -412.368385003  -412.314875451  -412.314875451  -412.233026137
    45.500  -412.451409548  -412.367534362  -412.314117257  -412.314117257  -412.232957234
    46.000  -412.444552739  -412.363564344  -412.310131418  -412.310131418  -412.232841191
    46.500  -412.436435721  -412.358318326  -412.304682686  -412.304682686  -412.232692150
    47.000  -412.429477154  -412.354116376  -412.300033832  -412.300033832  -412.232549977
    47.500  -412.425903609  -412.353100577  -412.298280409  -412.298280409  -412.232492430
    48.000  -412.426635752  -412.356135082  -412.300245852  -412.300245852  -412.232569388
    48.500  -412.430613989  -412.362136018  -412.304815566  -412.304815566  -412.232742685
    49.000  -412.435331371  -412.368598114  -412.309469292  -412.309469292  -412.232933639
    49.500  -412.437970907  -412.372716791  -412.311417739  -412.311417739  -412.233087722
    50.000  -412.436361171  -412.372331896  -412.308555629  -412.308555629  -412.233134770
    50.500  -412.430159356  -412.367102252  -412.300643997  -412.300643997  -412.232964708
    51.000  -412.422291218  -412.359943504  -412.290740133  -412.290740133  -412.232608656
    51.500  -412.418084381  -412.356163135  -412.284314297  -412.284314297  -412.232390266
    52.000  -412.420651987  -412.358852030  -412.284610211  -412.284610211  -412.232525834
    52.500  -412.427948445  -412.365951610  -412.289684867  -412.289684867  -412.232802146
    53.000  -412.435571058  -412.373063514  -412.295206873  -412.295206873  -412.232960897
    53.500  -412.440585801  -412.377274091  -412.298287003  -412.298287003  -412.232960282
    54.000  -412.442483006  -412.378102441  -412.298437955  -412.298437955  -412.232875700
    54.500  -412.442219593  -412.376533754  -412.296619828  -412.296619828  -412.232788944
    55.000  -412.441010852  -412.373805338  -412.294031797  -412.294031797  -412.232740659
    55.500  -412.439687255  -412.370760077  -412.291466608  -412.291466608  -412.232716955
    56.000  -412.438850620  -412.368001443  -412.289463361  -412.289463361  -412.232663887
    56.500  -412.439559842  -412.366578964  -412.288997781  -412.288997781  -412.232553346
    57.000  -412.443570867  -412.368238311  -412.291739085  -412.291739085  -412.232471942
    57.500  -412.451996287  -412.374096797  -412.298744109  -412.298744109  -412.232580465
    58.000  -412.463148216  -412.382508487  -412.308334285  -412.308334285  -412.232896293
    58.500  -412.472416571  -412.388945366  -412.315982477  -412.315982477  -412.233229395
    59.000  -412.475015607  -412.388725187  -412.317036117  -412.317036117  -412.233357711
    59.500  -412.469326659  -412.380327780  -412.310027669  -412.310027669  -412.233149813
    60.000  -412.458766912  -412.367249496  -412.298523555  -412.298523555  -412.232691191
    60.500  -412.450150269  -412.356362760  -412.289466518  -412.289466518  -412.232388449
    61.000  -412.447814872  -412.352052200  -412.287277641  -412.287277641  -412.232529721
    61.500  -412.449732805  -412.352333588  -412.289933443  -412.289933443  -412.232860891
    62.000  -412.450867071  -412.352214341  -412.292311780  -412.292311780  -412.233036173
    62.500  -412.448194116  -412.348716401  -412.291235738  -412.291235738  -412.232994204
    63.000  -412.441965287  -412.342131642  -412.286784419  -412.286784419  -412.232836940
    63.500  -412.434362842  -412.334677893  -412.280998723  -412.280998723  -412.232667355
    64.000  -412.427898104  -412.328892833  -412.276315303  -412.276315303  -412.232546046
    64.500  -412.424410735  -412.326637775  -412.274569726  -412.274569726  -412.232497251
    65.000  -412.424633319  -412.328654032  -412.276544479  -412.276544479  -412.232527280
    65.500  -412.428102085  -412.334465776  -412.281847394  -412.281847394  -412.232627415
    66.000  -412.433337736  -412.342544916  -412.289058740  -412.289058740  -412.232765463
    66.500  -412.438388568  -412.350838543  -412.296246291  -412.296246291  -412.232881616
    67.000  -412.441737380  -412.357672894  -412.301855067  -412.301855067  -412.232925537
    67.500  -412.442967662  -412.362435713  -412.305378859  -412.305378859  -412.232935099
    68.000  -412.442208378  -412.365059890  -412.306842562  -412.306842562  -412.232993967
    68.500  -412.439179626  -412.365114330  -412.305897853  -412.305897853  -412.233000771
    69.000  -412.434598980  -412.363230092  -412.303260267  -412.303260267  -412.232763063
    69.500  -412.432232430  -412.363137352  -412.302744215  -412.302744215  -412.232504248
    70.000  -412.435538238  -412.368284188  -412.307858160  -412.307858160  -412.232643090
    70.500  -412.442271971  -412.376426955  -412.316365051  -412.316365051  -412.233035202
    71.000  -412.446398991  -412.381536309  -412.322179881  -412.322179881  -412.233259469
    71.500  -412.444005935  -412.379700879  -412.321294161  -412.321294161  -412.233205766
    72.000  -412.435338622  -412.371159623  -412.313836831  -412.313836831  -412.233000952
    72.500  -412.423217772  -412.358718884  -412.302510779  -412.302510779  -412.232776046
    73.000  -412.411053484  -412.345778353  -412.290621940  -412.290621940  -412.232593944
    73.500  -412.401740513  -412.335238398  -412.280989374  -412.280989374  -412.232470770
    74.000  -412.397278935  -412.329134097  -412.275580014  -412.275580014  -412.232406269
    74.500  -412.398697308  -412.328568272  -412.275443085  -412.275443085  -412.232400778
    75.000  -412.405987217  -412.333648414  -412.280660319  -412.280660319  -412.232467025
    75.500  -412.417933369  -412.343312595  -412.290172456  -412.290172456  -412.232625649
    76.000  -412.431869351  -412.355067221  -412.301521578  -412.301521578  -412.232892179
    76.500  -412.443613980  -412.364893125  -412.310751279  -412.310751279  -412.233236684
    77.000  -412.448203101  -412.367934765  -412.313084942  -412.313084942  -412.233515129
    77.500  -412.442318670  -412.360893811  -412.305302941  -412.305302941  -412.233444932
    78.000  -412.428366972  -412.346093107  -412.289791782  -412.289791782  -412.232839222
    78.500  -412.416376849  -412.333409387  -412.276467722  -412.276467722  -412.232098398
    79.000  -412.417474745  -412.333831060  -412.276333970  -412.276333970  -412.232035095
    79.500  -412.432590268  -412.348248853  -412.290277883  -412.290277883  -412.232724950
    80.000  -412.451448462  -412.366466758  -412.308091506  -412.308091506  -412.233400121
    80.500  -412.463158545  -412.377727991  -412.319004634  -412.319004634  -412.233573253
    81.000  -412.463804773  -412.378225017  -412.319191702  -412.319191702  -412.233357033
    81.500  -412.455622408  -412.370234979  -412.310907645  -412.310907645  -412.233022917
    82.000  -412.443206013  -412.358326462  -412.298695883  -412.298695883  -412.232731798
    82.500  -412.430913610  -412.346783877  -412.286817986  -412.286817986  -412.232533402
    83.000  -412.421881761  -412.338644987  -412.278297746  -412.278297746  -412.232426795
    83.500  -412.417878493  -412.335573523  -412.274799297  -412.274799297  -412.232399354
    84.000  -412.419406020  -412.337977160  -412.276748874  -412.276748874  -412.232443347
    84.500  -412.425793888  -412.345111940  -412.283437733  -412.283437733  -412.232557941
    85.000  -412.435240279  -412.355128394  -412.293066223  -412.293066223  -412.232740231
    85.500  -412.444943202  -412.365202894  -412.302873165  -412.302873165  -412.232960351
    86.000  -412.451687094  -412.372117737  -412.309719392  -412.309719392  -412.233126024
    86.500  -412.453339357  -412.373744732  -412.311578445  -412.311578445  -412.233090743
    87.000  -412.450907611  -412.371089652  -412.309580107  -412.309580107  -412.232826231
    87.500  -412.448532851  -412.368278612  -412.307977991  -412.307977991  -412.232661051
    88.000  -412.448737181  -412.367805531  -412.309351493  -412.309351493  -412.232939922
    88.500  -412.448117799  -412.366217786  -412.310251088  -412.310251088  -412.233321347
    89.000  -412.442095092  -412.358848573  -412.305929108  -412.305929108  -412.233194537
    89.500  -412.432936581  -412.347842009  -412.298400620  -412.298400620  -412.232673782
    90.000  -412.427976402  -412.340450202  -412.294735391  -412.294735391  -412.232488001
    90.500  -412.429815201  -412.339328125  -412.297350346  -412.297350346  -412.232807941
    91.000  -412.433799119  -412.340005298  -412.301547843  -412.301547843  -412.233094274
    91.500  -412.435079317  -412.337842118  -412.302550035  -412.302550035  -412.233069301
    92.000  -412.433036592  -412.332367730  -412.299849910  -412.299849910  -412.232872008
    92.500  -412.429863418  -412.325843639  -412.295734269  -412.295734269  -412.232684325
    93.000  -412.427962619  -412.320680063  -412.292657907  -412.292657907  -412.232589896
    93.500  -412.428571601  -412.318088796  -412.291862715  -412.291862715  -412.232602928
    94.000  -412.431442186  -412.317782019  -412.293065890  -412.293065890  -412.232705847
    94.500  -412.435074806  -412.318219793  -412.294716406  -412.294716406  -412.232855181
    95.000  -412.437398971  -412.317300695  -412.294713010  -412.294713010  -412.232969201
    95.500  -412.437020124  -412.313620679  -412.291698392  -412.291698392  -412.232931391
    96.000  -412.434863550  -412.308120967  -412.286737277  -412.286737277  -412.232674268
    96.500  -412.434869900  -412.304792830  -412.284005701  -412.284005701  -412.232363651
    97.000  -412.441326421  -412.308021056  -412.288058830  -412.288058830  -412.232376820
    97.500  -412.453755844  -412.317478409  -412.298626470  -412.298626470  -412.232773998
    98.000  -412.466262882  -412.327463061  -412.309900106  -412.309900106  -412.233166151
    98.500  -412.472782033  -412.332112088  -412.315800054  -412.315800054  -412.233324228
    99.000  -412.470622577  -412.328902974  -412.313573376  -412.313573376  -412.233325622
    99.500  -412.459892200  -412.318033852  -412.303250858  -412.303250858  -412.233222752
   100.000  -412.442897131  -412.301800984  -412.287054052  -412.287054052  -412.232903776
   100.500  -412.425381055  -412.285854224  -412.270624515  -412.270624515  -412.232361915
   101.000  -412.415803162  -412.278528522  -412.262323898  -412.262323898  -412.232041119
   101.500  -412.418837672  -412.284433757  -412.266798547  -412.266798547  -412.232325042
   102.000  -412.430314573  -412.299433267  -412.279966292  -412.279966292  -412.232847757
   102.500  -412.442038891  -412.315416807  -412.293797230  -412.293797230  -412.233128056
   103.000  -412.448766156  -412.327181475  -412.303206592  -412.303206592  -412.233150665
   103.500  -412.449237281  -412.333418756  -412.307017196  -412.307017196  -412.233082960
   104.000  -412.444061062  -412.334590478  -412.305834577  -412.305834577  -412.233017891
   104.500  -412.434329651  -412.331591364  -412.300671899  -412.300671899  -412.232945591
   105.000  -412.421638720  -412.325802444  -412.292999635  -412.292999635  -412.232796186
   105.500  -412.408933408  -412.319965768  -412.285607213  -412.285607213  -412.232539519
   106.000  -412.400534675  -412.318233962  -412.282624000  -412.282624000  -412.232374289
   106.500  -412.399049841  -412.323068512  -412.286426274  -412.286426274  -412.232556420
   107.000  -412.402043596  -412.331905868  -412.294318059  -412.294318059  -412.232902147
   107.500  -412.404534990  -412.339655419  -412.301071286  -412.301071286  -412.233047901
   108.000  -412.404051115  -412.343760720  -412.304035979  -412.304035979  -412.232946038
   108.500  -412.401699558  -412.345284156  -412.304235203  -412.304235203  -412.232758866
   109.000  -412.400025019  -412.346765677  -412.304217861  -412.304217861  -412.232629334
   109.500  -412.400857840  -412.350064931  -412.305885838  -412.305885838  -412.232622554
   110.000  -412.404268726  -412.355302024  -412.309422355  -412.309422355  -412.232745983
   110.500  -412.408460046  -412.360729632  -412.313158843  -412.313158843  -412.232964346
   111.000  -412.410421431  -412.363365636  -412.314206402  -412.314206402  -412.233173272
   111.500  -412.407682653  -412.360722228  -412.310182976  -412.310182976  -412.233165675
   112.000  -412.401311205  -412.353789320  -412.302190283  -412.302190283  -412.232793910
   112.500  -412.397435128  -412.348577181  -412.296325709  -412.296325709  -412.232385832
   113.000  -412.402118367  -412.351061863  -412.298581208  -412.298581208  -412.232538746
   113.500  -412.413400669  -412.359307114  -412.306945243  -412.306945243  -412.233106995
   114.000  -412.423166804  -412.365348934  -412.313327756  -412.313327756  -412.233422007
   114.500  -412.426347115  -412.364334080  -412.312759611  -412.312759611  -412.233231167
   115.000  -412.424941570  -412.358473988  -412.307372437  -412.307372437  -412.232839185
   115.500  -412.423839872  -412.352830360  -412.302176634  -412.302176634  -412.232732451
   116.000  -412.424175408  -412.348664795  -412.298391360  -412.298391360  -412.232921101
   116.500  -412.423005415  -412.343124886  -412.293120618  -412.293120618  -412.233030780
   117.000  -412.418289983  -412.334232005  -412.284342364  -412.284342364  -412.232921630
   117.500  -412.411183603  -412.323182961  -412.273217315  -412.273217315  -412.232706444
   118.000  -412.404660961  -412.312987577  -412.262728740  -412.262728740  -412.232506826
   118.500  -412.401658261  -412.306621327  -412.255836946  -412.255836946  -412.232381315
   119.000  -412.404048919  -412.306009287  -412.254464674  -412.254464674  -412.232347449
   119.500  -412.412283513  -412.311669694  -412.259145580  -412.259145580  -412.232401208
   120.000  -412.425425383  -412.322748464  -412.269062840  -412.269062840  -412.232523817
   120.500  -412.441451715  -412.337312462  -412.282348576  -412.282348576  -412.232688856
   121.000  -412.457717486  -412.352800338  -412.296534625  -412.296534625  -412.232868609
   121.500  -412.471460388  -412.366510480  -412.309030823  -412.309030823  -412.233046997
   122.000  -412.480129443  -412.375910262  -412.317415462  -412.317415462  -412.233231284
   122.500  -412.481451747  -412.378682884  -412.319455848  -412.319455848  -412.233383325
   123.000  -412.474267020  -412.373545046  -412.313905713  -412.313905713  -412.233282321
   123.500  -412.461572465  -412.363290874  -412.303555430  -412.303555430  -412.232733954
   124.000  -412.452278692  -412.356589613  -412.297059443  -412.297059443  -412.232194210
   124.500  -412.454196127  -412.361063630  -412.302032976  -412.302032976  -412.232406181
   125.000  -412.464271834  -412.373591503  -412.315340090  -412.315340090  -412.233109405
   125.500  -412.472026263  -412.383710362  -412.326473081  -412.326473081  -412.233506312
   126.000  -412.470613193  -412.384584003  -412.328518917  -412.328518917  -412.233416425
   126.500  -412.460323550  -412.376446885  -412.321623507  -412.321623507  -412.233106477
   127.000  -412.445293008  -412.363313358  -412.309718294  -412.309718294  -412.232800080
   127.500  -412.430089890  -412.349594103  -412.297148819  -412.297148819  -412.232579679
   128.000  -412.418201659  -412.338617540  -412.287195372  -412.287195372  -412.232459542
   128.500  -412.411616585  -412.332238981  -412.281684543  -412.281684543  -412.232439731
   129.000  -412.410752349  -412.330791261  -412.280938738  -412.280938738  -412.232506927
   129.500  -412.414659349  -412.333300041  -412.283995322  -412.283995322  -412.232619041
   130.000  -412.421678945  -412.338145245  -412.289269094  -412.289269094  -412.232711035
   130.500  -412.430392861  -412.344003142  -412.295498928  -412.295498928  -412.232748715
   131.000  -412.440098825  -412.350310815  -412.302201360  -412.302201360  -412.232783654
   131.500  -412.450097795  -412.356542759  -412.308928396  -412.308928396  -412.232895719
   132.000  -412.458707634  -412.361214661  -412.314250540  -412.314250540  -412.233034293
   132.500  -412.464024387  -412.362630066  -412.316485447  -412.316485447  -412.233074051
   133.000  -412.465482352  -412.360414058  -412.315236216  -412.315236216  -412.233090466
   133.500  -412.462958866  -412.354585658  -412.310460739  -412.310460739  -412.233202849
   134.000  -412.455602416  -412.344356876  -412.301282077  -412.301282077  -412.233150532
   134.500  -412.445196533  -412.331497587  -412.289377067  -412.289377067  -412.232702647
   135.000  -412.438451696  -412.322680298  -412.281347281  -412.281347281  -412.232338486
   135.500  -412.440304379  -412.322860508  -412.282108125  -412.282108125  -412.232551835
   136.000  -412.447520939  -412.328918572  -412.288513269  -412.288513269  -412.232965225
   136.500  -412.453489883  -412.334403798  -412.294094079  -412.294094079  -412.233107202
   137.000  -412.455038031  -412.336278485  -412.295800239  -412.295800239  -412.233004158
   137.500  -412.452792695  -412.335239891  -412.294328940  -412.294328940  -412.232851419
   138.000  -412.448596229  -412.333133045  -412.291536758  -412.291536758  -412.232750015
   138.500  -412.443886289  -412.331342627  -412.288837206  -412.288837206  -412.232703680
   139.000  -412.439482306  -412.330593800  -412.287004436  -412.287004436  -412.232675964
   139.500  -412.435994786  -412.331376678  -412.286596323  -412.286596323  -412.232652805
   140.000  -412.433926031  -412.334063546  -412.288062337  -412.288062337  -412.232678256
   140.500  -412.433054781  -412.338310747  -412.291127165  -412.291127165  -412.232769075
   141.000  -412.432304562  -412.342934242  -412.294652375  -412.294652375  -412.232810601
   141.500  -412.431281997  -412.347442224  -412.298163316  -412.298163316  -412.232720464
   142.000  -412.431229306  -412.352975445  -412.302790405  -412.302790405  -412.232668965
   142.500  -412.432759282  -412.360036212  -412.309001158  -412.309001158  -412.232841416
   143.000  -412.433477254  -412.366114080  -412.314233866  -412.314233866  -412.233131931
   143.500  -412.429362739  -412.367069169  -412.314300877  -412.314300877  -412.233338177
   144.000  -412.417752440  -412.360111549  -412.306387014  -412.306387014  -412.233334879
   144.500  -412.399492816  -412.345943839  -412.291208726  -412.291208726  -412.232997924
   145.000  -412.380538411  -412.330363464  -412.274623073  -412.274623073  -412.232383858
   145.500  -412.370281947  -412.322631241  -412.265980203  -412.265980203  -412.232045273
   146.000  -412.373550228  -412.327529353  -412.270143679  -412.270143679  -412.232399595
   146.500  -412.385181301  -412.339966140  -412.282059123  -412.282059123  -412.232980269
   147.000  -412.396178683  -412.351082599  -412.292865328  -412.292865328  -412.233244163
   147.500  -412.401629376  -412.356091739  -412.297767443  -412.297767443  -412.233175606
   148.000  -412.401748998  -412.355279002  -412.297056923  -412.297056923  -412.232960370
   148.500  -412.399389586  -412.351506255  -412.293615851  -412.293615851  -412.232759111
   149.000  -412.397495408  -412.347684934  -412.290376593  -412.290376593  -412.232691041
   149.500  -412.397282975  -412.344978584  -412.288510939  -412.288510939  -412.232744339
   150.000  -412.398401248  -412.342985571  -412.287606181  -412.287606181  -412.232742383
   150.500  -412.401221889  -412.342048617  -412.287974034  -412.287974034  -412.232603188
   151.000  -412.407706633  -412.344135111  -412.291536663  -412.291536663  -412.232538086
   151.500  -412.418585625  -412.350024812  -412.299008444  -412.299008444  -412.232702547
   152.000  -412.431382309  -412.357337490  -412.307925029  -412.307925029  -412.232911891
   152.500  -412.442818959  -412.362931359  -412.315059519  -412.315059519  -412.232978609
   153.000  -412.451491194  -412.365572541  -412.319108566  -412.319108566  -412.232940077
   153.500  -412.457574948  -412.365633246  -412.320403420  -412.320403420  -412.232919340
   154.000  -412.461187156  -412.363443600  -412.319252759  -412.319252759  -412.232980991
   154.500  -412.461499353  -412.358384230  -412.315028650  -412.315028650  -412.233082805
   155.000  -412.457457751  -412.349574002  -412.306850548  -412.306850548  -412.233065739
   155.500  -412.450090636  -412.338146917  -412.295862617  -412.295862617  -412.232776624
   156.000  -412.444269490  -412.329009377  -412.286996977  -412.286996977  -412.232398991
   156.500  -412.445593577  -412.327784768  -412.285920893  -412.285920893  -412.232409657
   157.000  -412.453905614  -412.334412947  -412.292626869  -412.292626869  -412.232811159
   157.500  -412.463209467  -412.343088868  -412.301351681  -412.301351681  -412.233148807
   158.000  -412.467810005  -412.348324674  -412.306633173  -412.306633173  -412.233263125
   158.500  -412.465281124  -412.347827835  -412.306193055  -412.306193055  -412.233206826
   159.000  -412.456296933  -412.342294952  -412.300732193  -412.300732193  -412.232948335
   159.500  -412.444766065  -412.335544458  -412.294059017  -412.294059017  -412.232605990
   160.000  -412.435697914  -412.332393430  -412.290950880  -412.290950880  -412.232533161
   160.500  -412.430368527  -412.333832204  -412.292317066  -412.292317066  -412.232779652
   161.000  -412.425626043  -412.336341442  -412.294533153  -412.294533153  -412.232996910
   161.500  -412.418498511  -412.336528140  -412.294115280  -412.294115280  -412.232992478
   162.000  -412.409101338  -412.334076668  -412.290703822  -412.290703822  -412.232845574
   162.500  -412.399741142  -412.330902430  -412.286229420  -412.286229420  -412.232680378
   163.000  -412.393064223  -412.329344291  -412.283100752  -412.283100752  -412.232564693
   163.500  -412.390917901  -412.331052456  -412.283077072  -412.283077072  -412.232525943
   164.000  -412.393877221  -412.336518407  -412.286775159  -412.286775159  -412.232575709
   164.500  -412.401106019  -412.344917798  -412.293489237  -412.293489237  -412.232711553
   165.000  -412.410496382  -412.354218563  -412.301282989  -412.301282989  -412.232904531
   165.500  -412.419214783  -412.361692235  -412.307498313  -412.307498313  -412.233096531
   166.000  -412.424688561  -412.364871134  -412.309703954  -412.309703954  -412.233209461
   166.500  -412.425839799  -412.362766634  -412.306900950  -412.306900950  -412.233155619
   167.000  -412.424288890  -412.357086737  -412.300720449  -412.300720449  -412.232904371
   167.500  -412.424320828  -412.352258037  -412.295447185  -412.295447185  -412.232664295
   168.000  -412.429598059  -412.352204645  -412.294856917  -412.294856917  -412.232685394
   168.500  -412.439782980  -412.356972324  -412.298925321  -412.298925321  -412.232826685
   169.000  -412.452091779  -412.364178846  -412.305328486  -412.305328486  -412.232959760
   169.500  -412.463284016  -412.370890225  -412.311282808  -412.311282808  -412.233115391
   170.000  -412.469965428  -412.373885756  -412.313735175  -412.313735175  -412.233170622
   170.500  -412.470411125  -412.371502052  -412.311144461  -412.311144461  -412.233048608
   171.000  -412.465735518  -412.364845586  -412.304662548  -412.304662548  -412.232841129
   171.500  -412.458702177  -412.356636493  -412.296977942  -412.296977942  -412.232660271
   172.000  -412.452005521  -412.349513209  -412.290642747  -412.290642747  -412.232555316
   172.500  -412.447360073  -412.345133840  -412.287210899  -412.287210899  -412.232526757
   173.000  -412.445362419  -412.344042696  -412.287138673  -412.287138673  -412.232551816
   173.500  -412.445781647  -412.345960827  -412.290094353  -412.290094353  -412.232596161
   174.000  -412.448069716  -412.350293212  -412.295465085  -412.295465085  -412.232626844
   174.500  -412.451841036  -412.356604291  -412.302817299  -412.302817299  -412.232648015
   175.000  -412.456794803  -412.364536745  -412.311789756  -412.311789756  -412.232733676
   175.500  -412.461670930  -412.372765154  -412.321027978  -412.321027978  -412.232977178
   176.000  -412.463074514  -412.377815842  -412.326996705  -412.326996705  -412.233344740
   176.500  -412.456196554  -412.374776062  -412.324705148  -412.324705148  -412.233597281
   177.000  -412.438452927  -412.360920735  -412.311359375  -412.311359375  -412.233398867
   177.500  -412.414157030  -412.340385212  -412.291058784  -412.291058784  -412.232674925
   178.000  -412.394775237  -412.324449089  -412.275089137  -412.275089137  -412.232021862
   178.500  -412.389950669  -412.322615858  -412.272990059  -412.272990059  -412.232180976
   179.000  -412.397461688  -412.332613507  -412.282536994  -412.282536994  -412.232880437
   179.500  -412.406782693  -412.343941851  -412.293273324  -412.293273324  -412.233317896
   180.000  -412.410275634  -412.349008740  -412.297643645  -412.297643645  -412.233286189
   180.500  -412.407081571  -412.346978241  -412.294849726  -412.294849726  -412.233037527
   181.000  -412.400087933  -412.340727525  -412.287811974  -412.287811974  -412.232797130
   181.500  -412.392567461  -412.333493844  -412.279816412  -412.279816412  -412.232644046
   182.000  -412.386769081  -412.327477549  -412.273115972  -412.273115972  -412.232569689
   182.500  -412.383892322  -412.323827120  -412.268909919  -412.268909919  -412.232532090
   183.000  -412.384622703  -412.323183391  -412.267884704  -412.267884704  -412.232494573
   183.500  -412.389601691  -412.326160299  -412.270686797  -412.270686797  -412.232464949
   184.000  -412.399243769  -412.333173896  -412.277744716  -412.277744716  -412.232507992
   184.500  -412.412813992  -412.343532965  -412.288351595  -412.288351595  -412.232671912
   185.000  -412.427825001  -412.354842550  -412.300072004  -412.300072004  -412.232892073
   185.500  -412.441029437  -412.363989888  -412.309744567  -412.309744567  -412.233018999
   186.000  -412.450547486  -412.369249947  -412.315612988  -412.315612988  -412.232977903
   186.500  -412.456873395  -412.371266494  -412.318314366  -412.318314366  -412.232903039
   187.000  -412.461019478  -412.371175929  -412.318988207  -412.318988207  -412.233004916
   187.500  -412.461857789  -412.367938671  -412.316579588  -412.316579588  -412.233200076
   188.000  -412.457447201  -412.359655097  -412.309139315  -412.309139315  -412.233116549
   188.500  -412.449955034  -412.348484847  -412.298744743  -412.298744743  -412.232639878
   189.000  -412.446645994  -412.341668232  -412.292533710  -412.292533710  -412.232283977
   189.500  -412.452538751  -412.344268454  -412.295457588  -412.295457588  -412.232520518
   190.000  -412.464111416  -412.352933158  -412.304064708  -412.304064708  -412.232994617
   190.500  -412.473876672  -412.360420584  -412.311065416  -412.311065416  -412.233206107
   191.000  -412.477612687  -412.362711515  -412.312482807  -412.312482807  -412.233126500
   191.500  -412.475590834  -412.360180176  -412.308796143  -412.308796143  -412.232914623
   192.000  -412.470523488  -412.355527623  -412.302852957  -412.302852957  -412.232683472
   192.500  -412.465720583  -412.351974460  -412.298013738  -412.298013738  -412.232524876
   193.000  -412.463527919  -412.351738408  -412.296597484  -412.296597484  -412.232530749
   193.500  -412.463946792  -412.354686122  -412.298519175  -412.298519175  -412.232700095
   194.000  -412.464676483  -412.358385427  -412.301353739  -412.301353739  -412.232897015
   194.500  -412.463096318  -412.360092807  -412.302342661  -412.302342661  -412.232947648
   195.000  -412.458783307  -412.359268124  -412.300930534  -412.300930534  -412.232779449
   195.500  -412.454426859  -412.358492528  -412.299684019  -412.299684019  -412.232544267
   196.000  -412.453515843  -412.361166695  -412.301971831  -412.301971831  -412.232525818
   196.500  -412.456465018  -412.367632152  -412.308077639  -412.308077639  -412.232760264
   197.000  -412.460105209  -412.374654800  -412.314688436  -412.314688436  -412.233015989
   197.500  -412.460767532  -412.378493495  -412.317989037  -412.317989037  -412.233165500
   198.000  -412.456280411  -412.376883050  -412.315674496  -412.315674496  -412.233235164
   198.500  -412.445951618  -412.369008162  -412.306933737  -412.306933737  -412.233199830
   199.000  -412.431038189  -412.355971361  -412.292917106  -412.292917106  -412.232943632
   199.500  -412.416107821  -412.342167784  -412.278100715  -412.278100715  -412.232506678
   200.000  -412.407957895  -412.334242739  -412.269223391  -412.269223391  -412.232256812
   200.500  -412.410380776  -412.335912967  -412.270092400  -412.270092400  -412.232416937
   201.000  -412.421143865  -412.344981425  -412.278580787  -412.278580787  -412.232707627
   201.500  -412.435527950  -412.356853054  -412.290135658  -412.290135658  -412.232896169
   202.000  -412.449797047  -412.367960007  -412.301190809  -412.301190809  -412.233047780
   202.500  -412.460894054  -412.375425837  -412.308830186  -412.308830186  -412.233207753
   203.000  -412.466076197  -412.376688184  -412.310425445  -412.310425445  -412.233264312
   203.500  -412.464563975  -412.371141691  -412.305307342  -412.305307342  -412.233056769
   204.000  -412.459648371  -412.362241734  -412.296892099  -412.296892099  -412.232619201
   204.500  -412.457671728  -412.356482156  -412.291659804  -412.291659804  -412.232363391
   205.000  -412.462145637  -412.357506436  -412.293248674  -412.293248674  -412.232567514
   205.500  -412.470115908  -412.362471304  -412.298797906  -412.298797906  -412.232886926
   206.000  -412.476646183  -412.366535146  -412.303438118  -412.303438118  -412.232967861
   206.500  -412.479900073  -412.367946882  -412.305391523  -412.305391523  -412.232854745
   207.000  -412.480990158  -412.367899829  -412.305827689  -412.305827689  -412.232723942
   207.500  -412.481562309  -412.368115604  -412.306442980  -412.306442980  -412.232675276
   208.000  -412.482245957  -412.369289715  -412.307903030  -412.307903030  -412.232719227
   208.500  -412.482437272  -412.370862555  -412.309619452  -412.309619452  -412.232811571
   209.000  -412.480948896  -412.371649878  -412.310394831  -412.310394831  -412.232883800
   209.500  -412.477002157  -412.370810607  -412.309411192  -412.309411192  -412.232886355
   210.000  -412.470926555  -412.368538859  -412.306912425  -412.306912425  -412.232826947
   210.500  -412.464002935  -412.365917837  -412.304034008  -412.304034008  -412.232757229
   211.000  -412.457647120  -412.364137084  -412.301995439  -412.301995439  -412.232730818
   211.500  -412.452491152  -412.363623343  -412.301230073  -412.301230073  -412.232818143
   212.000  -412.447433282  -412.363138566  -412.300500150  -412.300500150  -412.233012958
   212.500  -412.440018851  -412.360164049  -412.297314105  -412.297314105  -412.233081478
   213.000  -412.429752757  -412.354179895  -412.291206370  -412.291206370  -412.232817863
   213.500  -412.420562555  -412.349089538  -412.286131376  -412.286131376  -412.232503887
   214.000  -412.416720284  -412.349125184  -412.286331727  -412.286331727  -412.232586493
   214.500  -412.416986398  -412.352995871  -412.290463503  -412.290463503  -412.232903708
   215.000  -412.416619456  -412.355901768  -412.293630510  -412.293630510  -412.233043396
   215.500  -412.413046458  -412.355203124  -412.293108329  -412.293108329  -412.232955724
   216.000  -412.407058667  -412.351624804  -412.289579888  -412.289579888  -412.232796526
   216.500  -412.400765443  -412.347218808  -412.285111420  -412.285111420  -412.232677926
   217.000  -412.395853158  -412.343630005  -412.281412408  -412.281412408  -412.232627812
   217.500  -412.393090872  -412.341605268  -412.279321909  -412.279321909  -412.232615376
   218.000  -412.392755035  -412.341416756  -412.279207705  -412.279207705  -412.232586863
   218.500  -412.395344625  -412.343571077  -412.281662029  -412.281662029  -412.232532750
   219.000  -412.401633812  -412.348860440  -412.287532196  -412.287532196  -412.232535204
   219.500  -412.411474708  -412.357167457  -412.296707318  -412.296707318  -412.232694880
   220.000  -412.422435213  -412.366104262  -412.306752589  -412.306752589  -412.232992492
   220.500  -412.430142763  -412.371353852  -412.313262491  -412.313262491  -412.233288082
   221.000  -412.430403136  -412.368781849  -412.311999275  -412.311999275  -412.233412962
   221.500  -412.421851752  -412.357083775  -412.301565798  -412.301565798  -412.233206054
   222.000  -412.408276839  -412.340112922  -412.285747586  -412.285747586  -412.232645864
   222.500  -412.398364888  -412.326636867  -412.273272887  -412.273272887  -412.232138534
   223.000  -412.399467300  -412.324110871  -412.271578345  -412.271578345  -412.232241482
   223.500  -412.410077326  -412.331147899  -412.279265749  -412.279265749  -412.232776540
   224.000  -412.422171182  -412.339845392  -412.288418102  -412.288418102  -412.233128577
   224.500  -412.429710717  -412.344275893  -412.293089472  -412.293089472  -412.233132076
   225.000  -412.431701628  -412.343538063  -412.292360316  -412.292360316  -412.232973083
   225.500  -412.429974829  -412.339533363  -412.288119664  -412.288119664  -412.232811315
   226.000  -412.426812513  -412.334589414  -412.282693193  -412.282693193  -412.232688962
   226.500  -412.424153354  -412.330664663  -412.278052983  -412.278052983  -412.232581254
   227.000  -412.423810604  -412.329568109  -412.276040125  -412.276040125  -412.232463460
   227.500  -412.427690260  -412.333183394  -412.278586795  -412.278586795  -412.232373934
   228.000  -412.437129398  -412.342818969  -412.287052241  -412.287052241  -412.232410756
   228.500  -412.451495018  -412.357817525  -412.300814747  -412.300814747  -412.232619556
   229.000  -412.467590225  -412.374963193  -412.316671233  -412.316671233  -412.232925336
   229.500  -412.480768669  -412.389582895  -412.329949815  -412.329949815  -412.233216977
   230.000  -412.486698765  -412.397290319  -412.336276477  -412.336276477  -412.233402393
   230.500  -412.482989651  -412.395593751  -412.333202726  -412.333202726  -412.233353939
   231.000  -412.471125840  -412.385825244  -412.322136584  -412.322136584  -412.232969164
   231.500  -412.457470938  -412.374149339  -412.309347205  -412.309347205  -412.232471270
   232.000  -412.449630086  -412.367956895  -412.302317383  -412.302317383  -412.232335576
   232.500  -412.449862565  -412.369325452  -412.303167505  -412.303167505  -412.232612601
   233.000  -412.454229312  -412.374215612  -412.307833493  -412.307833493  -412.232934827
   233.500  -412.457590739  -412.377488403  -412.311105075  -412.311105075  -412.233086825
   234.000  -412.457078024  -412.376354506  -412.310113710  -412.310113710  -412.233079619
   234.500  -412.452279844  -412.370511709  -412.304510170  -412.304510170  -412.232988212
   235.000  -412.444276213  -412.361138486  -412.295470700  -412.295470700  -412.232856729
   235.500  -412.435002447  -412.350241670  -412.285031884  -412.285031884  -412.232683356
   236.000  -412.427162346  -412.340567465  -412.275987519  -412.275987519  -412.232478203
   236.500  -412.423911430  -412.335299374  -412.271562311  -412.271562311  -412.232324898
   237.000  -412.427524282  -412.336741552  -412.274079149  -412.274079149  -412.232336848
   237.500  -412.437763830  -412.344703970  -412.283330451  -412.283330451  -412.232527550
   238.000  -412.451687999  -412.356309056  -412.296387197  -412.296387197  -412.232801296
   238.500  -412.465035383  -412.367367514  -412.308990918  -412.308990918  -412.233061890
   239.000  -412.473779721  -412.373917524  -412.317114451  -412.317114451  -412.233239061
   239.500  -412.475399611  -412.373484629  -412.318234376  -412.318234376  -412.233229993
   240.000  -412.470404748  -412.366607053  -412.312861969  -412.312861969  -412.232961180
   240.500  -412.463050983  -412.357559581  -412.305254460  -412.305254460  -412.232619253
   241.000  -412.458426937  -412.351450801  -412.300484077  -412.300484077  -412.232551200
   241.500  -412.457759715  -412.349533475  -412.299733799  -412.299733799  -412.232728089
   242.000  -412.458603918  -412.349387096  -412.300507388  -412.300507388  -412.232865421
   242.500  -412.458583165  -412.348669237  -412.300413959  -412.300413959  -412.232904383
   243.000  -412.456601430  -412.346333608  -412.298406953  -412.298406953  -412.232917973
   243.500  -412.452114427  -412.341899545  -412.294043689  -412.294043689  -412.232907218
   244.000  -412.445113611  -412.335417117  -412.287438191  -412.287438191  -412.232828823
   244.500  -412.436705401  -412.328029115  -412.279811720  -412.279811720  -412.232671342
   245.000  -412.429225842  -412.322081303  -412.273585383  -412.273585383  -412.232493455
   245.500  -412.425299893  -412.320189420  -412.271428074  -412.271428074  -412.232407277
   246.000  -412.426198087  -412.323609942  -412.274606553  -412.274606553  -412.232474342
   246.500  -412.430946780  -412.331358873  -412.282100229  -412.282100229  -412.232642352
   247.000  -412.437038950  -412.340919111  -412.291325478  -412.291325478  -412.232822080
   247.500  -412.441765670  -412.349560401  -412.299485438  -412.299485438  -412.232953857
   248.000  -412.443249298  -412.355360312  -412.304611676  -412.304611676  -412.232971184
   248.500  -412.441460124  -412.358211408  -412.306579300  -412.306579300  -412.232817868
   249.000  -412.438790495  -412.360391661  -412.307674056  -412.307674056  -412.232612859
   249.500  -412.438178292  -412.364692754  -412.310706995  -412.310706995  -412.232628669
   250.000  -412.439504319  -412.370831728  -412.315418052  -412.315418052  -412.232878472
   250.500  -412.439449047  -412.375324966  -412.318349977  -412.318349977  -412.233068398
   251.000  -412.435328639  -412.375335224  -412.316710440  -412.316710440  -412.233038896
   251.500  -412.427436340  -412.371020555  -412.310726727  -412.310726727  -412.232878100
   252.000  -412.417986816  -412.364486681  -412.302600016  -412.302600016  -412.232738617
   252.500  -412.409003530  -412.357683243  -412.294388596  -412.294388596  -412.232684503
   253.000  -412.401382243  -412.351469679  -412.287058332  -412.287058332  -412.232661297
   253.500  -412.395584741  -412.346301651  -412.281152893  -412.281152893  -412.232597796
   254.000  -412.392553982  -412.343134584  -412.277682161  -412.277682161  -412.232523330
   254.500  -412.393293559  -412.342995421  -412.277678469  -412.277678469  -412.232529929
   255.000  -412.397632825  -412.345746919  -412.280954016  -412.280954016  -412.232632696
   255.500  -412.404022682  -412.349882988  -412.285905666  -412.285905666  -412.232757066
   256.000  -412.410561905  -412.353555023  -412.290566955  -412.290566955  -412.232849348
   256.500  -412.415834543  -412.355409073  -412.293471907  -412.293471907  -412.232908390
   257.000  -412.419066990  -412.354745386  -412.293834510  -412.293834510  -412.232913658
   257.500  -412.420520106  -412.351917301  -412.291954462  -412.291954462  -412.232778186
   258.000  -412.422572628  -412.349420441  -412.290308676  -412.290308676  -412.232488095
   258.500  -412.429443564  -412.351618955  -412.293271631  -412.293271631  -412.232328013
   259.000  -412.443080869  -412.360628582  -412.302983242  -412.302983242  -412.232587624
   259.500  -412.459519305  -412.372658503  -412.315674217  -412.315674217  -412.233032578
   260.000  -412.472054354  -412.381164337  -412.324806422  -412.324806422  -412.233272665
   260.500  -412.476692754  -412.382279688  -412.326508077  -412.326508077  -412.233245463
   261.000  -412.473468047  -412.376122450  -412.320890421  -412.320890421  -412.233065185
   261.500  -412.464996407  -412.365350818  -412.310613451  -412.310613451  -412.232822352
   262.000  -412.455026059  -412.353722337  -412.299454185  -412.299454185  -412.232584374
   262.500  -412.447253540  -412.344927333  -412.291139152  -412.291139152  -412.232432806
   263.000  -412.444002810  -412.341285856  -412.288028190  -412.288028190  -412.232436693
   263.500  -412.445205648  -412.342737925  -412.290079006  -412.290079006  -412.232580062
   264.000  -412.448670450  -412.347106516  -412.295090381  -412.295090381  -412.232756365
   264.500  -412.451641511  -412.351638848  -412.300246174  -412.300246174  -412.232876215
   265.000  -412.452177380  -412.354366370  -412.303490807  -412.303490807  -412.232940294
   265.500  -412.449271779  -412.354215412  -412.303664071  -412.303664071  -412.233001406
   266.000  -412.442211348  -412.350368121  -412.299877991  -412.299877991  -412.233079072
   266.500  -412.430420662  -412.342119716  -412.291387887  -412.291387887  -412.233079856
   267.000  -412.414922541  -412.330356443  -412.279080774  -412.279080774  -412.232801085
   267.500  -412.400944344  -412.320178267  -412.268096555  -412.268096555  -412.232254976
   268.000  -412.396855615  -412.319841125  -412.266749181  -412.266749181  -412.232037695
   268.500  -412.405728003  -412.332310760  -412.278047719  -412.278047719  -412.232523509
   269.000  -412.420593992  -412.350516868  -412.294939511  -412.294939511  -412.233123824
   269.500  -412.432172710  -412.365082279  -412.308067015  -412.308067015  -412.233345288
   270.000  -412.436246565  -412.371701243  -412.313179197  -412.313179197  -412.233267362
   270.500  -412.433378303  -412.370849996  -412.310847461  -412.310847461  -412.233066963
   271.000  -412.426462902  -412.365332202  -412.303995684  -412.303995684  -412.232816232
   271.500  -412.419389033  -412.358941205  -412.296536777  -412.296536777  -412.232570838
   272.000  -412.415988957  -412.355424007  -412.292298587  -412.292298587  -412.232421244
   272.500  -412.418614702  -412.357078220  -412.293595433  -412.293595433  -412.232428963
   273.000  -412.427208605  -412.363843663  -412.300311746  -412.300311746  -412.232567365
   273.500  -412.439663981  -412.373675448  -412.310293792  -412.310293792  -412.232751407
   274.000  -412.453063585  -412.383777285  -412.320621278  -412.320621278  -412.232909552
   274.500  -412.464779098  -412.391684619  -412.328718998  -412.328718998  -412.233027291
   275.000  -412.472770181  -412.395537073  -412.332655318  -412.332655318  -412.233130526
   275.500  -412.475349226  -412.393820246  -412.330893109  -412.330893109  -412.233213283
   276.000  -412.471428718  -412.385594930  -412.322521897  -412.322521897  -412.233166350
   276.500  -412.462156303  -412.372120691  -412.308878138  -412.308878138  -412.232831294
   277.000  -412.452826964  -412.358769543  -412.295441711  -412.295441711  -412.232330927
   277.500  -412.450583215  -412.352742151  -412.289517863  -412.289517863  -412.232204994
   278.000  -412.457088221  -412.355767816  -412.292896067  -412.292896067  -412.232615877
   278.500  -412.466409695  -412.362004767  -412.299739240  -412.299739240  -412.233047665
   279.000  -412.471816204  -412.364832529  -412.303392678  -412.303392678  -412.233159554
   279.500  -412.471018525  -412.362073726  -412.301622607  -412.301622607  -412.233019226
   280.000  -412.465726262  -412.355529179  -412.296157435  -412.296157435  -412.232805443
   280.500  -412.459045580  -412.348358730  -412.290070750  -412.290070750  -412.232672574
   281.000  -412.453117174  -412.342713102  -412.285412729  -412.285412729  -412.232667612
   281.500  -412.448361369  -412.338971492  -412.282464610  -412.282464610  -412.232690291
   282.000  -412.444760986  -412.337024040  -412.281046501  -412.281046501  -412.232637023
   282.500  -412.443202715  -412.337628059  -412.281894680  -412.281894680  -412.232554216
   283.000  -412.444849751  -412.341816744  -412.286062282  -412.286062282  -412.232565409
   283.500  -412.449471189  -412.349257954  -412.293257173  -412.293257173  -412.232702263
   284.000  -412.454983749  -412.357797596  -412.301368871  -412.301368871  -412.232895544
   284.500  -412.458444831  -412.364434303  -412.307432704  -412.307432704  -412.233075532
   285.000  -412.457193842  -412.366437675  -412.308758089  -412.308758089  -412.233183566
   285.500  -412.449934728  -412.362421571  -412.304008343  -412.304008343  -412.233103907
   286.000  -412.438400300  -412.354013769  -412.294877427  -412.294877427  -412.232753552
   286.500  -412.428075233  -412.346592477  -412.286818389  -412.286818389  -412.232386420
   287.000  -412.424277348  -412.345376740  -412.285114502  -412.285114502  -412.232443503
   287.500  -412.426369858  -412.349638674  -412.289072553  -412.289072553  -412.232804553
   288.000  -412.429312221  -412.354249481  -412.293579957  -412.293579957  -412.232985709
   288.500  -412.430180071  -412.356201447  -412.295648910  -412.295648910  -412.232873123
   289.000  -412.430167147  -412.356622531  -412.296433950  -412.296433950  -412.232684041
   289.500  -412.431758712  -412.357965375  -412.298399889  -412.298399889  -412.232620442
   290.000  -412.435821141  -412.361108571  -412.302394210  -412.302394210  -412.232699511
   290.500  -412.441221846  -412.364975253  -412.307262196  -412.307262196  -412.232812140
   291.000  -412.446323347  -412.368014896  -412.311346265  -412.311346265  -412.232859623
   291.500  -412.450459397  -412.369664293  -412.313967064  -412.313967064  -412.232806843
   292.000  -412.454469616  -412.370874331  -412.315959400  -412.315959400  -412.232688241
   292.500  -412.460106618  -412.373524898  -412.319083696  -412.319083696  -412.232617023
   293.000  -412.468314971  -412.378724550  -412.324323339  -412.324323339  -412.232715620
   293.500  -412.477514211  -412.385108247  -412.330195505  -412.330195505  -412.232967072
   294.000  -412.483913049  -412.389134458  -412.333084572  -412.333084572  -412.233186469
   294.500  -412.484211143  -412.387730854  -412.329937744  -412.329937744  -412.233167258
   295.000  -412.478566210  -412.381197851  -412.321196651  -412.321196651  -412.232888565
   295.500  -412.470739753  -412.373325324  -412.310890474  -412.310890474  -412.232638757
   296.000  -412.464062401  -412.367373351  -412.302552917  -412.302552917  -412.232691706
   296.500  -412.457849301  -412.362533747  -412.295610303  -412.295610303  -412.232868880
   297.000  -412.449666782  -412.356236593  -412.287658444  -412.287658444  -412.232864464
   297.500  -412.439466762  -412.348311655  -412.278625468  -412.278625468  -412.232681823
   298.000  -412.429733070  -412.341146095  -412.270946694  -412.270946694  -412.232521244
   298.500  -412.422742657  -412.336955810  -412.266845698  -412.266845698  -412.232502134
   299.000  -412.418797524  -412.336017200  -412.266571630  -412.266571630  -412.232580170
   299.500  -412.416758192  -412.337192512  -412.268919281  -412.268919281  -412.232664620
   300.000  -412.415342972  -412.339210926  -412.272512548  -412.272512548  -412.232724843
   300.500  -412.413718257  -412.341246356  -412.276367327  -412.276367327  -412.232765678
   301.000  -412.411512199  -412.342906806  -412.279897289  -412.279897289  -412.232780281
   301.500  -412.408922306  -412.344327626  -412.283025165  -412.283025165  -412.232747193
   302.000  -412.406887430  -412.346331969  -412.286391296  -412.286391296  -412.232693037
   302.500  -412.406527317  -412.349885548  -412.290854630  -412.290854630  -412.232717163
   303.000  -412.407722400  -412.354716729  -412.296130644  -412.296130644  -412.232852857
   303.500  -412.408756794  -412.358996826  -412.300459543  -412.300459543  -412.232945762
   304.000  -412.408416282  -412.361449320  -412.302677598  -412.302677598  -412.232870455
   304.500  -412.407543777  -412.362890496  -412.303724048  -412.303724048  -412.232796915
   305.000  -412.406849191  -412.364015924  -412.304407809  -412.304407809  -412.232904372
   305.500  -412.404716508  -412.363192246  -412.303194243  -412.303194243  -412.233020477
   306.000  -412.399432512  -412.358678293  -412.298432115  -412.298432115  -412.232934976
   306.500  -412.392023233  -412.351465142  -412.291192498  -412.291192498  -412.232723569
   307.000  -412.385354930  -412.344384552  -412.284365725  -412.284365725  -412.232582949
   307.500  -412.381438783  -412.339422464  -412.279957867  -412.279957867  -412.232573440
   308.000  -412.380470952  -412.336763563  -412.278130030  -412.278130030  -412.232613747
   308.500  -412.381871840  -412.335832745  -412.278246415  -412.278246415  -412.232629585
   309.000  -412.385351081  -412.336362135  -412.279958358  -412.279958358  -412.232619891
   309.500  -412.390977783  -412.338466926  -412.283293674  -412.283293674  -412.232622340
   310.000  -412.398637507  -412.342106872  -412.288132534  -412.288132534  -412.232674947
   310.500  -412.407471453  -412.346530670  -412.293657843  -412.293657843  -412.232794784
   311.000  -412.415658385  -412.350055041  -412.298140952  -412.298140952  -412.232957416
   311.500  -412.420882446  -412.350525532  -412.299401612  -412.299401612  -412.233066256
   312.000  -412.421852125  -412.346821426  -412.296310752  -412.296310752  -412.232967323
   312.500  -412.420430029  -412.340971251  -412.290899849  -412.290899849  -412.232620454
   313.000  -412.421792136  -412.338301416  -412.288505888  -412.288505888  -412.232333226
   313.500  -412.429889640  -412.342897723  -412.293228587  -412.293228587  -412.232495794
   314.000  -412.442289250  -412.352448567  -412.302781792  -412.302781792  -412.232949446
   314.500  -412.452341629  -412.360412513  -412.310665013  -412.310665013  -412.233201854
   315.000  -412.455899936  -412.362725284  -412.312868982  -412.312868982  -412.233111933
   315.500  -412.453650652  -412.360119111  -412.310175714  -412.310175714  -412.232900170
   316.000  -412.448330355  -412.355335537  -412.305343797  -412.305343797  -412.232766728
   316.500  -412.441873853  -412.350274689  -412.300243889  -412.300243889  -412.232717733
   317.000  -412.435129475  -412.345711710  -412.295582073  -412.295582073  -412.232679389
   317.500  -412.428796832  -412.342236557  -412.291861821  -412.291861821  -412.232626885
   318.000  -412.423795200  -412.340629164  -412.289779896  -412.289779896  -412.232582507
   318.500  -412.420951085  -412.341558048  -412.289938167  -412.289938167  -412.232571312
   319.000  -412.420600599  -412.345194249  -412.292464383  -412.292464383  -412.232606745
   319.500  -412.422357486  -412.350988488  -412.296794383  -412.296794383  -412.232696454
   320.000  -412.425006839  -412.357570525  -412.301577441  -412.301577441  -412.232838816
   320.500  -412.426606074  -412.362852258  -412.304785615  -412.304785615  -412.232994262
   321.000  -412.425197002  -412.364739477  -412.304429069  -412.304429069  -412.233053659
   321.500  -412.420430981  -412.362754336  -412.300177289  -412.300177289  -412.232909613
   322.000  -412.414852654  -412.359318065  -412.294626706  -412.294626706  -412.232684299
   322.500  -412.411930173  -412.357781001  -412.291304123  -412.291304123  -412.232679049
   323.000  -412.412148453  -412.358517624  -412.290726528  -412.290726528  -412.232824984
   323.500  -412.413892261  -412.359815864  -412.291263447  -412.291263447  -412.232807186
   324.000  -412.417344855  -412.361800262  -412.293040560  -412.293040560  -412.232706023
   324.500  -412.423580287  -412.365560720  -412.297062890  -412.297062890  -412.232777065
   325.000  -412.431298573  -412.369910736  -412.301991335  -412.301991335  -412.232972363
   325.500  -412.437374790  -412.371918584  -412.304719509  -412.304719509  -412.233074379
   326.000  -412.439856365  -412.369856396  -412.303373003  -412.303373003  -412.233004608
   326.500  -412.439276480  -412.364471409  -412.298599780  -412.298599780  -412.232836760
   327.000  -412.437744870  -412.358052383  -412.292637333  -412.292637333  -412.232673609
   327.500  -412.437457064  -412.352938831  -412.287804419  -412.287804419  -412.232576634
   328.000  -412.439709219  -412.350541193  -412.285510695  -412.285510695  -412.232565092
   328.500  -412.444547667  -412.351002020  -412.285905629  -412.285905629  -412.232635774
   329.000  -412.450787837  -412.353220891  -412.287904487  -412.287904487  -412.232778116
   329.500  -412.456234321  -412.355083140  -412.289415777  -412.289415777  -412.232954410
   330.000  -412.458373804  -412.354154417  -412.288046485  -412.288046485  -412.233053344
   330.500  -412.456137268  -412.349446926  -412.282871175  -412.282871175  -412.232901396
   331.000  -412.452205327  -412.343721250  -412.276736849  -412.276736849  -412.232517824
   331.500  -412.452214813  -412.342686223  -412.275450328  -412.275450328  -412.232335361
   332.000  -412.458752904  -412.348978457  -412.281737107  -412.281737107  -412.232604354
   332.500  -412.468115071  -412.358910316  -412.291969238  -412.291969238  -412.232950423
   333.000  -412.475072930  -412.367237598  -412.300921378  -412.300921378  -412.233108647
   333.500  -412.476871742  -412.371160588  -412.305760147  -412.305760147  -412.233156861
   334.000  -412.472791649  -412.369878637  -412.305598794  -412.305598794  -412.233102961
   334.500  -412.464045167  -412.364478027  -412.301406406  -412.301406406  -412.232868183
   335.000  -412.454486540  -412.358648656  -412.296760160  -412.296760160  -412.232561234
   335.500  -412.448774480  -412.356880911  -412.296073865  -412.296073865  -412.232458309
   336.000  -412.448552284  -412.360687756  -412.300818407  -412.300818407  -412.232617555
   336.500  -412.451618855  -412.367783867  -412.308688871  -412.308688871  -412.232815859
   337.000  -412.454925693  -412.375060317  -412.316561582  -412.316561582  -412.232901036
   337.500  -412.456867916  -412.380846618  -412.322755454  -412.322755454  -412.232914830
   338.000  -412.456937516  -412.384554132  -412.326678852  -412.326678852  -412.232948912
   338.500  -412.454491366  -412.385447021  -412.327609977  -412.327609977  -412.233037896
   339.000  -412.448271792  -412.382173481  -412.324234308  -412.324234308  -412.233128881
   339.500  -412.437216247  -412.373583196  -412.315472382  -412.315472382  -412.233089684
   340.000  -412.422345130  -412.360622887  -412.302376177  -412.302376177  -412.232816251
   340.500  -412.407997338  -412.347574926  -412.289358686  -412.289358686  -412.232450470
   341.000  -412.399624503  -412.339858364  -412.281958476  -412.281958476  -412.232311742
   341.500  -412.399392953  -412.339637637  -412.282407711  -412.282407711  -412.232458446
   342.000  -412.405182775  -412.344833015  -412.288614105  -412.288614105  -412.232693918
   342.500  -412.413175798  -412.351711010  -412.296760155  -412.296760155  -412.232894378
   343.000  -412.419912130  -412.356930752  -412.303378817  -412.303378817  -412.233029976
   343.500  -412.422983151  -412.358212446  -412.306060578  -412.306060578  -412.233105301
   344.000  -412.421110321  -412.354386519  -412.303530522  -412.303530522  -412.233126394
   344.500  -412.414202243  -412.345427875  -412.295687650  -412.295687650  -412.233042011
   345.000  -412.404118238  -412.333205631  -412.284352373  -412.284352373  -412.232763589
   345.500  -412.395672952  -412.322503596  -412.274270127  -412.274270127  -412.232353574
   346.000  -412.395224829  -412.319651380  -412.271740446  -412.271740446  -412.232152837
   346.500  -412.405707444  -412.327617733  -412.279706940  -412.279706940  -412.232389230
   347.000  -412.423512315  -412.342915133  -412.294678460  -412.294678460  -412.232825989
   347.500  -412.441683289  -412.358759661  -412.309896030  -412.309896030  -412.233148635
   348.000  -412.454570803  -412.369662663  -412.319932521  -412.319932521  -412.233291454
   348.500  -412.459327278  -412.372890330  -412.322141329  -412.322141329  -412.233278632
   349.000  -412.455806446  -412.368353144  -412.316541905  -412.316541905  -412.233088988
   349.500  -412.446739063  -412.358792668  -412.305989412  -412.305989412  -412.232750742
   350.000  -412.437054662  -412.349115840  -412.295493673  -412.295493673  -412.232462038
   350.500  -412.431018444  -412.343548629  -412.289339302  -412.289339302  -412.232423325
   351.000  -412.429411462  -412.342825063  -412.288261791  -412.288261791  -412.232591485
   351.500  -412.429985254  -412.344653178  -412.289909318  -412.289909318  -412.232762591
   352.000  -412.430229521  -412.346481805  -412.291642333  -412.291642333  -412.232814779
   352.500  -412.429243760  -412.347370683  -412.292429951  -412.292429951  -412.232767768
   353.000  -412.427611818  -412.347856804  -412.292742404  -412.292742404  -412.232702546
   353.500  -412.426303377  -412.348855389  -412.293449446  -412.293449446  -412.232681381
   354.000  -412.425735691  -412.350717306  -412.294877924  -412.294877924  -412.232726713
   354.500  -412.425447015  -412.352903127  -412.296472059  -412.296472059  -412.232813861
   355.000  -412.424485328  -412.354367280  -412.297176371  -412.297176371  -412.232869218
   355.500  -412.422507314  -412.354655517  -412.296531272  -412.296531272  -412.232801460
   356.000  -412.420972794  -412.355103662  -412.295877360  -412.295877360  -412.232625232
   356.500  -412.422675125  -412.358386557  -412.297911753  -412.297911753  -412.232552489
   357.000  -412.428699054  -412.365507073  -412.303679335  -412.303679335  -412.232747042
   357.500  -412.436288428  -412.373679175  -412.310462809  -412.310462809  -412.233013883
   358.000  -412.441525897  -412.378994624  -412.314442977  -412.314442977  -412.233053054
   358.500  -412.443457786  -412.380510171  -412.314779779  -412.314779779  -412.232885197
   359.000  -412.444044730  -412.380178001  -412.313516666  -412.313516666  -412.232759264
   359.500  -412.444904247  -412.379592222  -412.312295307  -412.312295307  -412.232788745
   360.000  -412.445612149  -412.378312162  -412.310654979  -412.310654979  -412.232878273
   360.500  -412.444839514  -412.375013752  -412.307193940  -412.307193940  -412.232904816
   361.000  -412.442094103  -412.369235815  -412.301340923  -412.301340923  -412.232833141
   361.500  -412.438304973  -412.361960594  -412.293973546  -412.293973546  -412.232706504
   362.000  -412.435259150  -412.355051305  -412.286876676  -412.286876676  -412.232582713
   362.500  -412.434729479  -412.350381215  -412.281886200  -412.281886200  -412.232498747
   363.000  -412.437871584  -412.349235364  -412.280290142  -412.280290142  -412.232468870
   363.500  -412.444954579  -412.352038747  -412.282557330  -412.282557330  -412.232499310
   364.000  -412.455270962  -412.358261371  -412.288227636  -412.288227636  -412.232593948
   364.500  -412.467115329  -412.366378682  -412.295860907  -412.295860907  -412.232753803
   365.000  -412.477880886  -412.373947375  -412.303088659  -412.303088659  -412.232957446
   365.500  -412.484533630  -412.378055040  -412.307045269  -412.307045269  -412.233131336
   366.000  -412.484846956  -412.376534345  -412.305574679  -412.305574679  -412.233141843
   366.500  -412.479349016  -412.369905410  -412.299185039  -412.299185039  -412.232884489
   367.000  -412.472536083  -412.362612948  -412.292313713  -412.292313713  -412.232467355
   367.500  -412.470878942  -412.361081630  -412.291406501  -412.291406501  -412.232243001
   368.000  -412.477619282  -412.368554456  -412.299746468  -412.299746468  -412.232469029
   368.500  -412.489278089  -412.381599867  -412.313915962  -412.313915962  -412.232959815
   369.000  -412.498373938  -412.392786511  -412.326433687  -412.326433687  -412.233310358
   369.500  -412.499259011  -412.396471243  -412.331544229  -412.331544229  -412.233345808
   370.000  -412.490952212  -412.391605282  -412.328061934  -412.328061934  -412.233159077
   370.500  -412.476055353  -412.380651639  -412.318331008  -412.318331008  -412.232905535
   371.000  -412.458480212  -412.367335326  -412.305996663  -412.305996663  -412.232681817
   371.500  -412.441857476  -412.355081887  -412.294451734  -412.294451734  -412.232522578
   372.000  -412.428865619  -412.346375237  -412.286187514  -412.286187514  -412.232431250
   372.500  -412.421081976  -412.342630754  -412.282654490  -412.282654490  -412.232404246
   373.000  -412.418989626  -412.344212241  -412.284269400  -412.284269400  -412.232443727
   373.500  -412.421948860  -412.350406993  -412.290377977  -412.290377977  -412.232559126
   374.000  -412.428094415  -412.359316052  -412.299141313  -412.299141313  -412.232761251
   374.500  -412.434281947  -412.367791055  -412.307467815  -412.307467815  -412.233035164
   375.000  -412.436489169  -412.371821352  -412.311405702  -412.311405702  -412.233287942
   375.500  -412.431434839  -412.368140972  -412.307751227  -412.307751227  -412.233303761
   376.000  -412.419765129  -412.357406134  -412.297225718  -412.297225718  -412.232893336
   376.500  -412.408229492  -412.346369639  -412.286634723  -412.286634723  -412.232320848
   377.000  -412.405349089  -412.343554618  -412.284517535  -412.284517535  -412.232217349
   377.500  -412.412817573  -412.350666745  -412.292540734  -412.292540734  -412.232631779
   378.000  -412.424621324  -412.361726757  -412.304638594  -412.304638594  -412.233073416
   378.500  -412.433671288  -412.369706381  -412.313680194  -412.313680194  -412.233275571
   379.000  -412.436176379  -412.370893940  -412.315858323  -412.315858323  -412.233236816
   379.500  -412.432069158  -412.365304653  -412.311112115  -412.311112115  -412.233048840
   380.000  -412.423748434  -412.355412722  -412.301859298  -412.301859298  -412.232819175
   380.500  -412.414472476  -412.344542317  -412.291381405  -412.291381405  -412.232622271
   381.000  -412.407161631  -412.335671646  -412.282625133  -412.282625133  -412.232489988
   381.500  -412.403816162  -412.330853712  -412.277621776  -412.277621776  -412.232429084
   382.000  -412.405337630  -412.331038688  -412.277311182  -412.277311182  -412.232440067
   382.500  -412.411485557  -412.336029574  -412.281501012  -412.281501012  -412.232526794
   383.000  -412.420828821  -412.344430444  -412.288819031  -412.288819031  -412.232695075
   383.500  -412.430722219  -412.353618343  -412.296688219  -412.296688219  -412.232936932
   384.000  -412.437567665  -412.360000233  -412.301583015  -412.301583015  -412.233192257
   384.500  -412.437924882  -412.360121037  -412.300132582  -412.300132582  -412.233299647
   385.000  -412.431039578  -412.353194894  -412.291639084  -412.291639084  -412.233044730
   385.500  -412.421621630  -412.343889679  -412.280845991  -412.280845991  -412.232512377
   386.000  -412.417827741  -412.340321148  -412.275908690  -412.275908690  -412.232335700
   386.500  -412.422409449  -412.345206238  -412.279532812  -412.279532812  -412.232770734
   387.000  -412.429465365  -412.352614097  -412.285727519  -412.285727519  -412.233147392
   387.500  -412.433131710  -412.356652652  -412.288519598  -412.288519598  -412.233101117
   388.000  -412.433088483  -412.356980248  -412.287500110  -412.287500110  -412.232923643
   388.500  -412.431241653  -412.355499192  -412.284545464  -412.284545464  -412.232849123
   389.000  -412.428386872  -412.353023818  -412.280493658  -412.280493658  -412.232823005
   389.500  -412.424660788  -412.349722647  -412.275576097  -412.275576097  -412.232752525
   390.000  -412.420811297  -412.346374044  -412.270655664  -412.270655664  -412.232642145
   390.500  -412.418231394  -412.344393096  -412.267232873  -412.267232873  -412.232541790
   391.000  -412.418252287  -412.345121072  -412.266725766  -412.266725766  -412.232492559
   391.500  -412.421506939  -412.349192452  -412.269826195  -412.269826195  -412.232515083
   392.000  -412.427588240  -412.356192759  -412.276157341  -412.276157341  -412.232616107
   392.500  -412.434963129  -412.364573160  -412.284188261  -412.284188261  -412.232785153
   393.000  -412.441192236  -412.371867360  -412.291457795  -412.291457795  -412.232978953
   393.500  -412.443684670  -412.375445977  -412.295333954  -412.295333954  -412.233098404
   394.000  -412.441241585  -412.374059493  -412.294565312  -412.294565312  -412.233002675
   394.500  -412.436001049  -412.369791157  -412.291227633  -412.291227633  -412.232656794
   395.000  -412.433432984  -412.368057163  -412.290719233  -412.290719233  -412.232393143
   395.500  -412.437366430  -412.372637593  -412.296775323  -412.296775323  -412.232631403
   396.000  -412.444560711  -412.380238334  -412.306031452  -412.306031452  -412.233108538
   396.500  -412.448238060  -412.384014926  -412.311567384  -412.311567384  -412.233262503
   397.000  -412.445770502  -412.381263495  -412.310624234  -412.310624234  -412.233041033
   397.500  -412.439914157  -412.374673525  -412.305866061  -412.305866061  -412.232749628
   398.000  -412.434714236  -412.368252482  -412.301295834  -412.301295834  -412.232616343
   398.500  -412.432132532  -412.363967851  -412.298876375  -412.298876375  -412.232632747
   399.000  -412.431940281  -412.361636255  -412.298408193  -412.298408193  -412.232678660
   399.500  -412.433339627  -412.360532402  -412.299133946  -412.299133946  -412.232688756
   400.000  -412.435973799  -412.360384490  -412.300738244  -412.300738244  -412.232679139
   400.500  -412.439787892  -412.361225373  -412.303205759  -412.303205759  -412.232691772
   401.000  -412.444454163  -412.362812483  -412.306249240  -412.306249240  -412.232752091
   401.500  -412.449013162  -412.364266476  -412.308956233  -412.308956233  -412.232852124
   402.000  -412.452020987  -412.364217204  -412.309942865  -412.309942865  -412.232944993
   402.500  -412.452273826  -412.361529119  -412.308083743  -412.308083743  -412.232955173
   403.000  -412.449897802  -412.356393870  -412.303604139  -412.303604139  -412.232821336
   403.500  -412.447109600  -412.351094278  -412.298836147  -412.298836147  -412.232580314
   404.000  -412.447432625  -412.349220824  -412.297419435  -412.297419435  -412.232444075
   404.500  -412.452615540  -412.352584944  -412.301192461  -412.301192461  -412.232621887
   405.000  -412.459967974  -412.358550733  -412.307502738  -412.307502738  -412.232963133
   405.500  -412.464437182  -412.362105626  -412.311283772  -412.311283772  -412.233146743
   406.000  -412.463056398  -412.360305228  -412.309516883  -412.309516883  -412.233082551
   406.500  -412.456512406  -412.353830352  -412.302816687  -412.302816687  -412.232871085
   407.000  -412.447873320  -412.345715272  -412.294164967  -412.294164967  -412.232639156
   407.500  -412.440626269  -412.339394374  -412.286965212  -412.286965212  -412.232497732
   408.000  -412.436952160  -412.336996067  -412.283336254  -412.283336254  -412.232497184
   408.500  -412.436943277  -412.338573806  -412.283344035  -412.283344035  -412.232590203
   409.000  -412.439209418  -412.342701557  -412.285607211  -412.285607211  -412.232694470
   409.500  -412.442075494  -412.347654052  -412.288471715  -412.288471715  -412.232769677
   410.000  -412.444270518  -412.352081548  -412.290678079  -412.290678079  -412.232818086
   410.500  -412.445012237  -412.355092615  -412.291437927  -412.291437927  -412.232841983
   411.000  -412.444028766  -412.356287936  -412.290462478  -412.290462478  -412.232826751
   411.500  -412.441733436  -412.355951717  -412.288154307  -412.288154307  -412.232768169
   412.000  -412.439222961  -412.355072286  -412.285617244  -412.285617244  -412.232685238
   412.500  -412.437958753  -412.355043010  -412.284338565  -412.284338565  -412.232587721
   413.000  -412.439488359  -412.357399479  -412.285899405  -412.285899405  -412.232515083
   413.500  -412.444696742  -412.363068020  -412.291214292  -412.291214292  -412.232593707
   414.000  -412.452220875  -412.370763542  -412.298931574  -412.298931574  -412.232825300
   414.500  -412.458607436  -412.377120746  -412.305592747  -412.305592747  -412.233007007
   415.000  -412.461058256  -412.379416485  -412.308382233  -412.308382233  -412.233015960
   415.500  -412.459237359  -412.377366235  -412.306941460  -412.306941460  -412.232905275
   416.000  -412.454675438  -412.372526264  -412.302778208  -412.302778208  -412.232764629
   416.500  -412.449483992  -412.367015766  -412.297980338  -412.297980338  -412.232639627
   417.000  -412.445576247  -412.362745727  -412.294440726  -412.294440726  -412.232553340
   417.500  -412.444242916  -412.361009258  -412.293438605  -412.293438605  -412.232532577
   418.000  -412.445736528  -412.362074541  -412.295235300  -412.295235300  -412.232596166
   418.500  -412.449040610  -412.364960526  -412.298845602  -412.298845602  -412.232723812
   419.000  -412.452192677  -412.367751571  -412.302358012  -412.302358012  -412.232862687
   419.500  -412.453105840  -412.368407124  -412.303743472  -412.303743472  -412.232954511
   420.000  -412.450485668  -412.365665906  -412.301762379  -412.301762379  -412.232958661
   420.500  -412.444481639  -412.359695180  -412.296608970  -412.296608970  -412.232861070
   421.000  -412.436896915  -412.352306890  -412.290120057  -412.290120057  -412.232668578
   421.500  -412.430945895  -412.346725080  -412.285531585  -412.285531585  -412.232448944
   422.000  -412.429935056  -412.346270623  -412.286155188  -412.286155188  -412.232410308
   422.500  -412.434282209  -412.351375717  -412.292390624  -412.292390624  -412.232663002
   423.000  -412.440250112  -412.358313458  -412.300456309  -412.300456309  -412.232954769
   423.500  -412.443390783  -412.362639216  -412.305844194  -412.305844194  -412.233035082
   424.000  -412.442149777  -412.362796812  -412.306933572  -412.306933572  -412.232931768
   424.500  -412.437774218  -412.360023581  -412.304907068  -412.304907068  -412.232781164
   425.000  -412.432451915  -412.356487217  -412.301885417  -412.301885417  -412.232664955
   425.500  -412.428008826  -412.353979105  -412.299627418  -412.299627418  -412.232602177
   426.000  -412.425521925  -412.353527291  -412.299141765  -412.299141765  -412.232581409
   426.500  -412.425404370  -412.355483398  -412.300779074  -412.300779074  -412.232590350
   427.000  -412.427547573  -412.359671337  -412.304380009  -412.304380009  -412.232632715
   427.500  -412.431269261  -412.365343749  -412.309232899  -412.309232899  -412.232724284
   428.000  -412.435150744  -412.371025340  -412.313919152  -412.313919152  -412.232858524
   428.500  -412.437220649  -412.374696913  -412.316499921  -412.316499921  -412.232983969
   429.000  -412.435736759  -412.374570588  -412.315294453  -412.315294453  -412.233041667
   429.500  -412.430070697  -412.369970227  -412.309749979  -412.309749979  -412.233004348
   430.000  -412.421189404  -412.361815283  -412.300904833  -412.300904833  -412.232841371
   430.500  -412.412044345  -412.353018001  -412.291758971  -412.291758971  -412.232557601
   431.000  -412.407049475  -412.347968796  -412.286736594  -412.286736594  -412.232394348
   431.500  -412.408485317  -412.348939764  -412.288082962  -412.288082962  -412.232593095
   432.000  -412.413442675  -412.353024785  -412.292810905  -412.292810905  -412.232915418
   432.500  -412.417027098  -412.355340172  -412.295930485  -412.295930485  -412.233025749
   433.000  -412.417115411  -412.353781378  -412.295236818  -412.295236818  -412.232922556
   433.500  -412.414789184  -412.349458756  -412.291765305  -412.291765305  -412.232758219
   434.000  -412.412285590  -412.344651021  -412.287745177  -412.287745177  -412.232631458
   434.500  -412.411446291  -412.341253065  -412.285040266  -412.285040266  -412.232570827
   435.000  -412.413183021  -412.340239294  -412.284600008  -412.284600008  -412.232572480
   435.500  -412.417485169  -412.341664095  -412.286453985  -412.286453985  -412.232619678
   436.000  -412.423663791  -412.344899231  -412.289950296  -412.289950296  -412.232684881
   436.500  -412.430770523  -412.349049368  -412.294174898  -412.294174898  -412.232735363
   437.000  -412.438055519  -412.353408621  -412.298423272  -412.298423272  -412.232760827
   437.500  -412.445106666  -412.357607931  -412.302354974  -412.302354974  -412.232791598
   438.000  -412.451423669  -412.361198480  -412.305584223  -412.305584223  -412.232877360
   438.500  -412.455798109  -412.363043694  -412.307057134  -412.307057134  -412.233011377
   439.000  -412.456574254  -412.361580225  -412.305296367  -412.305296367  -412.233047289
   439.500  -412.453786520  -412.356947573  -412.300509873  -412.300509873  -412.232808427
   440.000  -412.451182458  -412.352991700  -412.296585079  -412.296585079  -412.232501218
   440.500  -412.452972553  -412.353993741  -412.297808605  -412.297808605  -412.232580075
   441.000  -412.457929907  -412.358757409  -412.302944689  -412.302944689  -412.232919141
   441.500  -412.461015953  -412.362234474  -412.306870307  -412.306870307  -412.233068937
   442.000  -412.459529447  -412.361682840  -412.306756774  -412.306756774  -412.232963059
   442.500  -412.454565259  -412.358137085  -412.303560150  -412.303560150  -412.232776351
   443.000  -412.448750856  -412.354154209  -412.299772178  -412.299772178  -412.232631183
   443.500  -412.444319767  -412.351895059  -412.297503987  -412.297503987  -412.232561391
   444.000  -412.442451040  -412.352468021  -412.297824343  -412.297824343  -412.232561816
   444.500  -412.443252560  -412.355911025  -412.300745469  -412.300745469  -412.232623791
   445.000  -412.445895369  -412.361323142  -412.305352756  -412.305352756  -412.232735934
   445.500  -412.448816609  -412.367058659  -412.310011639  -412.310011639  -412.232872477
   446.000  -412.450186251  -412.371187033  -412.312830978  -412.312830978  -412.232977682
   446.500  -412.448759627  -412.372337474  -412.312518068  -412.312518068  -412.232994532
   447.000  -412.444678628  -412.370503604  -412.309174118  -412.309174118  -412.232931094
   447.500  -412.439279010  -412.366864153  -412.304100707  -412.304100707  -412.232872838
   448.000  -412.433897872  -412.362618450  -412.298609378  -412.298609378  -412.232843498
   448.500  -412.429549941  -412.358690278  -412.293708598  -412.293708598  -412.232736850
   449.000  -412.428085125  -412.356899874  -412.291265097  -412.291265097  -412.232599542
   449.500  -412.431215611  -412.358982301  -412.293017210  -412.293017210  -412.232705564
   450.000  -412.437090817  -412.363148926  -412.297122348  -412.297122348  -412.232988632
   450.500  -412.441278892  -412.365053669  -412.299139186  -412.299139186  -412.233105169
   451.000  -412.441450902  -412.362467191  -412.296730918  -412.296730918  -412.232986739
   451.500  -412.438729514  -412.356616129  -412.291033867  -412.291033867  -412.232787067
   452.000  -412.435721127  -412.350210490  -412.284696324  -412.284696324  -412.232628225
   452.500  -412.434645347  -412.345573811  -412.280008899  -412.280008899  -412.232546232
   453.000  -412.436650264  -412.343961125  -412.278220051  -412.278220051  -412.232531959
   453.500  -412.441862709  -412.345611268  -412.279586730  -412.279586730  -412.232563377
   454.000  -412.449692261  -412.350047544  -412.283679422  -412.283679422  -412.232617634
   454.500  -412.459205422  -412.356447350  -412.289747492  -412.289747492  -412.232669500
   455.000  -412.469509989  -412.364016272  -412.297095994  -412.297095994  -412.232707047
   455.500  -412.479931691  -412.372162836  -412.305240226  -412.305240226  -412.232761273
   456.000  -412.489532064  -412.380013278  -412.313403273  -412.313403273  -412.232909024
   456.500  -412.496126955  -412.385435205  -412.319504150  -412.319504150  -412.233146057
   457.000  -412.496570717  -412.385318960  -412.320422703  -412.320422703  -412.233263858
   457.500  -412.489762135  -412.378575828  -412.315002675  -412.315002675  -412.233024637
   458.000  -412.479667662  -412.369155428  -412.307099680  -412.307099680  -412.232568711
   458.500  -412.473014850  -412.363751843  -412.303308266  -412.303308266  -412.232389602
   459.000  -412.472491671  -412.365020579  -412.306194930  -412.306194930  -412.232650695
   459.500  -412.474436510  -412.369281297  -412.311999793  -412.311999793  -412.232985534
   460.000  -412.473708295  -412.371373617  -412.315495449  -412.315495449  -412.233089202
   460.500  -412.468244991  -412.369192762  -412.314523482  -412.314523482  -412.232982505
   461.000  -412.459196485  -412.363809480  -412.310115361  -412.310115361  -412.232813230
   461.500  -412.448917131  -412.357467548  -412.304488673  -412.304488673  -412.232684353
   462.000  -412.439360940  -412.351991872  -412.299458336  -412.299458336  -412.232628784
   462.500  -412.431484504  -412.348206665  -412.295855751  -412.295855751  -412.232633117
   463.000  -412.425387904  -412.346087399  -412.293684165  -412.293684165  -412.232657586
   463.500  -412.420890296  -412.345342469  -412.292702273  -412.292702273  -412.232654256
   464.000  -412.418207081  -412.346093897  -412.293102895  -412.293102895  -412.232608117
   464.500  -412.418095053  -412.349027332  -412.295652729  -412.295652729  -412.232583017
   465.000  -412.420898773  -412.354445736  -412.300727493  -412.300727493  -412.232671548
   465.500  -412.425320019  -412.361043103  -412.307068499  -412.307068499  -412.232840684
   466.000  -412.428935451  -412.366416399  -412.312294216  -412.312294216  -412.232930514
   466.500  -412.430341070  -412.369192178  -412.315040503  -412.315040503  -412.232898996
   467.000  -412.429723230  -412.369578918  -412.315521579  -412.315521579  -412.232912267
   467.500  -412.426828065  -412.367326163  -412.313485451  -412.313485451  -412.233034942
   468.000  -412.420245476  -412.361007275  -412.307491808  -412.307491808  -412.233065343
   468.500  -412.410002022  -412.350620217  -412.297514880  -412.297514880  -412.232852100
   469.000  -412.399444233  -412.339484598  -412.286847910  -412.286847910  -412.232544575
   469.500  -412.393072605  -412.332103320  -412.279958134  -412.279958134  -412.232423201
   470.000  -412.392623548  -412.330267905  -412.278590796  -412.278590796  -412.232550062
   470.500  -412.396143257  -412.332136923  -412.280845388  -412.280845388  -412.232741163
   471.000  -412.400493477  -412.334716649  -412.283669178  -412.283669178  -412.232849179
   471.500  -412.403620980  -412.336092479  -412.285102581  -412.285102581  -412.232866860
   472.000  -412.404925913  -412.335769750  -412.284628544  -412.284628544  -412.232827401
   472.500  -412.404883335  -412.334282043  -412.282784827  -412.282784827  -412.232741429
   473.000  -412.404813295  -412.332963888  -412.280932628  -412.280932628  -412.232635247
   473.500  -412.406352033  -412.333437363  -412.280732276  -412.280732276  -412.232595955
   474.000  -412.410153558  -412.336335281  -412.282852945  -412.282852945  -412.232687273
   474.500  -412.415064633  -412.340492535  -412.286159206  -412.286159206  -412.232807684
   475.000  -412.419568632  -412.344395127  -412.289166061  -412.289166061  -412.232769213
   475.500  -412.424240962  -412.348631218  -412.292500473  -412.292500473  -412.232595582
   476.000  -412.431261575  -412.355401375  -412.298406333  -412.298406333  -412.232579161
   476.500  -412.440579286  -412.364678920  -412.306891604  -412.306891604  -412.232832792
   477.000  -412.448508450  -412.372799170  -412.314307324  -412.314307324  -412.233104987
   477.500  -412.451029010  -412.375745687  -412.316637455  -412.316637455  -412.233197638
   478.000  -412.446699974  -412.372051894  -412.312406410  -412.312406410  -412.233122313
   478.500  -412.436806021  -412.362941980  -412.302822149  -412.302822149  -412.232924927
   479.000  -412.424705887  -412.351682893  -412.291128805  -412.291128805  -412.232639901
   479.500  -412.415036885  -412.342805680  -412.281833799  -412.281833799  -412.232398626
   480.000  -412.411562713  -412.339982108  -412.278597812  -412.278597812  -412.232392860
   480.500  -412.414461640  -412.343339653  -412.281561314  -412.281561314  -412.232616820
   481.000  -412.420448184  -412.349585032  -412.287471885  -412.287471885  -412.232839923
   481.500  -412.426020662  -412.355228854  -412.292899851  -412.292899851  -412.232899511
   482.000  -412.429910746  -412.359012995  -412.296647201  -412.296647201  -412.232855084
   482.500  -412.432417234  -412.361235237  -412.299053775  -412.299053775  -412.232878441
   483.000  -412.433097131  -412.361447854  -412.299683212  -412.299683212  -412.233032925
   483.500  -412.430017583  -412.357718399  -412.296585538  -412.296585538  -412.233136247
   484.000  -412.422419686  -412.349296151  -412.288981130  -412.288981130  -412.232899452
   484.500  -412.414480793  -412.340368929  -412.281036688  -412.281036688  -412.232385246
   485.000  -412.413736548  -412.338478504  -412.280279119  -412.280279119  -412.232212685
   485.500  -412.422600412  -412.346036999  -412.289089596  -412.289089596  -412.232616559
   486.000  -412.435329687  -412.357298098  -412.301666053  -412.301666053  -412.233029961
   486.500  -412.445425401  -412.365767508  -412.311448485  -412.311448485  -412.233116164
   487.000  -412.450805084  -412.369381507  -412.316318799  -412.316318799  -412.233018820
   487.500  -412.452362978  -412.369064957  -412.317164693  -412.317164693  -412.232927091
   488.000  -412.451284547  -412.366036652  -412.315183331  -412.315183331  -412.232903376
   488.500  -412.448023225  -412.360774426  -412.310840056  -412.310840056  -412.232908231
   489.000  -412.442807787  -412.353509292  -412.304364369  -412.304364369  -412.232853542
   489.500  -412.436840392  -412.345417765  -412.296948960  -412.296948960  -412.232687263
   490.000  -412.432891547  -412.339227770  -412.291355015  -412.291355015  -412.232489916
   490.500  -412.434004011  -412.337956788  -412.290639945  -412.290639945  -412.232432316
   491.000  -412.441033022  -412.342491868  -412.295712466  -412.295712466  -412.232589115
   491.500  -412.451525436  -412.350483211  -412.304201860  -412.304201860  -412.232895762
   492.000  -412.460663478  -412.357262153  -412.311378929  -412.311378929  -412.233234753
   492.500  -412.463231805  -412.357759213  -412.312111455  -412.312111455  -412.233445496
   493.000  -412.456279914  -412.349121229  -412.303530604  -412.303530604  -412.233319694
   493.500  -412.442180969  -412.333746193  -412.288096448  -412.288096448  -412.232780601
   494.000  -412.429168544  -412.319839118  -412.274115275  -412.274115275  -412.232248360
   494.500  -412.424952933  -412.315066826  -412.269325670  -412.269325670  -412.232301160
   495.000  -412.429001708  -412.318887298  -412.273148766  -412.273148766  -412.232712055
   495.500  -412.435293073  -412.325307457  -412.279466651  -412.279466651  -412.232935550
   496.000  -412.439853556  -412.330400615  -412.284206872  -412.284206872  -412.232906990
   496.500  -412.442375015  -412.333891044  -412.286995468  -412.286995468  -412.232810503
   497.000  -412.443876801  -412.336798653  -412.288823958  -412.288823958  -412.232763483
   497.500  -412.444905256  -412.339631408  -412.290236151  -412.290236151  -412.232785576
   498.000  -412.445141540  -412.341986794  -412.290920801  -412.290920801  -412.232840338
   498.500  -412.443949609  -412.343102487  -412.290242550  -412.290242550  -412.232852442
   499.000  -412.441484127  -412.342971251  -412.288343358  -412.288343358  -412.232746213
   499.500  -412.439688172  -412.343354979  -412.287138528  -412.287138528  -412.232537835
   500.000  -412.441855891  -412.347382549  -412.289886237  -412.289886237  -412.232397127
