 N     7.0   -1.91664760   -0.16393434   -0.19767860   14.00307401
 N     7.0    1.78762793    2.40342768   -0.09883505   14.00307401
 C     6.0   -0.73851070    2.20449112   -0.13967226   12.00000000
 C     6.0    3.23111973    0.19836339    0.11302473   12.00000000
 C     6.0    2.12543336   -2.15123518    0.01477256   12.00000000
 C     6.0   -0.58966546   -2.52646203    0.15754481   12.00000000
 O     8.0   -1.74092613   -4.43637597    0.00134782   15.99491464
 O     8.0   -2.04930942    4.18117214    0.16032664   15.99491464
 H     1.0   -3.98529605   -0.31588939    0.09075798    1.00782504
 H     1.0    2.25689578    4.19059680    0.00831047    1.00782504
 H     1.0    5.42877865    0.64302537   -0.23370129    1.00782504
 H     1.0    3.41018424   -4.01108109   -0.19218460    1.00782504
