    0.000085486    0.000107969    0.000033639
   -0.000147050    0.000159810    0.000117043
    0.000087984    0.000093026   -0.000133919
   -0.000176913    0.000044164    0.000217339
    0.000299044   -0.000059342   -0.000125788
   -0.000030274    0.000286617    0.000218557
    0.000018091   -0.000112212   -0.000107422
   -0.000085144   -0.000164459   -0.000006889
   -0.000586170   -0.002971363    0.000177120
    0.001312344    0.000770739   -0.001540602
   -0.000256713   -0.001284097   -0.000686223
   -0.000370796    0.000042672   -0.000617686
