 N     7.0   -1.98279359   -0.03485747    0.14652263   14.00307401
 N     7.0    1.83952388    2.26483761   -0.23018959   14.00307401
 C     6.0   -0.88183180    2.29686948   -0.10228656   12.00000000
 C     6.0    3.44135024    0.12300761    0.14697714   12.00000000
 C     6.0    2.17145944   -2.15706226    0.06698991   12.00000000
 C     6.0   -0.70583900   -2.41441576    0.01276098   12.00000000
 O     8.0   -1.73452919   -4.61605675   -0.13728578   15.99491464
 O     8.0   -2.09288900    4.32065539    0.08460025   15.99491464
 H     1.0   -3.70488955   -0.07737272    0.27165461    1.00782504
 H     1.0    2.70077984    3.74247912   -0.50103424    1.00782504
 H     1.0    5.58007822    0.29364948    0.30065282    1.00782504
 H     1.0    3.23046107   -4.08208250    0.31676135    1.00782504
