    0.000019695   -0.000223555   -0.000349237
   -0.000297036   -0.000031182   -0.000125454
    0.000049755   -0.000074421   -0.000070416
    0.000387563    0.000460949    0.000079778
   -0.000759759   -0.000293096   -0.000444200
    0.000553593    0.000155481    0.000401553
    0.000082293   -0.000013517    0.000093835
   -0.000015227   -0.000046344    0.000106919
   -0.002529751    0.001081405   -0.000005208
    0.004500123    0.000910628    0.002089024
   -0.002081283   -0.002670938    0.000453946
    0.000537733    0.001939648    0.001003829
