     0.000  -412.508401636  -412.335989695  -412.280744992  -412.280744992  -412.230814507
     0.500  -412.514530105  -412.337468976  -412.285357827  -412.285357827  -412.231451587
     1.000  -412.531766175  -412.350483995  -412.301286383  -412.301286383  -412.232622761
     1.500  -412.542289091  -412.357308867  -412.310816569  -412.310816569  -412.232767962
     2.000  -412.541072558  -412.353070791  -412.309036212  -412.309036212  -412.232371878
     2.500  -412.532109213  -412.341875593  -412.300041188  -412.300041188  -412.232001603
     3.000  -412.520238877  -412.328621622  -412.288748532  -412.288748532  -412.231785953
     3.500  -412.508540028  -412.316408436  -412.278283622  -412.278283622  -412.231685637
     4.000  -412.498544824  -412.306763705  -412.270196509  -412.270196509  -412.231646260
     4.500  -412.490926673  -412.300336964  -412.265154187  -412.265154187  -412.231629499
     5.000  -412.486034741  -412.297439152  -412.263480645  -412.263480645  -412.231613627
     5.500  -412.484194239  -412.298347499  -412.265462438  -412.265462438  -412.231597817
     6.000  -412.485701017  -412.303307023  -412.271343979  -412.271343979  -412.231607883
     6.500  -412.490427023  -412.312140783  -412.280931759  -412.280931759  -412.231693787
     7.000  -412.497114307  -412.323548901  -412.292883008  -412.292883008  -412.231909794
     7.500  -412.502665079  -412.334398130  -412.303993938  -412.303993938  -412.232283940
     8.000  -412.501987592  -412.339557093  -412.309048128  -412.309048128  -412.232726672
     8.500  -412.489893896  -412.333765653  -412.302721908  -412.302721908  -412.232811558
     9.000  -412.467663505  -412.318169821  -412.286161171  -412.286161171  -412.231921422
     9.500  -412.449860838  -412.307144781  -412.273823319  -412.273823319  -412.230851031
    10.000  -412.451204255  -412.315259012  -412.280368017  -412.280368017  -412.231432285
    10.500  -412.464007606  -412.334807621  -412.298094974  -412.298094974  -412.232549273
    11.000  -412.471511749  -412.349110902  -412.310248122  -412.310248122  -412.232736560
    11.500  -412.468462589  -412.352961259  -412.311586412  -412.311586412  -412.232383044
    12.000  -412.458359132  -412.349795748  -412.305640441  -412.305640441  -412.232030960
    12.500  -412.445767029  -412.344016863  -412.297024619  -412.297024619  -412.231821379
    13.000  -412.433655547  -412.338402857  -412.288743828  -412.288743828  -412.231721442
    13.500  -412.423574208  -412.334345662  -412.282340668  -412.282340668  -412.231673929
    14.000  -412.416379733  -412.332591214  -412.278622752  -412.278622752  -412.231637295
    14.500  -412.412759242  -412.333747423  -412.278213352  -412.278213352  -412.231600518
    15.000  -412.413355239  -412.338405925  -412.281694367  -412.281694367  -412.231581842
    15.500  -412.418471000  -412.346848013  -412.289322896  -412.289322896  -412.231618831
    16.000  -412.427528686  -412.358506557  -412.300489111  -412.300489111  -412.231747564
    16.500  -412.438562398  -412.371455103  -412.313208557  -412.313208557  -412.231995217
    17.000  -412.447905834  -412.382086648  -412.323811148  -412.323811148  -412.232369458
    17.500  -412.450365867  -412.385268543  -412.327121615  -412.327121615  -412.232762179
    18.000  -412.441405617  -412.376503227  -412.318653607  -412.318653607  -412.232736403
    18.500  -412.423686589  -412.358453376  -412.301158622  -412.301158622  -412.231794197
    19.000  -412.412091933  -412.345985781  -412.289624726  -412.289624726  -412.230905237
    19.500  -412.418780950  -412.351290971  -412.296256807  -412.296256807  -412.231606279
    20.000  -412.434304761  -412.365040567  -412.311544069  -412.311544069  -412.232630965
    20.500  -412.442997828  -412.371726081  -412.319709017  -412.319709017  -412.232757123
    21.000  -412.440720076  -412.367326251  -412.316523493  -412.316523493  -412.232398447
    21.500  -412.431338495  -412.355772627  -412.305808806  -412.305808806  -412.232039931
    22.000  -412.419720169  -412.341967196  -412.292419008  -412.292419008  -412.231802677
    22.500  -412.409352749  -412.329426855  -412.279857239  -412.279857239  -412.231659226
    23.000  -412.402430307  -412.320385152  -412.270360098  -412.270360098  -412.231569018
    23.500  -412.400319894  -412.316263205  -412.265369287  -412.265369287  -412.231516920
    24.000  -412.403741095  -412.317847550  -412.265710090  -412.265710090  -412.231510531
    24.500  -412.412647733  -412.325165026  -412.271467441  -412.271467441  -412.231562525
    25.000  -412.426061788  -412.337306454  -412.281805732  -412.281805732  -412.231676994
    25.500  -412.442025984  -412.352373927  -412.294910414  -412.294910414  -412.231861485
    26.000  -412.457547231  -412.367416272  -412.307917706  -412.307917706  -412.232141491
    26.500  -412.468393786  -412.378220205  -412.316704281  -412.316704281  -412.232519160
    27.000  -412.469496146  -412.379701382  -412.316283617  -412.316283617  -412.232800746
    27.500  -412.458367286  -412.369302482  -412.304229700  -412.304229700  -412.232440654
    28.000  -412.442489696  -412.354370648  -412.288060606  -412.288060606  -412.231304690
    28.500  -412.438617027  -412.351502183  -412.284520837  -412.284520837  -412.230958612
    29.000  -412.451521053  -412.365379800  -412.298299982  -412.298299982  -412.232003434
    29.500  -412.466684457  -412.381496014  -412.314739177  -412.314739177  -412.232720890
    30.000  -412.472010400  -412.387797389  -412.321598326  -412.321598326  -412.232628925
    30.500  -412.466788859  -412.383580877  -412.318054723  -412.318054723  -412.232284177
    31.000  -412.455170094  -412.372950624  -412.308173309  -412.308173309  -412.232000135
    31.500  -412.441194007  -412.359863598  -412.295924328  -412.295924328  -412.231808349
    32.000  -412.427813016  -412.347174359  -412.284198413  -412.284198413  -412.231675981
    32.500  -412.417158727  -412.336922558  -412.275064484  -412.275064484  -412.231588893
    33.000  -412.410675110  -412.330478136  -412.269899370  -412.269899370  -412.231551198
    33.500  -412.409047289  -412.328479215  -412.269313443  -412.269313443  -412.231561647
    34.000  -412.412216661  -412.330851522  -412.273166833  -412.273166833  -412.231609185
    34.500  -412.419522191  -412.336948328  -412.280719185  -412.280719185  -412.231694629
    35.000  -412.429681692  -412.345524175  -412.290622592  -412.290622592  -412.231851702
    35.500  -412.440365842  -412.354301844  -412.300501131  -412.300501131  -412.232133287
    36.000  -412.447619296  -412.359372677  -412.306376880  -412.306376880  -412.232528150
    36.500  -412.446537159  -412.355847032  -412.303347153  -412.303347153  -412.232741865
    37.000  -412.436117121  -412.342684490  -412.290439802  -412.290439802  -412.232141938
    37.500  -412.427147615  -412.330596466  -412.278508199  -412.278508199  -412.230986542
    38.000  -412.435892223  -412.335814238  -412.283904750  -412.283904750  -412.231148838
    38.500  -412.460078867  -412.356172146  -412.304447352  -412.304447352  -412.232347982
    39.000  -412.482253123  -412.374439098  -412.322778307  -412.322778307  -412.232806821
    39.500  -412.493259461  -412.381688592  -412.329871635  -412.329871635  -412.232554588
    40.000  -412.494683315  -412.379670197  -412.327479258  -412.327479258  -412.232193590
    40.500  -412.490928341  -412.372889387  -412.320190735  -412.320190735  -412.231941013
    41.000  -412.485426780  -412.364844848  -412.311620151  -412.311620151  -412.231791348
    41.500  -412.480291934  -412.357706706  -412.304033432  -412.304033432  -412.231712652
    42.000  -412.476662164  -412.352669444  -412.298671492  -412.298671492  -412.231685450
    42.500  -412.474961466  -412.350208301  -412.296004751  -412.296004751  -412.231689485
    43.000  -412.475188954  -412.350362598  -412.296024551  -412.296024551  -412.231703273
    43.500  -412.477208312  -412.353017372  -412.298543664  -412.298543664  -412.231723844
    44.000  -412.480776868  -412.357929676  -412.303238432  -412.303238432  -412.231779610
    44.500  -412.485129992  -412.364312297  -412.309248289  -412.309248289  -412.231929799
    45.000  -412.488168571  -412.370024062  -412.314381502  -412.314381502  -412.232238219
    45.500  -412.485771785  -412.370880346  -412.314448168  -412.314448168  -412.232657355
    46.000  -412.473120128  -412.361964909  -412.304607477  -412.304607477  -412.232761003
    46.500  -412.451384644  -412.344305478  -412.286067827  -412.286067827  -412.231860590
    47.000  -412.435500237  -412.332657840  -412.273828064  -412.273828064  -412.230774858
    47.500  -412.440366006  -412.341774972  -412.282769434  -412.282769434  -412.231502067
    48.000  -412.456313740  -412.361935410  -412.303030773  -412.303030773  -412.232748107
    48.500  -412.464692908  -412.374482297  -412.315670940  -412.315670940  -412.232909026
    49.000  -412.460568466  -412.374440059  -412.315503498  -412.315503498  -412.232464234
    49.500  -412.448896004  -412.366670516  -412.307322746  -412.307322746  -412.232037446
    50.000  -412.435524686  -412.356895567  -412.296892665  -412.296892665  -412.231799893
    50.500  -412.423949617  -412.348477648  -412.287676604  -412.287676604  -412.231715255
    51.000  -412.415481227  -412.342605248  -412.280983818  -412.280983818  -412.231702808
    51.500  -412.410328720  -412.339384953  -412.277036867  -412.277036867  -412.231698311
    52.000  -412.408533388  -412.338781108  -412.275896412  -412.275896412  -412.231677388
    52.500  -412.410357688  -412.341011667  -412.277842638  -412.277842638  -412.231651069
    53.000  -412.416140901  -412.346410703  -412.283228961  -412.283228961  -412.231651656
    53.500  -412.425820024  -412.354954260  -412.292004480  -412.292004480  -412.231723835
    54.000  -412.438260768  -412.365594233  -412.303054529  -412.303054529  -412.231923173
    54.500  -412.450496832  -412.375491608  -412.313453871  -412.313453871  -412.232293684
    55.000  -412.457363674  -412.379627393  -412.318114941  -412.318114941  -412.232747165
    55.500  -412.453452582  -412.372712432  -412.311752824  -412.311752824  -412.232805957
    56.000  -412.440408912  -412.356441045  -412.296179549  -412.296179549  -412.231841839
    56.500  -412.433626889  -412.346202288  -412.286969408  -412.286969408  -412.230867152
    57.000  -412.446266353  -412.355202001  -412.297420117  -412.297420117  -412.231673933
    57.500  -412.467276667  -412.372574812  -412.316551199  -412.316551199  -412.232792750
    58.000  -412.479206423  -412.381142819  -412.326963492  -412.326963492  -412.232852022
    58.500  -412.478316131  -412.377407174  -412.324985930  -412.324985930  -412.232389933
    59.000  -412.469677709  -412.366585595  -412.315757293  -412.315757293  -412.231986353
    59.500  -412.458694365  -412.354141492  -412.304723566  -412.304723566  -412.231779826
    60.000  -412.448368944  -412.343083551  -412.294897885  -412.294897885  -412.231709973
    60.500  -412.439820199  -412.334504978  -412.287377548  -412.287377548  -412.231690909
    61.000  -412.433422285  -412.328733050  -412.282488648  -412.282488648  -412.231674921
    61.500  -412.429494218  -412.326025973  -412.280481616  -412.280481616  -412.231654209
    62.000  -412.428422734  -412.326700281  -412.281660792  -412.281660792  -412.231642730
    62.500  -412.430459870  -412.330935303  -412.286185977  -412.286185977  -412.231662059
    63.000  -412.435386126  -412.338438956  -412.293740881  -412.293740881  -412.231742650
    63.500  -412.442062563  -412.348001778  -412.303088543  -412.303088543  -412.231926581
    64.000  -412.447866152  -412.356929554  -412.311513736  -412.311513736  -412.232249869
    64.500  -412.448378484  -412.360724092  -412.314524555  -412.314524555  -412.232645872
    65.000  -412.438861466  -412.354546448  -412.307345591  -412.307345591  -412.232740588
    65.500  -412.419976131  -412.338924811  -412.290657015  -412.290657015  -412.231993235
    66.000  -412.403946226  -412.325932144  -412.276753150  -412.276753150  -412.231027962
    66.500  -412.404154162  -412.328838677  -412.279077904  -412.279077904  -412.231427818
    67.000  -412.415346584  -412.342365947  -412.292357394  -412.292357394  -412.232412265
    67.500  -412.422967854  -412.351991251  -412.301934562  -412.301934562  -412.232634684
    68.000  -412.421745101  -412.352469439  -412.302414083  -412.302414083  -412.232330757
    68.500  -412.414688070  -412.346811502  -412.296703689  -412.296703689  -412.232004840
    69.000  -412.406095138  -412.339300234  -412.289031239  -412.289031239  -412.231815041
    69.500  -412.398689197  -412.332637976  -412.282078908  -412.282078908  -412.231737577
    70.000  -412.393646660  -412.327981449  -412.277006858  -412.277006858  -412.231714056
    70.500  -412.391369997  -412.325719517  -412.274215635  -412.274215635  -412.231698005
    71.000  -412.392126624  -412.326114532  -412.273985023  -412.273985023  -412.231674003
    71.500  -412.396271989  -412.329527260  -412.276692695  -412.276692695  -412.231654365
    72.000  -412.404051690  -412.336222727  -412.282622883  -412.282622883  -412.231669091
    72.500  -412.415155305  -412.345927069  -412.291524775  -412.291524775  -412.231754263
    73.000  -412.428191958  -412.357301424  -412.302093254  -412.302093254  -412.231944767
    73.500  -412.440246441  -412.367495500  -412.311529913  -412.311529913  -412.232247147
    74.000  -412.447010985  -412.372266996  -412.315673554  -412.315673554  -412.232545612
    74.500  -412.444852350  -412.368027723  -412.311060820  -412.311060820  -412.232484884
    75.000  -412.435904061  -412.356914204  -412.299996733  -412.299996733  -412.231782337
    75.500  -412.430739688  -412.349471614  -412.293190940  -412.293190940  -412.231179275
    76.000  -412.437581809  -412.353923804  -412.298924324  -412.298924324  -412.231627552
    76.500  -412.450432457  -412.364360466  -412.311180086  -412.311180086  -412.232355713
    77.000  -412.458397920  -412.370045694  -412.319018803  -412.319018803  -412.232534348
    77.500  -412.457504755  -412.367174019  -412.318432673  -412.318432673  -412.232331628
    78.000  -412.449807121  -412.357932105  -412.311449353  -412.311449353  -412.232050293
    78.500  -412.439180672  -412.346279445  -412.301910641  -412.301910641  -412.231805838
    79.000  -412.429261602  -412.335895930  -412.293407132  -412.293407132  -412.231640567
    79.500  -412.422598280  -412.329347122  -412.288432327  -412.288432327  -412.231579274
    80.000  -412.420218449  -412.327660845  -412.287953713  -412.287953713  -412.231607370
    80.500  -412.421805244  -412.330503910  -412.291589499  -412.291589499  -412.231676475
    81.000  -412.426372938  -412.336850662  -412.298280219  -412.298280219  -412.231751600
    81.500  -412.432785182  -412.345492954  -412.306804249  -412.306804249  -412.231840701
    82.000  -412.439685063  -412.354966249  -412.315709535  -412.315709535  -412.231981928
    82.500  -412.445010432  -412.363069261  -412.322835522  -412.322835522  -412.232201500
    83.000  -412.445742433  -412.366615335  -412.325076906  -412.325076906  -412.232440098
    83.500  -412.439041477  -412.362580439  -412.319529770  -412.319529770  -412.232450297
    84.000  -412.425851101  -412.351715759  -412.307110944  -412.307110944  -412.231947940
    84.500  -412.414061607  -412.341740478  -412.295723531  -412.295723531  -412.231312762
    85.000  -412.412465530  -412.341340628  -412.294188723  -412.294188723  -412.231444333
    85.500  -412.419382305  -412.348819638  -412.300834708  -412.300834708  -412.232080470
    86.000  -412.425772446  -412.355191241  -412.306601897  -412.306601897  -412.232383836
    86.500  -412.426332950  -412.355224184  -412.306156756  -412.306156756  -412.232301194
    87.000  -412.421379183  -412.349293795  -412.299790531  -412.299790531  -412.232111457
    87.500  -412.413365055  -412.339903627  -412.289939054  -412.289939054  -412.231942029
    88.000  -412.404836963  -412.329642238  -412.279142692  -412.279142692  -412.231789758
    88.500  -412.398245140  -412.321001013  -412.269854765  -412.269854765  -412.231634086
    89.000  -412.396060424  -412.316494713  -412.264561819  -412.264561819  -412.231509410
    89.500  -412.400171961  -412.318065952  -412.265186980  -412.265186980  -412.231490397
    90.000  -412.410792972  -412.325995533  -412.272002162  -412.272002162  -412.231604477
    90.500  -412.426070043  -412.338512704  -412.283238922  -412.283238922  -412.231797491
    91.000  -412.442867028  -412.352572121  -412.295862849  -412.295862849  -412.232007222
    91.500  -412.457748219  -412.364828907  -412.306545693  -412.306545693  -412.232221478
    92.000  -412.467348727  -412.372000707  -412.312034378  -412.312034378  -412.232431275
    92.500  -412.468782118  -412.371264114  -412.309568463  -412.309568463  -412.232513075
    93.000  -412.461668008  -412.362270769  -412.298916816  -412.298916816  -412.232196560
    93.500  -412.451607448  -412.350616559  -412.285855403  -412.285855403  -412.231495679
    94.000  -412.448836714  -412.346518944  -412.280787034  -412.280787034  -412.231205152
    94.500  -412.457324329  -412.353966048  -412.287773727  -412.287773727  -412.231736229
    95.000  -412.469676989  -412.365647221  -412.299412060  -412.299412060  -412.232286518
    95.500  -412.477358023  -412.373137599  -412.307095100  -412.307095100  -412.232362743
    96.000  -412.478157633  -412.374313992  -412.308545650  -412.308545650  -412.232172598
    96.500  -412.474146143  -412.371279694  -412.305798490  -412.305798490  -412.231972694
    97.000  -412.468021673  -412.366713763  -412.301536781  -412.301536781  -412.231851483
    97.500  -412.461588737  -412.362365338  -412.297550470  -412.297550470  -412.231797206
    98.000  -412.455798963  -412.359110843  -412.294753683  -412.294753683  -412.231763183
    98.500  -412.451365722  -412.357580951  -412.293788032  -412.293788032  -412.231709756
    99.000  -412.449263591  -412.358668204  -412.295528383  -412.295528383  -412.231646955
    99.500  -412.450530710  -412.363337042  -412.300895107  -412.300895107  -412.231642394
   100.000  -412.455261900  -412.371620267  -412.309870398  -412.309870398  -412.231765426
   100.500  -412.461641662  -412.381651215  -412.320544208  -412.320544208  -412.232014272
   101.000  -412.466014915  -412.389726698  -412.329186539  -412.329186539  -412.232327085
   101.500  -412.463938737  -412.391343678  -412.331290477  -412.331290477  -412.232607062
   102.000  -412.451964220  -412.382960521  -412.323352713  -412.323352713  -412.232636080
   102.500  -412.431120883  -412.365469594  -412.306365216  -412.306365216  -412.232087716
   103.000  -412.410794849  -412.348094867  -412.289700551  -412.289700551  -412.231237503
   103.500  -412.403297174  -412.343019775  -412.285659328  -412.285659328  -412.231248741
   104.000  -412.408552944  -412.350136671  -412.294112903  -412.294112903  -412.232064220
   104.500  -412.414889672  -412.357823188  -412.303281070  -412.303281070  -412.232503568
   105.000  -412.414642400  -412.358480086  -412.305381334  -412.305381334  -412.232372028
   105.500  -412.408412268  -412.352744169  -412.300923220  -412.300923220  -412.232070890
   106.000  -412.400034879  -412.344454919  -412.293685632  -412.293685632  -412.231839668
   106.500  -412.392800571  -412.336891282  -412.286929669  -412.286929669  -412.231722618
   107.000  -412.388482304  -412.331813839  -412.282415507  -412.282415507  -412.231691924
   107.500  -412.387602003  -412.329738083  -412.280661851  -412.280661851  -412.231705433
   108.000  -412.390010981  -412.330512616  -412.281523001  -412.281523001  -412.231724107
   108.500  -412.395473632  -412.333904392  -412.284767113  -412.284767113  -412.231723760
   109.000  -412.403998442  -412.339930603  -412.290408777  -412.290408777  -412.231721679
   109.500  -412.415542594  -412.348565721  -412.298422356  -412.298422356  -412.231788761
   110.000  -412.429008746  -412.358743274  -412.307747444  -412.307747444  -412.231998888
   110.500  -412.441288665  -412.367399667  -412.315343201  -412.315343201  -412.232338431
   111.000  -412.447710008  -412.369910823  -412.316637376  -412.316637376  -412.232614954
   111.500  -412.445186645  -412.363222809  -412.308678619  -412.308678619  -412.232426097
   112.000  -412.437812611  -412.351434592  -412.295728365  -412.295728365  -412.231631198
   112.500  -412.437298660  -412.346260166  -412.289691828  -412.289691828  -412.231206432
   113.000  -412.449262033  -412.353384016  -412.296377600  -412.296377600  -412.231838012
   113.500  -412.464722706  -412.363996666  -412.306964251  -412.306964251  -412.232470580
   114.000  -412.473424787  -412.368074556  -412.311320966  -412.311320966  -412.232470157
   114.500  -412.473669772  -412.364146672  -412.307845260  -412.307845260  -412.232162344
   115.000  -412.468979388  -412.355916606  -412.300125561  -412.300125561  -412.231876855
   115.500  -412.463238644  -412.347404028  -412.292086253  -412.292086253  -412.231707278
   116.000  -412.458901706  -412.341148008  -412.286203475  -412.286203475  -412.231642255
   116.500  -412.456949983  -412.338171540  -412.283462332  -412.283462332  -412.231650166
   117.000  -412.457299102  -412.338391923  -412.283756010  -412.283756010  -412.231702918
   117.500  -412.459237905  -412.341068087  -412.286311131  -412.286311131  -412.231772189
   118.000  -412.461877144  -412.345254564  -412.290134704  -412.290134704  -412.231827479
   118.500  -412.464599066  -412.350253812  -412.294476696  -412.294476696  -412.231850806
   119.000  -412.467276809  -412.355837943  -412.299071186  -412.299071186  -412.231870128
   119.500  -412.469810739  -412.361790104  -412.303700718  -412.303700718  -412.231972092
   120.000  -412.470923390  -412.366704071  -412.307022733  -412.307022733  -412.232215353
   120.500  -412.467583283  -412.367407945  -412.306022042  -412.306022042  -412.232440030
   121.000  -412.457633067  -412.361584338  -412.298650313  -412.298650313  -412.232229531
   121.500  -412.445352825  -412.353338587  -412.289348239  -412.289348239  -412.231541787
   122.000  -412.440720346  -412.352495695  -412.288210345  -412.288210345  -412.231348333
   122.500  -412.446313080  -412.361556335  -412.297785659  -412.297785659  -412.232005412
   123.000  -412.452892194  -412.371284043  -412.308656034  -412.308656034  -412.232500471
   123.500  -412.452384862  -412.373625425  -412.312513370  -412.312513370  -412.232432342
   124.000  -412.444571447  -412.368348113  -412.308927212  -412.308927212  -412.232134696
   124.500  -412.433248450  -412.359200344  -412.301533947  -412.301533947  -412.231878448
   125.000  -412.422122357  -412.349825121  -412.293923793  -412.293923793  -412.231732631
   125.500  -412.413447656  -412.342418591  -412.288267004  -412.288267004  -412.231681607
   126.000  -412.408087002  -412.337803927  -412.285364641  -412.285364641  -412.231694895
   126.500  -412.405913491  -412.335839050  -412.285046815  -412.285046815  -412.231744968
   127.000  -412.406225744  -412.335833009  -412.286585950  -412.286585950  -412.231806781
   127.500  -412.408149836  -412.336951778  -412.289097212  -412.289097212  -412.231856898
   128.000  -412.411000787  -412.338573424  -412.291898854  -412.291898854  -412.231888048
   128.500  -412.414397507  -412.340404299  -412.294624838  -412.294624838  -412.231930733
   129.000  -412.417815710  -412.342019865  -412.296777761  -412.296777761  -412.232057245
   129.500  -412.419651388  -412.341914843  -412.296795913  -412.296795913  -412.232291342
   130.000  -412.417241723  -412.337501430  -412.292079860  -412.292079860  -412.232405427
   130.500  -412.410444714  -412.328666037  -412.282574849  -412.282574849  -412.231963426
   131.000  -412.406871545  -412.323001824  -412.275994790  -412.275994790  -412.231259801
   131.500  -412.416279342  -412.330259994  -412.282194484  -412.282194484  -412.231484564
   132.000  -412.435308805  -412.347153253  -412.297897454  -412.297897454  -412.232338697
   132.500  -412.451234513  -412.361089973  -412.310463088  -412.310463088  -412.232656670
   133.000  -412.457678481  -412.365809640  -412.313613975  -412.313613975  -412.232425261
   133.500  -412.456542072  -412.363267608  -412.309357660  -412.309357660  -412.232084012
   134.000  -412.452229844  -412.357864508  -412.302188426  -412.302188426  -412.231839989
   134.500  -412.448208507  -412.353032863  -412.295641855  -412.295641855  -412.231713678
   135.000  -412.446350695  -412.350599889  -412.291638116  -412.291638116  -412.231673342
   135.500  -412.447272925  -412.351142382  -412.290820132  -412.290820132  -412.231684999
   136.000  -412.450804706  -412.354457896  -412.293024425  -412.293024425  -412.231724012
   136.500  -412.456359281  -412.359938972  -412.297652247  -412.297652247  -412.231777873
   137.000  -412.463119131  -412.366760615  -412.303859212  -412.303859212  -412.231854852
   137.500  -412.469941676  -412.373786032  -412.310458462  -412.310458462  -412.231981781
   138.000  -412.475013245  -412.379215098  -412.315579077  -412.315579077  -412.232181863
   138.500  -412.475653724  -412.380378575  -412.316473629  -412.316473629  -412.232414594
   139.000  -412.469147969  -412.374542330  -412.310366601  -412.310366601  -412.232488930
   139.500  -412.455750509  -412.361888996  -412.297486487  -412.297486487  -412.232077577
   140.000  -412.442786466  -412.349619261  -412.285192537  -412.285192537  -412.231312413
   140.500  -412.441326142  -412.348678054  -412.284630463  -412.284630463  -412.231250384
   141.000  -412.452060430  -412.359702750  -412.296532162  -412.296532162  -412.232059922
   141.500  -412.463354873  -412.371097022  -412.309216312  -412.309216312  -412.232597979
   142.000  -412.466169216  -412.373900220  -412.313536831  -412.313536831  -412.232520666
   142.500  -412.460207923  -412.367885020  -412.309090576  -412.309090576  -412.232203133
   143.000  -412.449454550  -412.357077215  -412.299783199  -412.299783199  -412.231919790
   143.500  -412.437949694  -412.345542058  -412.289611991  -412.289611991  -412.231738084
   144.000  -412.428427540  -412.336032268  -412.281299725  -412.281299725  -412.231642826
   144.500  -412.422380173  -412.330059434  -412.276345665  -412.276345665  -412.231602092
   145.000  -412.420460753  -412.328298718  -412.275425310  -412.275425310  -412.231590859
   145.500  -412.422824213  -412.330928961  -412.278728335  -412.278728335  -412.231601291
   146.000  -412.429233416  -412.337738831  -412.286060811  -412.286060811  -412.231649618
   146.500  -412.438829648  -412.347893971  -412.296609532  -412.296609532  -412.231771905
   147.000  -412.449643720  -412.359445555  -412.308449363  -412.308449363  -412.232000380
   147.500  -412.458228857  -412.368957948  -412.318173481  -412.318173481  -412.232322574
   148.000  -412.460061693  -412.371898933  -412.321294586  -412.321294586  -412.232615806
   148.500  -412.451692867  -412.364782037  -412.314398977  -412.314398977  -412.232565749
   149.000  -412.435388134  -412.349801551  -412.299787806  -412.299787806  -412.231876761
   149.500  -412.422216708  -412.337940015  -412.288547908  -412.288547908  -412.231115395
   150.000  -412.423020940  -412.339989169  -412.291485978  -412.291485978  -412.231385783
   150.500  -412.434199780  -412.352373570  -412.304894996  -412.304894996  -412.232223862
   151.000  -412.443430204  -412.362845466  -412.316317336  -412.316317336  -412.232583032
   151.500  -412.444044284  -412.364800679  -412.318975452  -412.318975452  -412.232445864
   152.000  -412.436816134  -412.359034180  -412.313572745  -412.313572745  -412.232169787
   152.500  -412.425267957  -412.349048219  -412.303590633  -412.303590633  -412.231939941
   153.000  -412.412681392  -412.338081681  -412.292287966  -412.292287966  -412.231788566
   153.500  -412.401359204  -412.328388572  -412.281956361  -412.281956361  -412.231692682
   154.000  -412.392827499  -412.321449489  -412.274121893  -412.274121893  -412.231624058
   154.500  -412.388186190  -412.318327581  -412.269895514  -412.269895514  -412.231572713
   155.000  -412.388220717  -412.319780826  -412.270081291  -412.270081291  -412.231557071
   155.500  -412.393113437  -412.325972886  -412.274884214  -412.274884214  -412.231614933
   156.000  -412.401902626  -412.335930208  -412.283364510  -412.283364510  -412.231777928
   156.500  -412.412066367  -412.347122310  -412.293017228  -412.293017228  -412.232053086
   157.000  -412.419535994  -412.355471562  -412.299785549  -412.299785549  -412.232401893
   157.500  -412.419555472  -412.356194175  -412.298920253  -412.298920253  -412.232655329
   158.000  -412.409581720  -412.346686190  -412.287881523  -412.287881523  -412.232433194
   158.500  -412.394563834  -412.331796374  -412.271620510  -412.271620510  -412.231593382
   159.000  -412.387396651  -412.324310757  -412.263026683  -412.263026683  -412.231075832
   159.500  -412.395515122  -412.331607828  -412.269506732  -412.269506732  -412.231603307
   160.000  -412.411693117  -412.346485509  -412.283781132  -412.283781132  -412.232245801
   160.500  -412.425712759  -412.358793473  -412.295583613  -412.295583613  -412.232381113
   161.000  -412.433977321  -412.364989138  -412.301299410  -412.301299410  -412.232244037
   161.500  -412.437457957  -412.366062720  -412.301910846  -412.301910846  -412.232077318
   162.000  -412.438169993  -412.364021060  -412.299460111  -412.299460111  -412.231940563
   162.500  -412.437991096  -412.360725179  -412.295858733  -412.295858733  -412.231826952
   163.000  -412.438594726  -412.357842590  -412.292818963  -412.292818963  -412.231726747
   163.500  -412.441497742  -412.356907801  -412.291906358  -412.291906358  -412.231646953
   164.000  -412.447888596  -412.359160206  -412.294372724  -412.294372724  -412.231613466
   164.500  -412.458210662  -412.365132942  -412.300740689  -412.300740689  -412.231654201
   165.000  -412.471745658  -412.374235880  -412.310384193  -412.310384193  -412.231778980
   165.500  -412.486478753  -412.384612443  -412.321388048  -412.321388048  -412.231982896
   166.000  -412.499229735  -412.393253515  -412.330671866  -412.330671866  -412.232253862
   166.500  -412.505995697  -412.396313979  -412.334332809  -412.334332809  -412.232528051
   167.000  -412.503185521  -412.390317104  -412.328889442  -412.328889442  -412.232586803
   167.500  -412.490939583  -412.375455058  -412.314616561  -412.314616561  -412.232141699
   168.000  -412.476530959  -412.358997973  -412.298943866  -412.298943866  -412.231467581
   168.500  -412.469593115  -412.350567648  -412.291624712  -412.291624712  -412.231450972
   169.000  -412.470602906  -412.350663957  -412.293133222  -412.293133222  -412.231986253
   169.500  -412.472093082  -412.351864412  -412.295861617  -412.295861617  -412.232236745
   170.000  -412.469634487  -412.349756416  -412.295177998  -412.295177998  -412.232117678
   170.500  -412.464087739  -412.345166407  -412.291754089  -412.291754089  -412.231946003
   171.000  -412.457625124  -412.340196050  -412.287618701  -412.287618701  -412.231853549
   171.500  -412.451588572  -412.336099104  -412.284017111  -412.284017111  -412.231802977
   172.000  -412.446780845  -412.333588624  -412.281685224  -412.281685224  -412.231745118
   172.500  -412.444092138  -412.333467510  -412.281462529  -412.281462529  -412.231681873
   173.000  -412.444478714  -412.336609699  -412.284259121  -412.284259121  -412.231645298
   173.500  -412.448495768  -412.343495988  -412.290587596  -412.290587596  -412.231661596
   174.000  -412.455903384  -412.353819624  -412.300169617  -412.300169617  -412.231737525
   174.500  -412.465548189  -412.366366191  -412.311820658  -412.311820658  -412.231875063
   175.000  -412.475345109  -412.378992326  -412.323437754  -412.323437754  -412.232080118
   175.500  -412.482307149  -412.388649231  -412.332031163  -412.332031163  -412.232318432
   176.000  -412.483277392  -412.392109538  -412.334456360  -412.334456360  -412.232422798
   176.500  -412.477485112  -412.388520415  -412.329966355  -412.329966355  -412.232137984
   177.000  -412.469661210  -412.382525816  -412.323313976  -412.323313976  -412.231622382
   177.500  -412.467018414  -412.381282224  -412.321710303  -412.321710303  -412.231624692
   178.000  -412.469542315  -412.384782845  -412.325102586  -412.325102586  -412.232173971
   178.500  -412.469689335  -412.385559066  -412.325894379  -412.325894379  -412.232478352
   179.000  -412.462599248  -412.378852633  -412.319193520  -412.319193520  -412.232313387
   179.500  -412.449944895  -412.366428976  -412.306675116  -412.306675116  -412.231979269
   180.000  -412.436234269  -412.352868410  -412.292877971  -412.292877971  -412.231730908
   180.500  -412.425035889  -412.341791559  -412.281425183  -412.281425183  -412.231628401
   181.000  -412.417876905  -412.334762364  -412.273914788  -412.273914788  -412.231611468
   181.500  -412.414960624  -412.332005810  -412.270626017  -412.270626017  -412.231618778
   182.000  -412.416040509  -412.333285746  -412.271377958  -412.271377958  -412.231638300
   182.500  -412.420658251  -412.338144778  -412.275755705  -412.275755705  -412.231681757
   183.000  -412.428018317  -412.345783414  -412.282980831  -412.282980831  -412.231757681
   183.500  -412.436869152  -412.354940053  -412.291794215  -412.291794215  -412.231876391
   184.000  -412.445375337  -412.363758177  -412.300334222  -412.300334222  -412.232051276
   184.500  -412.451035948  -412.369698477  -412.306061544  -412.306061544  -412.232251989
   185.000  -412.451345834  -412.370193457  -412.306432009  -412.306432009  -412.232315130
   185.500  -412.446299496  -412.365153013  -412.301413767  -412.301413767  -412.231986423
   186.000  -412.441448395  -412.360040945  -412.296561193  -412.296561193  -412.231428525
   186.500  -412.444650061  -412.362665343  -412.299764697  -412.299764697  -412.231434373
   187.000  -412.455640345  -412.372787731  -412.310797806  -412.310797806  -412.232077911
   187.500  -412.465243374  -412.381321595  -412.320498593  -412.320498593  -412.232532577
   188.000  -412.466181074  -412.381088991  -412.321572583  -412.321572583  -412.232511008
   188.500  -412.457935460  -412.371642949  -412.313464289  -412.313464289  -412.232244816
   189.000  -412.444090510  -412.356603789  -412.299712307  -412.299712307  -412.231934684
   189.500  -412.429267553  -412.340607173  -412.284896801  -412.284896801  -412.231677520
   190.000  -412.417407211  -412.327599687  -412.272931646  -412.272931646  -412.231537092
   190.500  -412.410691930  -412.319771663  -412.265992690  -412.265992690  -412.231534515
   191.000  -412.409205305  -412.317221520  -412.264171179  -412.264171179  -412.231621806
   191.500  -412.411604224  -412.318628976  -412.266138850  -412.266138850  -412.231723119
   192.000  -412.416249795  -412.322381409  -412.270265055  -412.270265055  -412.231795640
   192.500  -412.421887879  -412.327252088  -412.275296142  -412.275296142  -412.231853043
   193.000  -412.427519221  -412.332269035  -412.280230779  -412.280230779  -412.231945372
   193.500  -412.431729088  -412.336043975  -412.283664725  -412.283664725  -412.232117972
   194.000  -412.432158187  -412.336238757  -412.283283330  -412.283283330  -412.232333475
   194.500  -412.426371970  -412.330424382  -412.276745192  -412.276745192  -412.232345261
   195.000  -412.415622865  -412.319829582  -412.265449320  -412.265449320  -412.231803354
   195.500  -412.408912742  -412.313401501  -412.258568643  -412.258568643  -412.231071747
   196.000  -412.416586344  -412.321435753  -412.266562894  -412.266562894  -412.231268687
   196.500  -412.435833491  -412.341125805  -412.286605519  -412.286605519  -412.232140123
   197.000  -412.453892742  -412.359766777  -412.305799353  -412.305799353  -412.232583798
   197.500  -412.462902386  -412.369557549  -412.316121758  -412.316121758  -412.232499640
   198.000  -412.462861120  -412.370528842  -412.317448208  -412.317448208  -412.232242069
   198.500  -412.457097953  -412.366008911  -412.313033754  -412.313033754  -412.231990776
   199.000  -412.449319327  -412.359676100  -412.306543604  -412.306543604  -412.231782274
   199.500  -412.442736514  -412.354696918  -412.301162084  -412.301162084  -412.231637876
   200.000  -412.439600947  -412.353267696  -412.299116492  -412.299116492  -412.231591809
   200.500  -412.440670321  -412.356088494  -412.301144617  -412.301144617  -412.231649852
   201.000  -412.445142345  -412.362301795  -412.306426997  -412.306426997  -412.231761140
   201.500  -412.451366411  -412.370204651  -412.313302426  -412.313302426  -412.231866750
   202.000  -412.457714797  -412.378120804  -412.320132484  -412.320132484  -412.231956924
   202.500  -412.462775451  -412.384595591  -412.325495339  -412.325495339  -412.232075496
   203.000  -412.464805965  -412.387849706  -412.327644964  -412.327644964  -412.232268287
   203.500  -412.461266133  -412.385307105  -412.324048158  -412.324048158  -412.232477290
   204.000  -412.450003847  -412.374764176  -412.312576196  -412.312576196  -412.232414916
   204.500  -412.433486519  -412.358607068  -412.295736426  -412.295736426  -412.231769838
   205.000  -412.422058757  -412.347087335  -412.283918045  -412.283918045  -412.231099570
   205.500  -412.425146635  -412.349594944  -412.286567496  -412.286567496  -412.231445690
   206.000  -412.437967982  -412.361425015  -412.298890865  -412.298890865  -412.232253595
   206.500  -412.448399574  -412.370619339  -412.308757177  -412.308757177  -412.232539709
   207.000  -412.450683472  -412.371590634  -412.310438064  -412.310438064  -412.232369496
   207.500  -412.446084275  -412.365721940  -412.305255101  -412.305255101  -412.232104343
   208.000  -412.438041266  -412.356510748  -412.296702949  -412.296702949  -412.231900881
   208.500  -412.429544360  -412.346963804  -412.287806369  -412.287806369  -412.231765719
   209.000  -412.422763160  -412.339250720  -412.280740966  -412.280740966  -412.231664349
   209.500  -412.419374857  -412.335048071  -412.277168406  -412.277168406  -412.231590942
   210.000  -412.420552961  -412.335536217  -412.278237017  -412.278237017  -412.231582587
   210.500  -412.426416809  -412.340854207  -412.284046648  -412.284046648  -412.231667492
   211.000  -412.435649757  -412.349714538  -412.293272046  -412.293272046  -412.231823394
   211.500  -412.445827061  -412.359722493  -412.303485032  -412.303485032  -412.232013990
   212.000  -412.453996566  -412.367943312  -412.311721925  -412.311721925  -412.232228238
   212.500  -412.457013447  -412.371221040  -412.314810330  -412.314810330  -412.232430574
   213.000  -412.452332377  -412.366956718  -412.310167145  -412.310167145  -412.232447962
   213.500  -412.440610177  -412.355705392  -412.298425168  -412.298425168  -412.232035084
   214.000  -412.428567247  -412.344054640  -412.286317378  -412.286317378  -412.231418756
   214.500  -412.424972031  -412.340652438  -412.282648631  -412.282648631  -412.231389126
   215.000  -412.430313727  -412.345924043  -412.287914853  -412.287914853  -412.231926286
   215.500  -412.437013385  -412.352283615  -412.294477386  -412.294477386  -412.232255583
   216.000  -412.439598388  -412.354271016  -412.296760331  -412.296760331  -412.232187171
   216.500  -412.438227857  -412.352050684  -412.294817305  -412.294817305  -412.231982296
   217.000  -412.435497871  -412.348220214  -412.291163542  -412.291163542  -412.231836958
   217.500  -412.433466108  -412.344844137  -412.287809764  -412.287809764  -412.231794522
   218.000  -412.432809867  -412.342621912  -412.285422056  -412.285422056  -412.231810747
   218.500  -412.433395681  -412.341458746  -412.283880971  -412.283880971  -412.231814072
   219.000  -412.435276169  -412.341462340  -412.283276059  -412.283276059  -412.231762972
   219.500  -412.439240188  -412.343487650  -412.284455201  -412.284455201  -412.231686413
   220.000  -412.446344162  -412.348666796  -412.288559345  -412.288559345  -412.231670455
   220.500  -412.456672779  -412.357161974  -412.295781869  -412.295781869  -412.231779349
   221.000  -412.468437123  -412.367258034  -412.304465704  -412.304465704  -412.231994494
   221.500  -412.478297085  -412.375672910  -412.311415061  -412.311415061  -412.232228733
   222.000  -412.482763054  -412.378947326  -412.313292691  -412.313292691  -412.232344613
   222.500  -412.480377986  -412.375617845  -412.308799255  -412.308799255  -412.232167322
   223.000  -412.474061897  -412.368563907  -412.301012488  -412.301012488  -412.231717132
   223.500  -412.470239097  -412.364162191  -412.296482588  -412.296482588  -412.231472678
   224.000  -412.472222897  -412.365716936  -412.298569150  -412.298569150  -412.231753504
   224.500  -412.476198502  -412.369465198  -412.303410389  -412.303410389  -412.232122035
   225.000  -412.476764899  -412.370090760  -412.305514750  -412.305514750  -412.232177590
   225.500  -412.472594982  -412.366338827  -412.303476085  -412.303476085  -412.232006030
   226.000  -412.465787831  -412.360346412  -412.299337783  -412.299337783  -412.231819318
   226.500  -412.458957490  -412.354734558  -412.295668531  -412.295668531  -412.231722914
   227.000  -412.453573909  -412.350965125  -412.293885810  -412.293885810  -412.231719000
   227.500  -412.449802672  -412.349191574  -412.294090733  -412.294090733  -412.231766086
   228.000  -412.447077482  -412.348841832  -412.295639881  -412.295639881  -412.231815891
   228.500  -412.444797266  -412.349309000  -412.297849224  -412.297849224  -412.231834947
   229.000  -412.442822071  -412.350444384  -412.300492193  -412.300492193  -412.231818639
   229.500  -412.441513808  -412.352591370  -412.303840490  -412.303840490  -412.231809620
   230.000  -412.441080947  -412.355921056  -412.308011486  -412.308011486  -412.231889272
   230.500  -412.440460054  -412.359310188  -412.311850575  -412.311850575  -412.232099589
   231.000  -412.436873011  -412.359887994  -412.312493063  -412.312493063  -412.232338960
   231.500  -412.427523583  -412.354727011  -412.307066895  -412.307066895  -412.232334698
   232.000  -412.413486128  -412.344741575  -412.296593719  -412.296593719  -412.231897874
   232.500  -412.401630156  -412.336644937  -412.287926960  -412.287926960  -412.231457448
   233.000  -412.398156663  -412.336537542  -412.287268981  -412.287268981  -412.231656208
   233.500  -412.400323289  -412.341648319  -412.291862722  -412.291862722  -412.232149823
   234.000  -412.400838067  -412.344690967  -412.294371356  -412.294371356  -412.232296989
   234.500  -412.396723215  -412.342672603  -412.291763592  -412.291763592  -412.232113583
   235.000  -412.389961705  -412.337529492  -412.285975239  -412.285975239  -412.231873407
   235.500  -412.383820031  -412.332463746  -412.280239603  -412.280239603  -412.231717961
   236.000  -412.380586029  -412.329703120  -412.276820052  -412.276820052  -412.231653341
   236.500  -412.381280466  -412.330224925  -412.276712786  -412.276712786  -412.231644295
   237.000  -412.386069796  -412.334170959  -412.280059423  -412.280059423  -412.231670386
   237.500  -412.394564764  -412.341147320  -412.286443238  -412.286443238  -412.231726749
   238.000  -412.405921728  -412.350325822  -412.294989564  -412.294989564  -412.231806897
   238.500  -412.418947574  -412.360546617  -412.304475563  -412.304475563  -412.231901064
   239.000  -412.432252274  -412.370470793  -412.313486772  -412.313486772  -412.232010506
   239.500  -412.444232247  -412.378561530  -412.320414551  -412.320414551  -412.232159290
   240.000  -412.452813090  -412.382823132  -412.323220160  -412.323220160  -412.232338321
   240.500  -412.455836706  -412.381177861  -412.319847363  -412.319847363  -412.232375775
   241.000  -412.453657567  -412.374045201  -412.310837002  -412.310837002  -412.232016432
   241.500  -412.452080035  -412.367279623  -412.302257659  -412.302257659  -412.231518114
   242.000  -412.457942439  -412.367780861  -412.301245117  -412.301245117  -412.231621482
   242.500  -412.469514199  -412.373932181  -412.306337339  -412.306337339  -412.232155883
   243.000  -412.478702332  -412.377803223  -412.309646576  -412.309646576  -412.232378484
   243.500  -412.481091932  -412.375147513  -412.306903551  -412.306903551  -412.232221316
   244.000  -412.477904878  -412.367326509  -412.299417104  -412.299417104  -412.231979662
   244.500  -412.472228392  -412.357530119  -412.290297020  -412.290297020  -412.231812408
   245.000  -412.466480220  -412.348248585  -412.281928515  -412.281928515  -412.231724888
   245.500  -412.462068696  -412.340943904  -412.275649811  -412.275649811  -412.231678089
   246.000  -412.459832554  -412.336497747  -412.272216243  -412.272216243  -412.231647192
   246.500  -412.460358828  -412.335535142  -412.272135103  -412.272135103  -412.231629745
   247.000  -412.463970166  -412.338414459  -412.275671808  -412.275671808  -412.231644430
   247.500  -412.470459537  -412.344967134  -412.282586963  -412.282586963  -412.231715663
   248.000  -412.478739281  -412.354146845  -412.291793563  -412.291793563  -412.231859311
   248.500  -412.486653772  -412.363836577  -412.301170075  -412.301170075  -412.232064696
   249.000  -412.491215954  -412.371068209  -412.307798491  -412.307798491  -412.232279026
   249.500  -412.489599917  -412.372990014  -412.308936327  -412.308936327  -412.232363034
   250.000  -412.481374705  -412.369074040  -412.304224357  -412.304224357  -412.232103112
   250.500  -412.471284925  -412.363887913  -412.298432778  -412.298432778  -412.231556817
   251.000  -412.467541983  -412.365420825  -412.299704263  -412.299704263  -412.231392327
   251.500  -412.472551060  -412.375868030  -412.310256963  -412.310256963  -412.231907813
   252.000  -412.479160038  -412.387907171  -412.322665884  -412.322665884  -412.232401792
   252.500  -412.479758645  -412.393779995  -412.329030970  -412.329030970  -412.232451462
   253.000  -412.472741044  -412.391725513  -412.327505939  -412.327505939  -412.232251845
   253.500  -412.460545013  -412.384024078  -412.320354640  -412.320354640  -412.232033776
   254.000  -412.446315901  -412.373684435  -412.310612739  -412.310612739  -412.231871894
   254.500  -412.432552282  -412.363107913  -412.300720015  -412.300720015  -412.231763942
   255.000  -412.420984771  -412.353974935  -412.292380487  -412.292380487  -412.231697023
   255.500  -412.412710484  -412.347375013  -412.286680384  -412.286680384  -412.231665107
   256.000  -412.408266581  -412.343871767  -412.284149467  -412.284149467  -412.231667664
   256.500  -412.407631090  -412.343494511  -412.284756129  -412.284756129  -412.231708555
   257.000  -412.410163821  -412.345671889  -412.287849720  -412.287849720  -412.231798171
   257.500  -412.414474684  -412.349093493  -412.292033615  -412.292033615  -412.231951310
   258.000  -412.418276539  -412.351557615  -412.295027760  -412.295027760  -412.232163883
   258.500  -412.418624244  -412.350197946  -412.293917649  -412.293917649  -412.232344673
   259.000  -412.413518044  -412.343070967  -412.286765125  -412.286765125  -412.232251411
   259.500  -412.405383239  -412.332622393  -412.276086338  -412.276086338  -412.231715905
   260.000  -412.402596523  -412.327225727  -412.270360936  -412.270360936  -412.231228632
   260.500  -412.412033480  -412.333776688  -412.276551238  -412.276551238  -412.231495282
   261.000  -412.429907232  -412.348578001  -412.290922115  -412.290922115  -412.232118748
   261.500  -412.446756198  -412.362310721  -412.304051623  -412.304051623  -412.232401984
   262.000  -412.457229634  -412.369768811  -412.310644241  -412.310644241  -412.232331549
   262.500  -412.461319875  -412.371055534  -412.310771073  -412.310771073  -412.232143352
   263.000  -412.461269996  -412.368486074  -412.306773674  -412.306773674  -412.231963691
   263.500  -412.459528517  -412.364553707  -412.301211236  -412.301211236  -412.231823357
   264.000  -412.458095833  -412.361289247  -412.296200716  -412.296200716  -412.231723904
   264.500  -412.458395070  -412.360140759  -412.293281180  -412.293281180  -412.231664457
   265.000  -412.461240587  -412.361947293  -412.293373391  -412.293373391  -412.231646976
   265.500  -412.466792129  -412.366893211  -412.296723795  -412.296723795  -412.231677478
   266.000  -412.474467601  -412.374415789  -412.302806461  -412.302806461  -412.231766470
   266.500  -412.482814966  -412.383068519  -412.310185150  -412.310185150  -412.231925153
   267.000  -412.489411085  -412.390410116  -412.316409157  -412.316409157  -412.232149702
   267.500  -412.491058659  -412.393188285  -412.318215255  -412.318215255  -412.232375773
   268.000  -412.484955194  -412.388497030  -412.312713938  -412.312713938  -412.232411242
   268.500  -412.471598343  -412.376681138  -412.300319326  -412.300319326  -412.232011646
   269.000  -412.457738358  -412.364313458  -412.287719496  -412.287719496  -412.231366931
   269.500  -412.452801593  -412.360673463  -412.284292207  -412.284292207  -412.231256526
   270.000  -412.458431043  -412.367340199  -412.291619494  -412.291619494  -412.231799281
   270.500  -412.466932971  -412.376643316  -412.301930785  -412.301930785  -412.232258561
   271.000  -412.470949814  -412.381288892  -412.307805608  -412.307805608  -412.232326689
   271.500  -412.468555649  -412.379409914  -412.307285475  -412.307285475  -412.232176034
   272.000  -412.461439387  -412.372732153  -412.302049433  -412.302049433  -412.231981569
   272.500  -412.452330085  -412.364001177  -412.294822248  -412.294822248  -412.231814811
   273.000  -412.443758752  -412.355755161  -412.288122901  -412.288122901  -412.231693664
   273.500  -412.437655666  -412.349927748  -412.283859098  -412.283859098  -412.231619827
   274.000  -412.435247771  -412.347751598  -412.283228177  -412.283228177  -412.231591538
   274.500  -412.437035996  -412.349737619  -412.286701614  -412.286701614  -412.231609490
   275.000  -412.442759901  -412.355641217  -412.293996988  -412.293996988  -412.231680153
   275.500  -412.451301402  -412.364367655  -412.303986969  -412.303986969  -412.231815945
   276.000  -412.460528325  -412.373812480  -412.314546698  -412.314546698  -412.232029096
   276.500  -412.467211944  -412.380775734  -412.322472711  -412.322472711  -412.232301248
   277.000  -412.467511903  -412.381438161  -412.323965967  -412.323965967  -412.232510603
   277.500  -412.459028973  -412.373401278  -412.316683146  -412.316683146  -412.232384687
   278.000  -412.444655105  -412.359531424  -412.303573896  -412.303573896  -412.231784420
   278.500  -412.433575847  -412.348975821  -412.293867670  -412.293867670  -412.231301723
   279.000  -412.432606822  -412.348538523  -412.294387702  -412.294387702  -412.231601435
   279.500  -412.437674097  -412.354189501  -412.301024247  -412.301024247  -412.232162054
   280.000  -412.440359100  -412.357589242  -412.305300185  -412.305300185  -412.232341581
   280.500  -412.437042744  -412.355188241  -412.303542445  -412.303542445  -412.232207383
   281.000  -412.428957863  -412.348256458  -412.296946789  -412.296946789  -412.232000317
   281.500  -412.418904278  -412.339597906  -412.288292863  -412.288292863  -412.231827044
   282.000  -412.409451710  -412.331763937  -412.280141426  -412.280141426  -412.231704845
   282.500  -412.402499587  -412.326623617  -412.274386866  -412.274386866  -412.231628815
   283.000  -412.399264020  -412.325356487  -412.272238132  -412.272238132  -412.231594901
   283.500  -412.400306329  -412.328484494  -412.274242061  -412.274242061  -412.231602866
   284.000  -412.405521239  -412.335862659  -412.280270206  -412.280270206  -412.231657026
   284.500  -412.414068582  -412.346610273  -412.289451757  -412.289451757  -412.231767386
   285.000  -412.424243710  -412.358980525  -412.300047694  -412.300047694  -412.231946680
   285.500  -412.433354628  -412.370234874  -412.309334167  -412.309334167  -412.232192325
   286.000  -412.437916570  -412.376831690  -412.313806944  -412.313806944  -412.232432949
   286.500  -412.434965498  -412.375730820  -412.310507030  -412.310507030  -412.232452887
   287.000  -412.425298137  -412.367626039  -412.300272025  -412.300272025  -412.232009902
   287.500  -412.416243192  -412.359725079  -412.290503951  -412.290503951  -412.231408694
   288.000  -412.416479553  -412.360602363  -412.289950335  -412.289950335  -412.231468587
   288.500  -412.425236078  -412.369431503  -412.297847436  -412.297847436  -412.232059969
   289.000  -412.433937228  -412.377626854  -412.305545328  -412.305545328  -412.232366839
   289.500  -412.437168908  -412.379775684  -412.307511121  -412.307511121  -412.232261668
   290.000  -412.435493416  -412.376433483  -412.304190493  -412.304190493  -412.232042152
   290.500  -412.431697775  -412.370379096  -412.298284762  -412.298284762  -412.231881165
   291.000  -412.428065488  -412.363897363  -412.292035101  -412.292035101  -412.231788994
   291.500  -412.425965576  -412.358380000  -412.286807946  -412.286807946  -412.231730062
   292.000  -412.426252409  -412.354728931  -412.283491304  -412.283491304  -412.231686780
   292.500  -412.429502409  -412.353594793  -412.282726551  -412.282726551  -412.231662548
   293.000  -412.435962694  -412.355326719  -412.284853778  -412.284853778  -412.231669192
   293.500  -412.445371804  -412.359791321  -412.289730198  -412.289730198  -412.231720701
   294.000  -412.456763292  -412.366172633  -412.296530332  -412.296530332  -412.231831285
   294.500  -412.468298694  -412.372799371  -412.303574056  -412.303574056  -412.232007124
   295.000  -412.477256276  -412.377119777  -412.308316933  -412.308316933  -412.232220485
   295.500  -412.480635958  -412.376289399  -412.307952837  -412.307952837  -412.232343114
   296.000  -412.477235152  -412.369227127  -412.301487478  -412.301487478  -412.232134234
   296.500  -412.470857159  -412.359813413  -412.292934431  -412.292934431  -412.231584062
   297.000  -412.469543148  -412.356140672  -412.290506636  -412.290506636  -412.231344606
   297.500  -412.476499746  -412.361479369  -412.297490827  -412.297490827  -412.231820147
   298.000  -412.485082222  -412.369277155  -412.307206763  -412.307206763  -412.232333921
   298.500  -412.487491871  -412.371819450  -412.311743961  -412.311743961  -412.232379563
   299.000  -412.482252848  -412.367661948  -412.309485817  -412.309485817  -412.232127823
   299.500  -412.472594504  -412.360001697  -412.303514865  -412.303514865  -412.231862319
   300.000  -412.462395890  -412.352635079  -412.297566908  -412.297566908  -412.231709917
   300.500  -412.454080750  -412.347870338  -412.293928217  -412.293928217  -412.231667760
   301.000  -412.448476817  -412.346399303  -412.293290101  -412.293290101  -412.231682487
   301.500  -412.445515085  -412.348003146  -412.295444491  -412.295444491  -412.231712100
   302.000  -412.444848429  -412.352176522  -412.299898088  -412.299898088  -412.231745049
   302.500  -412.446037596  -412.358319237  -412.306063535  -412.306063535  -412.231793455
   303.000  -412.448402969  -412.365595622  -412.313115185  -412.313115185  -412.231876387
   303.500  -412.450753636  -412.372670786  -412.319731313  -412.319731313  -412.232009390
   304.000  -412.451205858  -412.377534362  -412.323926092  -412.323926092  -412.232182550
   304.500  -412.447464903  -412.377782484  -412.323343723  -412.323343723  -412.232307719
   305.000  -412.438296570  -412.372085713  -412.316742080  -412.316742080  -412.232182945
   305.500  -412.426348770  -412.363003667  -412.306816704  -412.306816704  -412.231709769
   306.000  -412.418823701  -412.357666791  -412.300854891  -412.300854891  -412.231347835
   306.500  -412.420742906  -412.361071520  -412.303953430  -412.303953430  -412.231641831
   307.000  -412.427984562  -412.369138639  -412.312007923  -412.312007923  -412.232189278
   307.500  -412.432434628  -412.373842403  -412.316863094  -412.316863094  -412.232390133
   308.000  -412.430407803  -412.371588474  -412.314768165  -412.314768165  -412.232246801
   308.500  -412.423420611  -412.363959104  -412.307181147  -412.307181147  -412.231994495
   309.000  -412.415021791  -412.354544370  -412.297611239  -412.297611239  -412.231781398
   309.500  -412.408403407  -412.346562500  -412.289239374  -412.289239374  -412.231662847
   310.000  -412.405402319  -412.341878044  -412.283922289  -412.283922289  -412.231638019
   310.500  -412.406408707  -412.340921292  -412.282105601  -412.282105601  -412.231673523
   311.000  -412.410804678  -412.343135489  -412.283265910  -412.283265910  -412.231733088
   311.500  -412.417512276  -412.347527465  -412.286451735  -412.286451735  -412.231798449
   312.000  -412.425289541  -412.352961239  -412.290578284  -412.290578284  -412.231874154
   312.500  -412.432720899  -412.358138856  -412.294411147  -412.294411147  -412.231974059
   313.000  -412.438099854  -412.361470113  -412.296438954  -412.296438954  -412.232096373
   313.500  -412.439583153  -412.361207726  -412.295016489  -412.295016489  -412.232181670
   314.000  -412.436225875  -412.356464236  -412.289385496  -412.289385496  -412.232077723
   314.500  -412.430137764  -412.349358551  -412.281814421  -412.281814421  -412.231688727
   315.000  -412.427271738  -412.345816600  -412.278364418  -412.278364418  -412.231349973
   315.500  -412.432360035  -412.350540665  -412.283797400  -412.283797400  -412.231557247
   316.000  -412.442515752  -412.360638695  -412.295157479  -412.295157479  -412.232063468
   316.500  -412.450421062  -412.368802860  -412.304971665  -412.304971665  -412.232316576
   317.000  -412.451892694  -412.370844630  -412.308853698  -412.308853698  -412.232250731
   317.500  -412.447458573  -412.367254688  -412.307118669  -412.307118669  -412.232060626
   318.000  -412.439838421  -412.360689309  -412.302289340  -412.302289340  -412.231878977
   318.500  -412.431856994  -412.353898611  -412.297024070  -412.297024070  -412.231751400
   319.000  -412.425589051  -412.348885321  -412.293266755  -412.293266755  -412.231689039
   319.500  -412.422104678  -412.346656775  -412.291991797  -412.291991797  -412.231688320
   320.000  -412.421504981  -412.347261954  -412.293233699  -412.293233699  -412.231730384
   320.500  -412.423206187  -412.350072902  -412.296361858  -412.296361858  -412.231790071
   321.000  -412.426311336  -412.354150355  -412.300447985  -412.300447985  -412.231854834
   321.500  -412.429819643  -412.358450493  -412.304474203  -412.304474203  -412.231931189
   322.000  -412.432580848  -412.361777513  -412.307288305  -412.307288305  -412.232031479
   322.500  -412.433194116  -412.362681959  -412.307506974  -412.307506974  -412.232133828
   323.000  -412.430453906  -412.359903359  -412.303964129  -412.303964129  -412.232122251
   323.500  -412.425042275  -412.354060924  -412.297404022  -412.297404022  -412.231846901
   324.000  -412.421247255  -412.349378352  -412.292188032  -412.292188032  -412.231470731
   324.500  -412.424220095  -412.350966339  -412.293528552  -412.293528552  -412.231505007
   325.000  -412.433350578  -412.358230140  -412.300840972  -412.300840972  -412.231951519
   325.500  -412.442299572  -412.364912486  -412.307783128  -412.307783128  -412.232270751
   326.000  -412.446025141  -412.366094206  -412.309316299  -412.309316299  -412.232264057
   326.500  -412.444020547  -412.361398264  -412.304961524  -412.304961524  -412.232086158
   327.000  -412.438557395  -412.353211802  -412.297039079  -412.297039079  -412.231883662
   327.500  -412.432541078  -412.344535370  -412.288509897  -412.288509897  -412.231713544
   328.000  -412.428502370  -412.337976612  -412.281957997  -412.281957997  -412.231600169
   328.500  -412.428129661  -412.335288809  -412.279118346  -412.279118346  -412.231564223
   329.000  -412.431930467  -412.337038359  -412.280540462  -412.280540462  -412.231609159
   329.500  -412.439184986  -412.342562278  -412.285545035  -412.285545035  -412.231706825
   330.000  -412.448363970  -412.350387178  -412.292643388  -412.292643388  -412.231814382
   330.500  -412.457754135  -412.358847854  -412.300165316  -412.300165316  -412.231911238
   331.000  -412.465799401  -412.366422535  -412.306597611  -412.306597611  -412.232012455
   331.500  -412.470954281  -412.371574619  -412.310437140  -412.310437140  -412.232140658
   332.000  -412.471519117  -412.372579925  -412.310023202  -412.310023202  -412.232241131
   332.500  -412.466630174  -412.368511883  -412.304525920  -412.304525920  -412.232119425
   333.000  -412.458900767  -412.361885866  -412.296591275  -412.296591275  -412.231674858
   333.500  -412.455084992  -412.359355219  -412.293000866  -412.293000866  -412.231359600
   334.000  -412.459545532  -412.365220451  -412.298127458  -412.298127458  -412.231667493
   334.500  -412.468034900  -412.375231638  -412.307700575  -412.307700575  -412.232175553
   335.000  -412.473057822  -412.381915549  -412.314168673  -412.314168673  -412.232349120
   335.500  -412.471377254  -412.382037020  -412.314210290  -412.314210290  -412.232236100
   336.000  -412.464112973  -412.376673739  -412.308841485  -412.308841485  -412.232055752
   336.500  -412.453819923  -412.368302467  -412.300496646  -412.300496646  -412.231902662
   337.000  -412.442937487  -412.359262319  -412.291482993  -412.291482993  -412.231774974
   337.500  -412.433624630  -412.351604696  -412.283825749  -412.283825749  -412.231659773
   338.000  -412.427821654  -412.347170212  -412.279344897  -412.279344897  -412.231576958
   338.500  -412.426886716  -412.347240332  -412.279310692  -412.279310692  -412.231567591
   339.000  -412.430987001  -412.351940191  -412.283848339  -412.283848339  -412.231644941
   339.500  -412.438919291  -412.360061564  -412.291761087  -412.291761087  -412.231775036
   340.000  -412.448615136  -412.369560532  -412.301024593  -412.301024593  -412.231920193
   340.500  -412.457726736  -412.378129732  -412.309358083  -412.309358083  -412.232086606
   341.000  -412.463679263  -412.383232816  -412.314261295  -412.314261295  -412.232291020
   341.500  -412.463696037  -412.382114187  -412.313033485  -412.313033485  -412.232438160
   342.000  -412.456469737  -412.373455400  -412.304444321  -412.304444321  -412.232247163
   342.500  -412.445968285  -412.361175599  -412.292533958  -412.292533958  -412.231615536
   343.000  -412.441729215  -412.354752002  -412.286885738  -412.286885738  -412.231248519
   343.500  -412.448866865  -412.359282114  -412.292600899  -412.292600899  -412.231720131
   344.000  -412.460919441  -412.368362295  -412.303141848  -412.303141848  -412.232305223
   344.500  -412.469011039  -412.373223114  -412.309538897  -412.309538897  -412.232412336
   345.000  -412.470481605  -412.371313045  -412.309070419  -412.309070419  -412.232227540
   345.500  -412.467270542  -412.364664122  -412.303661628  -412.303661628  -412.232027547
   346.000  -412.462024401  -412.356001515  -412.295989142  -412.295989142  -412.231901656
   346.500  -412.456550170  -412.347208859  -412.287923516  -412.287923516  -412.231825708
   347.000  -412.451994847  -412.339515891  -412.280703643  -412.280703643  -412.231753722
   347.500  -412.449442627  -412.334099594  -412.275529391  -412.275529391  -412.231666581
   348.000  -412.450146703  -412.332314659  -412.273789326  -412.273789326  -412.231589969
   348.500  -412.455117203  -412.335274265  -412.276644459  -412.276644459  -412.231577127
   349.000  -412.464350984  -412.343071236  -412.284245030  -412.284245030  -412.231665091
   349.500  -412.476309529  -412.354245167  -412.295190315  -412.295190315  -412.231856003
   350.000  -412.487928409  -412.365781146  -412.306517883  -412.306517883  -412.232133528
   350.500  -412.495005545  -412.373488022  -412.314073496  -412.314073496  -412.232450095
   351.000  -412.493236223  -412.373020673  -412.313535149  -412.313535149  -412.232624647
   351.500  -412.481232868  -412.362886996  -412.303436102  -412.303436102  -412.232290416
   352.000  -412.465379750  -412.349313398  -412.290039851  -412.290039851  -412.231446105
   352.500  -412.458257801  -412.344720253  -412.285788173  -412.285788173  -412.231143855
   353.000  -412.464211982  -412.353361446  -412.294880820  -412.294880820  -412.231826521
   353.500  -412.473833731  -412.365836000  -412.307763169  -412.307763169  -412.232402879
   354.000  -412.477864018  -412.372920942  -412.315053668  -412.315053668  -412.232401716
   354.500  -412.474932698  -412.373240394  -412.315293201  -412.315293201  -412.232160783
   355.000  -412.467830471  -412.369522455  -412.311209469  -412.311209469  -412.231956635
   355.500  -412.459368269  -412.364479970  -412.305566299  -412.305566299  -412.231848586
   356.000  -412.451174683  -412.359634595  -412.299953732  -412.299953732  -412.231801464
   356.500  -412.444047258  -412.355686452  -412.295134750  -412.295134750  -412.231763941
   357.000  -412.438631535  -412.353196538  -412.291725772  -412.291725772  -412.231706049
   357.500  -412.435838935  -412.353011838  -412.290611974  -412.290611974  -412.231637352
   358.000  -412.436675528  -412.356095430  -412.292778365  -412.292778365  -412.231611974
   358.500  -412.441445422  -412.362731867  -412.298516990  -412.298516990  -412.231697680
   359.000  -412.448794668  -412.371572870  -412.306476498  -412.306476498  -412.231924102
   359.500  -412.455339218  -412.379257559  -412.313298718  -412.313298718  -412.232253508
   360.000  -412.456401857  -412.381140732  -412.314360240  -412.314360240  -412.232545416
   360.500  -412.448398759  -412.373663044  -412.306166596  -412.306166596  -412.232496849
   361.000  -412.433297045  -412.358792915  -412.290814210  -412.290814210  -412.231858740
   361.500  -412.421125618  -412.346543053  -412.278481783  -412.278481783  -412.231195012
   362.000  -412.421242537  -412.346275882  -412.278642490  -412.278642490  -412.231446509
   362.500  -412.430227063  -412.354629855  -412.287905225  -412.287905225  -412.232125867
   363.000  -412.437917597  -412.361538933  -412.296062492  -412.296062492  -412.232360958
   363.500  -412.439548970  -412.362323335  -412.298279295  -412.298279295  -412.232201854
   364.000  -412.436380985  -412.358297599  -412.295756552  -412.295756552  -412.231977197
   364.500  -412.431279905  -412.352356448  -412.291319745  -412.291319745  -412.231831592
   365.000  -412.426306198  -412.346570707  -412.287002071  -412.287002071  -412.231768934
   365.500  -412.422428708  -412.341908015  -412.283749041  -412.283749041  -412.231749848
   366.000  -412.420014719  -412.338726354  -412.281901687  -412.281901687  -412.231736412
   366.500  -412.419355260  -412.337302311  -412.281719424  -412.281719424  -412.231710806
   367.000  -412.420909624  -412.338080670  -412.283624255  -412.283624255  -412.231683398
   367.500  -412.425127680  -412.341502260  -412.288027765  -412.288027765  -412.231691494
   368.000  -412.431879250  -412.347440194  -412.294770390  -412.294770390  -412.231784323
   368.500  -412.439739612  -412.354489964  -412.302421803  -412.302421803  -412.231993067
   369.000  -412.445633262  -412.359611496  -412.307936503  -412.307936503  -412.232277558
   369.500  -412.445639871  -412.358920982  -412.307463468  -412.307463468  -412.232456891
   370.000  -412.437838114  -412.350510428  -412.299182620  -412.299182620  -412.232237228
   370.500  -412.426266427  -412.338390494  -412.287229878  -412.287229878  -412.231622290
   371.000  -412.419951544  -412.331535233  -412.280686562  -412.280686562  -412.231327077
   371.500  -412.423084312  -412.334103920  -412.283714043  -412.283714043  -412.231737346
   372.000  -412.430068988  -412.340520857  -412.290620076  -412.290620076  -412.232182806
   372.500  -412.434023907  -412.343960353  -412.294417592  -412.294417592  -412.232227742
   373.000  -412.433363418  -412.342894950  -412.293452397  -412.293452397  -412.232045182
   373.500  -412.430148440  -412.339426134  -412.289763215  -412.289763215  -412.231858415
   374.000  -412.426899838  -412.336095553  -412.285886961  -412.285886961  -412.231743260
   374.500  -412.425263835  -412.334556773  -412.283513025  -412.283513025  -412.231692308
   375.000  -412.425984737  -412.335554396  -412.283442042  -412.283442042  -412.231679526
   375.500  -412.429240142  -412.339262084  -412.285909109  -412.285909109  -412.231687318
   376.000  -412.434892968  -412.345534854  -412.290826030  -412.290826030  -412.231711972
   376.500  -412.442567023  -412.353985008  -412.297846699  -412.297846699  -412.231755688
   377.000  -412.451623327  -412.363957910  -412.306340940  -412.306340940  -412.231823123
   377.500  -412.461093758  -412.374466046  -412.315329186  -412.315329186  -412.231928945
   378.000  -412.469473999  -412.383980250  -412.323282554  -412.323282554  -412.232098944
   378.500  -412.474427571  -412.390129173  -412.327842325  -412.327842325  -412.232312793
   379.000  -412.473309505  -412.390213961  -412.326355205  -412.326355205  -412.232386344
   379.500  -412.465912250  -412.383948705  -412.318627492  -412.318627492  -412.232054813
   380.000  -412.457600786  -412.376606195  -412.310054756  -412.310054756  -412.231546582
   380.500  -412.455452078  -412.375188452  -412.307738602  -412.307738602  -412.231594992
   381.000  -412.458854730  -412.379057094  -412.311058306  -412.311058306  -412.232094012
   381.500  -412.460764185  -412.381183541  -412.312923869  -412.312923869  -412.232330108
   382.000  -412.457070844  -412.377484145  -412.309167839  -412.309167839  -412.232197865
   382.500  -412.448929252  -412.369126336  -412.300896736  -412.300896736  -412.231958335
   383.000  -412.439496480  -412.359265589  -412.291238195  -412.291238195  -412.231771256
   383.500  -412.431464975  -412.350585791  -412.282872849  -412.282872849  -412.231662404
   384.000  -412.426475511  -412.344720925  -412.277441097  -412.277441097  -412.231609997
   384.500  -412.425324928  -412.342466863  -412.275745384  -412.275745384  -412.231596464
   385.000  -412.428197617  -412.344017678  -412.277975003  -412.277975003  -412.231619344
   385.500  -412.434709145  -412.349013388  -412.283746713  -412.283746713  -412.231681560
   386.000  -412.443882991  -412.356517922  -412.292080511  -412.292080511  -412.231778855
   386.500  -412.454223036  -412.365091308  -412.301476258  -412.301476258  -412.231902991
   387.000  -412.463848605  -412.372921595  -412.310056226  -412.310056226  -412.232054843
   387.500  -412.470544668  -412.377868904  -412.315626317  -412.315626317  -412.232232974
   388.000  -412.471963047  -412.377655264  -412.315889954  -412.315889954  -412.232357105
   388.500  -412.467051128  -412.371277927  -412.309887119  -412.309887119  -412.232188023
   389.000  -412.459304889  -412.362249646  -412.301254488  -412.301254488  -412.231620099
   389.500  -412.457163503  -412.359009329  -412.298600806  -412.298600806  -412.231299775
   390.000  -412.464808137  -412.365772867  -412.306257271  -412.306257271  -412.231797072
   390.500  -412.475172310  -412.375570258  -412.317237567  -412.317237567  -412.232401910
   391.000  -412.478981509  -412.379251619  -412.322270150  -412.322270150  -412.232497971
   391.500  -412.473704632  -412.374370169  -412.318774189  -412.318774189  -412.232263330
   392.000  -412.462078786  -412.363675455  -412.309403876  -412.309403876  -412.231988305
   392.500  -412.448027041  -412.351039787  -412.297975570  -412.297975570  -412.231781172
   393.000  -412.434757175  -412.339578819  -412.287579215  -412.287579215  -412.231648818
   393.500  -412.424437321  -412.331350773  -412.280261651  -412.280261651  -412.231580442
   394.000  -412.418256270  -412.327433144  -412.277095438  -412.277095438  -412.231570837
   394.500  -412.416476575  -412.327988840  -412.278238140  -412.278238140  -412.231611782
   395.000  -412.418553757  -412.332391840  -412.283055456  -412.283055456  -412.231687426
   395.500  -412.423365660  -412.339458762  -412.290355310  -412.290355310  -412.231786243
   396.000  -412.429401460  -412.347637983  -412.298578744  -412.298578744  -412.231912611
   396.500  -412.434742930  -412.354985366  -412.305783865  -412.305783865  -412.232083257
   397.000  -412.436925362  -412.359016919  -412.309508682  -412.309508682  -412.232289154
   397.500  -412.433279854  -412.357036402  -412.307115203  -412.307115203  -412.232410135
   398.000  -412.422941511  -412.348131731  -412.297793799  -412.297793799  -412.232168623
   398.500  -412.410593450  -412.336920328  -412.286297686  -412.286297686  -412.231495718
   399.000  -412.406278460  -412.333394082  -412.282733721  -412.282733721  -412.231140473
   399.500  -412.414821164  -412.342389070  -412.291953559  -412.291953559  -412.231686868
   400.000  -412.428544734  -412.356312489  -412.306265917  -412.306265917  -412.232366391
   400.500  -412.437053554  -412.364876992  -412.315244458  -412.315244458  -412.232529199
   401.000  -412.436760935  -412.364574713  -412.315279483  -412.315279483  -412.232329257
   401.500  -412.429785313  -412.357559970  -412.308477875  -412.308477875  -412.232051102
   402.000  -412.419950051  -412.347664585  -412.298659337  -412.298659337  -412.231823454
   402.500  -412.410616416  -412.338250951  -412.289187311  -412.289187311  -412.231678136
   403.000  -412.404011597  -412.331552308  -412.282296965  -412.282296965  -412.231611910
   403.500  -412.401186045  -412.328632136  -412.279053025  -412.279053025  -412.231604894
   404.000  -412.402270663  -412.329639929  -412.279606438  -412.279606438  -412.231632057
   404.500  -412.406832978  -412.334162935  -412.283548378  -412.283548378  -412.231679794
   405.000  -412.414086235  -412.341432787  -412.290116967  -412.290116967  -412.231755722
   405.500  -412.422805217  -412.350240059  -412.298110279  -412.298110279  -412.231885542
   406.000  -412.430993861  -412.358601288  -412.305554911  -412.305554911  -412.232096851
   406.500  -412.435611512  -412.363482444  -412.309432722  -412.309432722  -412.232365631
   407.000  -412.433209298  -412.361429443  -412.306320918  -412.306320918  -412.232505119
   407.500  -412.422942244  -412.351571614  -412.295408243  -412.295408243  -412.232156370
   408.000  -412.411223402  -412.340274849  -412.283148540  -412.283148540  -412.231377554
   408.500  -412.409483014  -412.338923250  -412.281006538  -412.281006538  -412.231178741
   409.000  -412.420468467  -412.350258421  -412.291735636  -412.291735636  -412.231864878
   409.500  -412.434393880  -412.364537967  -412.305525744  -412.305525744  -412.232417106
   410.000  -412.442137697  -412.372697031  -412.313225010  -412.313225010  -412.232432867
   410.500  -412.442069908  -412.373142384  -412.313184357  -412.313184357  -412.232203152
   411.000  -412.436829530  -412.368520106  -412.308033999  -412.308033999  -412.231971219
   411.500  -412.429640539  -412.362036993  -412.300990084  -412.300990084  -412.231812635
   412.000  -412.422888256  -412.356043817  -412.294423273  -412.294423273  -412.231726776
   412.500  -412.417960469  -412.351881734  -412.289697118  -412.289697118  -412.231687769
   413.000  -412.415554071  -412.350193933  -412.287476178  -412.287476178  -412.231669178
   413.500  -412.416027164  -412.351281669  -412.288083290  -412.288083290  -412.231661346
   414.000  -412.419535355  -412.355245505  -412.291639418  -412.291639418  -412.231674347
   414.500  -412.425883055  -412.361839915  -412.297918974  -412.297918974  -412.231733576
   415.000  -412.434166782  -412.370120239  -412.305993457  -412.305993457  -412.231870397
   415.500  -412.442356222  -412.378023689  -412.313815810  -412.313815810  -412.232103408
   416.000  -412.447163681  -412.382235382  -412.318096548  -412.318096548  -412.232378279
   416.500  -412.445139224  -412.379272066  -412.315404296  -412.315404296  -412.232462269
   417.000  -412.436206057  -412.369002856  -412.305708589  -412.305708589  -412.232039708
   417.500  -412.427427612  -412.358423711  -412.296128746  -412.296128746  -412.231392212
   418.000  -412.427992939  -412.356684797  -412.295879054  -412.295879054  -412.231471457
   418.500  -412.436876159  -412.362802777  -412.303889085  -412.303889085  -412.232131594
   419.000  -412.444638684  -412.367461590  -412.310633981  -412.310633981  -412.232430093
   419.500  -412.445907594  -412.365438385  -412.310676995  -412.310676995  -412.232265823
   420.000  -412.441987889  -412.358166284  -412.305314088  -412.305314088  -412.232000665
   420.500  -412.436255243  -412.349111312  -412.297957240  -412.297957240  -412.231830829
   421.000  -412.431075711  -412.340697320  -412.291031278  -412.291031278  -412.231760589
   421.500  -412.427471919  -412.333984987  -412.285620176  -412.285620176  -412.231733791
   422.000  -412.425832484  -412.329393238  -412.282166037  -412.282166037  -412.231710664
   422.500  -412.426479288  -412.327276678  -412.281033923  -412.281033923  -412.231683468
   423.000  -412.429787588  -412.328052686  -412.282633757  -412.282633757  -412.231665388
   423.500  -412.435985974  -412.332006713  -412.287224797  -412.287224797  -412.231679108
   424.000  -412.444811873  -412.338942506  -412.294571324  -412.294571324  -412.231752609
   424.500  -412.455096623  -412.347762290  -412.303530849  -412.303530849  -412.231916398
   425.000  -412.464379123  -412.356065929  -412.311667554  -412.311667554  -412.232178839
   425.500  -412.468980288  -412.360206375  -412.315327512  -412.315327512  -412.232444384
   426.000  -412.465728636  -412.356996848  -412.311370142  -412.311370142  -412.232412094
   426.500  -412.456302866  -412.348048879  -412.301522143  -412.301522143  -412.231825460
   427.000  -412.449753713  -412.342318347  -412.294899009  -412.294899009  -412.231279725
   427.500  -412.453572044  -412.347224095  -412.299044920  -412.299044920  -412.231648098
   428.000  -412.462729314  -412.357723306  -412.308930504  -412.308930504  -412.232313366
   428.500  -412.467341494  -412.363950222  -412.314611260  -412.314611260  -412.232455008
   429.000  -412.464158987  -412.362659696  -412.312746718  -412.312746718  -412.232217468
   429.500  -412.455805813  -412.356446720  -412.305870978  -412.305870978  -412.231960397
   430.000  -412.445817488  -412.348789898  -412.297442634  -412.297442634  -412.231816880
   430.500  -412.436364637  -412.341787498  -412.289569517  -412.289569517  -412.231761140
   431.000  -412.428383307  -412.336297856  -412.283132061  -412.283132061  -412.231734394
   431.500  -412.422354145  -412.332724440  -412.278553702  -412.278553702  -412.231705474
   432.000  -412.418764637  -412.331482673  -412.276255660  -412.276255660  -412.231675993
   432.500  -412.418087521  -412.332979682  -412.276637927  -412.276637927  -412.231668682
   433.000  -412.420454304  -412.337288862  -412.279754699  -412.279754699  -412.231713637
   433.500  -412.425200790  -412.343695905  -412.284871807  -412.284871807  -412.231843177
   434.000  -412.430430792  -412.350261164  -412.290040588  -412.290040588  -412.232072477
   434.500  -412.432946265  -412.353742931  -412.292040039  -412.292040039  -412.232337619
   435.000  -412.429516023  -412.350859153  -412.287649789  -412.287649789  -412.232389397
   435.500  -412.420651643  -412.342051184  -412.277429764  -412.277429764  -412.231915149
   436.000  -412.414258445  -412.335144823  -412.269357506  -412.269357506  -412.231252092
   436.500  -412.419797109  -412.339552142  -412.272963239  -412.272963239  -412.231372619
   437.000  -412.435560531  -412.353594584  -412.286583669  -412.286583669  -412.232080631
   437.500  -412.451088719  -412.366920127  -412.299781755  -412.299781755  -412.232441125
   438.000  -412.459805999  -412.373099703  -412.306008669  -412.306008669  -412.232351996
   438.500  -412.461779772  -412.372350714  -412.305377369  -412.305377369  -412.232122196
   439.000  -412.459794340  -412.367595939  -412.300739956  -412.300739956  -412.231920684
   439.500  -412.456614406  -412.361725749  -412.294949674  -412.294949674  -412.231784061
   440.000  -412.454181822  -412.356795100  -412.290053588  -412.290053588  -412.231709966
   440.500  -412.453547994  -412.353954904  -412.287218185  -412.287218185  -412.231683189
   441.000  -412.455068660  -412.353646225  -412.286913040  -412.286913040  -412.231682004
   441.500  -412.458698873  -412.355892814  -412.289196042  -412.289196042  -412.231695305
   442.000  -412.464149945  -412.360457860  -412.293862676  -412.293862676  -412.231733765
   442.500  -412.470747606  -412.366702925  -412.300299335  -412.300299335  -412.231825206
   443.000  -412.477049550  -412.373202970  -412.307102525  -412.307102525  -412.231998575
   443.500  -412.480523283  -412.377419956  -412.311757110  -412.311757110  -412.232238853
   444.000  -412.477987016  -412.376134313  -412.311079869  -412.311079869  -412.232401503
   444.500  -412.467956093  -412.367780481  -412.303567090  -412.303567090  -412.232195017
   445.000  -412.454528832  -412.356336394  -412.293280088  -412.293280088  -412.231591902
   445.500  -412.446736625  -412.350703663  -412.289183887  -412.289183887  -412.231318890
   446.000  -412.448523915  -412.354735677  -412.295107448  -412.295107448  -412.231782231
   446.500  -412.453627272  -412.362135590  -412.304627728  -412.304627728  -412.232257637
   447.000  -412.454758937  -412.365613341  -412.310287168  -412.310287168  -412.232304171
   447.500  -412.450318214  -412.363563409  -412.310339553  -412.310339553  -412.232132723
   448.000  -412.442274209  -412.357939283  -412.306644836  -412.306644836  -412.231964962
   448.500  -412.432977753  -412.351068435  -412.301476618  -412.301476618  -412.231845199
   449.000  -412.424258633  -412.344752858  -412.296604134  -412.296604134  -412.231750752
   449.500  -412.417608400  -412.340450806  -412.293460974  -412.293460974  -412.231677613
   450.000  -412.414199951  -412.339293768  -412.293159372  -412.293159372  -412.231644724
   450.500  -412.414603748  -412.341806074  -412.296211485  -412.296211485  -412.231664620
   451.000  -412.418579591  -412.347701083  -412.302331012  -412.302331012  -412.231734313
   451.500  -412.425093495  -412.355903107  -412.310455798  -412.310455798  -412.231851467
   452.000  -412.432348881  -412.364581229  -412.318784026  -412.318784026  -412.232027343
   452.500  -412.437705419  -412.371068237  -412.324692763  -412.324692763  -412.232258459
   453.000  -412.437924790  -412.372100617  -412.324986061  -412.324986061  -412.232446058
   453.500  -412.430889116  -412.365526457  -412.317611606  -412.317611606  -412.232330445
   454.000  -412.419259041  -412.353956923  -412.305312930  -412.305312930  -412.231762389
   454.500  -412.411645184  -412.345948747  -412.296783332  -412.296783332  -412.231309956
   455.000  -412.414316918  -412.347752184  -412.298341844  -412.298341844  -412.231634011
   455.500  -412.422774816  -412.354914181  -412.305491087  -412.305491087  -412.232218807
   456.000  -412.428208137  -412.358721624  -412.309397183  -412.309397183  -412.232413117
   456.500  -412.426741397  -412.355403015  -412.306166550  -412.306166550  -412.232274857
   457.000  -412.419645122  -412.346310491  -412.297063093  -412.297063093  -412.232043420
   457.500  -412.410085647  -412.334664636  -412.285254136  -412.285254136  -412.231834330
   458.000  -412.401195454  -412.323639651  -412.273878326  -412.273878326  -412.231679622
   458.500  -412.395393581  -412.315697279  -412.265372404  -412.265372404  -412.231584095
   459.000  -412.394212810  -412.312426062  -412.261304691  -412.261304691  -412.231537990
   459.500  -412.398372890  -412.314614003  -412.262451037  -412.262451037  -412.231533233
   460.000  -412.407858876  -412.322320022  -412.268869033  -412.268869033  -412.231582126
   460.500  -412.421755065  -412.334694511  -412.279722498  -412.279722498  -412.231712167
   461.000  -412.437909069  -412.349635535  -412.292937296  -412.292937296  -412.231937853
   461.500  -412.452825303  -412.363673545  -412.305089792  -412.305089792  -412.232230595
   462.000  -412.462272566  -412.372571271  -412.312015164  -412.312015164  -412.232470846
   462.500  -412.463300400  -412.373332569  -412.310828731  -412.310828731  -412.232403105
   463.000  -412.457891430  -412.367854564  -412.303586988  -412.303586988  -412.231862298
   463.500  -412.454430472  -412.364420055  -412.298753803  -412.298753803  -412.231349110
   464.000  -412.460166200  -412.370205895  -412.303631831  -412.303631831  -412.231574871
   464.500  -412.472027293  -412.382127709  -412.315143385  -412.315143385  -412.232151116
   465.000  -412.481478014  -412.391675901  -412.324685252  -412.324685252  -412.232394116
   465.500  -412.484038332  -412.394392755  -412.327678997  -412.327678997  -412.232298809
   466.000  -412.480335216  -412.390903157  -412.324649368  -412.324649368  -412.232103643
   466.500  -412.472954441  -412.383769550  -412.318088299  -412.318088299  -412.231932903
   467.000  -412.464424489  -412.375487945  -412.310440003  -412.310440003  -412.231810206
   467.500  -412.456667200  -412.367947808  -412.303551436  -412.303551436  -412.231729408
   468.000  -412.450984822  -412.362426979  -412.298660987  -412.298660987  -412.231684945
   468.500  -412.448099104  -412.359634912  -412.296441415  -412.296441415  -412.231674711
   469.000  -412.448162131  -412.359730086  -412.297019026  -412.297019026  -412.231695988
   469.500  -412.450791399  -412.362349683  -412.300011052  -412.300011052  -412.231748990
   470.000  -412.455068401  -412.366603609  -412.304526038  -412.304526038  -412.231849127
   470.500  -412.459361690  -412.370888568  -412.308985183  -412.308985183  -412.232018851
   471.000  -412.461159797  -412.372708050  -412.310952852  -412.310952852  -412.232218373
   471.500  -412.457929644  -412.369520735  -412.307990283  -412.307990283  -412.232245753
   472.000  -412.450098977  -412.361716351  -412.300632771  -412.300632771  -412.231864107
   472.500  -412.443765964  -412.355337124  -412.295079674  -412.295079674  -412.231357273
   473.000  -412.446057503  -412.357473926  -412.298513039  -412.298513039  -412.231456348
   473.500  -412.455640825  -412.366814081  -412.309581980  -412.309581980  -412.232034213
   474.000  -412.464286651  -412.375196715  -412.319981291  -412.319981291  -412.232366923
   474.500  -412.466488247  -412.377193979  -412.324119135  -412.324119135  -412.232312006
   475.000  -412.462288631  -412.372907069  -412.321973432  -412.321973432  -412.232105659
   475.500  -412.454371735  -412.365049656  -412.316185184  -412.316185184  -412.231914302
   476.000  -412.445520086  -412.356409297  -412.309509433  -412.309509433  -412.231783784
   476.500  -412.437742550  -412.348983884  -412.303934818  -412.303934818  -412.231708314
   477.000  -412.432243327  -412.343956376  -412.300647947  -412.300647947  -412.231674481
   477.500  -412.429572223  -412.341850656  -412.300181060  -412.300181060  -412.231675753
   478.000  -412.429703399  -412.342613704  -412.302490265  -412.302490265  -412.231714923
   478.500  -412.432000071  -412.345585265  -412.306918494  -412.306918494  -412.231800061
   479.000  -412.435113058  -412.349395769  -412.312091837  -412.312091837  -412.231941009
   479.500  -412.436891540  -412.351876683  -412.315826496  -412.315826496  -412.232140469
   480.000  -412.434467678  -412.350141868  -412.315209551  -412.315209551  -412.232363264
   480.500  -412.424991923  -412.341307021  -412.307337031  -412.307337031  -412.232468617
   481.000  -412.407952678  -412.324805192  -412.291637920  -412.291637920  -412.232180980
   481.500  -412.388854061  -412.306066502  -412.273567931  -412.273567931  -412.231468883
   482.000  -412.378504102  -412.295846688  -412.263901239  -412.263901239  -412.231095019
   482.500  -412.382196932  -412.299452513  -412.267906382  -412.267906382  -412.231596822
   483.000  -412.392895877  -412.309933282  -412.278525612  -412.278525612  -412.232217797
   483.500  -412.400910742  -412.317702432  -412.286064380  -412.286064380  -412.232362002
   484.000  -412.402812938  -412.319397981  -412.287113357  -412.287113357  -412.232189221
   484.500  -412.400234666  -412.316670326  -412.283339241  -412.283339241  -412.231963914
   485.000  -412.396147365  -412.312474128  -412.277750399  -412.277750399  -412.231791972
   485.500  -412.393034778  -412.309257387  -412.272863251  -412.272863251  -412.231683718
   486.000  -412.392540634  -412.308622121  -412.270347372  -412.270347372  -412.231624488
   486.500  -412.395586706  -412.311453225  -412.271145653  -412.271145653  -412.231602705
   487.000  -412.402499808  -412.318047797  -412.275603069  -412.275603069  -412.231617216
   487.500  -412.413022681  -412.328134496  -412.283479765  -412.283479765  -412.231674002
   488.000  -412.426232846  -412.340795890  -412.293872681  -412.293872681  -412.231781622
   488.500  -412.440432925  -412.354355127  -412.305109541  -412.305109541  -412.231948309
   489.000  -412.453087552  -412.366309364  -412.314689522  -412.314689522  -412.232170042
   489.500  -412.461025798  -412.373523989  -412.319489548  -412.319489548  -412.232386049
   490.000  -412.461587608  -412.373367096  -412.316913721  -412.316913721  -412.232399161
   490.500  -412.455601360  -412.366672156  -412.307872353  -412.307872353  -412.231964971
   491.000  -412.450190871  -412.360543821  -412.299577181  -412.299577181  -412.231361502
   491.500  -412.453906570  -412.363509027  -412.300645097  -412.300645097  -412.231431783
   492.000  -412.465695199  -412.374517975  -412.310039246  -412.310039246  -412.232072540
   492.500  -412.476257380  -412.384303716  -412.318436643  -412.318436643  -412.232423960
   493.000  -412.479505987  -412.386814371  -412.319718435  -412.319718435  -412.232326178
   493.500  -412.475848911  -412.382473334  -412.314270711  -412.314270711  -412.232076783
   494.000  -412.468495490  -412.374483299  -412.305286812  -412.305286812  -412.231868696
   494.500  -412.460469243  -412.365845085  -412.295771479  -412.295771479  -412.231740304
   495.000  -412.453792125  -412.358551602  -412.287718344  -412.287718344  -412.231670181
   495.500  -412.449655232  -412.353767620  -412.282284533  -412.282284533  -412.231633386
   496.000  -412.448723359  -412.352139330  -412.280102214  -412.280102214  -412.231618896
   496.500  -412.451269161  -412.353935725  -412.281422786  -412.281422786  -412.231630909
   497.000  -412.457102058  -412.358982787  -412.286054844  -412.286054844  -412.231682782
   497.500  -412.465375968  -412.366473979  -412.293178965  -412.293178965  -412.231789508
   498.000  -412.474396815  -412.374774597  -412.301155706  -412.301155706  -412.231962663
   498.500  -412.481524960  -412.381314530  -412.307423085  -412.307423085  -412.232195953
   499.000  -412.483448190  -412.382842401  -412.308761406  -412.308761406  -412.232403333
   499.500  -412.477741924  -412.376965524  -412.302842432  -412.302842432  -412.232335139
   500.000  -412.466481204  -412.365745185  -412.291829094  -412.291829094  -412.231791942
