     0.000  -412.528353312  -412.371023744  -412.295882045  -412.295882045  -412.240072198
     0.500  -412.531465103  -412.381353843  -412.302758427  -412.302758427  -412.240145543
     1.000  -412.533428347  -412.390831235  -412.310119441  -412.310119441  -412.240300276
     1.500  -412.532118848  -412.397310742  -412.315836980  -412.315836980  -412.240443970
     2.000  -412.525947364  -412.399284514  -412.318067477  -412.318067477  -412.240476515
     2.500  -412.515085097  -412.396912205  -412.316612079  -412.316612079  -412.240381150
     3.000  -412.501580470  -412.392112968  -412.313083275  -412.313083275  -412.240241422
     3.500  -412.488107992  -412.387352795  -412.309685113  -412.309685113  -412.240152128
     4.000  -412.476493099  -412.384206161  -412.307785144  -412.307785144  -412.240158217
     4.500  -412.466970827  -412.382647566  -412.307223416  -412.307223416  -412.240246613
     5.000  -412.458407185  -412.381301780  -412.306574378  -412.306574378  -412.240340163
     5.500  -412.449446897  -412.378617243  -412.304317586  -412.304317586  -412.240356044
     6.000  -412.439735430  -412.374098129  -412.300058728  -412.300058728  -412.240281531
     6.500  -412.430188182  -412.368575113  -412.294774937  -412.294774937  -412.240165542
     7.000  -412.422356267  -412.363563122  -412.290141321  -412.290141321  -412.240065428
     7.500  -412.417604939  -412.360425960  -412.287666811  -412.287666811  -412.240015400
     8.000  -412.416601242  -412.359850216  -412.288143442  -412.288143442  -412.240022133
     8.500  -412.419210596  -412.361732638  -412.291515412  -412.291515412  -412.240071558
     9.000  -412.424695305  -412.365375860  -412.297067924  -412.297067924  -412.240141754
     9.500  -412.432018356  -412.369796879  -412.303739976  -412.303739976  -412.240218765
    10.000  -412.440032546  -412.373927144  -412.310339468  -412.310339468  -412.240300611
    10.500  -412.447522916  -412.376667043  -412.315623064  -412.315623064  -412.240374938
    11.000  -412.453410754  -412.377098003  -412.318535604  -412.318535604  -412.240403785
    11.500  -412.457260899  -412.374987217  -412.318736697  -412.318736697  -412.240370929
    12.000  -412.459459297  -412.370954822  -412.316770823  -412.316770823  -412.240321354
    12.500  -412.460589095  -412.365830627  -412.313419200  -412.313419200  -412.240300786
    13.000  -412.460819937  -412.360026701  -412.309058251  -412.309058251  -412.240293303
    13.500  -412.460107828  -412.353719703  -412.303839176  -412.303839176  -412.240262305
    14.000  -412.458694548  -412.347343861  -412.298184584  -412.298184584  -412.240208638
    14.500  -412.457126194  -412.341611160  -412.292812159  -412.292812159  -412.240161636
    15.000  -412.455868642  -412.337127623  -412.288358884  -412.288358884  -412.240134622
    15.500  -412.455135201  -412.334220404  -412.285203219  -412.285203219  -412.240113652
    16.000  -412.455074038  -412.333119418  -412.283638076  -412.283638076  -412.240088722
    16.500  -412.455912050  -412.334097083  -412.283997845  -412.283997845  -412.240071511
    17.000  -412.457803106  -412.337314798  -412.286491207  -412.286491207  -412.240084106
    17.500  -412.460511138  -412.342506550  -412.290877615  -412.290877615  -412.240142803
    18.000  -412.463194583  -412.348758142  -412.296244243  -412.296244243  -412.240243728
    18.500  -412.464507534  -412.354601399  -412.301103755  -412.301103755  -412.240350998
    19.000  -412.463168844  -412.358575069  -412.303969641  -412.303969641  -412.240398441
    19.500  -412.458938694  -412.360200059  -412.304346221  -412.304346221  -412.240325113
    20.000  -412.453385726  -412.360764693  -412.303530231  -412.303530231  -412.240154633
    20.500  -412.449352094  -412.362824350  -412.304122978  -412.304122978  -412.240029720
    21.000  -412.448829432  -412.368124601  -412.307941213  -412.307941213  -412.240088583
    21.500  -412.451012539  -412.375685046  -412.314080399  -412.314080399  -412.240309064
    22.000  -412.452636142  -412.382135238  -412.319230884  -412.319230884  -412.240536615
    22.500  -412.450243489  -412.383959793  -412.319914855  -412.319914855  -412.240630664
    23.000  -412.442347927  -412.379634231  -412.314623685  -412.314623685  -412.240545171
    23.500  -412.430201017  -412.370376601  -412.304579584  -412.304579584  -412.240327608
    24.000  -412.417109215  -412.359457370  -412.293050618  -412.293050618  -412.240084780
    24.500  -412.406804357  -412.350571339  -412.283726580  -412.283726580  -412.239928388
    25.000  -412.401751959  -412.346148954  -412.279030260  -412.279030260  -412.239903370
    25.500  -412.402439001  -412.346648948  -412.279406109  -412.279406109  -412.239969319
    26.000  -412.407902990  -412.351093921  -412.283850431  -412.283850431  -412.240063103
    26.500  -412.416652295  -412.357999912  -412.290836221  -412.290836221  -412.240156001
    27.000  -412.427130839  -412.365848288  -412.298795679  -412.298795679  -412.240252833
    27.500  -412.437726735  -412.373101322  -412.306144481  -412.306144481  -412.240353311
    28.000  -412.446813093  -412.378241962  -412.311343875  -412.311343875  -412.240429870
    28.500  -412.453182812  -412.380201697  -412.313340404  -412.313340404  -412.240434097
    29.000  -412.456729058  -412.379029473  -412.312239956  -412.312239956  -412.240347236
    29.500  -412.458657281  -412.376093158  -412.309496066  -412.309496066  -412.240227637
    30.000  -412.460634492  -412.373224762  -412.307024957  -412.307024957  -412.240162932
    30.500  -412.463568532  -412.371496102  -412.305953833  -412.305953833  -412.240167149
    31.000  -412.467353344  -412.370962077  -412.306349021  -412.306349021  -412.240199908
    31.500  -412.471335086  -412.371127634  -412.307693177  -412.307693177  -412.240260049
    32.000  -412.474389796  -412.371026489  -412.308983836  -412.308983836  -412.240346878
    32.500  -412.475042733  -412.369332706  -412.308863832  -412.308863832  -412.240400699
    33.000  -412.472367887  -412.365245127  -412.306498799  -412.306498799  -412.240360260
    33.500  -412.466904389  -412.359383880  -412.302458459  -412.302458459  -412.240229875
    34.000  -412.460613806  -412.353739299  -412.298655804  -412.298655804  -412.240077334
    34.500  -412.455845880  -412.350644769  -412.297325667  -412.297325667  -412.239993099
    35.000  -412.453948514  -412.351402896  -412.299668343  -412.299668343  -412.240030358
    35.500  -412.454448273  -412.355481067  -412.305059207  -412.305059207  -412.240166584
    36.000  -412.455360741  -412.360824856  -412.311368576  -412.311368576  -412.240331282
    36.500  -412.454269666  -412.364926032  -412.316031061  -412.316031061  -412.240453770
    37.000  -412.449478554  -412.365958761  -412.317184198  -412.317184198  -412.240475830
    37.500  -412.440947468  -412.363703741  -412.314598912  -412.314598912  -412.240362106
    38.000  -412.430735816  -412.359993106  -412.310133029  -412.310133029  -412.240158319
    38.500  -412.422166020  -412.357895051  -412.306913532  -412.306913532  -412.240019234
    39.000  -412.417492177  -412.359411400  -412.307027075  -412.307027075  -412.240080125
    39.500  -412.415970380  -412.363569432  -412.309605115  -412.309605115  -412.240292750
    40.000  -412.414526399  -412.367097902  -412.311498675  -412.311498675  -412.240486164
    40.500  -412.410213230  -412.366882938  -412.309740474  -412.309740474  -412.240547131
    41.000  -412.401996963  -412.361750958  -412.303323895  -412.303323895  -412.240466198
    41.500  -412.391053154  -412.352762471  -412.293473796  -412.293473796  -412.240285616
    42.000  -412.380171534  -412.342615216  -412.283011000  -412.283011000  -412.240079069
    42.500  -412.372610151  -412.334500073  -412.275168975  -412.275168975  -412.239944477
    43.000  -412.370634275  -412.330647001  -412.272118064  -412.272118064  -412.239933568
    43.500  -412.374709519  -412.331530205  -412.274184661  -412.274184661  -412.240002776
    44.000  -412.383971579  -412.336350535  -412.280374901  -412.280374901  -412.240096788
    44.500  -412.396901334  -412.343717975  -412.289111342  -412.289111342  -412.240228901
    45.000  -412.411213816  -412.351538610  -412.298161936  -412.298161936  -412.240409845
    45.500  -412.423852489  -412.356997888  -412.304647026  -412.304647026  -412.240567418
    46.000  -412.432165100  -412.357714370  -412.306185565  -412.306185565  -412.240582690
    46.500  -412.435650881  -412.353464416  -412.302615056  -412.302615056  -412.240401437
    47.000  -412.436710783  -412.346916020  -412.296700087  -412.296700087  -412.240119412
    47.500  -412.439199129  -412.342174720  -412.292632205  -412.292632205  -412.239944655
    48.000  -412.445424180  -412.341785170  -412.292993661  -412.292993661  -412.239993577
    48.500  -412.454501275  -412.345083073  -412.297087844  -412.297087844  -412.240162248
    49.000  -412.463749817  -412.349583942  -412.302344630  -412.302344630  -412.240282663
    49.500  -412.471094288  -412.353372210  -412.306748884  -412.306748884  -412.240300774
    50.000  -412.475982137  -412.356007412  -412.309780386  -412.309780386  -412.240263346
    50.500  -412.478803880  -412.357932906  -412.311843609  -412.311843609  -412.240230521
    51.000  -412.480029998  -412.359604915  -412.313396582  -412.313396582  -412.240226828
    51.500  -412.479807970  -412.361087079  -412.314540212  -412.314540212  -412.240241704
    52.000  -412.478098399  -412.362190156  -412.315140446  -412.315140446  -412.240247015
    52.500  -412.475056996  -412.362872862  -412.315210394  -412.315210394  -412.240227293
    53.000  -412.471234826  -412.363466060  -412.315117342  -412.315117342  -412.240200256
    53.500  -412.467294704  -412.364416324  -412.315319519  -412.315319519  -412.240206101
    54.000  -412.463414165  -412.365709235  -412.315792313  -412.315792313  -412.240270260
    54.500  -412.458913540  -412.366504224  -412.315675675  -412.315675675  -412.240368025
    55.000  -412.452636961  -412.365505594  -412.313669386  -412.313669386  -412.240411878
    55.500  -412.444214805  -412.362214380  -412.309298947  -412.309298947  -412.240320388
    56.000  -412.435119403  -412.357983195  -412.303964879  -412.303964879  -412.240155189
    56.500  -412.427712024  -412.355072228  -412.299978147  -412.299978147  -412.240092912
    57.000  -412.422833903  -412.354252447  -412.298135194  -412.298135194  -412.240188146
    57.500  -412.419073608  -412.354074642  -412.296974913  -412.296974913  -412.240307105
    58.000  -412.414597109  -412.352688672  -412.294612149  -412.294612149  -412.240324549
    58.500  -412.408984821  -412.349667119  -412.290585150  -412.290585150  -412.240241142
    59.000  -412.403341570  -412.346105201  -412.285975389  -412.285975389  -412.240126230
    59.500  -412.399326937  -412.343647789  -412.282441167  -412.282441167  -412.240040322
    60.000  -412.398223054  -412.343557420  -412.281282242  -412.281282242  -412.240011358
    60.500  -412.400466240  -412.346247607  -412.282963868  -412.282963868  -412.240041641
    61.000  -412.405588812  -412.351226192  -412.287048362  -412.287048362  -412.240118087
    61.500  -412.412424115  -412.357303346  -412.292389668  -412.292389668  -412.240218786
    62.000  -412.419456137  -412.362944471  -412.297477473  -412.297477473  -412.240319678
    62.500  -412.425214475  -412.366670638  -412.300834808  -412.300834808  -412.240396618
    63.000  -412.428683733  -412.367475568  -412.301440677  -412.301440677  -412.240417573
    63.500  -412.429795624  -412.365321560  -412.299244736  -412.299244736  -412.240346422
    64.000  -412.429885517  -412.361595044  -412.295646067  -412.295646067  -412.240185911
    64.500  -412.431502601  -412.358912469  -412.293310389  -412.293310389  -412.240023049
    65.000  -412.437010251  -412.359718267  -412.294755916  -412.294755916  -412.239996398
    65.500  -412.446586419  -412.364287494  -412.300316127  -412.300316127  -412.240157364
    66.000  -412.457574546  -412.370078992  -412.307460935  -412.307460935  -412.240380898
    66.500  -412.466336917  -412.373583254  -412.312633351  -412.312633351  -412.240493233
    67.000  -412.470814845  -412.372869996  -412.313815808  -412.313815808  -412.240445481
    67.500  -412.471381870  -412.368432361  -412.311399524  -412.311399524  -412.240305775
    68.000  -412.469953603  -412.362293352  -412.307306004  -412.307306004  -412.240159284
    68.500  -412.468706148  -412.356726809  -412.303714517  -412.303714517  -412.240055198
    69.000  -412.469241092  -412.353428436  -412.302238439  -412.302238439  -412.240009692
    69.500  -412.472266836  -412.353201217  -412.303610624  -412.303610624  -412.240020838
    70.000  -412.477585338  -412.355942851  -412.307673260  -412.307673260  -412.240080049
    70.500  -412.484214563  -412.360765630  -412.313500412  -412.313500412  -412.240176628
    71.000  -412.490571173  -412.366173194  -412.319578374  -412.319578374  -412.240297831
    71.500  -412.494712235  -412.370293902  -412.324043105  -412.324043105  -412.240422559
    72.000  -412.494726438  -412.371260261  -412.325067185  -412.325067185  -412.240507138
    72.500  -412.489468833  -412.367934406  -412.321588809  -412.321588809  -412.240477789
    73.000  -412.479661402  -412.360999421  -412.314397358  -412.314397358  -412.240281750
    73.500  -412.468503398  -412.353570230  -412.306723549  -412.306723549  -412.240006631
    74.000  -412.460211676  -412.349745904  -412.302754565  -412.302754565  -412.239885577
    74.500  -412.456682256  -412.351287691  -412.304277143  -412.304277143  -412.240046712
    75.000  -412.455720300  -412.355855245  -412.308910505  -412.308910505  -412.240337506
    75.500  -412.453147770  -412.359106209  -412.312233138  -412.312233138  -412.240519344
    76.000  -412.446236371  -412.358116876  -412.311244835  -412.311244835  -412.240508626
    76.500  -412.435104701  -412.352782264  -412.305790011  -412.305790011  -412.240368565
    77.000  -412.421914790  -412.345031419  -412.297782916  -412.297782916  -412.240194506
    77.500  -412.409443745  -412.337429715  -412.289802823  -412.289802823  -412.240049994
    78.000  -412.400049821  -412.332172568  -412.284073951  -412.284073951  -412.239962618
    78.500  -412.395172468  -412.330599656  -412.281969871  -412.281969871  -412.239940400
    79.000  -412.395167005  -412.333030448  -412.283842504  -412.283842504  -412.239983583
    79.500  -412.399302903  -412.338750466  -412.289007797  -412.289007797  -412.240086911
    80.000  -412.405879483  -412.346109371  -412.295848693  -412.295848693  -412.240234170
    80.500  -412.412537680  -412.352812662  -412.302113866  -412.302113866  -412.240387424
    81.000  -412.416913087  -412.356556781  -412.305556884  -412.305556884  -412.240481398
    81.500  -412.417681919  -412.356064366  -412.304961205  -412.304961205  -412.240443358
    82.000  -412.415614721  -412.352139337  -412.301172861  -412.301172861  -412.240262659
    82.500  -412.413605646  -412.347713025  -412.297116587  -412.297116587  -412.240057391
    83.000  -412.414851240  -412.346050538  -412.295980170  -412.295980170  -412.239996744
    83.500  -412.420369951  -412.348287718  -412.298766967  -412.298766967  -412.240114427
    84.000  -412.428428178  -412.352857120  -412.303758130  -412.303758130  -412.240293004
    84.500  -412.436141713  -412.357063551  -412.308135826  -412.308135826  -412.240423168
    85.000  -412.441193796  -412.358768798  -412.309692421  -412.309692421  -412.240461784
    85.500  -412.442642046  -412.357169581  -412.307613385  -412.307613385  -412.240407496
    86.000  -412.441013110  -412.352882614  -412.302548606  -412.302548606  -412.240290621
    86.500  -412.437869440  -412.347520318  -412.296169816  -412.296169816  -412.240158018
    87.000  -412.435092042  -412.342988437  -412.290457251  -412.290457251  -412.240050433
    87.500  -412.434225908  -412.340845965  -412.287052560  -412.287052560  -412.239992055
    88.000  -412.436062550  -412.341895906  -412.286847935  -412.286847935  -412.239994759
    88.500  -412.440440241  -412.345989234  -412.289784687  -412.289784687  -412.240061432
    89.000  -412.446212845  -412.351992613  -412.294817012  -412.294817012  -412.240183633
    89.500  -412.451441542  -412.357975398  -412.300091016  -412.300091016  -412.240328449
    90.000  -412.453971693  -412.361778776  -412.303508983  -412.303508983  -412.240429403
    90.500  -412.452483141  -412.362058497  -412.303765698  -412.303765698  -412.240409642
    91.000  -412.447572307  -412.359363471  -412.301423163  -412.301423163  -412.240264302
    91.500  -412.441689751  -412.356078745  -412.298843958  -412.298843958  -412.240119137
    92.000  -412.437243927  -412.354540896  -412.298301788  -412.298301788  -412.240119121
    92.500  -412.434538624  -412.354986837  -412.299931685  -412.299931685  -412.240242892
    93.000  -412.432014846  -412.355797107  -412.301991904  -412.301991904  -412.240342804
    93.500  -412.428294356  -412.355531604  -412.302926489  -412.302926489  -412.240337397
    94.000  -412.423414671  -412.354152844  -412.302608189  -412.302608189  -412.240273571
    94.500  -412.418263444  -412.352450410  -412.301774059  -412.301774059  -412.240232692
    95.000  -412.413456523  -412.350916765  -412.300903837  -412.300903837  -412.240230431
    95.500  -412.409071571  -412.349487084  -412.299955908  -412.299955908  -412.240227304
    96.000  -412.405168446  -412.348071361  -412.298888634  -412.298888634  -412.240198208
    96.500  -412.402152394  -412.346929796  -412.298025392  -412.298025392  -412.240157618
    97.000  -412.400589879  -412.346500178  -412.297869181  -412.297869181  -412.240135844
    97.500  -412.400777625  -412.346973327  -412.298667420  -412.298667420  -412.240153520
    98.000  -412.402446693  -412.348001203  -412.300112775  -412.300112775  -412.240208427
    98.500  -412.404816052  -412.348753755  -412.301398588  -412.301398588  -412.240268378
    99.000  -412.407087473  -412.348414809  -412.301723416  -412.301723416  -412.240277278
    99.500  -412.409253406  -412.346993815  -412.301111537  -412.301111537  -412.240196209
   100.000  -412.412573709  -412.345806697  -412.300895315  -412.300895315  -412.240075075
   100.500  -412.418743388  -412.346650139  -412.302880551  -412.302880551  -412.240053456
   101.000  -412.427912057  -412.349825572  -412.307353865  -412.307353865  -412.240203609
   101.500  -412.437738642  -412.353188067  -412.312124730  -412.312124730  -412.240411333
   102.000  -412.445022730  -412.353756075  -412.314147621  -412.314147621  -412.240500497
   102.500  -412.448238799  -412.350217437  -412.312048780  -412.312048780  -412.240414532
   103.000  -412.448432805  -412.343808444  -412.307016319  -412.307016319  -412.240236751
   103.500  -412.448074613  -412.337169824  -412.301651096  -412.301651096  -412.240088436
   104.000  -412.449274774  -412.332574606  -412.298183882  -412.298183882  -412.240034492
   104.500  -412.452761156  -412.330913724  -412.297449021  -412.297449021  -412.240067148
   105.000  -412.457931212  -412.331739095  -412.298928930  -412.298928930  -412.240141657
   105.500  -412.463508804  -412.333905259  -412.301402744  -412.301402744  -412.240213717
   106.000  -412.468221335  -412.336225466  -412.303622376  -412.303622376  -412.240266521
   106.500  -412.471109189  -412.337777310  -412.304624577  -412.304624577  -412.240305253
   107.000  -412.471491274  -412.337863784  -412.303709544  -412.303709544  -412.240334862
   107.500  -412.468941906  -412.336003025  -412.300430509  -412.300430509  -412.240333062
   108.000  -412.463616408  -412.332259402  -412.294936755  -412.294936755  -412.240257827
   108.500  -412.456817153  -412.327826048  -412.288547868  -412.288547868  -412.240096349
   109.000  -412.451038766  -412.325077242  -412.283798702  -412.283798702  -412.239932972
   109.500  -412.448676015  -412.326297064  -412.283127518  -412.283127518  -412.239905423
   110.000  -412.450102960  -412.331770382  -412.286924831  -412.286924831  -412.240049108
   110.500  -412.453216154  -412.339326760  -412.293050601  -412.293050601  -412.240255098
   111.000  -412.454977822  -412.345865276  -412.298372771  -412.298372771  -412.240404020
   111.500  -412.453220678  -412.349138676  -412.300578786  -412.300578786  -412.240447615
   112.000  -412.447466773  -412.348554463  -412.299012352  -412.299012352  -412.240383615
   112.500  -412.438991279  -412.345242767  -412.294756246  -412.294756246  -412.240228924
   113.000  -412.430461700  -412.341709193  -412.290293887  -412.290293887  -412.240043331
   113.500  -412.424913500  -412.340836984  -412.288508383  -412.288508383  -412.239931720
   114.000  -412.424153236  -412.344313728  -412.291102728  -412.291102728  -412.239967963
   114.500  -412.427685435  -412.351568871  -412.297528467  -412.297528467  -412.240124503
   115.000  -412.433106440  -412.360157609  -412.305367284  -412.305367284  -412.240310082
   115.500  -412.437467943  -412.367105382  -412.311677302  -412.311677302  -412.240449461
   116.000  -412.438492141  -412.370106285  -412.314195038  -412.314195038  -412.240506602
   116.500  -412.435230838  -412.368175465  -412.311989549  -412.311989549  -412.240461992
   117.000  -412.428407889  -412.361993604  -412.305803025  -412.305803025  -412.240308719
   117.500  -412.420445982  -412.353941405  -412.298075233  -412.298075233  -412.240096352
   118.000  -412.414611233  -412.347255772  -412.292079000  -412.292079000  -412.239949202
   118.500  -412.413156062  -412.344184579  -412.290052695  -412.290052695  -412.239965748
   119.000  -412.415910864  -412.344587712  -412.291789918  -412.291789918  -412.240103622
   119.500  -412.420847505  -412.346503440  -412.295215974  -412.295215974  -412.240238583
   120.000  -412.425838881  -412.347903350  -412.298170692  -412.298170692  -412.240301838
   120.500  -412.429737834  -412.347763172  -412.299507026  -412.299507026  -412.240308128
   121.000  -412.432277016  -412.345952226  -412.298996412  -412.298996412  -412.240297027
   121.500  -412.433552414  -412.342705843  -412.296804796  -412.296804796  -412.240282602
   122.000  -412.433834400  -412.338424942  -412.293287955  -412.293287955  -412.240241504
   122.500  -412.433883553  -412.333983939  -412.289293001  -412.289293001  -412.240140861
   123.000  -412.435340684  -412.331119753  -412.286542040  -412.286542040  -412.239999188
   123.500  -412.440319706  -412.332038215  -412.287236586  -412.287236586  -412.239921651
   124.000  -412.449815565  -412.337845871  -412.292496484  -412.292496484  -412.240015355
   124.500  -412.462210611  -412.347074119  -412.300895508  -412.300895508  -412.240246301
   125.000  -412.473794729  -412.356187504  -412.308988638  -412.308988638  -412.240453425
   125.500  -412.481130685  -412.361912264  -412.313646757  -412.313646757  -412.240497903
   126.000  -412.483182549  -412.363327936  -412.314129386  -412.314129386  -412.240362473
   126.500  -412.481635781  -412.362176782  -412.312352910  -412.312352910  -412.240161183
   127.000  -412.479248888  -412.361228646  -412.311204204  -412.311204204  -412.240056976
   127.500  -412.477522248  -412.361972956  -412.312193917  -412.312193917  -412.240107586
   128.000  -412.475830887  -412.363761428  -412.314600598  -412.314600598  -412.240222031
   128.500  -412.472637153  -412.365013895  -412.316707252  -412.316707252  -412.240289223
   129.000  -412.467074627  -412.364786584  -412.317411584  -412.317411584  -412.240281610
   129.500  -412.459414531  -412.363225387  -412.316712749  -412.316712749  -412.240235902
   130.000  -412.450585875  -412.361083571  -412.315239530  -412.315239530  -412.240194446
   130.500  -412.441528269  -412.359079039  -412.313614000  -412.313614000  -412.240181007
   131.000  -412.432800421  -412.357514619  -412.312070537  -412.312070537  -412.240199434
   131.500  -412.424489345  -412.356202840  -412.310382690  -412.310382690  -412.240238550
   132.000  -412.416353924  -412.354627542  -412.308033264  -412.308033264  -412.240275685
   132.500  -412.408142005  -412.352281141  -412.304565876  -412.304565876  -412.240282238
   133.000  -412.399980844  -412.349077314  -412.300011976  -412.300011976  -412.240239140
   133.500  -412.392609277  -412.345602343  -412.295147006  -412.295147006  -412.240159408
   134.000  -412.387171695  -412.342920434  -412.291274717  -412.291274717  -412.240085147
   134.500  -412.384662744  -412.342013648  -412.289619551  -412.289619551  -412.240042599
   135.000  -412.385600164  -412.343435265  -412.290920142  -412.290920142  -412.240027454
   135.500  -412.390042882  -412.347303955  -412.295377545  -412.295377545  -412.240061665
   136.000  -412.397277292  -412.352974021  -412.302308115  -412.302308115  -412.240181771
   136.500  -412.405398366  -412.358616379  -412.309737258  -412.309737258  -412.240343083
   137.000  -412.411961629  -412.361878611  -412.315103098  -412.315103098  -412.240442220
   137.500  -412.415409323  -412.361320254  -412.316747343  -412.316747343  -412.240429883
   138.000  -412.415794621  -412.357141712  -412.314687424  -412.314687424  -412.240335829
   138.500  -412.414387770  -412.350786977  -412.310240458  -412.310240458  -412.240216620
   139.000  -412.412849143  -412.344108928  -412.305186908  -412.305186908  -412.240114469
   139.500  -412.412576382  -412.338706432  -412.301095283  -412.301095283  -412.240050409
   140.000  -412.414364289  -412.335574086  -412.298957268  -412.298957268  -412.240032316
   140.500  -412.418276948  -412.334966272  -412.299039380  -412.299039380  -412.240062364
   141.000  -412.423626618  -412.336365552  -412.300844955  -412.300844955  -412.240139208
   141.500  -412.429028694  -412.338529226  -412.303156810  -412.303156810  -412.240253610
   142.000  -412.432603961  -412.339679050  -412.304227339  -412.304227339  -412.240377704
   142.500  -412.432475781  -412.337986777  -412.302266318  -412.302266318  -412.240453999
   143.000  -412.427690070  -412.332486713  -412.296354881  -412.296354881  -412.240403890
   143.500  -412.419348425  -412.324211299  -412.287579526  -412.287579526  -412.240188927
   144.000  -412.411003984  -412.316604925  -412.279436355  -412.279436355  -412.239906608
   144.500  -412.407044826  -412.313937949  -412.276230315  -412.276230315  -412.239777395
   145.000  -412.409473361  -412.318118047  -412.279874046  -412.279874046  -412.239927301
   145.500  -412.416138457  -412.326937670  -412.288135832  -412.288135832  -412.240227942
   146.000  -412.422538999  -412.335867276  -412.296446833  -412.296446833  -412.240451177
   146.500  -412.425139080  -412.341346480  -412.301208849  -412.301208849  -412.240493981
   147.000  -412.423041661  -412.342436321  -412.301459147  -412.301459147  -412.240399684
   147.500  -412.417525583  -412.340346865  -412.298398230  -412.298398230  -412.240255912
   148.000  -412.410777615  -412.337172685  -412.294122605  -412.294122605  -412.240126675
   148.500  -412.404876888  -412.334886802  -412.290613606  -412.290613606  -412.240040872
   149.000  -412.401275967  -412.334833164  -412.289228395  -412.289228395  -412.240005939
   149.500  -412.400628777  -412.337564523  -412.290537382  -412.290537382  -412.240020459
   150.000  -412.402778357  -412.342837557  -412.294322036  -412.294322036  -412.240080614
   150.500  -412.406813070  -412.349671452  -412.299637792  -412.299637792  -412.240179173
   151.000  -412.411207704  -412.356489583  -412.304958026  -412.304958026  -412.240297435
   151.500  -412.414162259  -412.361453637  -412.308510456  -412.308510456  -412.240395611
   152.000  -412.414258555  -412.363113384  -412.308925203  -412.308925203  -412.240416279
   152.500  -412.411326613  -412.361265284  -412.306087834  -412.306087834  -412.240324020
   153.000  -412.406913268  -412.357416223  -412.301589783  -412.301589783  -412.240162788
   153.500  -412.403583844  -412.354083454  -412.298011422  -412.298011422  -412.240041271
   154.000  -412.403339673  -412.353215562  -412.297328558  -412.297328558  -412.240022828
   154.500  -412.406635175  -412.355217508  -412.299934688  -412.299934688  -412.240085710
   155.000  -412.412566585  -412.359153478  -412.304851879  -412.304851879  -412.240197467
   155.500  -412.419366598  -412.363258353  -412.310254131  -412.310254131  -412.240326137
   156.000  -412.424988132  -412.365531311  -412.314069684  -412.314069684  -412.240407884
   156.500  -412.428061920  -412.364686513  -412.314939431  -412.314939431  -412.240395708
   157.000  -412.428597180  -412.360836721  -412.312904105  -412.312904105  -412.240305880
   157.500  -412.427797424  -412.355292019  -412.309202918  -412.309202918  -412.240191060
   158.000  -412.427304618  -412.349792644  -412.305507783  -412.305507783  -412.240099038
   158.500  -412.428470711  -412.345783325  -412.303191776  -412.303191776  -412.240055565
   159.000  -412.431923538  -412.343977175  -412.302901174  -412.302901174  -412.240069618
   159.500  -412.437415989  -412.344214883  -412.304413670  -412.304413670  -412.240133685
   160.000  -412.443939705  -412.345579152  -412.306764526  -412.306764526  -412.240220912
   160.500  -412.450156525  -412.346828487  -412.308688056  -412.308688056  -412.240281033
   161.000  -412.455165870  -412.347162217  -412.309388921  -412.309388921  -412.240260499
   161.500  -412.459253477  -412.346966277  -412.309286849  -412.309286849  -412.240162950
   162.000  -412.463757204  -412.347680361  -412.309869832  -412.309869832  -412.240090223
   162.500  -412.469589766  -412.350321946  -412.312197971  -412.312197971  -412.240154946
   163.000  -412.475714680  -412.353963750  -412.315357898  -412.315357898  -412.240333046
   163.500  -412.479532980  -412.356099723  -412.316833071  -412.316833071  -412.240476255
   164.000  -412.479029139  -412.354764763  -412.314643846  -412.314643846  -412.240451473
   164.500  -412.474692433  -412.350439546  -412.309277105  -412.309277105  -412.240253640
   165.000  -412.469503957  -412.346050365  -412.303689855  -412.303689855  -412.240038911
   165.500  -412.466627798  -412.344701033  -412.301016927  -412.301016927  -412.239992498
   166.000  -412.466785083  -412.347071447  -412.301958944  -412.301958944  -412.240114729
   166.500  -412.468216736  -412.351373760  -412.304731995  -412.304731995  -412.240247098
   167.000  -412.468874157  -412.355508457  -412.307232927  -412.307232927  -412.240291201
   167.500  -412.467941770  -412.358559039  -412.308539186  -412.308539186  -412.240270146
   168.000  -412.465656715  -412.360606603  -412.308726614  -412.308726614  -412.240243777
   168.500  -412.462482428  -412.361917310  -412.308063443  -412.308063443  -412.240241398
   169.000  -412.458646261  -412.362503621  -412.306582876  -412.306582876  -412.240246640
   169.500  -412.454323258  -412.362332049  -412.304306497  -412.304306497  -412.240214814
   170.000  -412.450231208  -412.361944294  -412.301865355  -412.301865355  -412.240116879
   170.500  -412.447947643  -412.362793306  -412.300824194  -412.300824194  -412.239999718
   171.000  -412.449158757  -412.366505720  -412.302912931  -412.302912931  -412.239972981
   171.500  -412.454132761  -412.373357171  -412.308465054  -412.308465054  -412.240085721
   172.000  -412.461071269  -412.381611418  -412.315744041  -412.315744041  -412.240265014
   172.500  -412.467160039  -412.388548012  -412.321982448  -412.321982448  -412.240410136
   173.000  -412.470068547  -412.391936841  -412.324883503  -412.324883503  -412.240484110
   173.500  -412.468621794  -412.390691291  -412.323292978  -412.323292978  -412.240491490
   174.000  -412.462846485  -412.384900782  -412.317243090  -412.317243090  -412.240418624
   174.500  -412.454176123  -412.376032234  -412.308152339  -412.308152339  -412.240235194
   175.000  -412.445713885  -412.367202117  -412.299093758  -412.299093758  -412.239990666
   175.500  -412.441264576  -412.362231684  -412.293846539  -412.293846539  -412.239862609
   176.000  -412.442705009  -412.363045598  -412.294301794  -412.294301794  -412.239975158
   176.500  -412.448263493  -412.367961737  -412.298765974  -412.298765974  -412.240220734
   177.000  -412.454011485  -412.373161085  -412.303443399  -412.303443399  -412.240413305
   177.500  -412.456611678  -412.375397450  -412.305147265  -412.305147265  -412.240482052
   178.000  -412.454621223  -412.373276489  -412.302564829  -412.302564829  -412.240439148
   178.500  -412.448506039  -412.367260301  -412.296247233  -412.296247233  -412.240297704
   179.000  -412.440408115  -412.359451486  -412.288373051  -412.288373051  -412.240089454
   179.500  -412.433508942  -412.352975051  -412.282114019  -412.282114019  -412.239918932
   180.000  -412.430393211  -412.350362936  -412.280008011  -412.280008011  -412.239906211
   180.500  -412.431323288  -412.351842159  -412.282245400  -412.282245400  -412.240045833
   181.000  -412.434306386  -412.355405989  -412.286749843  -412.286749843  -412.240208729
   181.500  -412.436912631  -412.358627348  -412.291010590  -412.291010590  -412.240288830
   182.000  -412.437861207  -412.360238369  -412.293679892  -412.293679892  -412.240278221
   182.500  -412.437232593  -412.360338317  -412.294790591  -412.294790591  -412.240228977
   183.000  -412.435748927  -412.359670963  -412.295036081  -412.295036081  -412.240196289
   183.500  -412.433958287  -412.358804828  -412.294948392  -412.294948392  -412.240206950
   184.000  -412.431841538  -412.357733686  -412.294492757  -412.294492757  -412.240246067
   184.500  -412.429045148  -412.356100063  -412.293286509  -412.293286509  -412.240261524
   185.000  -412.425630335  -412.353935625  -412.291339462  -412.291339462  -412.240204223
   185.500  -412.422698072  -412.352286184  -412.289682872  -412.289682872  -412.240103279
   186.000  -412.421848111  -412.352683145  -412.289850319  -412.289850319  -412.240082749
   186.500  -412.423408886  -412.355393137  -412.292137103  -412.292137103  -412.240213055
   187.000  -412.425535853  -412.358527308  -412.294712058  -412.294712058  -412.240374150
   187.500  -412.425923163  -412.359745331  -412.295316085  -412.295316085  -412.240386043
   188.000  -412.424335169  -412.358770819  -412.293766634  -412.293766634  -412.240231314
   188.500  -412.422879148  -412.357658252  -412.292208815  -412.292208815  -412.240072719
   189.000  -412.423729281  -412.358523742  -412.292829638  -412.292829638  -412.240061717
   189.500  -412.426974847  -412.361404040  -412.295703194  -412.295703194  -412.240179014
   190.000  -412.430826914  -412.364468656  -412.299000971  -412.299000971  -412.240297816
   190.500  -412.433414959  -412.365818502  -412.300797038  -412.300797038  -412.240333011
   191.000  -412.434100963  -412.364802205  -412.300393358  -412.300393358  -412.240283882
   191.500  -412.433570861  -412.362111494  -412.298424337  -412.298424337  -412.240190201
   192.000  -412.433256054  -412.359206817  -412.296287716  -412.296287716  -412.240092160
   192.500  -412.434677748  -412.357663176  -412.295497393  -412.295497393  -412.240023367
   193.000  -412.438890819  -412.358613184  -412.297129185  -412.297129185  -412.240011288
   193.500  -412.446034666  -412.362292290  -412.301374782  -412.301374782  -412.240073170
   194.000  -412.455089844  -412.367789044  -412.307293661  -412.307293661  -412.240203414
   194.500  -412.463998496  -412.373155464  -412.312927761  -412.312927761  -412.240368070
   195.000  -412.470242123  -412.375973769  -412.315868772  -412.315868772  -412.240503133
   195.500  -412.471872325  -412.374376231  -412.314278042  -412.314278042  -412.240523643
   196.000  -412.468776119  -412.368304329  -412.308149384  -412.308149384  -412.240373047
   196.500  -412.463403484  -412.360244493  -412.300043252  -412.300043252  -412.240105906
   197.000  -412.459812828  -412.354295106  -412.294146373  -412.294146373  -412.239899843
   197.500  -412.461013826  -412.353533615  -412.293620659  -412.293620659  -412.239910035
   198.000  -412.466718852  -412.357775818  -412.298337291  -412.298337291  -412.240112991
   198.500  -412.473685788  -412.363901310  -412.305183119  -412.305183119  -412.240341273
   199.000  -412.478187707  -412.368291071  -412.310498536  -412.310498536  -412.240451688
   199.500  -412.478232567  -412.369020247  -412.312283071  -412.312283071  -412.240421772
   200.000  -412.474045879  -412.366328287  -412.310684321  -412.310684321  -412.240313054
   200.500  -412.467235105  -412.361784881  -412.307180112  -412.307180112  -412.240193358
   201.000  -412.459751342  -412.357263305  -412.303560410  -412.303560410  -412.240097476
   201.500  -412.453266822  -412.354327608  -412.301326874  -412.301326874  -412.240034144
   202.000  -412.448960961  -412.354029275  -412.301490864  -412.301490864  -412.240004818
   202.500  -412.447442364  -412.356836361  -412.304503467  -412.304503467  -412.240019576
   203.000  -412.448586770  -412.362476127  -412.310096460  -412.310096460  -412.240094907
   203.500  -412.451312620  -412.369716331  -412.317064943  -412.317064943  -412.240233928
   204.000  -412.453596647  -412.376384249  -412.323285671  -412.323285671  -412.240400362
   204.500  -412.453060080  -412.379953342  -412.326310083  -412.326310083  -412.240519709
   205.000  -412.448115187  -412.378691731  -412.324505745  -412.324505745  -412.240514479
   205.500  -412.439070322  -412.372769790  -412.318156677  -412.318156677  -412.240372276
   206.000  -412.428246035  -412.364385599  -412.309566192  -412.309566192  -412.240174389
   206.500  -412.418735456  -412.356540458  -412.301806566  -412.301806566  -412.240036249
   207.000  -412.412674489  -412.351326459  -412.296984196  -412.296984196  -412.240026245
   207.500  -412.410200873  -412.348898245  -412.295208787  -412.295208787  -412.240132052
   208.000  -412.409666673  -412.347688985  -412.294821043  -412.294821043  -412.240264005
   208.500  -412.408974957  -412.345734933  -412.293740728  -412.293740728  -412.240324304
   209.000  -412.407024815  -412.342093598  -412.290912163  -412.290912163  -412.240286425
   209.500  -412.404156929  -412.337258609  -412.286743726  -412.286743726  -412.240193721
   210.000  -412.401590751  -412.332576513  -412.282530251  -412.282530251  -412.240102741
   210.500  -412.400595822  -412.329407316  -412.279613034  -412.279613034  -412.240048349
   211.000  -412.401942735  -412.328576147  -412.278822165  -412.278822165  -412.240039655
   211.500  -412.405731742  -412.330207529  -412.280301932  -412.280301932  -412.240070048
   212.000  -412.411476066  -412.333818308  -412.283595415  -412.283595415  -412.240126162
   212.500  -412.418302101  -412.338525934  -412.287850852  -412.287850852  -412.240192267
   213.000  -412.425199745  -412.343305395  -412.292081595  -412.292081595  -412.240247982
   213.500  -412.431344905  -412.347317745  -412.295498639  -412.295498639  -412.240267117
   214.000  -412.436471734  -412.350288569  -412.297889549  -412.297889549  -412.240238113
   214.500  -412.440986211  -412.352627043  -412.299730996  -412.299730996  -412.240195370
   215.000  -412.445452690  -412.354917661  -412.301660975  -412.301660975  -412.240193914
   215.500  -412.449833797  -412.357158388  -412.303699219  -412.303699219  -412.240238354
   216.000  -412.453427278  -412.358690003  -412.305168061  -412.305168061  -412.240276357
   216.500  -412.455589319  -412.358910639  -412.305412965  -412.305412965  -412.240268010
   217.000  -412.456316778  -412.357855776  -412.304397457  -412.304397457  -412.240229134
   217.500  -412.456076482  -412.356032952  -412.302555411  -412.302555411  -412.240195946
   218.000  -412.455322341  -412.353944261  -412.300329848  -412.300329848  -412.240172955
   218.500  -412.454395094  -412.351986979  -412.298083275  -412.298083275  -412.240141077
   219.000  -412.453742365  -412.350667839  -412.296315856  -412.296315856  -412.240095723
   219.500  -412.453970187  -412.350647661  -412.295708017  -412.295708017  -412.240055049
   220.000  -412.455588202  -412.352480911  -412.296854569  -412.296854569  -412.240043053
   220.500  -412.458666011  -412.356268351  -412.299911092  -412.299911092  -412.240074278
   221.000  -412.462635163  -412.361457172  -412.304386444  -412.304386444  -412.240144986
   221.500  -412.466378886  -412.366929489  -412.309224002  -412.309224002  -412.240226848
   222.000  -412.468693734  -412.371461584  -412.313256164  -412.313256164  -412.240269039
   222.500  -412.469054799  -412.374489087  -412.315963602  -412.315963602  -412.240227449
   223.000  -412.468208952  -412.376702875  -412.318063476  -412.318063476  -412.240123546
   223.500  -412.467781972  -412.379660123  -412.321112376  -412.321112376  -412.240061954
   224.000  -412.468766778  -412.384278793  -412.325992574  -412.325992574  -412.240131762
   224.500  -412.470280957  -412.389595163  -412.331672945  -412.331672945  -412.240299842
   225.000  -412.470024583  -412.393215227  -412.335678277  -412.335678277  -412.240444464
   225.500  -412.466012179  -412.393038059  -412.335838880  -412.335838880  -412.240468389
   226.000  -412.457996266  -412.388679929  -412.331734321  -412.331734321  -412.240369142
   226.500  -412.447526260  -412.381546390  -412.324772509  -412.324772509  -412.240226203
   227.000  -412.436803318  -412.373705420  -412.317062590  -412.317062590  -412.240126561
   227.500  -412.427429441  -412.366658367  -412.310164025  -412.310164025  -412.240093548
   228.000  -412.420024568  -412.360964930  -412.304689519  -412.304689519  -412.240095447
   228.500  -412.414623917  -412.356636883  -412.300682103  -412.300682103  -412.240102675
   229.000  -412.411095375  -412.353544727  -412.298016982  -412.298016982  -412.240116547
   229.500  -412.409163280  -412.351432755  -412.296418850  -412.296418850  -412.240153481
   230.000  -412.408220655  -412.349724207  -412.295276938  -412.295276938  -412.240217243
   230.500  -412.407311654  -412.347498267  -412.293638675  -412.293638675  -412.240280925
   231.000  -412.405564735  -412.343914204  -412.290651671  -412.290651671  -412.240287570
   231.500  -412.403041158  -412.339062484  -412.286414161  -412.286414161  -412.240187517
   232.000  -412.401367622  -412.334604287  -412.282605096  -412.282605096  -412.240016765
   232.500  -412.403087306  -412.333141279  -412.281828480  -412.281828480  -412.239910533
   233.000  -412.409680154  -412.336253345  -412.285631462  -412.285631462  -412.239970450
   233.500  -412.420131724  -412.343070236  -412.293074365  -412.293074365  -412.240152011
   234.000  -412.431550500  -412.350867974  -412.301354079  -412.301354079  -412.240337347
   234.500  -412.440918983  -412.356786502  -412.307551146  -412.307551146  -412.240445867
   235.000  -412.446398691  -412.359107760  -412.309920662  -412.309920662  -412.240454916
   235.500  -412.447768183  -412.357679120  -412.308313226  -412.308313226  -412.240371402
   236.000  -412.446331894  -412.353828171  -412.304074660  -412.304074660  -412.240218400
   236.500  -412.444486936  -412.349945308  -412.299618147  -412.299618147  -412.240052070
   237.000  -412.444785770  -412.348575252  -412.297505533  -412.297505533  -412.239958228
   237.500  -412.448629230  -412.351133150  -412.299164149  -412.299164149  -412.239991980
   238.000  -412.455469548  -412.357114904  -412.304099232  -412.304099232  -412.240123920
   238.500  -412.463224958  -412.364494877  -412.310298627  -412.310298627  -412.240280385
   239.000  -412.469381555  -412.370801937  -412.315311211  -412.315311211  -412.240409735
   239.500  -412.471851813  -412.373955781  -412.317089755  -412.317089755  -412.240484981
   240.000  -412.469487945  -412.372772843  -412.314504011  -412.314504011  -412.240470161
   240.500  -412.462653627  -412.367543989  -412.307918136  -412.307918136  -412.240330121
   241.000  -412.453643172  -412.360468133  -412.299614904  -412.299614904  -412.240107408
   241.500  -412.445915626  -412.354904857  -412.293025214  -412.293025214  -412.239951875
   242.000  -412.441894045  -412.353188772  -412.290517620  -412.290517620  -412.239980127
   242.500  -412.441324919  -412.354997838  -412.291750168  -412.291750168  -412.240128604
   243.000  -412.442114304  -412.358186751  -412.294519463  -412.294519463  -412.240246544
   243.500  -412.442460241  -412.360913965  -412.296914479  -412.296914479  -412.240268234
   244.000  -412.441895561  -412.362678190  -412.298380521  -412.298380521  -412.240236321
   244.500  -412.440786227  -412.363811936  -412.299225433  -412.299225433  -412.240216089
   245.000  -412.439430116  -412.364573050  -412.299708266  -412.299708266  -412.240231044
   245.500  -412.437706497  -412.364786281  -412.299672086  -412.299672086  -412.240258003
   246.000  -412.435421617  -412.364182963  -412.298870378  -412.298870378  -412.240246892
   246.500  -412.433021235  -412.363113535  -412.297675631  -412.297675631  -412.240159412
   247.000  -412.432045881  -412.363014573  -412.297548153  -412.297548153  -412.240032648
   247.500  -412.434438506  -412.365739814  -412.300373647  -412.300373647  -412.240000071
   248.000  -412.440609265  -412.371651520  -412.306555350  -412.306555350  -412.240156238
   248.500  -412.448204471  -412.378401466  -412.313788095  -412.313788095  -412.240402916
   249.000  -412.453548662  -412.382360223  -412.318485480  -412.318485480  -412.240537421
   249.500  -412.454564481  -412.381510922  -412.318672288  -412.318672288  -412.240457519
   250.000  -412.452283767  -412.376944034  -412.315475434  -412.315475434  -412.240247383
   250.500  -412.449639248  -412.371650305  -412.311904942  -412.311904942  -412.240100470
   251.000  -412.448693216  -412.367763094  -412.310080804  -412.310080804  -412.240126691
   251.500  -412.449041004  -412.364974703  -412.309642280  -412.309642280  -412.240250049
   252.000  -412.448815345  -412.361543719  -412.308759824  -412.308759824  -412.240328555
   252.500  -412.446724470  -412.356327124  -412.306176173  -412.306176173  -412.240299571
   253.000  -412.443056522  -412.349768705  -412.302206900  -412.302206900  -412.240193543
   253.500  -412.439324502  -412.343533623  -412.298374507  -412.298374507  -412.240076546
   254.000  -412.437290357  -412.339517412  -412.296426387  -412.296426387  -412.240009998
   254.500  -412.438008492  -412.338874089  -412.297380931  -412.297380931  -412.240031421
   255.000  -412.441243942  -412.341422122  -412.300953015  -412.300953015  -412.240140387
   255.500  -412.445488510  -412.345649470  -412.305579445  -412.305579445  -412.240291155
   256.000  -412.448681332  -412.349426430  -412.309147540  -412.309147540  -412.240397934
   256.500  -412.449504846  -412.351304800  -412.310296333  -412.310296333  -412.240375543
   257.000  -412.448539010  -412.351688217  -412.309577934  -412.309577934  -412.240240775
   257.500  -412.447868280  -412.352479622  -412.309070446  -412.309070446  -412.240149932
   258.000  -412.448855991  -412.354899129  -412.310156941  -412.310156941  -412.240203876
   258.500  -412.450784689  -412.358158359  -412.312158687  -412.312158687  -412.240293239
   259.000  -412.452220429  -412.360804735  -412.313689895  -412.313689895  -412.240316248
   259.500  -412.452458558  -412.362141747  -412.314084405  -412.314084405  -412.240316359
   260.000  -412.451151125  -412.361830730  -412.313010172  -412.313010172  -412.240336707
   260.500  -412.447796643  -412.359369559  -412.309953034  -412.309953034  -412.240346216
   261.000  -412.442145992  -412.354494448  -412.304624682  -412.304624682  -412.240310023
   261.500  -412.434692851  -412.347671184  -412.297461423  -412.297461423  -412.240231056
   262.000  -412.426632878  -412.340056477  -412.289595752  -412.289595752  -412.240134861
   262.500  -412.419479184  -412.333120265  -412.282480324  -412.282480324  -412.240045180
   263.000  -412.414673286  -412.328262954  -412.277504876  -412.277504876  -412.239976920
   263.500  -412.413304841  -412.326534329  -412.275722215  -412.275722215  -412.239944821
   264.000  -412.415867252  -412.328388209  -412.277605725  -412.277605725  -412.239968250
   264.500  -412.421981059  -412.333399727  -412.282770852  -412.282770852  -412.240062625
   265.000  -412.430169052  -412.340016421  -412.289756962  -412.289756962  -412.240224982
   265.500  -412.437945745  -412.345600654  -412.296131413  -412.296131413  -412.240411280
   266.000  -412.442552485  -412.347095960  -412.299267604  -412.299267604  -412.240515859
   266.500  -412.442518215  -412.342557903  -412.297952734  -412.297952734  -412.240436363
   267.000  -412.439445584  -412.333462212  -412.293843413  -412.293843413  -412.240187790
   267.500  -412.438080260  -412.325170483  -412.291220975  -412.291220975  -412.239891063
   268.000  -412.442925872  -412.322516825  -412.294411882  -412.294411882  -412.239886996
   268.500  -412.453792999  -412.325403853  -412.303391256  -412.303391256  -412.240197770
   269.000  -412.465792019  -412.329124487  -412.313499785  -412.313499785  -412.240516996
   269.500  -412.473681323  -412.328750374  -412.319670927  -412.319670927  -412.240640046
   270.000  -412.475184486  -412.322697361  -412.319412581  -412.319412581  -412.240848468
   270.500  -412.471192242  -412.315581568  -412.310441071  -412.315581568  -412.239906029
   271.000  -412.463590334  -412.307300465  -412.295886363  -412.307300465  -412.239830714
   271.500  -412.454893585  -412.298664529  -412.281321540  -412.298664529  -412.239705439
   272.000  -412.447174502  -412.291571793  -412.269187923  -412.291571793  -412.239618792
   272.500  -412.441886927  -412.287402667  -412.261134794  -412.287402667  -412.239574423
   273.000  -412.439823405  -412.286881920  -412.258058435  -412.286881920  -412.239573325
   273.500  -412.441085548  -412.290055327  -412.260066049  -412.290055327  -412.239617749
   274.000  -412.445030883  -412.296291721  -412.266329610  -412.296291721  -412.239700438
   274.500  -412.450214264  -412.304247919  -412.274991667  -412.304247919  -412.239880105
   275.000  -412.454254634  -412.311369720  -412.283763664  -412.311369720  -412.240046333
   275.500  -412.454881477  -412.315248064  -412.290420372  -412.315248064  -412.240119639
   276.000  -412.451211426  -412.315021487  -412.293807670  -412.315021487  -412.240056995
   276.500  -412.444368674  -412.311920389  -412.294655587  -412.311920389  -412.239893832
   277.000  -412.436871262  -412.308667069  -412.295020671  -412.308667069  -412.239712150
   277.500  -412.431248345  -412.308158874  -412.296887218  -412.308158874  -412.239578835
   278.000  -412.428825068  -412.312222486  -412.301003272  -412.312222486  -412.239610597
   278.500  -412.428713634  -412.320191683  -412.306213083  -412.320191683  -412.239831125
   279.000  -412.428027736  -412.328912389  -412.309717990  -412.328912389  -412.240034606
   279.500  -412.424027394  -412.335312011  -412.308754986  -412.335312011  -412.240051346
   280.000  -412.416217523  -412.339427124  -412.301310563  -412.339427124  -412.238256158
   280.500  -412.407502940  -412.349170090  -412.289848170  -412.349170090  -412.244848122
   281.000  -412.395606534  -412.346698184  -412.284971906  -412.346698184  -412.244753272
   281.500  -412.384064736  -412.343370016  -412.278561035  -412.343370016  -412.244700366
   282.000  -412.373753131  -412.339938619  -412.271451592  -412.339938619  -412.244687658
   282.500  -412.364832406  -412.336567741  -412.263990782  -412.336567741  -412.244704257
   283.000  -412.356930084  -412.332991734  -412.256158672  -412.332991734  -412.244733812
   283.500  -412.349450544  -412.328782022  -412.247792479  -412.328782022  -412.244752993
   284.000  -412.341998063  -412.323726272  -412.238929355  -412.323726272  -412.244731538
   284.500  -412.334868690  -412.318288728  -412.230245493  -412.318288728  -412.244647953
   285.000  -412.329330782  -412.313874595  -412.223311186  -412.313874595  -412.244532509
   285.500  -412.327083484  -412.312284073  -412.220041270  -412.312284073  -412.244492277
   286.000  -412.328669733  -412.314127901  -412.221106646  -412.314127901  -412.244620891
   286.500  -412.332211329  -412.317566323  -412.224670709  -412.317566323  -412.244853236
   287.000  -412.334406300  -412.319307945  -412.227392270  -412.319307945  -412.244994748
   287.500  -412.333331754  -412.317410981  -412.227233374  -412.317410981  -412.244911227
   288.000  -412.330362966  -412.313199833  -412.225382550  -412.313199833  -412.244664779
   288.500  -412.329216261  -412.310308571  -412.225296086  -412.310308571  -412.244478398
   289.000  -412.332753032  -412.311491062  -412.229504857  -412.311491062  -412.244500930
   289.500  -412.340846964  -412.316501243  -412.237499917  -412.316501243  -412.244644861
   290.000  -412.351470593  -412.323198440  -412.246857400  -412.323198440  -412.244749334
   290.500  -412.362939157  -412.329813789  -412.255536198  -412.329813789  -412.244769315
   291.000  -412.374693204  -412.335753460  -412.262713469  -412.335753460  -412.244753427
   291.500  -412.386705849  -412.341017553  -412.268228539  -412.341017553  -412.244753234
   292.000  -412.398752046  -412.345467098  -412.271860815  -412.345467098  -412.244784025
   292.500  -412.410195962  -412.348591833  -412.273102592  -412.348591833  -412.244823042
   293.000  -412.420332270  -412.349832090  -412.271475751  -412.349832090  -412.244826634
   293.500  -412.429032205  -412.349207956  -412.267160392  -412.349207956  -412.244761026
   294.000  -412.437197062  -412.347768374  -412.261446131  -412.347768374  -412.244646293
   294.500  -412.446405252  -412.347241579  -412.256390522  -412.347241579  -412.244567811
   295.000  -412.457678194  -412.348788712  -412.253583642  -412.348788712  -412.244609132
   295.500  -412.470378458  -412.351830757  -412.252991802  -412.351830757  -412.244768367
   296.000  -412.482363857  -412.354078412  -412.253176118  -412.354078412  -412.244986811
   296.500  -412.491094220  -412.352515999  -412.253232964  -412.352515999  -412.245167978
   297.000  -412.494568466  -412.345657971  -412.253491633  -412.345657971  -412.244892389
   297.500  -412.492748492  -412.336475712  -412.251574052  -412.336475712  -412.244710365
   298.000  -412.488316335  -412.328041109  -412.247349802  -412.328041109  -412.244522604
   298.500  -412.484940735  -412.323300675  -412.244249104  -412.323300675  -412.244375235
   299.000  -412.485055888  -412.324397748  -412.244836614  -412.324397748  -412.244423371
   299.500  -412.488057247  -412.330657629  -412.248593864  -412.330657629  -412.244616758
   300.000  -412.491016240  -412.339252764  -412.252608697  -412.339252764  -412.244785347
   300.500  -412.490870785  -412.347454636  -412.253985365  -412.347454636  -412.244925019
   301.000  -412.485752060  -412.352971176  -412.252184580  -412.352971176  -412.245065080
   301.500  -412.475432163  -412.353857416  -412.248150233  -412.353857416  -412.245044965
   302.000  -412.460442356  -412.350144602  -412.242417114  -412.350144602  -412.244667758
   302.500  -412.441881184  -412.342802995  -412.236421391  -412.342802995  -412.244353431
   303.000  -412.423543973  -412.333298479  -412.228655027  -412.333298479  -412.244225470
   303.500  -412.406356985  -412.324060661  -412.221123734  -412.324060661  -412.244133564
   304.000  -412.391785178  -412.316471797  -412.215203999  -412.316471797  -412.244089036
   304.500  -412.380577898  -412.311218793  -412.211577092  -412.311218793  -412.244079926
   305.000  -412.372881960  -412.308443982  -412.210364246  -412.308443982  -412.244087407
   305.500  -412.368514626  -412.308011326  -412.211385795  -412.308011326  -412.244108779
   306.000  -412.367046379  -412.309570274  -412.214229043  -412.309570274  -412.244153154
   306.500  -412.367728098  -412.312462860  -412.218163544  -412.312462860  -412.244215956
   307.000  -412.369605115  -412.315822267  -412.222245507  -412.315822267  -412.244260704
   307.500  -412.372049189  -412.319096367  -412.225840747  -412.319096367  -412.244238613
   308.000  -412.375393978  -412.322680871  -412.229258455  -412.322680871  -412.244153533
   308.500  -412.380782676  -412.327768796  -412.233614411  -412.327768796  -412.244103119
   309.000  -412.388789880  -412.334975272  -412.239487843  -412.334975272  -412.244183024
   309.500  -412.398165321  -412.343082281  -412.245698722  -412.343082281  -412.244347885
   310.000  -412.406456827  -412.349661584  -412.249936539  -412.349661584  -412.244464465
   310.500  -412.411835498  -412.352900479  -412.250558812  -412.352900479  -412.244466799
   311.000  -412.414086456  -412.352596931  -412.247547594  -412.352596931  -412.244387258
   311.500  -412.414229308  -412.349785906  -412.242106921  -412.349785906  -412.244290860
   312.000  -412.413602466  -412.345830010  -412.235740355  -412.345830010  -412.244222752
   312.500  -412.413183467  -412.341744097  -412.229572949  -412.341744097  -412.244194425
   313.000  -412.413385347  -412.337993334  -412.224150851  -412.337993334  -412.244192644
   313.500  -412.414220981  -412.334657786  -412.219610440  -412.334657786  -412.244196047
   314.000  -412.415597120  -412.331728721  -412.215984071  -412.331728721  -412.244190270
   314.500  -412.417478656  -412.329315859  -412.213466401  -412.329315859  -412.244176107
   315.000  -412.419746070  -412.327678424  -412.212716821  -412.327678424  -412.244165039
   315.500  -412.423299524  -412.327025468  -412.213073864  -412.327025468  -412.244171771
   316.000  -412.427557040  -412.327250387  -412.214739465  -412.327250387  -412.244214171
   316.500  -412.431802085  -412.327757844  -412.217065967  -412.327757844  -412.244285067
   317.000  -412.434977620  -412.327598733  -412.219035376  -412.327598733  -412.244339352
   317.500  -412.436359462  -412.326142793  -412.219940954  -412.326142793  -412.244312088
   318.000  -412.436435510  -412.323949640  -412.220268185  -412.323949640  -412.244195914
   318.500  -412.436910412  -412.322766062  -412.221706059  -412.322766062  -412.244097042
   319.000  -412.439214714  -412.324036985  -412.225658538  -412.324036985  -412.244122519
   319.500  -412.443077156  -412.327490304  -412.231809542  -412.327490304  -412.244226930
   320.000  -412.447058018  -412.331686514  -412.238651468  -412.331686514  -412.244302529
   320.500  -412.449968677  -412.335442351  -412.244925013  -412.335442351  -412.244328550
   321.000  -412.451261864  -412.338217763  -412.250035638  -412.338217763  -412.244338392
   321.500  -412.450682037  -412.339755141  -412.253706997  -412.339755141  -412.244342015
   322.000  -412.448139357  -412.339945976  -412.255831677  -412.339945976  -412.244329676
   322.500  -412.443839682  -412.338954772  -412.256578111  -412.338954772  -412.244296975
   323.000  -412.438335700  -412.337271402  -412.256431791  -412.337271402  -412.244251307
   323.500  -412.432404232  -412.335593816  -412.256076214  -412.335593816  -412.244205608
   324.000  -412.426839027  -412.334625639  -412.256195452  -412.334625639  -412.244171766
   324.500  -412.422267889  -412.334876962  -412.257298846  -412.334876962  -412.244176852
   325.000  -412.419595539  -412.336930576  -412.260094865  -412.336930576  -412.244477882
   325.500  -412.417467000  -412.340073727  -412.263494303  -412.340073727  -412.244520234
   326.000  -412.415880255  -412.343779771  -412.267051911  -412.343779771  -412.244603498
   326.500  -412.413614602  -412.346745439  -412.269433846  -412.346745439  -412.244729819
   327.000  -412.408885589  -412.347101787  -412.268747125  -412.347101787  -412.244872461
   327.500  -412.399849284  -412.342911327  -412.263041606  -412.342911327  -412.244949792
   328.000  -412.385905675  -412.333435119  -412.251602240  -412.333435119  -412.244854217
   328.500  -412.370041477  -412.319553172  -412.239056552  -412.319553172  -412.243203842
   329.000  -412.356163273  -412.309155841  -412.227095752  -412.309155841  -412.242872614
   329.500  -412.349998399  -412.305825253  -412.221763076  -412.305825253  -412.242857232
   330.000  -412.351878346  -412.309844640  -412.223487980  -412.309844640  -412.243160716
   330.500  -412.357343028  -412.316754388  -412.227989272  -412.316754388  -412.243484154
   331.000  -412.361310358  -412.321503175  -412.230392794  -412.321503175  -412.243612808
   331.500  -412.361389659  -412.321738103  -412.228492994  -412.321738103  -412.243549637
   332.000  -412.358134399  -412.318043001  -412.222975640  -412.318043001  -412.243394311
   332.500  -412.353688046  -412.312579329  -412.216058647  -412.312579329  -412.243232669
   333.000  -412.350457624  -412.307763594  -412.210171872  -412.307763594  -412.243109192
   333.500  -412.350357029  -412.305516417  -412.207215066  -412.305516417  -412.243037449
   334.000  -412.354524293  -412.306985054  -412.208296007  -412.306985054  -412.243017395
   334.500  -412.363287532  -412.312503685  -412.213732449  -412.312503685  -412.243045283
   335.000  -412.376225816  -412.321647214  -412.223136315  -412.321647214  -412.243114042
   335.500  -412.392248887  -412.333328211  -412.235470775  -412.333328211  -412.243220631
   336.000  -412.409660056  -412.345869691  -412.249098349  -412.345869691  -412.243361758
   336.500  -412.426245604  -412.357097714  -412.261864465  -412.357097714  -412.243525415
   337.000  -412.439518895  -412.364586215  -412.271334723  -412.364586215  -412.243676508
   337.500  -412.447328065  -412.366263063  -412.275392372  -412.366263063  -412.243741294
   338.000  -412.449016351  -412.361563444  -412.273389197  -412.361563444  -412.243619866
   338.500  -412.446796601  -412.352799979  -412.267519978  -412.352799979  -412.243296801
   339.000  -412.445656562  -412.345075613  -412.262761134  -412.345075613  -412.242992315
   339.500  -412.449962469  -412.342918242  -412.263539522  -412.342918242  -412.243009069
   340.000  -412.459269087  -412.346118150  -412.269594871  -412.346118150  -412.243301290
   340.500  -412.468930692  -412.350331763  -412.276561932  -412.350331763  -412.243542557
   341.000  -412.474678178  -412.351608392  -412.280457037  -412.351608392  -412.243567083
   341.500  -412.475321219  -412.349034491  -412.280299427  -412.349034491  -412.243442827
   342.000  -412.472111968  -412.344053413  -412.277446239  -412.344053413  -412.243287466
   342.500  -412.467091147  -412.338790543  -412.273946513  -412.338790543  -412.243169291
   343.000  -412.461993133  -412.334956622  -412.271470338  -412.334956622  -412.243107528
   343.500  -412.457850119  -412.333470250  -412.270937854  -412.333470250  -412.243096886
   344.000  -412.454993376  -412.334489219  -412.272541433  -412.334489219  -412.243122074
   344.500  -412.453235147  -412.337625051  -412.275941116  -412.337625051  -412.243163464
   345.000  -412.452142905  -412.342241187  -412.280545901  -412.342241187  -412.243200678
   345.500  -412.451332575  -412.347757797  -412.285807967  -412.347757797  -412.243222620
   346.000  -412.450615705  -412.353800477  -412.291367417  -412.353800477  -412.243242928
   346.500  -412.449790277  -412.359986008  -412.296841546  -412.359986008  -412.243299277
   347.000  -412.448115372  -412.365391321  -412.301299031  -412.365391321  -412.243419064
   347.500  -412.443985471  -412.368222668  -412.302940568  -412.368222668  -412.243574073
   348.000  -412.435424254  -412.366308587  -412.299603390  -412.366308587  -412.243673123
   348.500  -412.421477744  -412.358496607  -412.290175324  -412.358496607  -412.243602191
   349.000  -412.403807471  -412.346258720  -412.276214640  -412.346258720  -412.243330645
   349.500  -412.386860511  -412.333887403  -412.262146272  -412.333887403  -412.243038424
   350.000  -412.375112135  -412.325762785  -412.252510331  -412.325762785  -412.242987283
   350.500  -412.369434868  -412.322736553  -412.248298438  -412.322736553  -412.243167444
   351.000  -412.367215801  -412.322226277  -412.247016497  -412.322226277  -412.243331128
   351.500  -412.365758461  -412.321587088  -412.246041913  -412.321587088  -412.243349126
   352.000  -412.364360738  -412.320156478  -412.244689444  -412.320156478  -412.243272777
   352.500  -412.363814773  -412.318747061  -412.243717122  -412.318747061  -412.243190731
   353.000  -412.365161159  -412.318404786  -412.244090140  -412.318404786  -412.243147053
   353.500  -412.368983552  -412.319713762  -412.246288283  -412.319713762  -412.243140029
   354.000  -412.375369214  -412.322770688  -412.250283085  -412.322770688  -412.243144400
   354.500  -412.384234482  -412.327523351  -412.255880269  -412.327523351  -412.243135907
   355.000  -412.395635444  -412.334095361  -412.263056189  -412.334095361  -412.243115337
   355.500  -412.409709248  -412.342738027  -412.271916306  -412.342738027  -412.243119860
   356.000  -412.426137269  -412.353294632  -412.282178524  -412.353294632  -412.243192003
   356.500  -412.443556784  -412.364607121  -412.292584670  -412.364607121  -412.243336919
   357.000  -412.459548197  -412.374482443  -412.300882381  -412.374482443  -412.243512769
   357.500  -412.471286269  -412.380324190  -412.304453717  -412.380324190  -412.243667050
   358.000  -412.476411005  -412.379981966  -412.301165488  -412.379981966  -412.243745092
   358.500  -412.473912258  -412.372641431  -412.290234816  -412.372641431  -412.243675202
   359.000  -412.465151846  -412.359874543  -412.273253445  -412.359874543  -412.243403912
   359.500  -412.454419500  -412.346147299  -412.254682608  -412.346147299  -412.243064807
   360.000  -412.447223363  -412.336713023  -412.239965921  -412.336713023  -412.242941036
   360.500  -412.445920132  -412.333628922  -412.231550593  -412.333628922  -412.243112098
   361.000  -412.447955533  -412.334459757  -412.227344868  -412.334459757  -412.243378043
   361.500  -412.449156539  -412.335163179  -412.223778537  -412.335163179  -412.243508475
   362.000  -412.447090481  -412.333477581  -412.218886633  -412.333477581  -412.243476925
   362.500  -412.441579147  -412.329508242  -412.212424927  -412.329508242  -412.243381977
   363.000  -412.433728759  -412.324485935  -412.205013029  -412.324485935  -412.243279744
   363.500  -412.425172986  -412.319931648  -412.197904119  -412.319931648  -412.243169332
   364.000  -412.417821500  -412.317479296  -412.193040477  -412.317479296  -412.243085708
   364.500  -412.413449948  -412.318388422  -412.192693701  -412.318388422  -412.243048842
   365.000  -412.412901030  -412.323076351  -412.197889848  -412.323076351  -412.243103256
   365.500  -412.415341861  -412.330585038  -412.207443833  -412.330585038  -412.243252004
   366.000  -412.418524059  -412.338644848  -412.218633892  -412.338644848  -412.243412828
   366.500  -412.420019602  -412.344810550  -412.228597573  -412.344810550  -412.243515200
   367.000  -412.418258978  -412.347487251  -412.235391274  -412.347487251  -412.243550591
   367.500  -412.412707616  -412.346112532  -412.238162029  -412.346112532  -412.243548406
   368.000  -412.403529668  -412.340819026  -412.236810547  -412.340819026  -412.243519362
   368.500  -412.391477008  -412.332324352  -412.231863329  -412.332324352  -412.243428187
   369.000  -412.378393801  -412.322430032  -412.224971239  -412.322430032  -412.243224984
   369.500  -412.367751455  -412.314556461  -412.219445892  -412.314556461  -412.242965784
   370.000  -412.363583111  -412.312680286  -412.219219769  -412.312680286  -412.242862819
   370.500  -412.367413141  -412.318273118  -412.225802033  -412.318273118  -412.243053953
   371.000  -412.376409592  -412.328457164  -412.236429724  -412.328457164  -412.243391096
   371.500  -412.385454483  -412.338064224  -412.246091160  -412.338064224  -412.243641167
   372.000  -412.390544004  -412.343071012  -412.250882343  -412.343071012  -412.243699083
   372.500  -412.390253993  -412.342329388  -412.249572391  -412.342329388  -412.243595340
   373.000  -412.385952566  -412.337333615  -412.243678971  -412.337333615  -412.243370060
   373.500  -412.381368970  -412.331530232  -412.236858964  -412.331530232  -412.243101286
   374.000  -412.380664570  -412.328911766  -412.233206190  -412.328911766  -412.242960391
   374.500  -412.385891091  -412.331556233  -412.234768581  -412.331556233  -412.243032285
   375.000  -412.395951318  -412.338402324  -412.240447985  -412.338402324  -412.243218238
   375.500  -412.407968275  -412.346601726  -412.247382283  -412.346601726  -412.243379106
   376.000  -412.419333271  -412.353575513  -412.253006934  -412.353575513  -412.243457362
   376.500  -412.428669262  -412.357982756  -412.256021457  -412.357982756  -412.243466437
   377.000  -412.435682561  -412.359583862  -412.256240512  -412.359583862  -412.243448919
   377.500  -412.440538690  -412.358622048  -412.253964425  -412.358622048  -412.243445613
   378.000  -412.443259968  -412.355225443  -412.249368884  -412.355225443  -412.243471678
   378.500  -412.443537937  -412.349218375  -412.242306100  -412.349218375  -412.243492072
   379.000  -412.441290193  -412.340674769  -412.232849358  -412.340674769  -412.243419875
   379.500  -412.437866719  -412.331121638  -412.222497641  -412.331121638  -412.243201190
   380.000  -412.436570876  -412.324060498  -412.214716489  -412.324060498  -412.242975645
   380.500  -412.440466576  -412.322778374  -412.212785766  -412.322778374  -412.243014887
   381.000  -412.448699189  -412.326672778  -412.216155371  -412.326672778  -412.243327507
   381.500  -412.456185686  -412.332043305  -412.221997685  -412.332043305  -412.244512788
   382.000  -412.459150563  -412.332582029  -412.222886217  -412.332582029  -412.244561213
   382.500  -412.456131333  -412.328230920  -412.219311650  -412.328230920  -412.244375600
   383.000  -412.449722933  -412.321613115  -412.213874219  -412.321613115  -412.244133612
   383.500  -412.443480039  -412.316272166  -412.210032389  -412.316272166  -412.244030020
   384.000  -412.439089299  -412.313868077  -412.209316641  -412.313868077  -412.244071124
   384.500  -412.436162744  -412.313980737  -412.211158335  -412.313980737  -412.244099950
   385.000  -412.434288734  -412.316147888  -412.214957745  -412.316147888  -412.244061417
   385.500  -412.433937878  -412.320686173  -412.220961208  -412.320686173  -412.244085081
   386.000  -412.438252859  -412.325612697  -412.234242844  -412.325612697  -412.241974986
   386.500  -412.440249356  -412.334375475  -412.246256687  -412.334375475  -412.242073991
   387.000  -412.441651613  -412.343000421  -412.257864611  -412.343000421  -412.242151879
   387.500  -412.441393200  -412.350210323  -412.267707098  -412.350210323  -412.242208388
   388.000  -412.438731932  -412.355056065  -412.274777222  -412.355056065  -412.242272079
   388.500  -412.432897487  -412.356578887  -412.278064214  -412.356578887  -412.242348255
   389.000  -412.423086670  -412.353809969  -412.276545861  -412.353809969  -412.242385200
   389.500  -412.409269710  -412.346572400  -412.269993585  -412.346572400  -412.242288256
   390.000  -412.393477981  -412.336762802  -412.260269745  -412.336762802  -412.242033890
   390.500  -412.379872842  -412.328422774  -412.251428357  -412.328422774  -412.241806375
   391.000  -412.371976958  -412.324989767  -412.246995599  -412.324989767  -412.241835544
   391.500  -412.369565380  -412.326207855  -412.246889730  -412.326207855  -412.242037508
   392.000  -412.369748684  -412.329210173  -412.248475377  -412.329210173  -412.242162287
   392.500  -412.370326088  -412.331852501  -412.249839643  -412.331852501  -412.242193415
   393.000  -412.370298528  -412.333200835  -412.250225869  -412.333200835  -412.242256142
   393.500  -412.368414262  -412.332060934  -412.248530848  -412.332060934  -412.242343548
   394.000  -412.363294849  -412.327095335  -412.243419881  -412.327095335  -412.242340077
   394.500  -412.355074402  -412.318458493  -412.234981563  -412.318458493  -412.242165518
   395.000  -412.346535504  -412.308933592  -412.225891069  -412.308933592  -412.241856701
   395.500  -412.342391809  -412.303218972  -412.220724664  -412.303218972  -412.241605716
   396.000  -412.346370542  -412.305018274  -412.223075732  -412.305018274  -412.241616924
   396.500  -412.358319931  -412.314158530  -412.232693962  -412.314158530  -412.241851980
   397.000  -412.374684546  -412.327077453  -412.245981594  -412.327077453  -412.242097224
   397.500  -412.391488741  -412.339815492  -412.258985543  -412.339815492  -412.242234770
   398.000  -412.406207423  -412.349892557  -412.269263071  -412.349892557  -412.242292155
   398.500  -412.417589392  -412.356130935  -412.275689255  -412.356130935  -412.242333354
   399.000  -412.424820246  -412.357813071  -412.277594329  -412.357813071  -412.242386886
   399.500  -412.427153701  -412.354302716  -412.274366349  -412.354302716  -412.242416126
   400.000  -412.424501535  -412.345624027  -412.266017825  -412.345624027  -412.242311318
   400.500  -412.418950222  -412.333973385  -412.254697234  -412.333973385  -412.241991878
   401.000  -412.415534361  -412.324507379  -412.245493926  -412.324507379  -412.241632944
   401.500  -412.419373080  -412.322521863  -412.243642514  -412.322521863  -412.241598281
   402.000  -412.430601030  -412.328477231  -412.249490448  -412.328477231  -412.241869693
   402.500  -412.443711804  -412.338045885  -412.257669387  -412.338045885  -412.242765097
   403.000  -412.453112195  -412.344198622  -412.263357359  -412.344198622  -412.242903988
   403.500  -412.455675610  -412.344632169  -412.263501448  -412.344632169  -412.242874358
   404.000  -412.451292679  -412.339359112  -412.258130508  -412.339359112  -412.242780581
   404.500  -412.441294693  -412.329717778  -412.248583825  -412.329717778  -412.242653770
   405.000  -412.427901561  -412.317851095  -412.236982490  -412.317851095  -412.242456249
   405.500  -412.414529388  -412.307045623  -412.226579406  -412.307045623  -412.242197682
   406.000  -412.405343793  -412.301322073  -412.221355387  -412.301322073  -412.242032070
   406.500  -412.402923079  -412.303133142  -412.223711741  -412.303133142  -412.242117578
   407.000  -412.406083992  -412.311205245  -412.232303354  -412.311205245  -412.242378083
   407.500  -412.410944119  -412.321589098  -412.243088288  -412.321589098  -412.242599746
   408.000  -412.413985853  -412.330690201  -412.252367826  -412.330690201  -412.242686338
   408.500  -412.413669791  -412.336850354  -412.258385418  -412.336850354  -412.242681913
   409.000  -412.410005081  -412.339904956  -412.260902531  -412.339904956  -412.242657905
   409.500  -412.403529136  -412.340172840  -412.260201059  -412.340172840  -412.242658213
   410.000  -412.394605347  -412.337776017  -412.256414557  -412.337776017  -412.242692349
   410.500  -412.384290145  -412.332617088  -412.250451548  -412.332617088  -412.242626805
   411.000  -412.371291851  -412.325325599  -412.240891911  -412.325325599  -412.242479273
   411.500  -412.359323669  -412.318318285  -412.231496913  -412.318318285  -412.242210807
   412.000  -412.352486390  -412.315639438  -412.226488278  -412.315639438  -412.242089824
   412.500  -412.352470951  -412.318999638  -412.227764057  -412.318999638  -412.242265632
   413.000  -412.356586036  -412.325782378  -412.232866894  -412.325782378  -412.242537719
   413.500  -412.360469279  -412.331722128  -412.237635505  -412.331722128  -412.242693336
   414.000  -412.361255237  -412.334045155  -412.239337584  -412.334045155  -412.242727550
   414.500  -412.358012699  -412.331893436  -412.237098182  -412.331893436  -412.242705042
   415.000  -412.351000402  -412.325576694  -412.231160567  -412.325576694  -412.242624518
   415.500  -412.341649814  -412.316554052  -412.222885605  -412.316554052  -412.242439735
   416.000  -412.333012706  -412.307883109  -412.215222550  -412.307883109  -412.242194487
   416.500  -412.328875641  -412.303339190  -412.211857769  -412.303339190  -412.242076581
   417.000  -412.331058018  -412.304721508  -412.214546563  -412.304721508  -412.242196447
   417.500  -412.337932845  -412.310379218  -412.221644512  -412.310379218  -412.242400532
   418.000  -412.346523365  -412.317305697  -412.230186987  -412.317305697  -412.242483084
   418.500  -412.355402316  -412.324031661  -412.238762116  -412.324031661  -412.242440667
   419.000  -412.364897831  -412.330831701  -412.247670702  -412.330831701  -412.242414147
   419.500  -412.375108591  -412.337771784  -412.256829222  -412.337771784  -412.242514856
   420.000  -412.384552871  -412.343331180  -412.264623174  -412.343331180  -412.242672618
   420.500  -412.391029997  -412.345273910  -412.268708181  -412.345273910  -412.242770986
   421.000  -412.393361316  -412.342389080  -412.267757164  -412.342389080  -412.242720194
   421.500  -412.392768240  -412.335862540  -412.262852046  -412.335862540  -412.242477431
   422.000  -412.393307929  -412.329723035  -412.257928731  -412.329723035  -412.242147682
   422.500  -412.399988329  -412.328999631  -412.257932154  -412.328999631  -412.242020608
   423.000  -412.414544498  -412.335560460  -412.264670592  -412.335560460  -412.242249371
   423.500  -412.433341645  -412.346048487  -412.274788745  -412.346048487  -412.242620842
   424.000  -412.450312563  -412.354785465  -412.282693769  -412.354785465  -412.242874758
   424.500  -412.460889414  -412.357624707  -412.284398625  -412.357624707  -412.242951077
   425.000  -412.463327010  -412.353206624  -412.278724925  -412.353206624  -412.242880284
   425.500  -412.458491890  -412.342710126  -412.266984302  -412.342710126  -412.242673557
   426.000  -412.449594034  -412.329566121  -412.252645074  -412.329566121  -412.242376900
   426.500  -412.441268923  -412.318527107  -412.240424991  -412.318527107  -412.242137003
   427.000  -412.437347909  -412.313438502  -412.234146151  -412.313438502  -412.242072743
   427.500  -412.439036215  -412.315457024  -412.234971853  -412.315457024  -412.242154655
   428.000  -412.445066034  -412.323255312  -412.241535748  -412.323255312  -412.242328304
   428.500  -412.452574076  -412.333898651  -412.250801007  -412.333898651  -412.242538374
   429.000  -412.458238718  -412.343934103  -412.259269831  -412.343934103  -412.242674919
   429.500  -412.459934652  -412.351012707  -412.264701451  -412.351012707  -412.242691464
   430.000  -412.457428822  -412.354595343  -412.266777759  -412.354595343  -412.242645130
   430.500  -412.451593116  -412.355208858  -412.266224776  -412.355208858  -412.242603430
   431.000  -412.443395570  -412.353485399  -412.263757590  -412.353485399  -412.242575320
   431.500  -412.433722129  -412.350010351  -412.259941563  -412.350010351  -412.242505007
   432.000  -412.424063910  -412.346031705  -412.255943169  -412.346031705  -412.242342973
   432.500  -412.417101628  -412.344049772  -412.254197167  -412.344049772  -412.242147632
   433.000  -412.415699660  -412.346833350  -412.257430532  -412.346833350  -412.242104421
   433.500  -412.420370702  -412.354882712  -412.266134184  -412.354882712  -412.242307420
   434.000  -412.428034636  -412.365174006  -412.277271900  -412.365174006  -412.242634520
   434.500  -412.433724794  -412.372830407  -412.285936704  -412.372830407  -412.242913388
   435.000  -412.433177906  -412.373684984  -412.287903682  -412.373684984  -412.243043324
   435.500  -412.424597897  -412.366027488  -412.281386502  -412.366027488  -412.242937136
   436.000  -412.409997047  -412.351942452  -412.268382670  -412.351942452  -412.242554713
   436.500  -412.395473035  -412.337585619  -412.254971010  -412.337585619  -412.242083801
   437.000  -412.388115640  -412.330096738  -412.248235268  -412.330096738  -412.241913312
   437.500  -412.390431522  -412.332029404  -412.250701199  -412.332029404  -412.242179077
   438.000  -412.398463768  -412.339471845  -412.258451325  -412.339471845  -412.242564709
   438.500  -412.406151672  -412.346400907  -412.265477146  -412.346400907  -412.242748398
   439.000  -412.410099092  -412.349442646  -412.268439691  -412.349442646  -412.242711381
   439.500  -412.410249214  -412.348544609  -412.267340581  -412.348544609  -412.242591252
   440.000  -412.408060995  -412.345152825  -412.263695203  -412.345152825  -412.242495605
   440.500  -412.404864739  -412.340574142  -412.258882800  -412.340574142  -412.242458380
   441.000  -412.401262201  -412.335382500  -412.253541314  -412.335382500  -412.242457918
   441.500  -412.397382406  -412.329683066  -412.247816203  -412.329683066  -412.242442069
   442.000  -412.393611469  -412.323847240  -412.242086041  -412.323847240  -412.242361291
   442.500  -412.391241557  -412.319167474  -412.237612589  -412.319167474  -412.242227587
   443.000  -412.392202518  -412.317593648  -412.236287999  -412.317593648  -412.242150783
   443.500  -412.397457878  -412.320136548  -412.239062025  -412.320136548  -412.242258805
   444.000  -412.405257506  -412.325124922  -412.244230348  -412.325124922  -412.242543533
   444.500  -412.411326914  -412.328388870  -412.247635318  -412.328388870  -412.242838257
   445.000  -412.411349101  -412.325710798  -412.245113898  -412.325710798  -412.242942114
   445.500  -412.404028030  -412.315826174  -412.235477915  -412.315826174  -412.242746210
   446.000  -412.392642994  -412.301970182  -412.222009965  -412.301970182  -412.242341990
   446.500  -412.383393548  -412.290342269  -412.210864606  -412.290342269  -412.242022421
   447.000  -412.381045257  -412.285792711  -412.206782348  -412.285792711  -412.242011088
   447.500  -412.385732117  -412.288562813  -412.209907122  -412.288562813  -412.242239160
   448.000  -412.393871189  -412.295167048  -412.216706220  -412.295167048  -412.242472630
   448.500  -412.401559304  -412.301775569  -412.223358641  -412.301775569  -412.242563473
   449.000  -412.406898643  -412.306536389  -412.228065132  -412.306536389  -412.242529266
   449.500  -412.409952101  -412.309541249  -412.230990638  -412.309541249  -412.242454096
   450.000  -412.411567975  -412.311680591  -412.233083700  -412.311680591  -412.242394738
   450.500  -412.412499423  -412.313773406  -412.235181471  -412.313773406  -412.242361916
   451.000  -412.413222085  -412.316347554  -412.237793050  -412.316347554  -412.242339441
   451.500  -412.414146610  -412.319817639  -412.241290715  -412.319817639  -412.242312254
   452.000  -412.415784811  -412.324649359  -412.246086032  -412.324649359  -412.242287518
   452.500  -412.418593101  -412.331213734  -412.252498760  -412.331213734  -412.242296139
   453.000  -412.422496928  -412.339324863  -412.260309530  -412.339324863  -412.242371269
   453.500  -412.426443356  -412.347804970  -412.268335826  -412.347804970  -412.242503818
   454.000  -412.428593461  -412.354687106  -412.274634591  -412.354687106  -412.242620313
   454.500  -412.427385728  -412.358280731  -412.277558791  -412.358280731  -412.242647229
   455.000  -412.422538282  -412.358174956  -412.276745251  -412.358174956  -412.242606394
   455.500  -412.414766786  -412.354958857  -412.272820203  -412.354958857  -412.242577592
   456.000  -412.404755064  -412.349198210  -412.266364934  -412.349198210  -412.242555320
   456.500  -412.393194379  -412.341479044  -412.257957758  -412.341479044  -412.242460944
   457.000  -412.381715615  -412.333338950  -412.249117205  -412.333338950  -412.242310523
   457.500  -412.372598718  -412.326976174  -412.242024399  -412.326976174  -412.242227156
   458.000  -412.367128299  -412.323604527  -412.237885930  -412.323604527  -412.242262902
   458.500  -412.364881004  -412.322739848  -412.236220159  -412.322739848  -412.242337246
   459.000  -412.364794891  -412.323268147  -412.235914337  -412.323268147  -412.242364416
   459.500  -412.366416102  -412.324689440  -412.236463727  -412.324689440  -412.242336813
   460.000  -412.370088458  -412.327307271  -412.238155144  -412.327307271  -412.242298980
   460.500  -412.376349490  -412.331626332  -412.241464946  -412.331626332  -412.242295604
   461.000  -412.385267313  -412.337696220  -412.246393885  -412.337696220  -412.242337818
   461.500  -412.396256592  -412.344937106  -412.252283681  -412.344937106  -412.242391901
   462.000  -412.408509284  -412.352588056  -412.258254764  -412.352588056  -412.242416013
   462.500  -412.421532003  -412.360265899  -412.263769125  -412.360265899  -412.242414568
   463.000  -412.435074619  -412.367914342  -412.268604751  -412.367914342  -412.242431468
   463.500  -412.448540178  -412.375220533  -412.272318728  -412.375220533  -412.242494129
   464.000  -412.460577045  -412.381205235  -412.273884565  -412.381205235  -412.242599283
   464.500  -412.469083993  -412.384273135  -412.271765606  -412.384273135  -412.242695296
   465.000  -412.471537173  -412.383083143  -412.264536907  -412.383083143  -412.242848030
   465.500  -412.467796998  -412.375245054  -412.252235437  -412.375245054  -412.242544028
   466.000  -412.458566938  -412.361614026  -412.234997151  -412.361614026  -412.242344807
   466.500  -412.446248979  -412.345464290  -412.215581285  -412.345464290  -412.242098187
   467.000  -412.434495476  -412.330566091  -412.198011764  -412.330566091  -412.241903304
   467.500  -412.426222223  -412.319901133  -412.185534204  -412.319901133  -412.241840138
   468.000  -412.422369669  -412.314491143  -412.179390256  -412.314491143  -412.241893509
   468.500  -412.422151210  -412.313574383  -412.179046158  -412.313574383  -412.241988196
   469.000  -412.424022572  -412.315704618  -412.183594035  -412.315704618  -412.242049191
   469.500  -412.427243788  -412.319509415  -412.190501978  -412.319509415  -412.242143760
   470.000  -412.429891722  -412.323379649  -412.198442888  -412.323379649  -412.242267414
   470.500  -412.430137951  -412.325448503  -412.205311943  -412.325448503  -412.242378513
   471.000  -412.426567722  -412.324232105  -412.209345006  -412.324232105  -412.242377026
   471.500  -412.419609106  -412.320065335  -412.210583386  -412.320065335  -412.242183160
   472.000  -412.412480807  -412.316059899  -412.211868425  -412.316059899  -412.241885288
   472.500  -412.409664454  -412.316591483  -412.217366025  -412.316591483  -412.241758836
   473.000  -412.413004205  -412.323411720  -412.228702872  -412.323411720  -412.241960528
   473.500  -412.419623360  -412.333564588  -412.242870534  -412.333564588  -412.242302590
   474.000  -412.425029557  -412.341957178  -412.254420780  -412.341957178  -412.242521486
   474.500  -412.424692729  -412.345132715  -412.260771843  -412.345132715  -412.242538076
   475.000  -412.418650191  -412.342520434  -412.260845565  -412.342520434  -412.242433138
   475.500  -412.408375687  -412.335537054  -412.256021663  -412.335537054  -412.242280554
   476.000  -412.396231660  -412.326496331  -412.248569369  -412.326496331  -412.242110274
   476.500  -412.384922441  -412.318062920  -412.241113763  -412.318062920  -412.241944068
   477.000  -412.377060367  -412.312819178  -412.236215886  -412.312819178  -412.241828214
   477.500  -412.374434308  -412.312531751  -412.235650977  -412.312531751  -412.241813505
   478.000  -412.377267534  -412.317406018  -412.239668996  -412.317406018  -412.241907987
   478.500  -412.384106123  -412.325969135  -412.246876028  -412.325969135  -412.242070546
   479.000  -412.392429017  -412.335675245  -412.254831725  -412.335675245  -412.242251435
   479.500  -412.399439718  -412.343695057  -412.260827596  -412.343695057  -412.242416697
   480.000  -412.402692445  -412.347546432  -412.262506094  -412.347546432  -412.242523379
   480.500  -412.400846479  -412.345860100  -412.258609880  -412.345860100  -412.242490827
   481.000  -412.394855735  -412.339568326  -412.250154361  -412.339568326  -412.242256978
   481.500  -412.388680904  -412.332589577  -412.241095379  -412.332589577  -412.241923924
   482.000  -412.387585850  -412.330117612  -412.236611556  -412.330117612  -412.241745738
   482.500  -412.394432455  -412.334942161  -412.239427630  -412.334942161  -412.241860685
   483.000  -412.407595260  -412.345401409  -412.247793156  -412.345401409  -412.242169860
   483.500  -412.422313447  -412.356750216  -412.256888171  -412.356750216  -412.242464713
   484.000  -412.433784395  -412.364251827  -412.261947086  -412.364251827  -412.242601413
   484.500  -412.439436580  -412.365433539  -412.260525089  -412.365433539  -412.242577007
   485.000  -412.439205328  -412.360348179  -412.252760212  -412.360348179  -412.242455412
   485.500  -412.434706296  -412.350740321  -412.240541365  -412.350740321  -412.242283786
   486.000  -412.428477530  -412.339289262  -412.226761842  -412.339289262  -412.242090736
   486.500  -412.423420118  -412.329049400  -412.214765917  -412.329049400  -412.241922998
   487.000  -412.422011598  -412.322654374  -412.207501615  -412.322654374  -412.241846971
   487.500  -412.425289795  -412.321306672  -412.206347286  -412.321306672  -412.241898114
   488.000  -412.432282602  -412.324247997  -412.210402667  -412.324247997  -412.242049482
   488.500  -412.440416194  -412.329164438  -412.216929570  -412.329164438  -412.242238324
   489.000  -412.446535188  -412.333148054  -412.222542417  -412.333148054  -412.242409200
   489.500  -412.447966960  -412.333673825  -412.224465869  -412.333673825  -412.242492586
   490.000  -412.443726588  -412.329741034  -412.221826794  -412.329741034  -412.242401035
   490.500  -412.435700990  -412.323050185  -412.216762186  -412.323050185  -412.242153849
   491.000  -412.427993411  -412.317446034  -412.213535095  -412.317446034  -412.241978308
   491.500  -412.423544853  -412.315676640  -412.214939680  -412.315676640  -412.242015029
   492.000  -412.422177145  -412.317465236  -412.220373907  -412.317465236  -412.242100520
   492.500  -412.422605987  -412.321469418  -412.228093075  -412.321469418  -412.242142746
   493.000  -412.423842123  -412.326643820  -412.236782252  -412.326643820  -412.242224614
   493.500  -412.424415486  -412.331454666  -412.244789211  -412.331454666  -412.242330146
   494.000  -412.422617826  -412.334126594  -412.250306532  -412.334126594  -412.242362217
   494.500  -412.417810736  -412.333952803  -412.252617815  -412.333952803  -412.242299799
   495.000  -412.410800507  -412.331668757  -412.252435729  -412.331668757  -412.242194654
   495.500  -412.403148023  -412.328763985  -412.251203952  -412.328763985  -412.242097153
   496.000  -412.396411943  -412.326726809  -412.250346914  -412.326726809  -412.242022993
   496.500  -412.391839727  -412.326738767  -412.250976565  -412.326738767  -412.241972730
   497.000  -412.390268276  -412.329579544  -412.253811629  -412.329579544  -412.241967982
   497.500  -412.391778132  -412.335281803  -412.258849275  -412.335281803  -412.242045303
   498.000  -412.395212661  -412.342646122  -412.264897790  -412.342646122  -412.242200525
   498.500  -412.398308151  -412.349366023  -412.269714093  -412.349366023  -412.242354916
   499.000  -412.398888741  -412.353216008  -412.271198394  -412.353216008  -412.242392130
   499.500  -412.396532021  -412.353716255  -412.269052919  -412.353716255  -412.242267236
   500.000  -412.393092804  -412.352662676  -412.265288246  -412.352662676  -412.242118467
