     0.000  -412.466203092  -412.285214601  -412.229992676  -412.229992676  -412.209233398
     0.500  -412.479207407  -412.300011834  -412.243792108  -412.243792108  -412.210451190
     1.000  -412.507352647  -412.330219271  -412.273418527  -412.273418527  -412.212117221
     1.500  -412.524387265  -412.349812580  -412.292689990  -412.292689990  -412.212179148
     2.000  -412.524829487  -412.353603658  -412.296237697  -412.296237697  -412.211611321
     2.500  -412.514628802  -412.347755393  -412.290171850  -412.290171850  -412.211113628
     3.000  -412.500314792  -412.338663838  -412.281186963  -412.281186963  -412.210801856
     3.500  -412.486430974  -412.330523157  -412.273800029  -412.273800029  -412.210653665
     4.000  -412.475526453  -412.325809273  -412.270335723  -412.270335723  -412.210622317
     4.500  -412.468448602  -412.325482007  -412.271392205  -412.271392205  -412.210663658
     5.000  -412.464881088  -412.329273826  -412.276426598  -412.276426598  -412.210729532
     5.500  -412.464061083  -412.336358724  -412.284451052  -412.284451052  -412.210788563
     6.000  -412.465267425  -412.345860880  -412.294505159  -412.294505159  -412.210845570
     6.500  -412.467791661  -412.356860901  -412.305626173  -412.305626173  -412.210935906
     7.000  -412.470460026  -412.367947672  -412.316376593  -412.316376593  -412.211117896
     7.500  -412.470814481  -412.376418166  -412.324045668  -412.324045668  -412.211470052
     8.000  -412.464199968  -412.377373279  -412.323762688  -412.323762688  -412.211997690
     8.500  -412.444461203  -412.364413444  -412.309233221  -412.309233221  -412.212275892
     9.000  -412.411186688  -412.336874459  -412.280035339  -412.280035339  -412.211239982
     9.500  -412.382809598  -412.312956609  -412.254749329  -412.254749329  -412.209436442
    10.000  -412.384024572  -412.317232104  -412.258296588  -412.258296588  -412.210112244
    10.500  -412.405852432  -412.340796182  -412.281828525  -412.281828525  -412.211877118
    11.000  -412.421853034  -412.357413623  -412.298907139  -412.298907139  -412.212175470
    11.500  -412.423444679  -412.358707617  -412.300918313  -412.300918313  -412.211669384
    12.000  -412.415533082  -412.349729639  -412.292753917  -412.292753917  -412.211165819
    12.500  -412.404784964  -412.337240308  -412.281088340  -412.281088340  -412.210831446
    13.000  -412.396013352  -412.326119756  -412.270753532  -412.270753532  -412.210648705
    13.500  -412.391899861  -412.319110118  -412.264460870  -412.264460870  -412.210604059
    14.000  -412.393094892  -412.316931501  -412.262898985  -412.262898985  -412.210657153
    14.500  -412.398756720  -412.318826124  -412.265281673  -412.265281673  -412.210734983
    15.000  -412.407596249  -412.323608320  -412.270390261  -412.270390261  -412.210782962
    15.500  -412.418690827  -412.330480666  -412.277387732  -412.277387732  -412.210798756
    16.000  -412.431558153  -412.339106614  -412.285896899  -412.285896899  -412.210819746
    16.500  -412.445647113  -412.349099832  -412.295491730  -412.295491730  -412.210901769
    17.000  -412.459531167  -412.359208775  -412.304892921  -412.304892921  -412.211119797
    17.500  -412.469898511  -412.366289376  -412.310959418  -412.310959418  -412.211550189
    18.000  -412.470871053  -412.364596515  -412.308003318  -412.308003318  -412.212092491
    18.500  -412.456544254  -412.348281528  -412.290330604  -412.290330604  -412.212026451
    19.000  -412.431934728  -412.322311507  -412.263187311  -412.263187311  -412.210437110
    19.500  -412.421596177  -412.311126549  -412.251350222  -412.251350222  -412.209354727
    20.000  -412.439690406  -412.328846920  -412.269115221  -412.269115221  -412.210977374
    20.500  -412.464248988  -412.353609943  -412.294489091  -412.294489091  -412.212249787
    21.000  -412.474008343  -412.364296247  -412.306077532  -412.306077532  -412.212068226
    21.500  -412.467916089  -412.359917065  -412.302663887  -412.302663887  -412.211491441
    22.000  -412.453024818  -412.347493784  -412.291130838  -412.291130838  -412.211032748
    22.500  -412.435997037  -412.333603112  -412.277978743  -412.277978743  -412.210721934
    23.000  -412.421650008  -412.322960525  -412.267882383  -412.267882383  -412.210538861
    23.500  -412.412874334  -412.318361335  -412.263620305  -412.263620305  -412.210502555
    24.000  -412.410320956  -412.320373473  -412.265763148  -412.265763148  -412.210590600
    24.500  -412.412755844  -412.327686502  -412.273012131  -412.273012131  -412.210714939
    25.000  -412.418319128  -412.338355515  -412.283439494  -412.283439494  -412.210805374
    25.500  -412.425605238  -412.350869826  -412.295544915  -412.295544915  -412.210860455
    26.000  -412.433754727  -412.364239505  -412.308344331  -412.308344331  -412.210934514
    26.500  -412.441703863  -412.377251198  -412.320628566  -412.320628566  -412.211111584
    27.000  -412.446990444  -412.387283766  -412.329792550  -412.329792550  -412.211487841
    27.500  -412.444592934  -412.389157353  -412.330706925  -412.330706925  -412.212061070
    28.000  -412.427822945  -412.376022563  -412.316649654  -412.316649654  -412.212332685
    28.500  -412.396693696  -412.347716072  -412.287716459  -412.287716459  -412.211149174
    29.000  -412.371703221  -412.324547559  -412.264597539  -412.264597539  -412.209365475
    29.500  -412.376997041  -412.330534762  -412.271591914  -412.271591914  -412.210365265
    30.000  -412.399518819  -412.352638286  -412.295556825  -412.295556825  -412.212120714
    30.500  -412.412633329  -412.364335764  -412.309594393  -412.309594393  -412.212262136
    31.000  -412.410016134  -412.359420586  -412.307146110  -412.307146110  -412.211710207
    31.500  -412.397526607  -412.343850914  -412.293954371  -412.293954371  -412.211240878
    32.000  -412.381562365  -412.324123554  -412.276412790  -412.276412790  -412.210930854
    32.500  -412.366760943  -412.304994346  -412.259238469  -412.259238469  -412.210684956
    33.000  -412.356835105  -412.290313593  -412.246279895  -412.246279895  -412.210495246
    33.500  -412.354527511  -412.282974706  -412.240446400  -412.240446400  -412.210437070
    34.000  -412.360563473  -412.283859200  -412.242640276  -412.242640276  -412.210525540
    34.500  -412.373457001  -412.291639067  -412.251550764  -412.251550764  -412.210668447
    35.000  -412.390797494  -412.304070562  -412.264931937  -412.264931937  -412.210783796
    35.500  -412.410452124  -412.319202657  -412.280808276  -412.280808276  -412.210887603
    36.000  -412.430463344  -412.335277027  -412.297369028  -412.297369028  -412.211064276
    36.500  -412.447920373  -412.349582003  -412.311842040  -412.311842040  -412.211422636
    37.000  -412.457613800  -412.357073291  -412.319144298  -412.319144298  -412.212004297
    37.500  -412.452218593  -412.350499361  -412.312065927  -412.312065927  -412.212430812
    38.000  -412.429157622  -412.327208349  -412.288148825  -412.288148825  -412.211523094
    38.500  -412.405817526  -412.304380987  -412.264918563  -412.264918563  -412.209476214
    39.000  -412.410577628  -412.310211741  -412.270856904  -412.270856904  -412.209997364
    39.500  -412.436734410  -412.338002679  -412.299199102  -412.299199102  -412.211980652
    40.000  -412.455238284  -412.358838241  -412.320695966  -412.320695966  -412.212336156
    40.500  -412.456295254  -412.362990537  -412.325345939  -412.325345939  -412.211792975
    41.000  -412.445094523  -412.355584259  -412.318160476  -412.318160476  -412.211317197
    41.500  -412.427941699  -412.342779013  -412.305288647  -412.305288647  -412.211069123
    42.000  -412.408637931  -412.328210258  -412.290382970  -412.290382970  -412.210923888
    42.500  -412.389723083  -412.314255469  -412.275831695  -412.275831695  -412.210764072
    43.000  -412.373967530  -412.303525634  -412.264241172  -412.264241172  -412.210584316
    43.500  -412.364326548  -412.298817208  -412.258394150  -412.258394150  -412.210486544
    44.000  -412.362451602  -412.301627240  -412.259781413  -412.259781413  -412.210542824
    44.500  -412.367665910  -412.311137580  -412.267598071  -412.267598071  -412.210694852
    45.000  -412.377717939  -412.324974723  -412.279512583  -412.279512583  -412.210853514
    45.500  -412.390050921  -412.340482789  -412.292939428  -412.292939428  -412.211025234
    46.000  -412.401835502  -412.354759419  -412.305074109  -412.305074109  -412.211314460
    46.500  -412.408729555  -412.363416938  -412.311644285  -412.311644285  -412.211816907
    47.000  -412.404087393  -412.359779743  -412.306122892  -412.306122892  -412.212335630
    47.500  -412.383108458  -412.339005680  -412.283875193  -412.283875193  -412.211901510
    48.000  -412.356543277  -412.311763542  -412.255853311  -412.255853311  -412.209925736
    48.500  -412.353182559  -412.306739989  -412.250994296  -412.250994296  -412.209499564
    49.000  -412.378686089  -412.329574050  -412.274895405  -412.274895405  -412.211477846
    49.500  -412.405681255  -412.352993463  -412.299933416  -412.299933416  -412.212321197
    50.000  -412.417935452  -412.360913176  -412.309644041  -412.309644041  -412.211916626
    50.500  -412.417822912  -412.355849500  -412.306300392  -412.306300392  -412.211394696
    51.000  -412.411663764  -412.344258036  -412.296240515  -412.296240515  -412.211101474
    51.500  -412.403458015  -412.330274495  -412.283556289  -412.283556289  -412.210967398
    52.000  -412.395197341  -412.316025950  -412.270365610  -412.270365610  -412.210862839
    52.500  -412.388546674  -412.303307175  -412.258464930  -412.258464930  -412.210713972
    53.000  -412.385787045  -412.294519917  -412.250264253  -412.250264253  -412.210556613
    53.500  -412.389211303  -412.292076761  -412.248184605  -412.248184605  -412.210501549
    54.000  -412.399522801  -412.296808962  -412.253071063  -412.253071063  -412.210595782
    54.500  -412.415195727  -412.307331653  -412.263552004  -412.263552004  -412.210754976
    55.000  -412.433643767  -412.321207281  -412.277194346  -412.277194346  -412.210894960
    55.500  -412.452444062  -412.336159182  -412.291709472  -412.291709472  -412.211064641
    56.000  -412.468784286  -412.349506219  -412.304390471  -412.304390471  -412.211418685
    56.500  -412.477588547  -412.356271102  -412.310236556  -412.310236556  -412.212023632
    57.000  -412.471469921  -412.349089648  -412.301914701  -412.301914701  -412.212407901
    57.500  -412.448899761  -412.326331927  -412.277944413  -412.277944413  -412.211301141
    58.000  -412.429869968  -412.307777387  -412.258374418  -412.258374418  -412.209343211
    58.500  -412.441063064  -412.319925587  -412.269919987  -412.269919987  -412.210271160
    59.000  -412.470390578  -412.350685073  -412.300427599  -412.300427599  -412.212153575
    59.500  -412.489326577  -412.371638315  -412.321235436  -412.321235436  -412.212303069
    60.000  -412.490887898  -412.375847537  -412.325220095  -412.325220095  -412.211701232
    60.500  -412.481332622  -412.369498017  -412.318505507  -412.318505507  -412.211229980
    61.000  -412.466963346  -412.358745000  -412.307260414  -412.307260414  -412.211012588
    61.500  -412.451059076  -412.346699528  -412.294627106  -412.294627106  -412.210942426
    62.000  -412.434951082  -412.334534381  -412.281799627  -412.281799627  -412.210900475
    62.500  -412.419666741  -412.323137871  -412.269666491  -412.269666491  -412.210799726
    63.000  -412.407117085  -412.314300178  -412.260000254  -412.260000254  -412.210634805
    63.500  -412.400025686  -412.310635076  -412.255395728  -412.255395728  -412.210516965
    64.000  -412.400288863  -412.313934839  -412.257634642  -412.257634642  -412.210562230
    64.500  -412.407372209  -412.323563779  -412.266085128  -412.266085128  -412.210739563
    65.000  -412.418716184  -412.336868089  -412.278104919  -412.278104919  -412.210949990
    65.500  -412.431110007  -412.350559593  -412.290415008  -412.290415008  -412.211219778
    66.000  -412.440504908  -412.360542257  -412.298926503  -412.298926503  -412.211689517
    66.500  -412.440592460  -412.360490075  -412.297347551  -412.297347551  -412.212285075
    67.000  -412.425233424  -412.344253540  -412.279642423  -412.279642423  -412.212104495
    67.500  -412.401830744  -412.319199417  -412.253416588  -412.253416588  -412.210166424
    68.000  -412.399294664  -412.314206957  -412.247834292  -412.247834292  -412.209327048
    68.500  -412.428260271  -412.340017445  -412.273717429  -412.273717429  -412.211373280
    69.000  -412.460618164  -412.368807961  -412.303049519  -412.303049519  -412.212431163
    69.500  -412.476716302  -412.381251998  -412.316282725  -412.316282725  -412.212001644
    70.000  -412.478533114  -412.379571096  -412.315548383  -412.315548383  -412.211378199
    70.500  -412.473497871  -412.371343561  -412.308430341  -412.308430341  -412.211019399
    71.000  -412.466431127  -412.361477613  -412.299865614  -412.299865614  -412.210893395
    71.500  -412.459141064  -412.351839624  -412.291719714  -412.291719714  -412.210884269
    72.000  -412.451892852  -412.342738798  -412.284248944  -412.284248944  -412.210886556
    72.500  -412.444905474  -412.334427142  -412.277603936  -412.277603936  -412.210823059
    73.000  -412.439405057  -412.328151530  -412.272902832  -412.272902832  -412.210686107
    73.500  -412.437638419  -412.326165934  -412.272266041  -412.272266041  -412.210564718
    74.000  -412.441515909  -412.330380290  -412.277493329  -412.277493329  -412.210574070
    74.500  -412.450964692  -412.340723342  -412.288441249  -412.288441249  -412.210735827
    75.000  -412.463578943  -412.354795252  -412.302676614  -412.302676614  -412.211010355
    75.500  -412.475170551  -412.368409241  -412.316014851  -412.316014851  -412.211430011
    76.000  -412.479614832  -412.375414131  -412.322343631  -412.322343631  -412.212047928
    76.500  -412.469038555  -412.367847699  -412.313798331  -412.313798331  -412.212501562
    77.000  -412.440562930  -412.342644354  -412.287507840  -412.287507840  -412.211571401
    77.500  -412.411983551  -412.317335437  -412.261288944  -412.261288944  -412.209465944
    78.000  -412.412387689  -412.320789375  -412.264252104  -412.264252104  -412.210017077
    78.500  -412.434733740  -412.345938005  -412.289319240  -412.289319240  -412.212000625
    79.000  -412.449875965  -412.363746358  -412.307243693  -412.307243693  -412.212284414
    79.500  -412.448891688  -412.365373743  -412.308986980  -412.308986980  -412.211666842
    80.000  -412.437966021  -412.356997252  -412.300631141  -412.300631141  -412.211136178
    80.500  -412.424080969  -412.345533473  -412.289076470  -412.289076470  -412.210869218
    81.000  -412.411060857  -412.334725857  -412.278090346  -412.278090346  -412.210780809
    81.500  -412.400252710  -412.325849975  -412.268982227  -412.268982227  -412.210780634
    82.000  -412.391730601  -412.318924584  -412.261801721  -412.261801721  -412.210805957
    82.500  -412.385228718  -412.313644454  -412.256263443  -412.256263443  -412.210805695
    83.000  -412.380903806  -412.310138435  -412.252503772  -412.252503772  -412.210743362
    83.500  -412.379843936  -412.309477448  -412.251583873  -412.251583873  -412.210629639
    84.000  -412.383823605  -412.313427454  -412.255249861  -412.255249861  -412.210554059
    84.500  -412.393955882  -412.323104053  -412.264595714  -412.264595714  -412.210640078
    85.000  -412.408928251  -412.337212235  -412.278310268  -412.278310268  -412.210959926
    85.500  -412.424007205  -412.351050771  -412.291689064  -412.291689064  -412.211529441
    86.000  -412.431139588  -412.356604453  -412.296738632  -412.296738632  -412.212252052
    86.500  -412.421527040  -412.345097719  -412.284757516  -412.284757516  -412.212466261
    87.000  -412.396497320  -412.317834392  -412.257221053  -412.257221053  -412.210912378
    87.500  -412.381521271  -412.300220826  -412.239785585  -412.239785585  -412.209165334
    88.000  -412.399802138  -412.315450216  -412.255796590  -412.255796590  -412.210654847
    88.500  -412.431676207  -412.344001922  -412.285606647  -412.285606647  -412.212269021
    89.000  -412.451051713  -412.360004598  -412.303070048  -412.303070048  -412.212132169
    89.500  -412.455104204  -412.360813089  -412.305326715  -412.305326715  -412.211480574
    90.000  -412.451153003  -412.353859588  -412.299699718  -412.299699718  -412.211019328
    90.500  -412.445373644  -412.345387976  -412.292397109  -412.292397109  -412.210798672
    91.000  -412.440900788  -412.338580473  -412.286599649  -412.286599649  -412.210727472
    91.500  -412.438760576  -412.334500590  -412.283382709  -412.283382709  -412.210733995
    92.000  -412.438853155  -412.333082192  -412.282688741  -412.282688741  -412.210770785
    92.500  -412.440655487  -412.333835729  -412.284025757  -412.284025757  -412.210801007
    93.000  -412.443786496  -412.336418230  -412.287024901  -412.287024901  -412.210794425
    93.500  -412.448411097  -412.341032520  -412.291848623  -412.291848623  -412.210752854
    94.000  -412.455184077  -412.348369339  -412.299133312  -412.299133312  -412.210731819
    94.500  -412.464405982  -412.358759238  -412.309156128  -412.309156128  -412.210834220
    95.000  -412.474554093  -412.370702079  -412.320378228  -412.320378228  -412.211163279
    95.500  -412.480913977  -412.379491752  -412.328089420  -412.328089420  -412.211765951
    96.000  -412.475452160  -412.377065301  -412.324280433  -412.324280433  -412.212426352
    96.500  -412.451324683  -412.356459939  -412.302153299  -412.302153299  -412.212163441
    97.000  -412.417281031  -412.326185612  -412.270526812  -412.270526812  -412.210124991
    97.500  -412.403633754  -412.316275661  -412.259774571  -412.259774571  -412.209386356
    98.000  -412.420127056  -412.336348693  -412.279583283  -412.279583283  -412.211429299
    98.500  -412.438852573  -412.358568686  -412.301833920  -412.301833920  -412.212383829
    99.000  -412.441867688  -412.365086765  -412.308338071  -412.308338071  -412.211915181
    99.500  -412.432250187  -412.358967130  -412.301971570  -412.301971570  -412.211276128
   100.000  -412.418099589  -412.348196844  -412.290684200  -412.290684200  -412.210886081
   100.500  -412.404975519  -412.338180272  -412.279933811  -412.279933811  -412.210714221
   101.000  -412.395470005  -412.331358773  -412.272253991  -412.272253991  -412.210669868
   101.500  -412.390285720  -412.328311800  -412.268325211  -412.268325211  -412.210688719
   102.000  -412.389146907  -412.328674445  -412.267876214  -412.267876214  -412.210727538
   102.500  -412.391460142  -412.331796674  -412.270331778  -412.270331778  -412.210752969
   103.000  -412.396834544  -412.337261130  -412.275318336  -412.275318336  -412.210744580
   103.500  -412.405376669  -412.345171638  -412.282948986  -412.282948986  -412.210717374
   104.000  -412.417449905  -412.355915632  -412.293580546  -412.293580546  -412.210740057
   104.500  -412.432658782  -412.369146772  -412.306805702  -412.306805702  -412.210924873
   105.000  -412.448270279  -412.382206570  -412.319889781  -412.319889781  -412.211381632
   105.500  -412.457877129  -412.388776907  -412.326456117  -412.326456117  -412.212097831
   106.000  -412.452516151  -412.379968496  -412.317624207  -412.317624207  -412.212526249
   106.500  -412.430000171  -412.353613599  -412.291361103  -412.291361103  -412.211340497
   107.000  -412.411100379  -412.330452874  -412.268655466  -412.268655466  -412.209362603
   107.500  -412.422300783  -412.336991776  -412.276188897  -412.276188897  -412.210429693
   108.000  -412.449674829  -412.359494334  -412.300110470  -412.300110470  -412.212252291
   108.500  -412.465207163  -412.370240556  -412.312420901  -412.312420901  -412.212261652
   109.000  -412.463774616  -412.364365754  -412.308049482  -412.308049482  -412.211562750
   109.500  -412.453005380  -412.349670818  -412.294716799  -412.294716799  -412.211016214
   110.000  -412.440178608  -412.333544667  -412.279804100  -412.279804100  -412.210731829
   110.500  -412.429326690  -412.320096899  -412.267437439  -412.267437439  -412.210621666
   111.000  -412.422035639  -412.310972176  -412.259276738  -412.259276738  -412.210606565
   111.500  -412.418498949  -412.306406993  -412.255564073  -412.255564073  -412.210636956
   112.000  -412.418248953  -412.305959473  -412.255851093  -412.255851093  -412.210679241
   112.500  -412.420677356  -412.309027775  -412.259515352  -412.259515352  -412.210707325
   113.000  -412.425422724  -412.315236159  -412.266148917  -412.266148917  -412.210711098
   113.500  -412.432513716  -412.324578183  -412.275699252  -412.275699252  -412.210714188
   114.000  -412.441974495  -412.337024486  -412.288086681  -412.288086681  -412.210796232
   114.500  -412.452669490  -412.351373080  -412.302057545  -412.302057545  -412.211079218
   115.000  -412.460620818  -412.363568311  -412.313529594  -412.313529594  -412.211659578
   115.500  -412.458127339  -412.365811636  -412.314737353  -412.314737353  -412.212359732
   116.000  -412.437655848  -412.350423677  -412.298146812  -412.298146812  -412.212223870
   116.500  -412.405941595  -412.323922134  -412.270576774  -412.270576774  -412.210327206
   117.000  -412.391431487  -412.314505405  -412.260578844  -412.260578844  -412.209487454
   117.500  -412.405173469  -412.333066902  -412.279148580  -412.279148580  -412.211418623
   118.000  -412.420986882  -412.353401595  -412.299831807  -412.299831807  -412.212413314
   118.500  -412.420711531  -412.357337784  -412.304142658  -412.304142658  -412.211961239
   119.000  -412.407194397  -412.347649967  -412.294683358  -412.294683358  -412.211297666
   119.500  -412.388814116  -412.332601955  -412.279691618  -412.279691618  -412.210875782
   120.000  -412.371548637  -412.318054893  -412.265081786  -412.265081786  -412.210674760
   120.500  -412.358384624  -412.306898650  -412.253830346  -412.253830346  -412.210603857
   121.000  -412.350398536  -412.300138790  -412.247029327  -412.247029327  -412.210599007
   121.500  -412.347667442  -412.297803853  -412.244775797  -412.244775797  -412.210622590
   122.000  -412.349847039  -412.299517584  -412.246732495  -412.246732495  -412.210651810
   122.500  -412.356538668  -412.304862423  -412.252482797  -412.252482797  -412.210671960
   123.000  -412.367513388  -412.313603946  -412.261754070  -412.261754070  -412.210680512
   123.500  -412.382735827  -412.325721782  -412.274448622  -412.274448622  -412.210701509
   124.000  -412.401958790  -412.341016730  -412.290259809  -412.290259809  -412.210809611
   124.500  -412.423602042  -412.358002725  -412.307579680  -412.307579680  -412.211132702
   125.000  -412.443028205  -412.372187073  -412.321805135  -412.321805135  -412.211768342
   125.500  -412.451776309  -412.375279110  -412.324592091  -412.324592091  -412.212463713
   126.000  -412.442708145  -412.360274398  -412.308999985  -412.308999985  -412.212083973
   126.500  -412.426039624  -412.337430757  -412.285495490  -412.285495490  -412.209998314
   127.000  -412.431594339  -412.336584526  -412.284140214  -412.284140214  -412.209743188
   127.500  -412.462473802  -412.361004221  -412.308178574  -412.308178574  -412.211878719
   128.000  -412.488623035  -412.380993375  -412.327645631  -412.327645631  -412.212556281
   128.500  -412.495345657  -412.382222429  -412.327994602  -412.327994602  -412.211957056
   129.000  -412.487617992  -412.369906069  -412.314411227  -412.314411227  -412.211292530
   129.500  -412.473851765  -412.352560382  -412.295525515  -412.295525515  -412.210886757
   130.000  -412.459692829  -412.335849190  -412.277177527  -412.277177527  -412.210680767
   130.500  -412.448112499  -412.322720678  -412.262494924  -412.262494924  -412.210585483
   131.000  -412.440491027  -412.314516132  -412.252970697  -412.252970697  -412.210553010
   131.500  -412.437283884  -412.311650698  -412.249125408  -412.249125408  -412.210565685
   132.000  -412.438292479  -412.313890364  -412.250776788  -412.250776788  -412.210613191
   132.500  -412.442838632  -412.320527393  -412.257215082  -412.257215082  -412.210677916
   133.000  -412.450036143  -412.330649885  -412.267477178  -412.267477178  -412.210744541
   133.500  -412.459015668  -412.343362128  -412.280570572  -412.280570572  -412.210833614
   134.000  -412.468603111  -412.357455236  -412.295155138  -412.295155138  -412.211040564
   134.500  -412.476000346  -412.370075056  -412.308226182  -412.308226182  -412.211510318
   135.000  -412.475093270  -412.375002370  -412.313432747  -412.313432747  -412.212209789
   135.500  -412.458107377  -412.364267987  -412.302760997  -412.302760997  -412.212370781
   136.000  -412.427561471  -412.340077398  -412.278541641  -412.278541641  -412.210767477
   136.500  -412.408988473  -412.327578337  -412.266206471  -412.266206471  -412.209406686
   137.000  -412.420363677  -412.344446775  -412.283634469  -412.283634469  -412.211091142
   137.500  -412.439383306  -412.368266343  -412.308314604  -412.308314604  -412.212431220
   138.000  -412.443648593  -412.376604866  -412.317589446  -412.317589446  -412.212133533
   138.500  -412.433287716  -412.369524775  -412.311387297  -412.311387297  -412.211442839
   139.000  -412.416700865  -412.355337960  -412.297999896  -412.297999896  -412.210956509
   139.500  -412.400673879  -412.340759622  -412.284186258  -412.284186258  -412.210699553
   140.000  -412.388969954  -412.329525792  -412.273737521  -412.273737521  -412.210589562
   140.500  -412.383190108  -412.323260618  -412.268314966  -412.268314966  -412.210570985
   141.000  -412.383522665  -412.322221786  -412.268183945  -412.268183945  -412.210613779
   141.500  -412.389194242  -412.325745075  -412.272658221  -412.272658221  -412.210691991
   142.000  -412.398873697  -412.332640709  -412.280502944  -412.280502944  -412.210776612
   142.500  -412.411124147  -412.341637039  -412.290384575  -412.290384575  -412.210844925
   143.000  -412.424751957  -412.351716688  -412.301216829  -412.301216829  -412.210900736
   143.500  -412.438763230  -412.362067042  -412.312115304  -412.312115304  -412.210993527
   144.000  -412.451653388  -412.371359915  -412.321691942  -412.321691942  -412.211225130
   144.500  -412.460051405  -412.376387899  -412.326714473  -412.326714473  -412.211682096
   145.000  -412.457987083  -412.371310557  -412.321392634  -412.321392634  -412.212157490
   145.500  -412.440945908  -412.351668254  -412.301441579  -412.301441579  -412.211761360
   146.000  -412.418170668  -412.326659800  -412.276358190  -412.276358190  -412.210080791
   146.500  -412.413752709  -412.320309669  -412.270432310  -412.270432310  -412.209772731
   147.000  -412.431618791  -412.336605064  -412.287646550  -412.287646550  -412.211462977
   147.500  -412.448167376  -412.352152854  -412.304342674  -412.304342674  -412.212198415
   148.000  -412.449336420  -412.353109978  -412.306391535  -412.306391535  -412.211802896
   148.500  -412.437856368  -412.342319800  -412.296469714  -412.296469714  -412.211237922
   149.000  -412.420934369  -412.326978546  -412.281715576  -412.281715576  -412.210854299
   149.500  -412.404088322  -412.312505286  -412.267552432  -412.267552432  -412.210653329
   150.000  -412.390429911  -412.301868266  -412.256971539  -412.256971539  -412.210578082
   150.500  -412.381256566  -412.296206230  -412.251134232  -412.251134232  -412.210580554
   151.000  -412.376693309  -412.295489884  -412.250023737  -412.250023737  -412.210621244
   151.500  -412.376262049  -412.299101034  -412.253022122  -412.253022122  -412.210670706
   152.000  -412.379323600  -412.306279427  -412.259357617  -412.259357617  -412.210714911
   152.500  -412.385305372  -412.316348914  -412.268332709  -412.268332709  -412.210757638
   153.000  -412.393655255  -412.328667170  -412.279278692  -412.279278692  -412.210825899
   153.500  -412.403446713  -412.342227163  -412.291162958  -412.291162958  -412.210980006
   154.000  -412.412529612  -412.354800167  -412.301745987  -412.301745987  -412.211309203
   154.500  -412.416449950  -412.361851513  -412.306515184  -412.306515184  -412.211826759
   155.000  -412.408968291  -412.357044935  -412.299223225  -412.299223225  -412.212125201
   155.500  -412.388880410  -412.339051002  -412.278730917  -412.278730917  -412.211226420
   156.000  -412.371969331  -412.323506102  -412.260959898  -412.260959898  -412.209660567
   156.500  -412.379507150  -412.331566785  -412.267327614  -412.267327614  -412.210289497
   157.000  -412.403198405  -412.354912804  -412.289581091  -412.289581091  -412.211865329
   157.500  -412.419734725  -412.370270644  -412.304333441  -412.304333441  -412.212090995
   158.000  -412.422288142  -412.370833627  -412.304622907  -412.304622907  -412.211559103
   158.500  -412.416521334  -412.362254812  -412.295969457  -412.295969457  -412.211059360
   159.000  -412.409242766  -412.351321929  -412.285049597  -412.285049597  -412.210775091
   159.500  -412.404684833  -412.342260182  -412.275990592  -412.275990592  -412.210657988
   160.000  -412.404700255  -412.336947045  -412.270583508  -412.270583508  -412.210635634
   160.500  -412.409666838  -412.335827176  -412.269203797  -412.269203797  -412.210656396
   161.000  -412.419213111  -412.338642531  -412.271548130  -412.271548130  -412.210691084
   161.500  -412.432654375  -412.344865963  -412.277073219  -412.277073219  -412.210728370
   162.000  -412.449181471  -412.353880574  -412.285176096  -412.285176096  -412.210771941
   162.500  -412.467832686  -412.364942471  -412.295150106  -412.295150106  -412.210842974
   163.000  -412.487211818  -412.376886066  -412.305881330  -412.305881330  -412.210987981
   163.500  -412.504861094  -412.387482891  -412.315201485  -412.315201485  -412.211279283
   164.000  -412.516398479  -412.392557132  -412.319009694  -412.319009694  -412.211752112
   164.500  -412.515609027  -412.386042844  -412.311355190  -412.311355190  -412.212143706
   165.000  -412.499299826  -412.364785655  -412.289297251  -412.289297251  -412.211578995
   165.500  -412.479077170  -412.340286465  -412.264689768  -412.264689768  -412.209888092
   166.000  -412.479074041  -412.336502604  -412.261843527  -412.261843527  -412.209787421
   166.500  -412.500603566  -412.354681367  -412.282023567  -412.282023567  -412.211478141
   167.000  -412.519891757  -412.371192193  -412.301158452  -412.301158452  -412.212138190
   167.500  -412.524156508  -412.373487613  -412.306161815  -412.306161815  -412.211745767
   168.000  -412.516360765  -412.364729469  -412.299892676  -412.299892676  -412.211214612
   168.500  -412.503206395  -412.351732330  -412.289107168  -412.289107168  -412.210868286
   169.000  -412.489580757  -412.339436444  -412.278759745  -412.278759745  -412.210694463
   169.500  -412.478135089  -412.330500293  -412.271515395  -412.271515395  -412.210626590
   170.000  -412.470035497  -412.326046882  -412.268488371  -412.268488371  -412.210618324
   170.500  -412.465589102  -412.326288309  -412.269871125  -412.269871125  -412.210644197
   171.000  -412.464607560  -412.330892736  -412.275305647  -412.275305647  -412.210691268
   171.500  -412.466577072  -412.339161967  -412.284067919  -412.284067919  -412.210758990
   172.000  -412.470658219  -412.350043663  -412.295081761  -412.295081761  -412.210864493
   172.500  -412.475446434  -412.361909149  -412.306692613  -412.306692613  -412.211049736
   173.000  -412.478391540  -412.371980190  -412.316105354  -412.316105354  -412.211381112
   173.500  -412.475038132  -412.375571360  -412.318644474  -412.318644474  -412.211867715
   174.000  -412.459546974  -412.366603057  -412.308305692  -412.308305692  -412.212169026
   174.500  -412.430608065  -412.343507908  -412.283709912  -412.283709912  -412.211378541
   175.000  -412.403001082  -412.320812570  -412.259698314  -412.259698314  -412.209719591
   175.500  -412.400020363  -412.321645757  -412.259710500  -412.259710500  -412.209989833
   176.000  -412.418037099  -412.342388207  -412.280219643  -412.280219643  -412.211613398
   176.500  -412.433301922  -412.359433618  -412.297484148  -412.297484148  -412.212065287
   177.000  -412.435596394  -412.362718330  -412.301261762  -412.301261762  -412.211650477
   177.500  -412.428431338  -412.355865503  -412.295048732  -412.295048732  -412.211184622
   178.000  -412.417783843  -412.344929401  -412.284818865  -412.284818865  -412.210893350
   178.500  -412.407786432  -412.334104457  -412.274708981  -412.274708981  -412.210742845
   179.000  -412.400675975  -412.325687123  -412.266967659  -412.266967659  -412.210672027
   179.500  -412.397509324  -412.320800240  -412.262678528  -412.262678528  -412.210643647
   180.000  -412.398667725  -412.319904900  -412.262271074  -412.262271074  -412.210640756
   180.500  -412.404100852  -412.323050197  -412.265767877  -412.265767877  -412.210658686
   181.000  -412.413390565  -412.329937645  -412.272849240  -412.272849240  -412.210704036
   181.500  -412.425660474  -412.339825794  -412.282757046  -412.282757046  -412.210797886
   182.000  -412.439288100  -412.351231645  -412.293997327  -412.293997327  -412.210981819
   182.500  -412.451364202  -412.361376639  -412.303789883  -412.303789883  -412.211311258
   183.000  -412.457105848  -412.365582352  -412.307476314  -412.307476314  -412.211778275
   183.500  -412.450587604  -412.357977899  -412.299250316  -412.299250316  -412.212055556
   184.000  -412.430325967  -412.337059228  -412.277747621  -412.277747621  -412.211344457
   184.500  -412.409481263  -412.315898409  -412.256249893  -412.256249893  -412.209849809
   185.000  -412.409215652  -412.315578803  -412.256013092  -412.256013092  -412.210002692
   185.500  -412.427515708  -412.334113846  -412.275043364  -412.275043364  -412.211465600
   186.000  -412.443133119  -412.350381948  -412.292043032  -412.292043032  -412.211969347
   186.500  -412.445620584  -412.354065660  -412.296493266  -412.296493266  -412.211636095
   187.000  -412.437485247  -412.347734660  -412.290825365  -412.290825365  -412.211203151
   187.500  -412.424279442  -412.336928305  -412.280508873  -412.280508873  -412.210913096
   188.000  -412.410205089  -412.325780813  -412.269653613  -412.269653613  -412.210752517
   188.500  -412.397780761  -412.316709235  -412.260676882  -412.260676882  -412.210670419
   189.000  -412.388413686  -412.311001838  -412.254876022  -412.254876022  -412.210631269
   189.500  -412.382866692  -412.309295108  -412.252899310  -412.252899310  -412.210616345
   190.000  -412.381514957  -412.311838596  -412.255007261  -412.255007261  -412.210618630
   190.500  -412.384438629  -412.318593540  -412.261170654  -412.261170654  -412.210641459
   191.000  -412.391364454  -412.329178853  -412.271018116  -412.271018116  -412.210701636
   191.500  -412.401418220  -412.342627052  -412.283594585  -412.283594585  -412.210835357
   192.000  -412.412624684  -412.356885608  -412.296866544  -412.296866544  -412.211098127
   192.500  -412.421222967  -412.368128410  -412.307046063  -412.307046063  -412.211522281
   193.000  -412.421621384  -412.370699164  -412.308557119  -412.308557119  -412.211932858
   193.500  -412.409764143  -412.360459712  -412.297413761  -412.297413761  -412.211674232
   194.000  -412.392394713  -412.344039132  -412.280487569  -412.280487569  -412.210344292
   194.500  -412.389356634  -412.341158273  -412.277765392  -412.277765392  -412.209793962
   195.000  -412.407965427  -412.359072901  -412.296612030  -412.296612030  -412.211090312
   195.500  -412.430271100  -412.379867422  -412.318974887  -412.318974887  -412.212003206
   196.000  -412.440830155  -412.388176556  -412.329228208  -412.329228208  -412.211873111
   196.500  -412.438889565  -412.383318837  -412.326453919  -412.326453919  -412.211436654
   197.000  -412.429718037  -412.370624794  -412.315811668  -412.315811668  -412.211090248
   197.500  -412.418182461  -412.355027511  -412.302122295  -412.302122295  -412.210876167
   198.000  -412.407471775  -412.339798156  -412.288582844  -412.288582844  -412.210749981
   198.500  -412.399493972  -412.326946751  -412.277154726  -412.277154726  -412.210674998
   199.000  -412.395348437  -412.317692450  -412.269026797  -412.269026797  -412.210631625
   199.500  -412.395597753  -412.312732019  -412.264882025  -412.264882025  -412.210613137
   200.000  -412.400380773  -412.312351696  -412.265002441  -412.265002441  -412.210620491
   200.500  -412.409391565  -412.316401551  -412.269247366  -412.269247366  -412.210668379
   201.000  -412.421679581  -412.324092737  -412.276846354  -412.276846354  -412.210791473
   201.500  -412.435172150  -412.333513808  -412.285916118  -412.285916118  -412.211049248
   202.000  -412.445955662  -412.340901165  -412.292729565  -412.292729565  -412.211480972
   202.500  -412.448174479  -412.340510902  -412.291598181  -412.291598181  -412.211907918
   203.000  -412.437515672  -412.328062595  -412.278341161  -412.278341161  -412.211640439
   203.500  -412.420932267  -412.310428946  -412.260004362  -412.260004362  -412.210269496
   204.000  -412.418827988  -412.307876579  -412.257045396  -412.257045396  -412.209747896
   204.500  -412.438219566  -412.327372446  -412.276478334  -412.276478334  -412.211064334
   205.000  -412.460909220  -412.350819651  -412.300050513  -412.300050513  -412.211903872
   205.500  -412.472292809  -412.363757668  -412.313089002  -412.313089002  -412.211729743
   206.000  -412.472159964  -412.366043344  -412.315317363  -412.315317363  -412.211325247
   206.500  -412.465312089  -412.362442704  -412.311460329  -412.311460329  -412.211053270
   207.000  -412.455574528  -412.356666865  -412.305243850  -412.305243850  -412.210915218
   207.500  -412.445125124  -412.350735139  -412.298716248  -412.298716248  -412.210844385
   208.000  -412.435236165  -412.345734294  -412.292989425  -412.292989425  -412.210799873
   208.500  -412.426824664  -412.342380862  -412.288792952  -412.288792952  -412.210765072
   209.000  -412.420670357  -412.341251674  -412.286706585  -412.286706585  -412.210736864
   209.500  -412.417442678  -412.342821019  -412.287200148  -412.287200148  -412.210721799
   210.000  -412.417569418  -412.347341698  -412.290519892  -412.290519892  -412.210742521
   210.500  -412.420880003  -412.354497353  -412.296346509  -412.296346509  -412.210845340
   211.000  -412.425945904  -412.362749444  -412.303148523  -412.303148523  -412.211093971
   211.500  -412.429288114  -412.368539451  -412.307404871  -412.307404871  -412.211507826
   212.000  -412.425548864  -412.366445456  -412.303795145  -412.303795145  -412.211856453
   212.500  -412.411574577  -412.353241499  -412.289298466  -412.289298466  -412.211466824
   213.000  -412.395495816  -412.336967989  -412.272256448  -412.272256448  -412.210209300
   213.500  -412.395401152  -412.335643924  -412.270954690  -412.270954690  -412.210023386
   214.000  -412.413685394  -412.351692415  -412.287833833  -412.287833833  -412.211313175
   214.500  -412.432278017  -412.367193224  -412.304712135  -412.304712135  -412.211966813
   215.000  -412.439426208  -412.370590087  -412.309714348  -412.309714348  -412.211702695
   215.500  -412.436625187  -412.363563527  -412.304292631  -412.304292631  -412.211255551
   216.000  -412.429372798  -412.351778058  -412.293987111  -412.293987111  -412.210967778
   216.500  -412.421563786  -412.339287198  -412.282791655  -412.282791655  -412.210842286
   217.000  -412.414908408  -412.327955876  -412.272544736  -412.272544736  -412.210793206
   217.500  -412.410004985  -412.318528295  -412.263980063  -412.263980063  -412.210755775
   218.000  -412.407270321  -412.311553151  -412.257643660  -412.257643660  -412.210706980
   218.500  -412.407293308  -412.307737295  -412.254243092  -412.254243092  -412.210653959
   219.000  -412.410733463  -412.307848007  -412.254546654  -412.254546654  -412.210621207
   219.500  -412.417952203  -412.312348839  -412.259015901  -412.259015901  -412.210644454
   220.000  -412.428469984  -412.320857286  -412.267267002  -412.267267002  -412.210771655
   220.500  -412.440285622  -412.331461356  -412.277394161  -412.277394161  -412.211057598
   221.000  -412.449237526  -412.340071716  -412.285334400  -412.285334400  -412.211506808
   221.500  -412.449438892  -412.340839044  -412.285308707  -412.285308707  -412.211866569
   222.000  -412.437768661  -412.330616267  -412.274312635  -412.274312635  -412.211424369
   222.500  -412.423432720  -412.318506414  -412.261664059  -412.261664059  -412.210088943
   223.000  -412.425746238  -412.323688910  -412.266725101  -412.266725101  -412.209981323
   223.500  -412.446147497  -412.347523234  -412.290826629  -412.290826629  -412.211401065
   224.000  -412.464681515  -412.370036673  -412.313758988  -412.313758988  -412.212088864
   224.500  -412.468967448  -412.378798118  -412.322838049  -412.322838049  -412.211824151
   225.000  -412.460694057  -412.375357596  -412.319461272  -412.319461272  -412.211350965
   225.500  -412.446111816  -412.365752748  -412.309616639  -412.309616639  -412.211001123
   226.000  -412.430430694  -412.354950627  -412.298290740  -412.298290740  -412.210809161
   226.500  -412.416727070  -412.345794511  -412.288389740  -412.288389740  -412.210729128
   227.000  -412.406397400  -412.339480848  -412.281201560  -412.281201560  -412.210702500
   227.500  -412.399959586  -412.336370895  -412.277191793  -412.277191793  -412.210684903
   228.000  -412.397702251  -412.336638336  -412.276636958  -412.276636958  -412.210664879
   228.500  -412.399878410  -412.340459626  -412.279798034  -412.279798034  -412.210662642
   229.000  -412.406445578  -412.347751861  -412.286640086  -412.286640086  -412.210714894
   229.500  -412.416552939  -412.357658869  -412.296306625  -412.296306625  -412.210865544
   230.000  -412.427933525  -412.367942534  -412.306512024  -412.306512024  -412.211160819
   230.500  -412.436371233  -412.374444162  -412.313024346  -412.313024346  -412.211599302
   231.000  -412.436181111  -412.371547195  -412.310171668  -412.310171668  -412.211935554
   231.500  -412.424515903  -412.356453923  -412.295172955  -412.295172955  -412.211492189
   232.000  -412.410453850  -412.338260588  -412.277225765  -412.277225765  -412.210172818
   232.500  -412.413068698  -412.336081966  -412.275531628  -412.275531628  -412.209978998
   233.000  -412.434837211  -412.352564927  -412.292642487  -412.292642487  -412.211296781
   233.500  -412.456980024  -412.369245592  -412.309827792  -412.309827792  -412.211992840
   234.000  -412.466740400  -412.373721211  -412.314434617  -412.314434617  -412.211777488
   234.500  -412.464660662  -412.366812720  -412.307168112  -412.307168112  -412.211340324
   235.000  -412.456013949  -412.353962689  -412.293479266  -412.293479266  -412.210988995
   235.500  -412.445652664  -412.340104205  -412.278384204  -412.278384204  -412.210749470
   236.000  -412.437050278  -412.328740094  -412.265498970  -412.265498970  -412.210602003
   236.500  -412.432359109  -412.322028815  -412.257103750  -412.257103750  -412.210539630
   237.000  -412.432444548  -412.320832732  -412.254183718  -412.254183718  -412.210549870
   237.500  -412.437059703  -412.324901010  -412.256601679  -412.256601679  -412.210604743
   238.000  -412.445259991  -412.333283841  -412.263503833  -412.263503833  -412.210679836
   238.500  -412.455777188  -412.344705498  -412.273686002  -412.273686002  -412.210776895
   239.000  -412.467034192  -412.357576054  -412.285599483  -412.285599483  -412.210930528
   239.500  -412.476693973  -412.369536962  -412.296898917  -412.296898917  -412.211198616
   240.000  -412.480996392  -412.376788515  -412.303774284  -412.303774284  -412.211593371
   240.500  -412.475035275  -412.374351033  -412.301233229  -412.301233229  -412.211879753
   241.000  -412.456855528  -412.360141352  -412.287203720  -412.287203720  -412.211411089
   241.500  -412.436011659  -412.343534946  -412.271102914  -412.271102914  -412.210141728
   242.000  -412.431104014  -412.342956784  -412.271371745  -412.271371745  -412.209984109
   242.500  -412.444437109  -412.360618186  -412.290112286  -412.290112286  -412.211245898
   243.000  -412.458267105  -412.378757462  -412.309341790  -412.309341790  -412.211925432
   243.500  -412.460532299  -412.385279337  -412.316758113  -412.316758113  -412.211751985
   244.000  -412.451653229  -412.380498129  -412.312567523  -412.312567523  -412.211362799
   244.500  -412.436576348  -412.369189660  -412.301546790  -412.301546790  -412.211041537
   245.000  -412.419997084  -412.355853075  -412.288276820  -412.288276820  -412.210806197
   245.500  -412.405530029  -412.343913404  -412.276315848  -412.276315848  -412.210638501
   246.000  -412.395770031  -412.335810640  -412.268248565  -412.268248565  -412.210545371
   246.500  -412.392156533  -412.332875687  -412.265527130  -412.265527130  -412.210535062
   247.000  -412.394864588  -412.335222375  -412.268336770  -412.268336770  -412.210591096
   247.500  -412.403051903  -412.341989508  -412.275825256  -412.275825256  -412.210683604
   248.000  -412.415296820  -412.351775162  -412.286539302  -412.286539302  -412.210800552
   248.500  -412.429782363  -412.362817919  -412.298624369  -412.298624369  -412.210965818
   249.000  -412.443992334  -412.372696557  -412.309545279  -412.309545279  -412.211225668
   249.500  -412.454168766  -412.377786465  -412.315570228  -412.315570228  -412.211582939
   250.000  -412.455627993  -412.373556856  -412.312110480  -412.312110480  -412.211827497
   250.500  -412.446335244  -412.358118193  -412.297304385  -412.297304385  -412.211419452
   251.000  -412.434016848  -412.339304681  -412.279128066  -412.279128066  -412.210325098
   251.500  -412.434237521  -412.332783704  -412.273450891  -412.273450891  -412.210097455
   252.000  -412.449769874  -412.341515661  -412.283356256  -412.283356256  -412.211120026
   252.500  -412.465946427  -412.351141709  -412.294451224  -412.294451224  -412.211752917
   253.000  -412.471591499  -412.350853759  -412.295778837  -412.295778837  -412.211624740
   253.500  -412.466446793  -412.340732672  -412.287237187  -412.287237187  -412.211263333
   254.000  -412.454857386  -412.325388324  -412.273268897  -412.273268897  -412.210956637
   254.500  -412.441139630  -412.309307029  -412.258253748  -412.258253748  -412.210740924
   255.000  -412.428537865  -412.295801327  -412.245486361  -412.245486361  -412.210593707
   255.500  -412.419333425  -412.287131908  -412.237277271  -412.237277271  -412.210508065
   256.000  -412.414899189  -412.284609947  -412.234989400  -412.234989400  -412.210488299
   256.500  -412.415610048  -412.288527192  -412.238950468  -412.238950468  -412.210532955
   257.000  -412.420856917  -412.298166533  -412.248473686  -412.248473686  -412.210627183
   257.500  -412.429278724  -412.312027568  -412.262082831  -412.262082831  -412.210757290
   258.000  -412.438994226  -412.328056391  -412.277729907  -412.277729907  -412.210933307
   258.500  -412.447518297  -412.343562366  -412.292705195  -412.292705195  -412.211187552
   259.000  -412.451433288  -412.354889580  -412.303318279  -412.303318279  -412.211514528
   259.500  -412.446778059  -412.357804186  -412.305315663  -412.305315663  -412.211721364
   260.000  -412.432189561  -412.350641179  -412.297068123  -412.297068123  -412.211360695
   260.500  -412.414664555  -412.340089734  -412.285380010  -412.285380010  -412.210445349
   261.000  -412.407497911  -412.339186525  -412.283438129  -412.283438129  -412.210245691
   261.500  -412.413473156  -412.350566803  -412.293951939  -412.293951939  -412.211086485
   262.000  -412.420955302  -412.362553169  -412.305204551  -412.305204551  -412.211633076
   262.500  -412.420842254  -412.366042643  -412.308024964  -412.308024964  -412.211518296
   263.000  -412.413275093  -412.361174410  -412.302526517  -412.302526517  -412.211185437
   263.500  -412.402405255  -412.352093771  -412.292867601  -412.292867601  -412.210917379
   264.000  -412.392036010  -412.342597279  -412.282870695  -412.282870695  -412.210762292
   264.500  -412.384552467  -412.335064865  -412.274929695  -412.274929695  -412.210683528
   265.000  -412.381281995  -412.330819200  -412.270358803  -412.270358803  -412.210640232
   265.500  -412.383011985  -412.330646336  -412.269913554  -412.269913554  -412.210618288
   266.000  -412.390154326  -412.334972135  -412.273969461  -412.273969461  -412.210632734
   266.500  -412.402487527  -412.343619123  -412.282292165  -412.282292165  -412.210711923
   267.000  -412.418736342  -412.355399119  -412.293641978  -412.293641978  -412.210873635
   267.500  -412.436303848  -412.367849505  -412.305532402  -412.305532402  -412.211121966
   268.000  -412.451302435  -412.377251966  -412.314265259  -412.314265259  -412.211431955
   268.500  -412.459186921  -412.379240376  -412.315551719  -412.315551719  -412.211664898
   269.000  -412.457164177  -412.371178693  -412.306897578  -412.306897578  -412.211478995
   269.500  -412.448947145  -412.356892930  -412.292325525  -412.292325525  -412.210720282
   270.000  -412.445550219  -412.347486609  -412.283136591  -412.283136591  -412.210242946
   270.500  -412.453301557  -412.349419198  -412.285888208  -412.285888208  -412.210756389
   271.000  -412.465070512  -412.355776834  -412.293614345  -412.293614345  -412.211356687
   271.500  -412.471457467  -412.357429383  -412.297036932  -412.297036932  -412.211397248
   272.000  -412.470419631  -412.352592006  -412.294201534  -412.294201534  -412.211144222
   272.500  -412.464764609  -412.344283145  -412.287963064  -412.287963064  -412.210906057
   273.000  -412.457718786  -412.335872632  -412.281547950  -412.281547950  -412.210772469
   273.500  -412.451277996  -412.329431012  -412.276906330  -412.276906330  -412.210723890
   274.000  -412.446293974  -412.325818582  -412.274804246  -412.274804246  -412.210718651
   274.500  -412.443008828  -412.325219408  -412.275363932  -412.275363932  -412.210724915
   275.000  -412.441500325  -412.327591992  -412.278514253  -412.278514253  -412.210729811
   275.500  -412.441859134  -412.332856603  -412.284172372  -412.284172372  -412.210744101
   276.000  -412.444011113  -412.340729898  -412.292072363  -412.292072363  -412.210804302
   276.500  -412.447184612  -412.350207218  -412.301240036  -412.301240036  -412.210957918
   277.000  -412.449281672  -412.358944714  -412.309372993  -412.309372993  -412.211216675
   277.500  -412.446874270  -412.363259460  -412.312854569  -412.312854569  -412.211473187
   278.000  -412.437044193  -412.359973631  -412.308611708  -412.308611708  -412.211433923
   278.500  -412.421534516  -412.350578943  -412.298291337  -412.298291337  -412.210891906
   279.000  -412.408698639  -412.343220061  -412.290212878  -412.290212878  -412.210400137
   279.500  -412.405359362  -412.344593040  -412.291189567  -412.291189567  -412.210696693
   280.000  -412.407524509  -412.350669716  -412.297192001  -412.297192001  -412.211261330
   280.500  -412.406849196  -412.353120229  -412.299806450  -412.299806450  -412.211394966
   281.000  -412.400390147  -412.349022321  -412.296020661  -412.296020661  -412.211195179
   281.500  -412.390298909  -412.340541225  -412.287938799  -412.287938799  -412.210956470
   282.000  -412.379808130  -412.330922266  -412.278768979  -412.278768979  -412.210799712
   282.500  -412.371220904  -412.322485772  -412.270799478  -412.270799478  -412.210722016
   283.000  -412.365748930  -412.316466370  -412.265227559  -412.265227559  -412.210690892
   283.500  -412.363909071  -412.313407352  -412.262551690  -412.262551690  -412.210683834
   284.000  -412.365837307  -412.313473163  -412.262886326  -412.262886326  -412.210693867
   284.500  -412.371389802  -412.316550415  -412.266067843  -412.266067843  -412.210725481
   285.000  -412.380076462  -412.322183151  -412.271594838  -412.271594838  -412.210792124
   285.500  -412.390868268  -412.329382823  -412.278442926  -412.278442926  -412.210916156
   286.000  -412.401903296  -412.336337577  -412.284780821  -412.284780821  -412.211117228
   286.500  -412.410335125  -412.340261625  -412.287830688  -412.287830688  -412.211351109
   287.000  -412.413273584  -412.338332200  -412.284820035  -412.284820035  -412.211394921
   287.500  -412.411158241  -412.331054065  -412.276359141  -412.276359141  -412.210948689
   288.000  -412.411194659  -412.325694827  -412.269862686  -412.269862686  -412.210347606
   288.500  -412.421641568  -412.330599818  -412.273799990  -412.273799990  -412.210531482
   289.000  -412.439741937  -412.343162642  -412.285592382  -412.285592382  -412.211241709
   289.500  -412.454980084  -412.353079459  -412.294879343  -412.294879343  -412.211534709
   290.000  -412.461753810  -412.354976559  -412.296216689  -412.296216689  -412.211353591
   290.500  -412.461455210  -412.350451540  -412.291163321  -412.291163321  -412.211056478
   291.000  -412.457839302  -412.343427371  -412.283636912  -412.283636912  -412.210836916
   291.500  -412.453953262  -412.337082685  -412.276826198  -412.276826198  -412.210718626
   292.000  -412.451512581  -412.333231198  -412.272557624  -412.272557624  -412.210668371
   292.500  -412.451265677  -412.332685496  -412.271653532  -412.271653532  -412.210654818
   293.000  -412.453423431  -412.335684074  -412.274355698  -412.274355698  -412.210664405
   293.500  -412.457860019  -412.342085994  -412.280518408  -412.280518408  -412.210700796
   294.000  -412.464077545  -412.351331253  -412.289562753  -412.289562753  -412.210778936
   294.500  -412.470998572  -412.362228078  -412.300265981  -412.300265981  -412.210922745
   295.000  -412.476653709  -412.372635375  -412.310453027  -412.310453027  -412.211155337
   295.500  -412.477960773  -412.379238795  -412.316792662  -412.316792662  -412.211452350
   296.000  -412.471368010  -412.378193636  -412.315473467  -412.315473467  -412.211621431
   296.500  -412.455979995  -412.368262078  -412.305374791  -412.305374791  -412.211264427
   297.000  -412.438696801  -412.355989177  -412.293248180  -412.293248180  -412.210426606
   297.500  -412.431873418  -412.353436840  -412.291373675  -412.291373675  -412.210258328
   298.000  -412.437872831  -412.362811477  -412.302047077  -412.302047077  -412.211061207
   298.500  -412.445423535  -412.372821902  -412.313890730  -412.313890730  -412.211624803
   299.000  -412.445222433  -412.374211711  -412.317484471  -412.317484471  -412.211560843
   299.500  -412.436778741  -412.366542122  -412.312250113  -412.312250113  -412.211255962
   300.000  -412.423902804  -412.353668666  -412.301946996  -412.301946996  -412.210982984
   300.500  -412.410500907  -412.339544584  -412.290458311  -412.290458311  -412.210805880
   301.000  -412.399262228  -412.326918758  -412.280469246  -412.280469246  -412.210711971
   301.500  -412.391666253  -412.317346303  -412.273470180  -412.273470180  -412.210674393
   302.000  -412.388311933  -412.311515361  -412.270085188  -412.270085188  -412.210668796
   302.500  -412.389251010  -412.309576121  -412.270404698  -412.270404698  -412.210683883
   303.000  -412.394153280  -412.311304606  -412.274149796  -412.274149796  -412.210729222
   303.500  -412.402185037  -412.315980319  -412.280549345  -412.280549345  -412.210834829
   304.000  -412.411602084  -412.321978162  -412.287935909  -412.287935909  -412.211040260
   304.500  -412.419275036  -412.326290913  -412.293278488  -412.293278488  -412.211350847
   305.000  -412.420920876  -412.324749131  -412.292419995  -412.292419995  -412.211612227
   305.500  -412.413842003  -412.314738542  -412.282816861  -412.282816861  -412.211391406
   306.000  -412.402934567  -412.301194572  -412.269544640  -412.269544640  -412.210501865
   306.500  -412.401426504  -412.297366852  -412.266010867  -412.266010867  -412.210069484
   307.000  -412.415069761  -412.309082233  -412.278102977  -412.278102977  -412.210859335
   307.500  -412.432727125  -412.325358094  -412.294761121  -412.294761121  -412.211606956
   308.000  -412.442302353  -412.334275227  -412.303936505  -412.303936505  -412.211638843
   308.500  -412.441437541  -412.333594437  -412.303307086  -412.303307086  -412.211342369
   309.000  -412.433476431  -412.326701768  -412.296228529  -412.296228529  -412.211050172
   309.500  -412.422488052  -412.317645210  -412.286746774  -412.286746774  -412.210841019
   310.000  -412.411649511  -412.309545449  -412.277985194  -412.277985194  -412.210703657
   310.500  -412.403159829  -412.304528272  -412.272069627  -412.272069627  -412.210625180
   311.000  -412.398332648  -412.303826016  -412.270232956  -412.270232956  -412.210602032
   311.500  -412.397619206  -412.307803603  -412.272843509  -412.272843509  -412.210629753
   312.000  -412.400670059  -412.316017442  -412.279462167  -412.279462167  -412.210702337
   312.500  -412.406432477  -412.327307542  -412.288928891  -412.288928891  -412.210823985
   313.000  -412.413124946  -412.339765726  -412.299324699  -412.299324699  -412.211016872
   313.500  -412.417992624  -412.350485293  -412.307724741  -412.307724741  -412.211304527
   314.000  -412.417165835  -412.355413586  -412.310070626  -412.310070626  -412.211630948
   314.500  -412.406886644  -412.350576926  -412.302433238  -412.302433238  -412.211698615
   315.000  -412.388085415  -412.336667530  -412.285645277  -412.285645277  -412.211053498
   315.500  -412.371683861  -412.324382289  -412.270646606  -412.270646606  -412.210109944
   316.000  -412.371040621  -412.326934646  -412.270897038  -412.270897038  -412.210278721
   316.500  -412.383773950  -412.341914584  -412.284117220  -412.284117220  -412.211219787
   317.000  -412.395935096  -412.355432752  -412.296416548  -412.296416548  -412.211626177
   317.500  -412.399692840  -412.359740053  -412.299994984  -412.299994984  -412.211473796
   318.000  -412.395699945  -412.355555215  -412.295526210  -412.295526210  -412.211195554
   318.500  -412.387435324  -412.346405123  -412.286494636  -412.286494636  -412.210975648
   319.000  -412.378084501  -412.335517091  -412.276068845  -412.276068845  -412.210822617
   319.500  -412.370036212  -412.325325581  -412.266604891  -412.266604891  -412.210712263
   320.000  -412.365065001  -412.317662782  -412.259843189  -412.259843189  -412.210637039
   320.500  -412.364382282  -412.313816770  -412.256974408  -412.256974408  -412.210604193
   321.000  -412.368495498  -412.314392714  -412.258514013  -412.258514013  -412.210622695
   321.500  -412.377053583  -412.319158549  -412.264158052  -412.264158052  -412.210697719
   322.000  -412.388776538  -412.326970334  -412.272711572  -412.272711572  -412.210838239
   322.500  -412.401364719  -412.335674843  -412.281991382  -412.281991382  -412.211065516
   323.000  -412.411311152  -412.341908312  -412.288630013  -412.288630013  -412.211386116
   323.500  -412.414128155  -412.341303677  -412.288292847  -412.288292847  -412.211673362
   324.000  -412.406716104  -412.330834638  -412.278040119  -412.278040119  -412.211518142
   324.500  -412.393220685  -412.314655829  -412.262177461  -412.262177461  -412.210636201
   325.000  -412.387232635  -412.306321211  -412.254435902  -412.254435902  -412.210023216
   325.500  -412.397291804  -412.314351733  -412.263428095  -412.263428095  -412.210666975
   326.000  -412.414621877  -412.330011913  -412.280346495  -412.280346495  -412.211422279
   326.500  -412.427354984  -412.341496813  -412.293216469  -412.293216469  -412.211487812
   327.000  -412.432695747  -412.346044624  -412.299111034  -412.299111034  -412.211246818
   327.500  -412.433158394  -412.346165227  -412.300417702  -412.300417702  -412.211055033
   328.000  -412.431332601  -412.344420883  -412.299617534  -412.299617534  -412.210958178
   328.500  -412.428718880  -412.342275590  -412.298119134  -412.298119134  -412.210899620
   329.000  -412.426315947  -412.340686134  -412.296840593  -412.296840593  -412.210843767
   329.500  -412.425075655  -412.340557888  -412.296662091  -412.296662091  -412.210790665
   330.000  -412.425884956  -412.342724446  -412.298404057  -412.298404057  -412.210760730
   330.500  -412.429247149  -412.347631557  -412.302508472  -412.302508472  -412.210781873
   331.000  -412.434860911  -412.354918172  -412.308619045  -412.308619045  -412.210879584
   331.500  -412.441259015  -412.363056487  -412.315221424  -412.315221424  -412.211070800
   332.000  -412.445618508  -412.369161560  -412.319458906  -412.319458906  -412.211354228
   332.500  -412.443974945  -412.369196494  -412.317355948  -412.317355948  -412.211649322
   333.000  -412.432815685  -412.359552795  -412.305423941  -412.305423941  -412.211658753
   333.500  -412.413611179  -412.341566239  -412.285209855  -412.285209855  -412.210997402
   334.000  -412.397173946  -412.325888046  -412.267643694  -412.267643694  -412.210154217
   334.500  -412.395394849  -412.324278083  -412.264715711  -412.264715711  -412.210399493
   335.000  -412.404991967  -412.333414668  -412.273150808  -412.273150808  -412.211289623
   335.500  -412.412961533  -412.340334230  -412.279866288  -412.279866288  -412.211634639
   336.000  -412.412815463  -412.338606128  -412.278273743  -412.278273743  -412.211429499
   336.500  -412.406471132  -412.330176713  -412.270204267  -412.270204267  -412.211063384
   337.000  -412.399048894  -412.320165318  -412.260710229  -412.260710229  -412.210737167
   337.500  -412.395424408  -412.313449851  -412.254623557  -412.254623557  -412.210552198
   338.000  -412.398374041  -412.312854909  -412.254725543  -412.254725543  -412.210561925
   338.500  -412.407726525  -412.318332652  -412.260917893  -412.260917893  -412.210704831
   339.000  -412.421224678  -412.327816479  -412.271080301  -412.271080301  -412.210849161
   339.500  -412.436417669  -412.339077210  -412.282929598  -412.282929598  -412.210926477
   340.000  -412.451740080  -412.350760763  -412.295058971  -412.295058971  -412.210970260
   340.500  -412.466149213  -412.361995321  -412.306547670  -412.306547670  -412.211056625
   341.000  -412.478101288  -412.371353077  -412.315928245  -412.315928245  -412.211241948
   341.500  -412.484837871  -412.376131096  -412.320479227  -412.320479227  -412.211505976
   342.000  -412.482951915  -412.372913016  -412.316804534  -412.316804534  -412.211643348
   342.500  -412.471654712  -412.360836746  -412.304122645  -412.304122645  -412.211254777
   343.000  -412.457899864  -412.346744332  -412.289406837  -412.289406837  -412.210413390
   343.500  -412.453794419  -412.342649568  -412.284797543  -412.284797543  -412.210243927
   344.000  -412.461676459  -412.350872631  -412.292660195  -412.292660195  -412.210977361
   344.500  -412.471248257  -412.361173032  -412.302707375  -412.302707375  -412.211469227
   345.000  -412.474239461  -412.365359672  -412.306670498  -412.306670498  -412.211405649
   345.500  -412.470168395  -412.363004159  -412.304061254  -412.304061254  -412.211171584
   346.000  -412.461800028  -412.356881052  -412.297619168  -412.297619168  -412.211018176
   346.500  -412.451320248  -412.349143283  -412.289478390  -412.289478390  -412.210974740
   347.000  -412.439642287  -412.340633167  -412.280465755  -412.280465755  -412.210961869
   347.500  -412.427450216  -412.331929342  -412.271144669  -412.271144669  -412.210869630
   348.000  -412.416675825  -412.324835188  -412.263300989  -412.263300989  -412.210659372
   348.500  -412.410820997  -412.322724230  -412.260286226  -412.260286226  -412.210471459
   349.000  -412.412790919  -412.328399164  -412.264879400  -412.264879400  -412.210518180
   349.500  -412.421937474  -412.341148813  -412.276349577  -412.276349577  -412.210802428
   350.000  -412.434001359  -412.356677504  -412.290393071  -412.290393071  -412.211146811
   350.500  -412.443626726  -412.369590747  -412.301630599  -412.301630599  -412.211451262
   351.000  -412.446150310  -412.375161833  -412.305387015  -412.305387015  -412.211674881
   351.500  -412.438731513  -412.370454466  -412.298830096  -412.298830096  -412.211606388
   352.000  -412.423520631  -412.357497121  -412.284149580  -412.284149580  -412.210970271
   352.500  -412.410420420  -412.346065421  -412.271315677  -412.271315677  -412.210266251
   353.000  -412.409150788  -412.345789505  -412.270107369  -412.270107369  -412.210506573
   353.500  -412.416533087  -412.353471630  -412.277353311  -412.277353311  -412.211216661
   354.000  -412.422313264  -412.358897924  -412.282756717  -412.282756717  -412.211436228
   354.500  -412.422128480  -412.357768526  -412.281902370  -412.281902370  -412.211223327
   355.000  -412.418072258  -412.352240562  -412.276850981  -412.276850981  -412.210951005
   355.500  -412.413714503  -412.345947760  -412.271168705  -412.271168705  -412.210786630
   356.000  -412.411347048  -412.341248343  -412.267173539  -412.267173539  -412.210746858
   356.500  -412.411515192  -412.338764843  -412.265459191  -412.265459191  -412.210800382
   357.000  -412.413429235  -412.337793271  -412.265294397  -412.265294397  -412.210898110
   357.500  -412.415723635  -412.337053488  -412.265370202  -412.265370202  -412.210969105
   358.000  -412.417574979  -412.335798675  -412.264897857  -412.264897857  -412.210926615
   358.500  -412.419926232  -412.335037873  -412.264826810  -412.264826810  -412.210748478
   359.000  -412.425597115  -412.337654273  -412.267970627  -412.267970627  -412.210591775
   359.500  -412.436853144  -412.345994670  -412.276622552  -412.276622552  -412.210715276
   360.000  -412.451802899  -412.358281273  -412.289001573  -412.289001573  -412.211171815
   360.500  -412.463820608  -412.368010699  -412.298692019  -412.298692019  -412.211692477
   361.000  -412.465814156  -412.368169349  -412.298872033  -412.298872033  -412.211785815
   361.500  -412.457696410  -412.358663366  -412.289728029  -412.289728029  -412.211041857
   362.000  -412.450972902  -412.350926398  -412.282992808  -412.282992808  -412.210195301
   362.500  -412.457164916  -412.356429324  -412.290317542  -412.290317542  -412.210604908
   363.000  -412.470680655  -412.369626896  -412.306100953  -412.306100953  -412.211497650
   363.500  -412.478253874  -412.377364128  -412.316946871  -412.316946871  -412.211701270
   364.000  -412.475250348  -412.375089064  -412.318029289  -412.318029289  -412.211414084
   364.500  -412.464777100  -412.365915172  -412.312245192  -412.312245192  -412.211087142
   365.000  -412.451400132  -412.354356257  -412.303957481  -412.303957481  -412.210878661
   365.500  -412.438333670  -412.343548518  -412.296196772  -412.296196772  -412.210782987
   366.000  -412.427207656  -412.335042565  -412.290432555  -412.290432555  -412.210761687
   366.500  -412.418537502  -412.329281982  -412.287038101  -412.287038101  -412.210783494
   367.000  -412.412191737  -412.326068598  -412.285746249  -412.285746249  -412.210824475
   367.500  -412.407760431  -412.324921148  -412.286012434  -412.286012434  -412.210865054
   368.000  -412.404881143  -412.325389049  -412.287331269  -412.287331269  -412.210888062
   368.500  -412.403483405  -412.327288249  -412.289483664  -412.289483664  -412.210901396
   369.000  -412.403623986  -412.330539547  -412.292383238  -412.292383238  -412.210981007
   369.500  -412.404380816  -412.334077637  -412.294993030  -412.294993030  -412.211253426
   370.000  -412.402329638  -412.334347939  -412.293838003  -412.293838003  -412.211660882
   370.500  -412.393129493  -412.326892572  -412.284619080  -412.284619080  -412.211617301
   371.000  -412.379939152  -412.314748441  -412.270631232  -412.270631232  -412.210593592
   371.500  -412.378171499  -412.313206855  -412.267463399  -412.267463399  -412.209992080
   372.000  -412.395595648  -412.329982331  -412.282979809  -412.282979809  -412.211032858
   372.500  -412.417710068  -412.350620456  -412.302628241  -412.302628241  -412.211912761
   373.000  -412.430009041  -412.360704785  -412.311790001  -412.311790001  -412.211811214
   373.500  -412.431442642  -412.359253621  -412.309341808  -412.309341808  -412.211366047
   374.000  -412.427285826  -412.351592998  -412.300551686  -412.300551686  -412.211009999
   374.500  -412.422411553  -412.342656905  -412.290351065  -412.290351065  -412.210810405
   375.000  -412.419671967  -412.335398261  -412.281708600  -412.281708600  -412.210717228
   375.500  -412.420351015  -412.331250100  -412.276080007  -412.276080007  -412.210678949
   376.000  -412.424846623  -412.330801011  -412.274082549  -412.274082549  -412.210668255
   376.500  -412.433080091  -412.334195796  -412.275887628  -412.275887628  -412.210680602
   377.000  -412.444581016  -412.341196547  -412.281281267  -412.281281267  -412.210729722
   377.500  -412.458323456  -412.351002085  -412.289473592  -412.289473592  -412.210836848
   378.000  -412.472472057  -412.361975092  -412.298820085  -412.298820085  -412.211022676
   378.500  -412.484153391  -412.371397339  -412.306581773  -412.306581773  -412.211305816
   379.000  -412.489338800  -412.375335888  -412.308818301  -412.308818301  -412.211667822
   379.500  -412.483558766  -412.369335409  -412.301130482  -412.301130482  -412.211873428
   380.000  -412.466021937  -412.352523716  -412.282820497  -412.282820497  -412.211292254
   380.500  -412.447849691  -412.335869280  -412.265149879  -412.265149879  -412.209963313
   381.000  -412.448149340  -412.338342921  -412.267359560  -412.267359560  -412.209958719
   381.500  -412.466840487  -412.359843593  -412.289375894  -412.289375894  -412.211379708
   382.000  -412.483610423  -412.380133523  -412.310739600  -412.310739600  -412.212030317
   382.500  -412.486391498  -412.387186048  -412.319162469  -412.319162469  -412.211764340
   383.000  -412.476798833  -412.382545556  -412.316014518  -412.316014518  -412.211319592
   383.500  -412.460634493  -412.371848369  -412.306830520  -412.306830520  -412.211004813
   384.000  -412.442628193  -412.359611158  -412.296057388  -412.296057388  -412.210828541
   384.500  -412.425726733  -412.348559494  -412.286358208  -412.286358208  -412.210734136
   385.000  -412.411688845  -412.340244025  -412.279225897  -412.279225897  -412.210680196
   385.500  -412.401607217  -412.335574076  -412.275522588  -412.275522588  -412.210652546
   386.000  -412.396084924  -412.334998880  -412.275667795  -412.275667795  -412.210656934
   386.500  -412.395152473  -412.338427982  -412.279559594  -412.279559594  -412.210706248
   387.000  -412.398093494  -412.345057087  -412.286398493  -412.286398493  -412.210814995
   387.500  -412.403249092  -412.353169326  -412.294490078  -412.294490078  -412.211007481
   388.000  -412.407737689  -412.359849723  -412.300960416  -412.300960416  -412.211315809
   388.500  -412.407211632  -412.360732927  -412.301512452  -412.301512452  -412.211709812
   389.000  -412.396850557  -412.350980048  -412.291424129  -412.291424129  -412.211877769
   389.500  -412.376551751  -412.330445303  -412.270740308  -412.270740308  -412.211148503
   390.000  -412.359339450  -412.312069419  -412.252652471  -412.252652471  -412.209815960
   390.500  -412.364126939  -412.314674654  -412.256159477  -412.256159477  -412.210012372
   391.000  -412.388322498  -412.335649711  -412.278570082  -412.278570082  -412.211408235
   391.500  -412.411758245  -412.354902783  -412.299494202  -412.299494202  -412.211962063
   392.000  -412.423689580  -412.361814122  -412.308015988  -412.308015988  -412.211700593
   392.500  -412.425689611  -412.358094740  -412.305667548  -412.305667548  -412.211290372
   393.000  -412.422824966  -412.348953734  -412.297594600  -412.297594600  -412.210986596
   393.500  -412.419244183  -412.338689710  -412.288110710  -412.288110710  -412.210796550
   394.000  -412.417593395  -412.330108876  -412.280083150  -412.280083150  -412.210681376
   394.500  -412.419402688  -412.324907620  -412.275299700  -412.275299700  -412.210618058
   395.000  -412.425375555  -412.323950905  -412.274741875  -412.274741875  -412.210599123
   395.500  -412.435491287  -412.327352870  -412.278675099  -412.278675099  -412.210619609
   396.000  -412.449069977  -412.334501566  -412.286709213  -412.286709213  -412.210673913
   396.500  -412.464832099  -412.344060103  -412.297869737  -412.297869737  -412.210768307
   397.000  -412.480784779  -412.353860459  -412.310493333  -412.310493333  -412.210960146
   397.500  -412.493765193  -412.360828772  -412.321559993  -412.321559993  -412.211335693
   398.000  -412.499048699  -412.360762230  -412.325998764  -412.325998764  -412.211802314
   398.500  -412.491362057  -412.348550745  -412.318115773  -412.318115773  -412.212022341
   399.000  -412.470285731  -412.323516656  -412.297276461  -412.297276461  -412.211282992
   399.500  -412.449366544  -412.298879970  -412.276903867  -412.276903867  -412.209882480
   400.000  -412.448563242  -412.294389424  -412.276856780  -412.276856780  -412.210090752
   400.500  -412.465213103  -412.307411089  -412.294381687  -412.294381687  -412.211500203
   401.000  -412.478863763  -412.317742748  -412.308949440  -412.308949440  -412.212009968
   401.500  -412.479307900  -412.315608317  -412.310224610  -412.310224610  -412.211738703
   402.000  -412.468796078  -412.304031868  -412.300092246  -412.304031868  -412.211299678
   402.500  -412.452418249  -412.288245978  -412.282587595  -412.288245978  -412.211230422
   403.000  -412.435341936  -412.272965827  -412.264379754  -412.272965827  -412.211060587
   403.500  -412.420671078  -412.260599884  -412.249237575  -412.260599884  -412.210938915
   404.000  -412.410388802  -412.253016657  -412.239247247  -412.253016657  -412.210877791
   404.500  -412.405518344  -412.251182290  -412.235445605  -412.251182290  -412.210872238
   405.000  -412.406227070  -412.255203765  -412.237986664  -412.255203765  -412.210912962
   405.500  -412.411953201  -412.264454149  -412.246279292  -412.264454149  -412.210992633
   406.000  -412.421503919  -412.277676521  -412.259087173  -412.277676521  -412.211118399
   406.500  -412.432967464  -412.292897411  -412.274437267  -412.292897411  -412.211320705
   407.000  -412.443332758  -412.307045261  -412.289231714  -412.307045261  -412.211644571
   407.500  -412.448041839  -412.315501319  -412.298787982  -412.315501319  -412.212075687
   408.000  -412.441739567  -412.312852807  -412.297573777  -412.312852807  -412.212320608
   408.500  -412.423218908  -412.297853100  -412.284141187  -412.297853100  -412.211697424
   409.000  -412.404113609  -412.282139128  -412.269830390  -412.282139128  -412.210370794
   409.500  -412.403357415  -412.284709577  -412.273276541  -412.284709577  -412.210404925
   410.000  -412.420353973  -412.305092693  -412.293643945  -412.305092693  -412.211690151
   410.500  -412.436309961  -412.324670764  -412.312001300  -412.324670764  -412.212234581
   411.000  -412.440515079  -412.332915630  -412.317618950  -412.332915630  -412.211997931
   411.500  -412.434178291  -412.331151232  -412.311798816  -412.331151232  -412.211621859
   412.000  -412.422027028  -412.324132437  -412.299427605  -412.324132437  -412.211343128
   412.500  -412.408050757  -412.315852793  -412.284626687  -412.315852793  -412.211154668
   413.000  -412.397782717  -412.321091859  -412.261994716  -412.321091859  -412.223050705
   413.500  -412.387212466  -412.317082058  -412.258255451  -412.317082058  -412.223014340
   414.000  -412.379530665  -412.315957995  -412.257353592  -412.315957995  -412.223018096
   414.500  -412.374850239  -412.317658754  -412.259039343  -412.317658754  -412.223037554
   415.000  -412.373001640  -412.321852292  -412.262859645  -412.321852292  -412.223067933
   415.500  -412.373584707  -412.328009677  -412.268215280  -412.328009677  -412.223129232
   416.000  -412.375679044  -412.335125640  -412.274068132  -412.335125640  -412.223266875
   416.500  -412.377225053  -412.341100999  -412.278320418  -412.341100999  -412.223538231
   417.000  -412.374366280  -412.342077931  -412.277152773  -412.342077931  -412.223943184
   417.500  -412.361952107  -412.332928141  -412.265521162  -412.332928141  -412.224216579
   418.000  -412.338080995  -412.311778355  -412.241694225  -412.311778355  -412.223695674
   418.500  -412.312760452  -412.288661726  -412.215901207  -412.288661726  -412.222422987
   419.000  -412.304280066  -412.281902208  -412.206662207  -412.281902208  -412.222333165
   419.500  -412.313869916  -412.292789211  -412.215386309  -412.292789211  -412.223540929
   420.000  -412.323594649  -412.303289202  -412.228239585  -412.303289202  -412.223143194
   420.500  -412.324489230  -412.304999866  -412.229137722  -412.304999866  -412.222891081
   421.000  -412.317300159  -412.298455619  -412.221874943  -412.298455619  -412.222491840
   421.500  -412.306979689  -412.288633530  -412.211358726  -412.288633530  -412.222224061
   422.000  -412.297274265  -412.279282423  -412.201292487  -412.279282423  -412.222094776
   422.500  -412.290118989  -412.272327039  -412.193574767  -412.272327039  -412.222045922
   423.000  -412.286309007  -412.268544820  -412.188977179  -412.268544820  -412.222026064
   423.500  -412.286200981  -412.268271044  -412.187846011  -412.268271044  -412.222009405
   424.000  -412.290084804  -412.271772213  -412.190474925  -412.271772213  -412.221995095
   424.500  -412.298193659  -412.279257539  -412.197112179  -412.279257539  -412.222000235
   425.000  -412.310445789  -412.290621840  -412.207700666  -412.290621840  -412.222054894
   425.500  -412.325997000  -412.304998735  -412.221427569  -412.304998735  -412.222203069
   426.000  -412.342630463  -412.320149383  -412.236111974  -412.320149383  -412.222495898
   426.500  -412.356182674  -412.331883563  -412.247626987  -412.331883563  -412.222929269
   427.000  -412.361101016  -412.334606298  -412.250452377  -412.334606298  -412.223243639
   427.500  -412.354908491  -412.325768295  -412.242126795  -412.325768295  -412.222790744
   428.000  -412.346698257  -412.314358211  -412.231714485  -412.314358211  -412.221596905
   428.500  -412.353746181  -412.317546460  -412.236370945  -412.317546460  -412.221545434
   429.000  -412.376786102  -412.336035981  -412.256580662  -412.336035981  -412.222731134
   429.500  -412.398611510  -412.352797689  -412.274917379  -412.352797689  -412.223466959
   430.000  -412.409117492  -412.357283008  -412.281551337  -412.357283008  -412.223176779
   430.500  -412.410209566  -412.351773473  -412.277921545  -412.351773473  -412.222768699
   431.000  -412.406843014  -412.341439151  -412.269362870  -412.341439151  -412.222586927
   431.500  -412.402064362  -412.329279128  -412.259893990  -412.329279128  -412.222174042
   432.000  -412.397569111  -412.317380120  -412.250567144  -412.317380120  -412.222250399
   432.500  -412.392604460  -412.302201871  -412.249088287  -412.302201871  -412.219287618
   433.000  -412.389575661  -412.294484879  -412.245570859  -412.294484879  -412.219649746
   433.500  -412.389091230  -412.291732256  -412.242623114  -412.291732256  -412.219595483
   434.000  -412.392763350  -412.298738003  -412.235707268  -412.298738003  -412.215456472
   434.500  -412.397165176  -412.310834290  -412.242227148  -412.310834290  -412.201530670
   435.000  -412.402646087  -412.322613286  -412.253976246  -412.322613286  -412.201604305
   435.500  -412.407481103  -412.333854090  -412.265574292  -412.333854090  -412.201843475
   436.000  -412.408289794  -412.341048822  -412.273000755  -412.341048822  -412.202216029
   436.500  -412.400186681  -412.339143368  -412.271051045  -412.339143368  -412.202589466
   437.000  -412.379335888  -412.324146083  -412.255697800  -412.324146083  -412.202465116
   437.500  -412.350241043  -412.300423676  -412.231356067  -412.300423676  -412.201391586
   438.000  -412.329746654  -412.284716346  -412.214869384  -412.284716346  -412.200583698
   438.500  -412.329050874  -412.288178056  -412.217480908  -412.288178056  -412.201402286
   439.000  -412.336983117  -412.299662052  -412.228060501  -412.299662052  -412.202314519
   439.500  -412.338911406  -412.304592560  -412.232003779  -412.304592560  -412.202311772
   440.000  -412.332347151  -412.300531866  -412.226858270  -412.300531866  -412.201917616
   440.500  -412.321664442  -412.291891125  -412.217056643  -412.291891125  -412.201589620
   441.000  -412.311244004  -412.283082880  -412.207059077  -412.283082880  -412.201420191
   441.500  -412.303508179  -412.276562404  -412.199377096  -412.276562404  -412.201360385
   442.000  -412.299345590  -412.273253808  -412.194986004  -412.273253808  -412.201349368
   442.500  -412.298921191  -412.273356753  -412.194126052  -412.273356753  -412.201350385
   443.000  -412.302198621  -412.276867776  -412.196819719  -412.276867776  -412.201353429
   443.500  -412.309093590  -412.283731678  -412.203026152  -412.283731678  -412.201365731
   444.000  -412.319357814  -412.293728317  -412.212526370  -412.293728317  -412.201407150
   444.500  -412.332285756  -412.306180233  -412.224636128  -412.306180233  -412.201507935
   445.000  -412.346276270  -412.319517270  -412.237771417  -412.319517270  -412.201708106
   445.500  -412.358324941  -412.330768879  -412.248947173  -412.330768879  -412.202029348
   446.000  -412.363955974  -412.335492799  -412.253712748  -412.335492799  -412.202368047
   446.500  -412.359207932  -412.329750960  -412.248140383  -412.329750960  -412.202327702
   447.000  -412.346425783  -412.315887741  -412.234613434  -412.315887741  -412.201519414
   447.500  -412.338116906  -412.306383255  -412.225671349  -412.306383255  -412.200782873
   448.000  -412.344365044  -412.311296409  -412.231397230  -412.311296409  -412.201326472
   448.500  -412.357819957  -412.323290096  -412.244381487  -412.323290096  -412.202162587
   449.000  -412.365706729  -412.329633523  -412.251754866  -412.329633523  -412.202273892
   449.500  -412.364505252  -412.326851137  -412.249903048  -412.326851137  -412.201944435
   450.000  -412.357819349  -412.318569906  -412.242354113  -412.318569906  -412.201595940
   450.500  -412.350379043  -412.309518140  -412.233787213  -412.309518140  -412.201377520
   451.000  -412.345383268  -412.302875069  -412.227376150  -412.302875069  -412.201294419
   451.500  -412.344148285  -412.299928011  -412.224432529  -412.299928011  -412.201303168
   452.000  -412.346645103  -412.300615862  -412.224933223  -412.300615862  -412.201348777
   452.500  -412.352267378  -412.304300700  -412.228276992  -412.304300700  -412.201393407
   453.000  -412.360380046  -412.310318935  -412.233825858  -412.310318935  -412.201430966
   453.500  -412.370418795  -412.318084637  -412.241003168  -412.318084637  -412.201482192
   454.000  -412.381598279  -412.326802725  -412.249006491  -412.326802725  -412.201581413
   454.500  -412.392429875  -412.334992361  -412.256334400  -412.334992361  -412.201759580
   455.000  -412.400350069  -412.340117525  -412.260427996  -412.340117525  -412.202001945
   455.500  -412.402131361  -412.338994202  -412.258098855  -412.338994202  -412.202160793
   456.000  -412.396229132  -412.330121708  -412.247901652  -412.330121708  -412.201942332
   456.500  -412.386636464  -412.317500818  -412.234044744  -412.317500818  -412.201360529
   457.000  -412.381194523  -412.301640190  -412.237381970  -412.301640190  -412.194195114
   457.500  -412.384275465  -412.301617647  -412.241639520  -412.301617647  -412.194902924
   458.000  -412.388788721  -412.304578982  -412.246149815  -412.304578982  -412.195394621
   458.500  -412.387497991  -412.302816472  -412.244137322  -412.302816472  -412.195408187
   459.000  -412.379280925  -412.295165828  -412.234516391  -412.295165828  -412.195161992
   459.500  -412.367012467  -412.284707650  -412.219968789  -412.284707650  -412.194823508
   460.000  -412.354569552  -412.281547201  -412.198287737  -412.281547201  -412.200592654
   460.500  -412.343615156  -412.274627587  -412.189746741  -412.274627587  -412.200050178
   461.000  -412.336796624  -412.271452635  -412.186555991  -412.271452635  -412.199988914
   461.500  -412.334779860  -412.273097196  -412.188553986  -412.273097196  -412.200014222
   462.000  -412.337269107  -412.279197444  -412.195127218  -412.279197444  -412.200085688
   462.500  -412.343337649  -412.288692182  -412.205119629  -412.288692182  -412.200169728
   463.000  -412.351854280  -412.300305534  -412.217219075  -412.300305534  -412.200256674
   463.500  -412.361609327  -412.312696392  -412.230081858  -412.312696392  -412.200370777
   464.000  -412.370994572  -412.324151814  -412.242017439  -412.324151814  -412.200549440
   464.500  -412.377577944  -412.332168412  -412.250567910  -412.332168412  -412.200775928
   465.000  -412.378590473  -412.333943006  -412.252995065  -412.333943006  -412.200864163
   465.500  -412.373765391  -412.329215186  -412.249111776  -412.329215186  -412.200497980
   466.000  -412.369136303  -412.324072299  -412.245052817  -412.324072299  -412.199864600
   466.500  -412.373359064  -412.327273594  -412.249546012  -412.327273594  -412.199901951
   467.000  -412.385765292  -412.338282724  -412.261921358  -412.338282724  -412.200594836
   467.500  -412.396653383  -412.347517042  -412.272428373  -412.347517042  -412.200981828
   468.000  -412.399598930  -412.348640958  -412.274620620  -412.348640958  -412.200878345
   468.500  -412.395049664  -412.342178833  -412.268990510  -412.342178833  -412.200621968
   469.000  -412.386191275  -412.331403472  -412.258828252  -412.331403472  -412.200421304
   469.500  -412.375780207  -412.319175510  -412.247029729  -412.319175510  -412.200307917
   470.000  -412.365453325  -412.307244270  -412.235380139  -412.307244270  -412.200245172
   470.500  -412.356169495  -412.296671348  -412.224973205  -412.296671348  -412.200188926
   471.000  -412.348822195  -412.288427446  -412.216807518  -412.288427446  -412.200117791
   471.500  -412.344525190  -412.283669470  -412.212066356  -412.283669470  -412.200049488
   472.000  -412.344330367  -412.283459361  -412.211843343  -412.283459361  -412.200030753
   472.500  -412.348534526  -412.288078592  -412.216462774  -412.288078592  -412.200105918
   473.000  -412.356036020  -412.296390404  -412.224844071  -412.296390404  -412.200300873
   473.500  -412.363994699  -412.305505907  -412.234155072  -412.305505907  -412.200627857
   474.000  -412.367899403  -412.310850159  -412.239866442  -412.310850159  -412.201008128
   474.500  -412.363277118  -412.307868040  -412.237455663  -412.307868040  -412.201056407
   475.000  -412.351510142  -412.297837857  -412.228236172  -412.297837857  -412.200263405
   475.500  -412.345168424  -412.293208230  -412.224706292  -412.293208230  -412.199443605
   476.000  -412.355243209  -412.304862884  -412.237771308  -412.304862884  -412.200111811
   476.500  -412.372858791  -412.323868865  -412.258430684  -412.323868865  -412.201121700
   477.000  -412.383026367  -412.335224747  -412.271550109  -412.335224747  -412.201237834
   477.500  -412.382001199  -412.335183358  -412.273255867  -412.335183358  -412.200865015
   478.000  -412.373886236  -412.327843767  -412.267554003  -412.327843767  -412.200504576
   478.500  -412.363518587  -412.318044140  -412.259214369  -412.318044140  -412.200286779
   479.000  -412.354014715  -412.308909401  -412.251307676  -412.308909401  -412.200185228
   479.500  -412.346865337  -412.301939215  -412.245290346  -412.301939215  -412.200153045
   480.000  -412.342547643  -412.297608905  -412.241606903  -412.297608905  -412.200152456
   480.500  -412.341082252  -412.295916055  -412.240241237  -412.295916055  -412.200154201
   481.000  -412.342464647  -412.296809524  -412.241143507  -412.296809524  -412.200142392
   481.500  -412.346896433  -412.300424017  -412.244466375  -412.300424017  -412.200123757
   482.000  -412.354655995  -412.306964655  -412.250437662  -412.306964655  -412.200140477
   482.500  -412.365475742  -412.316098075  -412.258746496  -412.316098075  -412.200264842
   483.000  -412.377525514  -412.325948977  -412.267532810  -412.325948977  -412.200572158
   483.500  -412.386515723  -412.332207554  -412.272502245  -412.332207554  -412.201054752
   484.000  -412.386401313  -412.328826876  -412.267645936  -412.328826876  -412.201381786
   484.500  -412.375037291  -412.313661667  -412.250912726  -412.313661667  -412.200747087
   485.000  -412.364514952  -412.298794726  -412.234545609  -412.298794726  -412.199324695
   485.500  -412.374820299  -412.304237152  -412.238699226  -412.304237152  -412.199546725
   486.000  -412.402766725  -412.326940452  -412.260309420  -412.326940452  -412.201052646
   486.500  -412.426433094  -412.345219564  -412.277533184  -412.345219564  -412.201522308
   487.000  -412.435728249  -412.349225868  -412.280364572  -412.349225868  -412.201122629
   487.500  -412.433945078  -412.342453250  -412.272208461  -412.342453250  -412.200641759
   488.000  -412.427139902  -412.331117057  -412.259245354  -412.331117057  -412.200335376
   488.500  -412.419532764  -412.319566276  -412.245814021  -412.319566276  -412.200184289
   489.000  -412.413258743  -412.310043339  -412.234152365  -412.310043339  -412.200127135
   489.500  -412.409097934  -412.303417940  -412.225123103  -412.303417940  -412.200118834
   490.000  -412.407109776  -412.299821448  -412.218850237  -412.299821448  -412.200130781
   490.500  -412.407063869  -412.299074826  -412.215156589  -412.299074826  -412.200145107
   491.000  -412.408706896  -412.300953283  -412.213844489  -412.300953283  -412.200156874
   491.500  -412.411862765  -412.305266512  -412.214810125  -412.305266512  -412.200178289
   492.000  -412.416299081  -412.311684149  -412.217892775  -412.311684149  -412.200244092
   492.500  -412.421235955  -412.319234520  -412.222318756  -412.319234520  -412.200414722
   493.000  -412.424418376  -412.325473745  -412.225770678  -412.325473745  -412.200757949
   493.500  -412.421288192  -412.325753832  -412.223641452  -412.325753832  -412.201227597
   494.000  -412.406477225  -412.314643677  -412.210539822  -412.314643677  -412.201343054
   494.500  -412.381402607  -412.293451636  -412.187847822  -412.293451636  -412.200313045
   495.000  -412.363164729  -412.279141806  -412.172610224  -412.279141806  -412.199068499
   495.500  -412.368843579  -412.288698542  -412.181866851  -412.288698542  -412.199857892
   496.000  -412.387991270  -412.311567967  -412.205158914  -412.311567967  -412.201203225
   496.500  -412.400960816  -412.326649094  -412.222793224  -412.326649094  -412.200991792
   497.000  -412.400980158  -412.330297221  -412.228490320  -412.330297221  -412.200993435
   497.500  -412.392929333  -412.326144709  -412.226396236  -412.326144709  -412.200600879
   498.000  -412.382223559  -412.319279961  -412.221712702  -412.319279961  -412.200365503
   498.500  -412.372332251  -412.313085720  -412.217738241  -412.313085720  -412.200254811
   499.000  -412.364979289  -412.309225702  -412.216040012  -412.309225702  -412.200220529
   499.500  -412.360741282  -412.308237217  -412.217061547  -412.308237217  -412.200228440
   500.000  -412.359533373  -412.310012876  -412.220614960  -412.310012876  -412.200254315
