     0.000  -412.510018510  -412.304307729  -412.275062568  -412.275062568  -412.248315864
     0.500  -412.504835225  -412.298474944  -412.271827171  -412.271827171  -412.248077754
     1.000  -412.511179780  -412.305375185  -412.280576514  -412.280576514  -412.248440162
     1.500  -412.523831326  -412.319828045  -412.296033158  -412.296033158  -412.248977402
     2.000  -412.534516963  -412.333582956  -412.309879156  -412.309879156  -412.249232927
     2.500  -412.538581717  -412.341973043  -412.317431793  -412.317431793  -412.249202811
     3.000  -412.535688636  -412.344595685  -412.318341259  -412.318341259  -412.249067284
     3.500  -412.527463843  -412.342962757  -412.314231773  -412.314231773  -412.248931952
     4.000  -412.515851978  -412.338886590  -412.307060352  -412.307060352  -412.248803830
     4.500  -412.502839612  -412.334254169  -412.298846120  -412.298846120  -412.248658898
     5.000  -412.490648326  -412.331236134  -412.291872666  -412.291872666  -412.248511075
     5.500  -412.481380499  -412.331742531  -412.288373085  -412.288373085  -412.248427215
     6.000  -412.475985281  -412.336075714  -412.289462895  -412.289462895  -412.248491217
     6.500  -412.473541357  -412.342736227  -412.294119289  -412.294119289  -412.248664388
     7.000  -412.471895771  -412.349551218  -412.299822067  -412.299822067  -412.248821322
     7.500  -412.469065533  -412.354652770  -412.304243606  -412.304243606  -412.248906215
     8.000  -412.464048835  -412.357057730  -412.306142329  -412.306142329  -412.248930173
     8.500  -412.456784160  -412.356666188  -412.305298406  -412.305298406  -412.248937831
     9.000  -412.447574599  -412.353734374  -412.301912604  -412.301912604  -412.248957045
     9.500  -412.436782747  -412.348588035  -412.296282623  -412.296282623  -412.248905361
    10.000  -412.426031747  -412.342830967  -412.289972169  -412.289972169  -412.248644503
    10.500  -412.419665504  -412.340787863  -412.287267996  -412.287267996  -412.248345756
    11.000  -412.421931457  -412.346690787  -412.292383246  -412.292383246  -412.248437124
    11.500  -412.431337610  -412.359052115  -412.303845322  -412.303845322  -412.248866899
    12.000  -412.441378642  -412.371390285  -412.315227078  -412.315227078  -412.249171717
    12.500  -412.446874348  -412.378550982  -412.321455909  -412.321455909  -412.249173154
    13.000  -412.446991126  -412.379716740  -412.321801518  -412.321801518  -412.248992986
    13.500  -412.443857267  -412.377025540  -412.318477261  -412.318477261  -412.248782025
    14.000  -412.440331628  -412.373352270  -412.314402314  -412.314402314  -412.248637501
    14.500  -412.438447486  -412.370763476  -412.311646048  -412.311646048  -412.248602477
    15.000  -412.438704658  -412.369814801  -412.310728298  -412.310728298  -412.248655442
    15.500  -412.440312488  -412.369791762  -412.310879710  -412.310879710  -412.248734203
    16.000  -412.442068048  -412.369583135  -412.310932359  -412.310932359  -412.248781676
    16.500  -412.443210262  -412.368526633  -412.310182831  -412.310182831  -412.248768124
    17.000  -412.443881631  -412.366861863  -412.308855055  -412.308855055  -412.248696703
    17.500  -412.445065371  -412.365663674  -412.308030431  -412.308030431  -412.248618100
    18.000  -412.447812164  -412.366070110  -412.308864000  -412.308864000  -412.248621068
    18.500  -412.451978538  -412.368025844  -412.311311237  -412.311311237  -412.248758297
    19.000  -412.455545178  -412.369600422  -412.313431834  -412.313431834  -412.248975587
    19.500  -412.455487307  -412.367851087  -412.312248651  -412.312248651  -412.249123454
    20.000  -412.450058256  -412.361089229  -412.306015949  -412.306015949  -412.249023569
    20.500  -412.441302716  -412.351384050  -412.296726022  -412.296726022  -412.248643149
    21.000  -412.435085335  -412.344594741  -412.290159246  -412.290159246  -412.248316273
    21.500  -412.436184180  -412.345487072  -412.291021332  -412.291021332  -412.248420688
    22.000  -412.443232824  -412.352693833  -412.297938864  -412.297938864  -412.248771483
    22.500  -412.451064932  -412.361054038  -412.305798152  -412.305798152  -412.248963694
    23.000  -412.456280489  -412.367160831  -412.311263385  -412.311263385  -412.248945556
    23.500  -412.458466903  -412.370568702  -412.313955785  -412.313955785  -412.248874743
    24.000  -412.458271588  -412.371867486  -412.314510444  -412.314510444  -412.248838990
    24.500  -412.456099447  -412.371385249  -412.313279686  -412.313279686  -412.248827412
    25.000  -412.452143325  -412.369226312  -412.310382181  -412.310382181  -412.248803596
    25.500  -412.446854206  -412.365745870  -412.306190333  -412.306190333  -412.248744192
    26.000  -412.441249501  -412.361863329  -412.301651051  -412.301651051  -412.248650638
    26.500  -412.436840256  -412.358994575  -412.298218355  -412.298218355  -412.248558545
    27.000  -412.435071395  -412.358498057  -412.297292662  -412.297292662  -412.248521518
    27.500  -412.436552228  -412.360911849  -412.299444726  -412.299444726  -412.248561776
    28.000  -412.440733781  -412.365634550  -412.304089616  -412.304089616  -412.248654223
    28.500  -412.446244212  -412.371261723  -412.309825036  -412.309825036  -412.248769843
    29.000  -412.451328519  -412.376025155  -412.314876910  -412.314876910  -412.248907948
    29.500  -412.453964652  -412.377907775  -412.317219206  -412.317219206  -412.249068557
    30.000  -412.452041485  -412.374819011  -412.314748470  -412.314748470  -412.249186155
    30.500  -412.444506315  -412.365734924  -412.306418260  -412.306418260  -412.249090937
    31.000  -412.433795633  -412.353118392  -412.294654119  -412.294654119  -412.248652787
    31.500  -412.427113292  -412.344191246  -412.286633706  -412.286633706  -412.248157861
    32.000  -412.431734794  -412.346246942  -412.289629212  -412.289629212  -412.248208553
    32.500  -412.446803273  -412.358462946  -412.302847935  -412.302847935  -412.248786915
    33.000  -412.463610491  -412.372184927  -412.317704609  -412.317704609  -412.249270330
    33.500  -412.474162942  -412.379487153  -412.326325014  -412.326325014  -412.249366607
    34.000  -412.475994715  -412.377980499  -412.326314815  -412.326314815  -412.249199649
    34.500  -412.470951752  -412.369594356  -412.319541770  -412.319541770  -412.248944077
    35.000  -412.462625004  -412.358009104  -412.309589164  -412.309589164  -412.248705231
    35.500  -412.454557959  -412.346860824  -412.299987854  -412.299987854  -412.248549737
    36.000  -412.449114371  -412.338613047  -412.293101461  -412.293101461  -412.248502798
    36.500  -412.447046934  -412.334126094  -412.289706667  -412.289706667  -412.248530333
    37.000  -412.447942559  -412.333097772  -412.289444835  -412.289444835  -412.248574562
    37.500  -412.451041788  -412.334870506  -412.291640964  -412.291640964  -412.248606893
    38.000  -412.455698112  -412.338874291  -412.295754602  -412.295754602  -412.248633698
    38.500  -412.461346647  -412.344585933  -412.301337266  -412.301337266  -412.248669650
    39.000  -412.467334701  -412.351356445  -412.307846669  -412.307846669  -412.248720535
    39.500  -412.472863061  -412.358362392  -412.314568898  -412.314568898  -412.248790426
    40.000  -412.476951438  -412.364587975  -412.320562580  -412.320562580  -412.248895969
    40.500  -412.478267976  -412.368662061  -412.324468486  -412.324468486  -412.249036506
    41.000  -412.475305579  -412.369026598  -412.324673440  -412.324673440  -412.249100368
    41.500  -412.468063706  -412.365602271  -412.320991700  -412.320991700  -412.248893899
    42.000  -412.460346385  -412.362071304  -412.316993794  -412.316993794  -412.248521537
    42.500  -412.457695309  -412.363824129  -412.317999908  -412.317999908  -412.248494977
    43.000  -412.460553548  -412.371156450  -412.324310224  -412.324310224  -412.248893488
    43.500  -412.463312178  -412.378335749  -412.330260035  -412.330260035  -412.249190233
    44.000  -412.461227920  -412.380509526  -412.331093824  -412.331093824  -412.249157725
    44.500  -412.454049036  -412.377318064  -412.326541769  -412.326541769  -412.248982066
    45.000  -412.443904868  -412.370786052  -412.318693205  -412.318693205  -412.248833399
    45.500  -412.432861840  -412.362885594  -412.309557915  -412.309557915  -412.248735748
    46.000  -412.422373658  -412.354989694  -412.300527870  -412.300527870  -412.248662776
    46.500  -412.413552145  -412.348142516  -412.292659509  -412.292659509  -412.248606192
    47.000  -412.407276929  -412.343174153  -412.286791174  -412.286791174  -412.248570591
    47.500  -412.404133484  -412.340637701  -412.283484462  -412.283484462  -412.248552824
    48.000  -412.404460670  -412.340860425  -412.283072386  -412.283072386  -412.248536426
    48.500  -412.408565896  -412.344161422  -412.285875886  -412.285875886  -412.248512588
    49.000  -412.416799185  -412.350927015  -412.292277493  -412.292277493  -412.248513099
    49.500  -412.429036985  -412.361094456  -412.302206971  -412.302206971  -412.248609468
    50.000  -412.443680560  -412.373149334  -412.314136667  -412.314136667  -412.248841377
    50.500  -412.457173106  -412.383638117  -412.324598052  -412.324598052  -412.249149834
    51.000  -412.464992599  -412.388151690  -412.329168874  -412.329168874  -412.249378096
    51.500  -412.464112441  -412.383771719  -412.324923102  -412.324923102  -412.249313799
    52.000  -412.456102559  -412.372156216  -412.313511789  -412.313511789  -412.248848641
    52.500  -412.448201351  -412.360608330  -412.302223616  -412.302223616  -412.248304954
    53.000  -412.448279546  -412.357059138  -412.298971025  -412.298971025  -412.248267122
    53.500  -412.456882671  -412.362137964  -412.304383605  -412.304383605  -412.248714931
    54.000  -412.467379888  -412.369328613  -412.311973207  -412.311973207  -412.249096812
    54.500  -412.473421147  -412.372409124  -412.315556343  -412.315556343  -412.249162922
    55.000  -412.473035349  -412.369526702  -412.313304274  -412.313304274  -412.249030609
    55.500  -412.467472326  -412.362026106  -412.306562913  -412.306562913  -412.248859642
    56.000  -412.458949772  -412.352189647  -412.297597865  -412.297597865  -412.248721662
    56.500  -412.449476443  -412.342059199  -412.288425831  -412.288425831  -412.248618525
    57.000  -412.440689402  -412.333272886  -412.280662415  -412.280662415  -412.248530145
    57.500  -412.434041730  -412.327253864  -412.275718733  -412.275718733  -412.248456222
    58.000  -412.430737225  -412.325150945  -412.274740473  -412.274740473  -412.248429710
    58.500  -412.431227107  -412.327343906  -412.278108007  -412.278108007  -412.248483751
    59.000  -412.434750604  -412.332995101  -412.284979130  -412.284979130  -412.248604780
    59.500  -412.439551941  -412.340276493  -412.293508729  -412.293508729  -412.248738186
    60.000  -412.443685699  -412.347177757  -412.301660636  -412.301660636  -412.248836788
    60.500  -412.445748020  -412.352235794  -412.307943784  -412.307943784  -412.248890101
    61.000  -412.445073243  -412.354728875  -412.311611461  -412.311611461  -412.248929119
    61.500  -412.441332131  -412.354279319  -412.312252821  -412.312252821  -412.249001015
    62.000  -412.433948540  -412.350267254  -412.309200193  -412.309200193  -412.249084564
    62.500  -412.422580886  -412.342310586  -412.301995939  -412.301995939  -412.249006447
    63.000  -412.409496191  -412.332626342  -412.292762459  -412.292762459  -412.248632157
    63.500  -412.400827909  -412.327279107  -412.287480370  -412.287480370  -412.248281244
    64.000  -412.401680574  -412.331287005  -412.291146245  -412.291146245  -412.248448532
    64.500  -412.409634499  -412.342146018  -412.301313081  -412.301313081  -412.248933277
    65.000  -412.417399953  -412.352482934  -412.310726265  -412.310726265  -412.249194813
    65.500  -412.420366192  -412.357594500  -412.314818086  -412.314818086  -412.249118362
    66.000  -412.418881561  -412.357730724  -412.313955199  -412.313955199  -412.248888175
    66.500  -412.415907387  -412.355763486  -412.311092225  -412.311092225  -412.248685862
    67.000  -412.414267871  -412.354451032  -412.309026967  -412.309026967  -412.248607564
    67.500  -412.415101260  -412.354893006  -412.308857337  -412.308857337  -412.248653383
    68.000  -412.417772672  -412.356440861  -412.309902405  -412.309902405  -412.248751248
    68.500  -412.420876339  -412.357694460  -412.310716677  -412.310716677  -412.248821179
    69.000  -412.423410577  -412.357674578  -412.310280356  -412.310280356  -412.248818428
    69.500  -412.425467156  -412.356513220  -412.308699136  -412.308699136  -412.248739250
    70.000  -412.428267670  -412.355493898  -412.307244164  -412.307244164  -412.248627065
    70.500  -412.433466807  -412.356359251  -412.307650994  -412.307650994  -412.248565755
    71.000  -412.441900878  -412.360069660  -412.310862462  -412.310862462  -412.248620908
    71.500  -412.452647897  -412.365862161  -412.316080308  -412.316080308  -412.248783710
    72.000  -412.463171040  -412.371386500  -412.320903781  -412.320903781  -412.248993656
    72.500  -412.470300301  -412.373668093  -412.322301763  -412.322301763  -412.249169083
    73.000  -412.471620131  -412.370474084  -412.317993513  -412.317993513  -412.249176997
    73.500  -412.467493797  -412.362320981  -412.308468194  -412.308468194  -412.248872694
    74.000  -412.462793745  -412.354204952  -412.298724138  -412.298724138  -412.248380531
    74.500  -412.464600964  -412.353315715  -412.295995050  -412.295995050  -412.248191748
    75.000  -412.475451381  -412.362293879  -412.303014168  -412.303014168  -412.248501647
    75.500  -412.490736479  -412.376619598  -412.315385899  -412.315385899  -412.248927567
    76.000  -412.503714228  -412.389596776  -412.326546379  -412.326546379  -412.249159411
    76.500  -412.510186793  -412.397017578  -412.332407034  -412.332407034  -412.249191622
    77.000  -412.509077348  -412.397744541  -412.331921518  -412.331921518  -412.249111261
    77.500  -412.501312035  -412.392601727  -412.325974085  -412.325974085  -412.248980155
    78.000  -412.488882393  -412.383446571  -412.316447422  -412.316447422  -412.248821402
    78.500  -412.474397683  -412.372729078  -412.305784454  -412.305784454  -412.248650298
    79.000  -412.460730199  -412.363146583  -412.296645295  -412.296645295  -412.248509175
    79.500  -412.450298105  -412.356939218  -412.291207160  -412.291207160  -412.248454112
    80.000  -412.444210680  -412.355047841  -412.290330340  -412.290330340  -412.248496990
    80.500  -412.442065628  -412.356921676  -412.293376350  -412.293376350  -412.248593421
    81.000  -412.442553487  -412.361126377  -412.298831160  -412.298831160  -412.248701047
    81.500  -412.444093532  -412.365978375  -412.304954860  -412.304954860  -412.248818475
    82.000  -412.444947408  -412.369657686  -412.309901620  -412.309901620  -412.248961761
    82.500  -412.443106950  -412.370093419  -412.311606478  -412.311606478  -412.249114404
    83.000  -412.436677278  -412.365342725  -412.308158264  -412.308158264  -412.249186739
    83.500  -412.425305433  -412.355018918  -412.299205370  -412.299205370  -412.249028628
    84.000  -412.412262494  -412.342373497  -412.288006256  -412.288006256  -412.248585404
    84.500  -412.404723898  -412.334578857  -412.281687297  -412.281687297  -412.248166191
    85.000  -412.408887571  -412.337854919  -412.286373768  -412.286373768  -412.248286257
    85.500  -412.422955260  -412.350452071  -412.300218325  -412.300218325  -412.248874162
    86.000  -412.438175719  -412.363675258  -412.314469686  -412.314469686  -412.249321256
    86.500  -412.447198644  -412.370211736  -412.321807321  -412.321807321  -412.249359133
    87.000  -412.448473989  -412.368519846  -412.320714920  -412.320714920  -412.249139397
    87.500  -412.444613086  -412.361206311  -412.313835745  -412.313835745  -412.248863091
    88.000  -412.439435046  -412.352096801  -412.305030536  -412.305030536  -412.248649331
    88.500  -412.436005413  -412.344293819  -412.297430933  -412.297430933  -412.248547767
    89.000  -412.435784258  -412.339342629  -412.292593321  -412.292593321  -412.248543297
    89.500  -412.438763568  -412.337369399  -412.290638248  -412.290638248  -412.248584460
    90.000  -412.444170165  -412.337775166  -412.290950692  -412.290950692  -412.248633785
    90.500  -412.451031831  -412.339784274  -412.292739561  -412.292739561  -412.248686498
    91.000  -412.458309605  -412.342556341  -412.295163687  -412.295163687  -412.248748704
    91.500  -412.464888421  -412.345160782  -412.297315448  -412.297315448  -412.248806638
    92.000  -412.469858883  -412.346852593  -412.298488398  -412.298488398  -412.248817229
    92.500  -412.473113081  -412.347656467  -412.298765225  -412.298765225  -412.248768555
    93.000  -412.475446601  -412.348473139  -412.299092967  -412.299092967  -412.248752435
    93.500  -412.477231631  -412.349748173  -412.299929038  -412.299929038  -412.248880226
    94.000  -412.477049552  -412.350091693  -412.299846698  -412.299846698  -412.249029709
    94.500  -412.473476705  -412.348063889  -412.297319301  -412.297319301  -412.248919285
    95.000  -412.468640761  -412.345734707  -412.294309506  -412.294309506  -412.248607765
    95.500  -412.467035150  -412.347514661  -412.295154141  -412.295154141  -412.248543350
    96.000  -412.469549668  -412.354206206  -412.300650560  -412.300650560  -412.248817612
    96.500  -412.472220891  -412.361755401  -412.306810756  -412.306810756  -412.249042073
    97.000  -412.471380243  -412.366383704  -412.309952811  -412.309952811  -412.249026702
    97.500  -412.466675711  -412.367594785  -412.309664164  -412.309664164  -412.248897806
    98.000  -412.459692551  -412.366794959  -412.307398553  -412.307398553  -412.248791595
    98.500  -412.452003165  -412.365352158  -412.304535055  -412.304535055  -412.248737171
    99.000  -412.444562885  -412.364006471  -412.301806068  -412.301806068  -412.248717540
    99.500  -412.437851222  -412.363027069  -412.299471382  -412.299471382  -412.248720816
   100.000  -412.432014701  -412.362367495  -412.297494810  -412.297494810  -412.248738386
   100.500  -412.427002996  -412.361814019  -412.295707018  -412.295707018  -412.248742396
   101.000  -412.423000150  -412.361426377  -412.294246564  -412.294246564  -412.248684607
   101.500  -412.421078630  -412.362192832  -412.294209149  -412.294209149  -412.248556374
   102.000  -412.423190890  -412.366017373  -412.297617265  -412.297617265  -412.248466941
   102.500  -412.430544536  -412.374090831  -412.305756760  -412.305756760  -412.248574883
   103.000  -412.441444508  -412.384727295  -412.316981223  -412.316981223  -412.248884991
   103.500  -412.451321273  -412.393387831  -412.326718503  -412.326718503  -412.249222062
   104.000  -412.455354156  -412.395297630  -412.330093630  -412.330093630  -412.249375460
   104.500  -412.451731814  -412.388697086  -412.325206986  -412.325206986  -412.249174903
   105.000  -412.444045006  -412.377228296  -412.315548144  -412.315548144  -412.248650170
   105.500  -412.440262329  -412.368918563  -412.309006592  -412.309006592  -412.248256892
   106.000  -412.446052272  -412.369524943  -412.311239046  -412.311239046  -412.248424743
   106.500  -412.459028937  -412.376798358  -412.319943251  -412.319943251  -412.248882939
   107.000  -412.472216512  -412.383936078  -412.328310682  -412.328310682  -412.249154031
   107.500  -412.480780009  -412.386287475  -412.331714725  -412.331714725  -412.249152522
   108.000  -412.483826654  -412.383134883  -412.329483563  -412.329483563  -412.249025614
   108.500  -412.482615287  -412.375895087  -412.323088929  -412.323088929  -412.248895208
   109.000  -412.478764632  -412.366323811  -412.314345084  -412.314345084  -412.248799885
   109.500  -412.473604019  -412.355867089  -412.304753909  -412.304753909  -412.248715062
   110.000  -412.468454239  -412.345942463  -412.295785952  -412.295785952  -412.248594717
   110.500  -412.465188880  -412.338506124  -412.289440882  -412.289440882  -412.248443967
   111.000  -412.466020072  -412.335843175  -412.288023332  -412.288023332  -412.248370446
   111.500  -412.471934518  -412.339013094  -412.292561683  -412.292561683  -412.248480006
   112.000  -412.481293541  -412.346463816  -412.301390306  -412.301390306  -412.248710900
   112.500  -412.490654378  -412.354821615  -412.310988707  -412.310988707  -412.248913663
   113.000  -412.496915234  -412.361042445  -412.318157755  -412.318157755  -412.249014689
   113.500  -412.498467295  -412.363548279  -412.321213082  -412.321213082  -412.249043936
   114.000  -412.494892468  -412.361931939  -412.319702758  -412.319702758  -412.249054988
   114.500  -412.486281721  -412.356280175  -412.313729077  -412.313729077  -412.249043861
   115.000  -412.473385174  -412.347321141  -412.304086791  -412.304086791  -412.248901757
   115.500  -412.459086081  -412.337880437  -412.293708360  -412.293708360  -412.248546521
   116.000  -412.449113628  -412.333590410  -412.288332966  -412.288332966  -412.248225475
   116.500  -412.448225381  -412.339083070  -412.292658725  -412.292658725  -412.248354159
   117.000  -412.454640054  -412.352420419  -412.304776090  -412.304776090  -412.248837835
   117.500  -412.461302144  -412.366354130  -412.317439890  -412.317439890  -412.249219867
   118.000  -412.462217135  -412.374650997  -412.324410974  -412.324410974  -412.249318679
   118.500  -412.455555451  -412.375203605  -412.323583256  -412.323583256  -412.249205587
   119.000  -412.442982350  -412.369389119  -412.316353878  -412.316353878  -412.248963727
   119.500  -412.428295088  -412.360740253  -412.306302552  -412.306302552  -412.248686314
   120.000  -412.415762440  -412.353312169  -412.297556586  -412.297556586  -412.248525488
   120.500  -412.407849125  -412.349423007  -412.292514198  -412.292514198  -412.248560272
   121.000  -412.404110277  -412.348547855  -412.290724397  -412.290724397  -412.248687154
   121.500  -412.402616611  -412.348734752  -412.290295254  -412.290295254  -412.248760547
   122.000  -412.402093718  -412.348730902  -412.290013752  -412.290013752  -412.248735967
   122.500  -412.402706250  -412.348754669  -412.290115351  -412.290115351  -412.248655840
   123.000  -412.405499090  -412.349929411  -412.291711535  -412.291711535  -412.248595721
   123.500  -412.411271809  -412.353156632  -412.295653540  -412.295653540  -412.248624819
   124.000  -412.419553123  -412.358091657  -412.301504482  -412.301504482  -412.248761171
   124.500  -412.428355715  -412.362897464  -412.307299958  -412.307299958  -412.248947671
   125.000  -412.435063726  -412.365124312  -412.310443324  -412.310443324  -412.249067928
   125.500  -412.438200168  -412.363460540  -412.309476155  -412.309476155  -412.248993319
   126.000  -412.439207614  -412.359499525  -412.305863319  -412.305863319  -412.248716438
   126.500  -412.442222904  -412.357512337  -412.303790915  -412.303790915  -412.248500099
   127.000  -412.450245180  -412.360629347  -412.306370566  -412.306370566  -412.248622908
   127.500  -412.461459589  -412.367181129  -412.311990612  -412.311990612  -412.248920850
   128.000  -412.471437716  -412.372893936  -412.316497927  -412.316497927  -412.249029694
   128.500  -412.478094980  -412.375832514  -412.318106246  -412.318106246  -412.248909796
   129.000  -412.482469807  -412.377161718  -412.318130888  -412.318130888  -412.248800372
   129.500  -412.485628145  -412.378045823  -412.317860206  -412.317860206  -412.248833611
   130.000  -412.486800303  -412.377784840  -412.316684323  -412.316684323  -412.248910409
   130.500  -412.484649470  -412.375085521  -412.313365304  -412.313365304  -412.248903254
   131.000  -412.479113980  -412.369901584  -412.307880967  -412.307880967  -412.248792383
   131.500  -412.471785370  -412.363811171  -412.301805862  -412.301805862  -412.248633938
   132.000  -412.465085933  -412.359196786  -412.297490165  -412.297490165  -412.248506439
   132.500  -412.461059575  -412.358039699  -412.296851778  -412.296851778  -412.248470142
   133.000  -412.460446376  -412.360997098  -412.300457539  -412.300457539  -412.248530695
   133.500  -412.462562939  -412.367280867  -412.307412728  -412.307412728  -412.248647262
   134.000  -412.465851606  -412.375202113  -412.315926660  -412.315926660  -412.248784450
   134.500  -412.468415616  -412.382705818  -412.323863914  -412.323863914  -412.248933303
   135.000  -412.468227888  -412.387586307  -412.328969868  -412.328969868  -412.249079684
   135.500  -412.463425286  -412.387792320  -412.329182506  -412.329182506  -412.249160561
   136.000  -412.453278693  -412.382410784  -412.323614423  -412.323614423  -412.249067346
   136.500  -412.439660644  -412.373141157  -412.314032830  -412.314032830  -412.248765624
   137.000  -412.427325292  -412.364580954  -412.305136346  -412.305136346  -412.248436956
   137.500  -412.421191075  -412.361509970  -412.301830919  -412.301830919  -412.248367187
   138.000  -412.422336889  -412.364887598  -412.305206964  -412.305206964  -412.248611368
   138.500  -412.427191436  -412.371040295  -412.311696576  -412.311696576  -412.248933965
   139.000  -412.430812427  -412.374935138  -412.316326939  -412.316326939  -412.249095635
   139.500  -412.430457839  -412.373749763  -412.316287595  -412.316287595  -412.249049282
   140.000  -412.426542643  -412.367835718  -412.311899556  -412.311899556  -412.248878411
   140.500  -412.421523503  -412.359616622  -412.305525646  -412.305525646  -412.248688822
   141.000  -412.418253762  -412.351963551  -412.299953775  -412.299953775  -412.248564518
   141.500  -412.418614507  -412.346845440  -412.297058048  -412.297058048  -412.248541698
   142.000  -412.422902396  -412.344729403  -412.297207447  -412.297207447  -412.248592337
   142.500  -412.430186509  -412.344932283  -412.299627284  -412.299627284  -412.248660367
   143.000  -412.439121108  -412.346409062  -412.303198421  -412.303198421  -412.248717101
   143.500  -412.448446154  -412.348223514  -412.306925177  -412.306925177  -412.248770087
   144.000  -412.456966001  -412.349494415  -412.309882417  -412.309882417  -412.248838348
   144.500  -412.463356060  -412.349176838  -412.310994286  -412.310994286  -412.248919429
   145.000  -412.466266416  -412.346147107  -412.309123428  -412.309123428  -412.248969035
   145.500  -412.465019635  -412.339888421  -412.303759936  -412.303759936  -412.248911001
   146.000  -412.460676732  -412.331548803  -412.296078895  -412.296078895  -412.248713354
   146.500  -412.456329914  -412.324242674  -412.289225004  -412.289225004  -412.248487185
   147.000  -412.455364210  -412.321333082  -412.286571878  -412.286571878  -412.248430257
   147.500  -412.458648657  -412.323657530  -412.288932203  -412.288932203  -412.248597623
   148.000  -412.463745116  -412.328761780  -412.293812116  -412.293812116  -412.248832408
   148.500  -412.467111357  -412.333108835  -412.297647932  -412.297647932  -412.248948539
   149.000  -412.466815398  -412.334775727  -412.298527713  -412.298527713  -412.248896091
   149.500  -412.463379256  -412.334271394  -412.297013935  -412.297013935  -412.248756091
   150.000  -412.458698942  -412.333441968  -412.295032506  -412.295032506  -412.248639590
   150.500  -412.454457867  -412.333888268  -412.294260347  -412.294260347  -412.248597633
   151.000  -412.451346259  -412.336197782  -412.295331242  -412.295331242  -412.248609499
   151.500  -412.449295031  -412.340188840  -412.298071006  -412.298071006  -412.248636440
   152.000  -412.448006212  -412.345444859  -412.302039698  -412.302039698  -412.248664976
   152.500  -412.447164466  -412.351520972  -412.306752917  -412.306752917  -412.248704753
   153.000  -412.446311718  -412.357816614  -412.311566967  -412.311566967  -412.248767696
   153.500  -412.444696142  -412.363421711  -412.315532881  -412.315532881  -412.248847993
   154.000  -412.441391865  -412.367237009  -412.317521926  -412.317521926  -412.248909970
   154.500  -412.435838240  -412.368516967  -412.316776823  -412.316776823  -412.248901443
   155.000  -412.428551364  -412.367591744  -412.313639196  -412.313639196  -412.248812047
   155.500  -412.421137257  -412.365893413  -412.309585482  -412.309585482  -412.248729571
   156.000  -412.414985108  -412.364664772  -412.305934531  -412.305934531  -412.248747697
   156.500  -412.409982696  -412.363684352  -412.302570715  -412.302570715  -412.248811580
   157.000  -412.405244020  -412.361995955  -412.298669186  -412.298669186  -412.248795642
   157.500  -412.400826726  -412.359618259  -412.294403086  -412.294403086  -412.248694437
   158.000  -412.397943971  -412.357745655  -412.291125933  -412.291125933  -412.248602548
   158.500  -412.397755299  -412.357523142  -412.290118631  -412.290118631  -412.248582143
   159.000  -412.400492327  -412.359159235  -412.291663365  -412.291663365  -412.248621455
   159.500  -412.405601908  -412.362063158  -412.295148883  -412.295148883  -412.248674513
   160.000  -412.412386027  -412.365488405  -412.299713161  -412.299713161  -412.248708859
   160.500  -412.420464180  -412.369011306  -412.304743284  -412.304743284  -412.248723050
   161.000  -412.429760064  -412.372543241  -412.309929154  -412.309929154  -412.248735027
   161.500  -412.440175321  -412.376026827  -412.315010343  -412.315010343  -412.248761657
   162.000  -412.451289396  -412.379150344  -412.319530591  -412.319530591  -412.248804969
   162.500  -412.462314001  -412.381299999  -412.322816646  -412.322816646  -412.248847389
   163.000  -412.472363389  -412.381806117  -412.324245253  -412.324245253  -412.248856717
   163.500  -412.480937267  -412.380384194  -412.323707806  -412.323707806  -412.248808079
   164.000  -412.488262717  -412.377414918  -412.321932920  -412.321932920  -412.248718293
   164.500  -412.494978297  -412.373537305  -412.320173657  -412.320173657  -412.248652747
   165.000  -412.501139885  -412.368644254  -412.319213156  -412.319213156  -412.248687554
   165.500  -412.505493173  -412.361737542  -412.318327017  -412.318327017  -412.248853053
   166.000  -412.506245410  -412.352072790  -412.315466590  -412.315466590  -412.248929895
   166.500  -412.503007026  -412.339787038  -412.309701432  -412.309701432  -412.248838995
   167.000  -412.497508712  -412.326654302  -412.302419339  -412.302419339  -412.248670874
   167.500  -412.492507795  -412.315543428  -412.296154300  -412.296154300  -412.248557812
   168.000  -412.489901564  -412.308566840  -412.292678126  -412.292678126  -412.248561358
   168.500  -412.489728607  -412.305884740  -412.292085197  -412.292085197  -412.248624525
   169.000  -412.490843935  -412.306160659  -412.293494075  -412.293494075  -412.248672748
   169.500  -412.492191478  -412.307972343  -412.296095421  -412.296095421  -412.248697572
   170.000  -412.493299754  -412.310853228  -412.299370776  -412.299370776  -412.248718756
   170.500  -412.494061831  -412.315092918  -412.302883040  -412.302883040  -412.248736013
   171.000  -412.494386367  -412.320840974  -412.306258341  -412.306258341  -412.248745775
   171.500  -412.493993900  -412.327680877  -412.309212926  -412.309212926  -412.248758223
   172.000  -412.492464908  -412.334876329  -412.311473772  -412.311473772  -412.248766096
   172.500  -412.489480410  -412.341793324  -412.312867397  -412.312867397  -412.248753810
   173.000  -412.485020663  -412.348097350  -412.313490595  -412.313490595  -412.248730881
   173.500  -412.479227832  -412.353520734  -412.313550231  -412.313550231  -412.248738200
   174.000  -412.471980102  -412.357434842  -412.312844113  -412.312844113  -412.248798905
   174.500  -412.462730241  -412.358852181  -412.310528429  -412.310528429  -412.248870704
   175.000  -412.451030809  -412.357042958  -412.305721856  -412.305721856  -412.248883066
   175.500  -412.437332335  -412.352259927  -412.298450257  -412.298450257  -412.248810097
   176.000  -412.423244143  -412.345953674  -412.289996547  -412.289996547  -412.248685018
   176.500  -412.411013450  -412.340261029  -412.282410111  -412.282410111  -412.248562605
   177.000  -412.402698510  -412.337191800  -412.277673271  -412.277673271  -412.248484449
   177.500  -412.399521971  -412.337980588  -412.277026438  -412.277026438  -412.248479543
   178.000  -412.401454072  -412.342652806  -412.280518698  -412.280518698  -412.248553826
   178.500  -412.407196851  -412.349988002  -412.286960796  -412.286960796  -412.248667029
   179.000  -412.414829455  -412.358150912  -412.294541174  -412.294541174  -412.248760456
   179.500  -412.422696258  -412.365571051  -412.301697741  -412.301697741  -412.248806764
   180.000  -412.429878632  -412.371417970  -412.307580082  -412.307580082  -412.248809379
   180.500  -412.436176603  -412.375589641  -412.312036339  -412.312036339  -412.248781904
   181.000  -412.441875401  -412.378486257  -412.315393800  -412.315393800  -412.248744655
   181.500  -412.447398189  -412.380667728  -412.318127038  -412.318127038  -412.248727632
   182.000  -412.452852070  -412.382397937  -412.320417267  -412.320417267  -412.248753310
   182.500  -412.457719168  -412.383326158  -412.321851854  -412.321851854  -412.248810085
   183.000  -412.461046008  -412.382663808  -412.321612634  -412.321612634  -412.248854575
   183.500  -412.462078263  -412.379801834  -412.319100552  -412.319100552  -412.248846144
   184.000  -412.460856149  -412.374896335  -412.314516890  -412.314516890  -412.248778357
   184.500  -412.458307084  -412.368956472  -412.308937486  -412.308937486  -412.248690621
   185.000  -412.455661802  -412.363265946  -412.303714393  -412.303714393  -412.248646139
   185.500  -412.453560919  -412.358500814  -412.299573168  -412.299573168  -412.248668521
   186.000  -412.451748588  -412.354436820  -412.296301149  -412.296301149  -412.248704840
   186.500  -412.449791413  -412.350671737  -412.293472110  -412.293472110  -412.248689658
   187.000  -412.447965381  -412.347514825  -412.291342354  -412.291342354  -412.248630120
   187.500  -412.447144801  -412.345874969  -412.290750393  -412.290750393  -412.248599645
   188.000  -412.447765365  -412.346222340  -412.292096251  -412.292096251  -412.248647318
   188.500  -412.449141268  -412.347902620  -412.294668156  -412.294668156  -412.248736443
   189.000  -412.449996234  -412.349664700  -412.297171398  -412.297171398  -412.248785929
   189.500  -412.449624026  -412.350816041  -412.298883741  -412.298883741  -412.248753421
   190.000  -412.448503772  -412.351832299  -412.300261172  -412.300261172  -412.248675062
   190.500  -412.447778290  -412.353833900  -412.302404714  -412.302404714  -412.248637694
   191.000  -412.448004976  -412.357332630  -412.305807059  -412.305807059  -412.248695572
   191.500  -412.448403619  -412.361475602  -412.309599541  -412.309599541  -412.248807515
   192.000  -412.447452500  -412.364634066  -412.312150510  -412.312150510  -412.248880237
   192.500  -412.444220211  -412.365734911  -412.312410713  -412.312410713  -412.248856985
   193.000  -412.439200229  -412.365099440  -412.310760695  -412.310760695  -412.248753979
   193.500  -412.434053333  -412.364201300  -412.308767841  -412.308767841  -412.248646403
   194.000  -412.430474258  -412.364551591  -412.308061132  -412.308061132  -412.248614405
   194.500  -412.429019247  -412.366544876  -412.309157235  -412.309157235  -412.248674720
   195.000  -412.428864067  -412.369226851  -412.311207929  -412.311207929  -412.248773766
   195.500  -412.428586112  -412.371076701  -412.312768845  -412.312768845  -412.248844882
   196.000  -412.427171229  -412.371005345  -412.312799369  -412.312799369  -412.248852976
   196.500  -412.424594627  -412.368928178  -412.311232883  -412.311232883  -412.248799497
   197.000  -412.421771326  -412.365707931  -412.308933250  -412.308933250  -412.248730581
   197.500  -412.419838097  -412.362432607  -412.306988302  -412.306988302  -412.248711071
   198.000  -412.419215581  -412.359477447  -412.305794661  -412.305794661  -412.248745045
   198.500  -412.419529897  -412.356423133  -412.305010812  -412.305010812  -412.248754728
   199.000  -412.420612152  -412.353042455  -412.304585412  -412.304585412  -412.248695493
   199.500  -412.423020224  -412.349797356  -412.305298530  -412.305298530  -412.248641791
   200.000  -412.427036270  -412.346839319  -412.307733686  -412.307733686  -412.248688685
   200.500  -412.431612651  -412.343102474  -412.311053800  -412.311053800  -412.248816635
   201.000  -412.434923248  -412.337086210  -412.313364434  -412.313364434  -412.248913049
   201.500  -412.435853101  -412.328304665  -412.313249304  -412.313249304  -412.248933601
   202.000  -412.434843492  -412.318452167  -412.310257291  -412.310257291  -412.249129669
   202.500  -412.433525190  -412.312609980  -412.303248956  -412.312609980  -412.248688046
   203.000  -412.433032783  -412.310679582  -412.293221518  -412.310679582  -412.248922849
   203.500  -412.433835497  -412.310715424  -412.284186200  -412.310715424  -412.249016160
   204.000  -412.434964080  -412.311199553  -412.275928185  -412.311199553  -412.249092807
   204.500  -412.435275713  -412.310903452  -412.267654704  -412.310903452  -412.249127985
   205.000  -412.434125531  -412.309200934  -412.259001854  -412.309200934  -412.249127902
   205.500  -412.431396141  -412.306053581  -412.250089337  -412.306053581  -412.249107821
   206.000  -412.427336169  -412.301826929  -412.241346795  -412.301826929  -412.249065495
   206.500  -412.422610472  -412.297306646  -412.233544132  -412.297306646  -412.248989220
   207.000  -412.418448801  -412.293812706  -412.227932273  -412.293812706  -412.248888056
   207.500  -412.416482203  -412.293013784  -412.226088798  -412.293013784  -412.248801359
   208.000  -412.418133276  -412.296316193  -412.229331332  -412.296316193  -412.248777857
   208.500  -412.423827072  -412.304088070  -412.237953470  -412.304088070  -412.248863124
   209.000  -412.432291270  -412.314975053  -412.250539514  -412.314975053  -412.249059637
   209.500  -412.440600646  -412.325955154  -412.264007960  -412.325955154  -412.249266575
   210.000  -412.445673918  -412.333844062  -412.275096656  -412.333844062  -412.249349626
   210.500  -412.446216036  -412.337248900  -412.282297631  -412.337248900  -412.249273474
   211.000  -412.443267481  -412.337129728  -412.286411319  -412.337129728  -412.249122681
   211.500  -412.438996741  -412.335601857  -412.289354908  -412.335601857  -412.249016261
   212.000  -412.434963702  -412.334206301  -412.292443288  -412.334206301  -412.249000912
   212.500  -412.431394322  -412.333187411  -412.295672131  -412.333187411  -412.249029257
   213.000  -412.427788428  -412.332102761  -412.298323533  -412.332102761  -412.249039941
   213.500  -412.423798021  -412.330699343  -412.299834149  -412.330699343  -412.249019853
   214.000  -412.419479041  -412.329138596  -412.300045010  -412.329138596  -412.249006538
   214.500  -412.414992068  -412.327523662  -412.299057029  -412.327523662  -412.249035052
   215.000  -412.410170634  -412.325488169  -412.296962192  -412.325488169  -412.249078510
   215.500  -412.404391770  -412.322358691  -412.293362914  -412.322358691  -412.249133308
   216.000  -412.396920053  -412.317396796  -412.287688164  -412.317396796  -412.249147925
   216.500  -412.387700656  -412.310560044  -412.279977684  -412.310560044  -412.249059307
   217.000  -412.378205421  -412.303347018  -412.271669860  -412.303347018  -412.248873634
   217.500  -412.371185205  -412.298571969  -412.265388174  -412.298571969  -412.248722481
   218.000  -412.368686202  -412.298428091  -412.263021171  -412.298428091  -412.248752837
   218.500  -412.370079571  -412.302499359  -412.263788453  -412.302499359  -412.248927771
   219.000  -412.372655973  -412.308299903  -412.264884062  -412.308299903  -412.249070789
   219.500  -412.374118054  -412.313723071  -412.264012329  -412.313723071  -412.249086469
   220.000  -412.373997634  -412.318436093  -412.260832699  -412.318436093  -412.249030861
   220.500  -412.372951316  -412.323151019  -412.256271482  -412.323151019  -412.249008282
   221.000  -412.371495065  -412.328173247  -412.251200814  -412.328173247  -412.249065143
   221.500  -412.369850616  -412.332778406  -412.245973517  -412.332778406  -412.249155921
   222.000  -412.368425824  -412.335866703  -412.240634312  -412.335866703  -412.249181623
   222.500  -412.367606815  -412.337078016  -412.235272062  -412.337078016  -412.249147911
   223.000  -412.367501746  -412.336851098  -412.230209790  -412.336851098  -412.249099598
   223.500  -412.367887277  -412.335838444  -412.225764304  -412.335838444  -412.249074651
   224.000  -412.368197075  -412.334386025  -412.221910597  -412.334386025  -412.249086676
   224.500  -412.367588743  -412.332355051  -412.218161340  -412.332355051  -412.249120040
   225.000  -412.365212543  -412.329377572  -412.213827851  -412.329377572  -412.249132005
   225.500  -412.360802801  -412.325500689  -412.208688333  -412.325500689  -412.249075621
   226.000  -412.355263462  -412.321805347  -412.203645666  -412.321805347  -412.248971413
   226.500  -412.350264306  -412.319981944  -412.200336942  -412.319981944  -412.248948265
   227.000  -412.346533781  -412.320492737  -412.199353751  -412.320492737  -412.249096488
   227.500  -412.343111796  -412.321412886  -412.199268049  -412.321412886  -412.249307664
   228.000  -412.339737833  -412.320032834  -412.198604883  -412.320032834  -412.249363971
   228.500  -412.338856929  -412.316030778  -412.198390609  -412.316030778  -412.249081834
   229.000  -412.342871844  -412.312788875  -412.201394247  -412.312788875  -412.248862651
   229.500  -412.351753407  -412.312940917  -412.208754072  -412.312940917  -412.248933178
   230.000  -412.362807272  -412.315354365  -412.218416939  -412.315354365  -412.249116160
   230.500  -412.372562294  -412.317224866  -412.227150907  -412.317224866  -412.249212317
   231.000  -412.379123148  -412.316871890  -412.233117135  -412.316871890  -412.249182159
   231.500  -412.382659498  -412.314465910  -412.236463045  -412.314465910  -412.249089422
   232.000  -412.384458868  -412.311209184  -412.238420089  -412.311209184  -412.249001954
   232.500  -412.385848988  -412.308329795  -412.240240776  -412.308329795  -412.248955584
   233.000  -412.387580118  -412.306504569  -412.242583390  -412.306504569  -412.248957728
   233.500  -412.389696657  -412.305745402  -412.245392992  -412.305745402  -412.248989012
   234.000  -412.391838533  -412.305701891  -412.248213783  -412.305701891  -412.249005544
   234.500  -412.393892336  -412.306304626  -412.250852314  -412.306304626  -412.248964201
   235.000  -412.396575615  -412.308330454  -412.253973672  -412.308330454  -412.248884005
   235.500  -412.401078936  -412.313022601  -412.258748995  -412.313022601  -412.248869964
   236.000  -412.407576308  -412.320587070  -412.265354311  -412.320587070  -412.248987961
   236.500  -412.414357332  -412.329325762  -412.272083305  -412.329325762  -412.249147715
   237.000  -412.419050936  -412.336872900  -412.276568807  -412.336872900  -412.249230254
   237.500  -412.420280143  -412.341856514  -412.277465896  -412.341856514  -412.249249198
   238.000  -412.417636155  -412.343849099  -412.274445683  -412.343849099  -412.249279455
   238.500  -412.410742543  -412.342443050  -412.267137737  -412.342443050  -412.249310009
   239.000  -412.399284693  -412.337347232  -412.255128924  -412.337347232  -412.249257710
   239.500  -412.384207481  -412.329528297  -412.239310569  -412.329528297  -412.249068162
   240.000  -412.368471405  -412.321882001  -412.222663687  -412.321882001  -412.248827462
   240.500  -412.355800348  -412.317940134  -412.209017448  -412.317940134  -412.248720720
   241.000  -412.348116096  -412.319313873  -412.200486512  -412.319313873  -412.248823012
   241.500  -412.344533839  -412.324585156  -412.196149487  -412.324585156  -412.249059120
   242.000  -412.343105424  -412.330304352  -412.193342680  -412.330304352  -412.249386795
   242.500  -412.343384216  -412.332151845  -412.189650954  -412.343384216  -412.249517821
   243.000  -412.344721422  -412.327159634  -412.182986850  -412.344721422  -412.249871158
   243.500  -412.345147634  -412.317794982  -412.173860812  -412.345147634  -412.249805063
   244.000  -412.343719349  -412.300060721  -412.188325759  -412.343719349  -412.249889989
   244.500  -412.341254752  -412.288524411  -412.178767389  -412.341254752  -412.249750448
   245.000  -412.340922401  -412.279663032  -412.168357042  -412.340922401  -412.249198279
   245.500  -412.342510851  -412.273665162  -412.159445731  -412.342510851  -412.250153849
   246.000  -412.341196697  -412.264386355  -412.158805866  -412.341196697  -412.250119721
   246.500  -412.339415889  -412.255087038  -412.158042456  -412.339415889  -412.250084150
   247.000  -412.337552355  -412.246223860  -412.156841709  -412.337552355  -412.250063621
   247.500  -412.335838654  -412.238045520  -412.155168750  -412.335838654  -412.250061095
   248.000  -412.334304012  -412.230598144  -412.152917015  -412.334304012  -412.250046520
   248.500  -412.333157488  -412.224128938  -412.150248602  -412.333157488  -412.250011078
   249.000  -412.332916237  -412.219228665  -412.147721107  -412.332916237  -412.249975055
   249.500  -412.334121295  -412.216559614  -412.146012166  -412.334121295  -412.249966183
   250.000  -412.336925398  -412.216447329  -412.145512240  -412.336925398  -412.250004602
   250.500  -412.340787225  -412.218561598  -412.146004023  -412.340787225  -412.250098028
   251.000  -412.344540607  -412.223282353  -412.148355332  -412.344540607  -412.250313850
   251.500  -412.346084644  -412.226303558  -412.148230587  -412.346084644  -412.250448208
   252.000  -412.343638468  -412.226809612  -412.145202022  -412.343638468  -412.250497660
   252.500  -412.334704933  -412.221442052  -412.158379327  -412.334704933  -412.248071371
   253.000  -412.326261635  -412.217998131  -412.152113472  -412.326261635  -412.247794140
   253.500  -412.320279127  -412.217339206  -412.147740520  -412.320279127  -412.247583964
   254.000  -412.319919587  -412.222003121  -412.148358652  -412.319919587  -412.247614034
   254.500  -412.324828962  -412.230968371  -412.153415283  -412.324828962  -412.247802984
   255.000  -412.332166886  -412.240848440  -412.159802477  -412.332166886  -412.247964173
   255.500  -412.339225743  -412.248639671  -412.164732204  -412.339225743  -412.248040495
   256.000  -412.344463163  -412.252773248  -412.166846234  -412.344463163  -412.248071207
   256.500  -412.347132462  -412.252694073  -412.165756069  -412.347132462  -412.248070498
   257.000  -412.347076743  -412.248567891  -412.161717147  -412.347076743  -412.248029707
   257.500  -412.344807960  -412.241266474  -412.155614871  -412.344807960  -412.247957324
   258.000  -412.341360324  -412.232148173  -412.148756241  -412.341360324  -412.247879564
   258.500  -412.337896797  -412.222632959  -412.142477224  -412.337896797  -412.247820932
   259.000  -412.335532975  -412.214304346  -412.137535249  -412.335532975  -412.247941586
   259.500  -412.334410626  -412.206903188  -412.134975879  -412.334410626  -412.247952550
   260.000  -412.334881607  -412.200572875  -412.134019101  -412.334881607  -412.248411358
   260.500  -412.335557795  -412.195289763  -412.134764046  -412.335557795  -412.248449729
   261.000  -412.336399335  -412.190512287  -412.136402448  -412.336399335  -412.248443731
   261.500  -412.337587284  -412.186635332  -412.139060046  -412.337587284  -412.248384828
   262.000  -412.340001721  -412.184797973  -412.143510390  -412.340001721  -412.248347943
   262.500  -412.344140121  -412.185811016  -412.150075672  -412.344140121  -412.248419010
   263.000  -412.348980477  -412.189009036  -412.157489066  -412.348980477  -412.248554906
   263.500  -412.352572213  -412.192932584  -412.163426832  -412.352572213  -412.248631070
   264.000  -412.353807817  -412.196249317  -412.167270234  -412.353807817  -412.248519715
   264.500  -412.355759713  -412.192453120  -412.186106448  -412.355759713  -412.251140955
   265.000  -412.353531598  -412.195105424  -412.188119923  -412.353531598  -412.251101603
   265.500  -412.350295421  -412.196602423  -412.188864538  -412.350295421  -412.251072442
   266.000  -412.346430724  -412.197180753  -412.188676960  -412.346430724  -412.251044720
   266.500  -412.342325542  -412.197111758  -412.187871190  -412.342325542  -412.251020635
   267.000  -412.338355258  -412.196669380  -412.186723889  -412.338355258  -412.250997503
   267.500  -412.334895990  -412.196136575  -412.185500145  -412.334895990  -412.250971364
   268.000  -412.332353871  -412.195831874  -412.184493815  -412.332353871  -412.250948513
   268.500  -412.331071487  -412.196017994  -412.183940707  -412.331071487  -412.250942301
   269.000  -412.331150650  -412.196731582  -412.183845670  -412.331150650  -412.250958229
   269.500  -412.332399102  -412.197738871  -412.183934802  -412.332399102  -412.250979086
   270.000  -412.334603349  -412.198814961  -412.183941245  -412.334603349  -412.250964495
   270.500  -412.338195227  -412.200545614  -412.184493178  -412.338195227  -412.251024835
   271.000  -412.343907557  -412.203406967  -412.185784189  -412.343907557  -412.250983366
   271.500  -412.352399222  -412.208183350  -412.188688760  -412.352399222  -412.251057833
   272.000  -412.362611857  -412.213881893  -412.192213741  -412.362611857  -412.251209525
   272.500  -412.372443878  -412.218486055  -412.194375816  -412.372443878  -412.251299576
   273.000  -412.380569355  -412.220779150  -412.194025811  -412.380569355  -412.251300839
   273.500  -412.386828058  -412.220733795  -412.191251116  -412.386828058  -412.251305293
   274.000  -412.391067532  -412.218309533  -412.186229730  -412.391067532  -412.251340681
   274.500  -412.392930037  -412.212548740  -412.179018242  -412.392930037  -412.250474046
   275.000  -412.389001160  -412.201034862  -412.179986712  -412.389001160  -412.247059353
   275.500  -412.384278060  -412.191989522  -412.169440408  -412.384278060  -412.246983326
   276.000  -412.377536431  -412.182352037  -412.158070526  -412.377536431  -412.246842555
   276.500  -412.370043490  -412.173425949  -412.147494046  -412.370043490  -412.246759587
   277.000  -412.364248151  -412.166776092  -412.140045119  -412.364248151  -412.247662914
   277.500  -412.358954566  -412.162278908  -412.135049787  -412.358954566  -412.247665690
   278.000  -412.355066197  -412.160325005  -412.132323511  -412.355066197  -412.247718936
   278.500  -412.351869439  -412.160047385  -412.131041267  -412.351869439  -412.247800631
   279.000  -412.348315743  -412.160211785  -412.130047314  -412.348315743  -412.247844753
   279.500  -412.344026951  -412.160223317  -412.128861188  -412.344026951  -412.247776702
   280.000  -412.340262601  -412.161098441  -412.128652374  -412.340262601  -412.247632983
   280.500  -412.339222251  -412.164774889  -412.131540274  -412.339222251  -412.247588312
   281.000  -412.341617412  -412.171696349  -412.138151396  -412.341617412  -412.247699113
   281.500  -412.345910040  -412.180100790  -412.146842619  -412.345910040  -412.247803585
   282.000  -412.350379907  -412.188161804  -412.155772981  -412.350379907  -412.247831024
   282.500  -412.354196838  -412.195081131  -412.163994420  -412.354196838  -412.247866794
   283.000  -412.356507462  -412.200155967  -412.170556644  -412.356507462  -412.247919415
   283.500  -412.356342577  -412.202646699  -412.174426315  -412.356342577  -412.247912089
   284.000  -412.353623363  -412.202689782  -412.175476826  -412.353623363  -412.247822677
   284.500  -412.349501244  -412.201514596  -412.174778904  -412.349501244  -412.247699565
   285.000  -412.345691694  -412.200723062  -412.173891743  -412.345691694  -412.247603630
   285.500  -412.343586305  -412.201503969  -412.174006797  -412.343586305  -412.247567830
   286.000  -412.343745186  -412.204262593  -412.175522946  -412.343745186  -412.247591033
   286.500  -412.345863932  -412.208597469  -412.178053399  -412.345863932  -412.247658296
   287.000  -412.348959108  -412.213437398  -412.180596348  -412.348959108  -412.247759358
   287.500  -412.351542477  -412.217238346  -412.181688797  -412.351542477  -412.247882179
   288.000  -412.351857763  -412.218295093  -412.179638096  -412.351857763  -412.247995297
   288.500  -412.348439653  -412.215519070  -412.173086433  -412.348439653  -412.248036429
   289.000  -412.341220544  -412.210184170  -412.161667633  -412.341220544  -412.247593992
   289.500  -412.334118657  -412.200799085  -412.152178612  -412.334118657  -412.247769896
   290.000  -412.329374185  -412.192682348  -412.145815285  -412.329374185  -412.247645903
   290.500  -412.329060548  -412.188606015  -412.143649679  -412.329060548  -412.247678360
   291.000  -412.332740354  -412.188379461  -412.145215691  -412.332740354  -412.247815132
   291.500  -412.338149482  -412.190007928  -412.148233219  -412.338149482  -412.247996812
   292.000  -412.342263803  -412.190745296  -412.149711610  -412.342263803  -412.248129525
   292.500  -412.342764539  -412.188522361  -412.147434814  -412.342764539  -412.248144733
   293.000  -412.339112516  -412.182978175  -412.141048936  -412.339112516  -412.248057608
   293.500  -412.332435664  -412.175300916  -412.131903741  -412.332435664  -412.247917348
   294.000  -412.324808584  -412.167460235  -412.122226370  -412.324808584  -412.247762480
   294.500  -412.318599452  -412.161564794  -412.114472170  -412.318599452  -412.247624472
   295.000  -412.315928752  -412.159461728  -412.110908142  -412.315928752  -412.247542188
   295.500  -412.318023877  -412.162363461  -412.112986654  -412.318023877  -412.247555618
   296.000  -412.324661350  -412.170320913  -412.120595510  -412.324661350  -412.247664213
   296.500  -412.334080506  -412.181709673  -412.131993397  -412.334080506  -412.247886534
   297.000  -412.343293678  -412.193210717  -412.144329390  -412.343293678  -412.248093450
   297.500  -412.349302202  -412.201531584  -412.154001029  -412.349302202  -412.248236511
   298.000  -412.350213701  -412.204648076  -412.158884732  -412.350213701  -412.248205025
   298.500  -412.346819097  -412.203254456  -412.159564345  -412.346819097  -412.247985509
   299.000  -412.342621323  -412.200777862  -412.159341483  -412.342621323  -412.247734792
   299.500  -412.341484968  -412.201017883  -412.161899166  -412.341484968  -412.247645871
   300.000  -412.344830903  -412.205343062  -412.168517363  -412.344830903  -412.247750968
   300.500  -412.351066009  -412.212131909  -412.177522177  -412.351066009  -412.247943711
   301.000  -412.357158147  -412.218356834  -412.185864059  -412.357158147  -412.248084175
   301.500  -412.360766147  -412.221717099  -412.191225856  -412.360766147  -412.248102414
   302.000  -412.361353486  -412.221739851  -412.193111278  -412.361353486  -412.248033659
   302.500  -412.359777403  -412.219355382  -412.192413291  -412.359777403  -412.247948629
   303.000  -412.357271682  -412.215862897  -412.190388633  -412.357271682  -412.247889353
   303.500  -412.354775913  -412.212249240  -412.187981006  -412.354775913  -412.247859293
   304.000  -412.352825662  -412.209072173  -412.185709503  -412.352825662  -412.247841141
   304.500  -412.351763201  -412.206670982  -412.183880729  -412.351763201  -412.247822293
   305.000  -412.351889082  -412.205322501  -412.182751727  -412.351889082  -412.247818201
   305.500  -412.353230208  -412.205019077  -412.182315804  -412.353230208  -412.247868541
   306.000  -412.355021244  -412.204964568  -412.181801469  -412.355021244  -412.247983236
   306.500  -412.355661790  -412.203549834  -412.179641202  -412.355661790  -412.248086466
   307.000  -412.353842449  -412.199500644  -412.174600451  -412.353842449  -412.248064295
   307.500  -412.350081348  -412.193436809  -412.167310327  -412.350081348  -412.247911713
   308.000  -412.346698224  -412.187864637  -412.160229915  -412.346698224  -412.247767888
   308.500  -412.345860870  -412.185200921  -412.155681751  -412.345860870  -412.247741934
   309.000  -412.347954261  -412.185982596  -412.154212980  -412.347954261  -412.247830889
   309.500  -412.351527247  -412.188693653  -412.154509835  -412.351527247  -412.247975012
   310.000  -412.354272684  -412.190896928  -412.154348314  -412.354272684  -412.248074719
   310.500  -412.354526949  -412.190851064  -412.152103495  -412.354526949  -412.248069167
   311.000  -412.352195231  -412.188415878  -412.147691021  -412.352195231  -412.247982653
   311.500  -412.348469831  -412.184745845  -412.142294080  -412.348469831  -412.247872652
   312.000  -412.344987182  -412.181440315  -412.137528023  -412.344987182  -412.247782259
   312.500  -412.343136403  -412.179856809  -412.134755431  -412.343136403  -412.247732883
   313.000  -412.343681829  -412.180732241  -412.134711249  -412.343681829  -412.247734569
   313.500  -412.346585219  -412.184011387  -412.137325023  -412.346585219  -412.247791993
   314.000  -412.350948290  -412.188807172  -412.141679122  -412.350948290  -412.247899611
   314.500  -412.355140862  -412.193534599  -412.146174156  -412.355140862  -412.248030121
   315.000  -412.357280351  -412.196393011  -412.149046938  -412.357280351  -412.248124281
   315.500  -412.356168176  -412.196342941  -412.149318963  -412.356168176  -412.248108431
   316.000  -412.352343870  -412.194251104  -412.147833357  -412.352343870  -412.247977493
   316.500  -412.346406627  -412.188686423  -412.181795643  -412.346406627  -412.245997459
   317.000  -412.344942341  -412.193363050  -412.177864295  -412.344942341  -412.245882707
   317.500  -412.347640347  -412.202161135  -412.178141167  -412.347640347  -412.245974413
   318.000  -412.353162041  -412.212869832  -412.181533495  -412.353162041  -412.246156544
   318.500  -412.358578024  -412.223040611  -412.184955003  -412.358578024  -412.246317548
   319.000  -412.361163379  -412.230182072  -412.185667722  -412.361163379  -412.246371588
   319.500  -412.359755173  -412.233230979  -412.182502999  -412.359755173  -412.246297947
   320.000  -412.355124007  -412.232986080  -412.176193168  -412.355124007  -412.246153607
   320.500  -412.349207303  -412.231370627  -412.168637626  -412.349207303  -412.246011236
   321.000  -412.344045226  -412.230391616  -412.161906194  -412.344045226  -412.245914907
   321.500  -412.341084893  -412.231447581  -412.157545309  -412.341084893  -412.245877426
   322.000  -412.340931735  -412.235086667  -412.156241726  -412.340931735  -412.245897177
   322.500  -412.343348307  -412.241012501  -412.157789329  -412.343348307  -412.245967103
   323.000  -412.347350314  -412.248205013  -412.161205357  -412.347350314  -412.246077222
   323.500  -412.351381237  -412.255102566  -412.164935972  -412.351381237  -412.246203708
   324.000  -412.353708069  -412.259953487  -412.167223066  -412.353708069  -412.246298720
   324.500  -412.353187394  -412.261524770  -412.166908044  -412.353187394  -412.246294063
   325.000  -412.350253791  -412.260152971  -412.164459511  -412.350253791  -412.246159956
   325.500  -412.347212331  -412.258130046  -412.162192061  -412.347212331  -412.245985697
   326.000  -412.346842862  -412.258265877  -412.162861669  -412.346842862  -412.245913782
   326.500  -412.350314474  -412.261770317  -412.167591262  -412.350314474  -412.245989926
   327.000  -412.356422571  -412.267480517  -412.175119871  -412.356422571  -412.246168434
   327.500  -412.362280689  -412.272555957  -412.182500235  -412.362280689  -412.246356786
   328.000  -412.364811869  -412.273974674  -412.186597267  -412.364811869  -412.246449193
   328.500  -412.362347792  -412.270128029  -412.185685647  -412.362347792  -412.246412510
   329.000  -412.355187203  -412.261369316  -412.180007626  -412.355187203  -412.246293538
   329.500  -412.344971198  -412.249376299  -412.171144288  -412.344971198  -412.246155066
   330.000  -412.333746894  -412.236208542  -412.161078830  -412.333746894  -412.246034527
   330.500  -412.323352578  -412.223687437  -412.151582031  -412.323352578  -412.245945120
   331.000  -412.315168567  -412.213150590  -412.143968692  -412.315168567  -412.245890879
   331.500  -412.310024172  -412.205369981  -412.139014812  -412.310024172  -412.245880508
   332.000  -412.308069555  -412.200449445  -412.136847124  -412.308069555  -412.245926587
   332.500  -412.308633102  -412.197715758  -412.136821368  -412.308633102  -412.246022956
   333.000  -412.310388076  -412.195916788  -412.137703622  -412.310388076  -412.246115726
   333.500  -412.312175725  -412.194055420  -412.138491236  -412.312175725  -412.246127137
   334.000  -412.314041869  -412.192407313  -412.139426455  -412.314041869  -412.246060447
   334.500  -412.317059540  -412.192288122  -412.141777343  -412.317059540  -412.246031543
   335.000  -412.321716183  -412.194363590  -412.146182920  -412.321716183  -412.246083088
   335.500  -412.327303837  -412.197974340  -412.152021659  -412.327303837  -412.246121040
   336.000  -412.333085054  -412.202261496  -412.158576655  -412.333085054  -412.246120464
   336.500  -412.338742314  -412.206544176  -412.165498926  -412.338742314  -412.246130715
   337.000  -412.343799684  -412.209684483  -412.172313763  -412.343799684  -412.246208730
   337.500  -412.347119676  -412.211309816  -412.177940310  -412.347119676  -412.246241212
   338.000  -412.348133724  -412.211588669  -412.181292398  -412.348133724  -412.246170464
   338.500  -412.349132527  -412.211092014  -412.181255081  -412.349132527  -412.248253499
   339.000  -412.346513813  -412.209410956  -412.181787380  -412.346513813  -412.248198275
   339.500  -412.343612348  -412.207444026  -412.181431746  -412.343612348  -412.248160146
   340.000  -412.341023793  -412.205805752  -412.180656414  -412.341023793  -412.248152610
   340.500  -412.338884224  -412.204672937  -412.179518032  -412.338884224  -412.248179793
   341.000  -412.336818554  -412.203716154  -412.177607448  -412.336818554  -412.248230690
   341.500  -412.334151807  -412.202307188  -412.174262867  -412.334151807  -412.248267732
   342.000  -412.330512387  -412.200125074  -412.169172836  -412.330512387  -412.248233799
   342.500  -412.326626312  -412.197940227  -412.163167966  -412.326626312  -412.248118358
   343.000  -412.324338379  -412.197632457  -412.158235094  -412.324338379  -412.248026183
   343.500  -412.325046592  -412.200609149  -412.155936492  -412.325046592  -412.248075427
   344.000  -412.328096458  -412.206190602  -412.155795621  -412.328096458  -412.248206293
   344.500  -412.331193578  -412.210214254  -412.159813321  -412.331193578  -412.247985882
   345.000  -412.333457834  -412.216145180  -412.159415898  -412.333457834  -412.248015769
   345.500  -412.333930239  -412.220771202  -412.157487092  -412.333930239  -412.248030477
   346.000  -412.332294925  -412.223968052  -412.153815015  -412.332294925  -412.248012406
   346.500  -412.328636731  -412.226988405  -412.148760476  -412.328636731  -412.248219289
   347.000  -412.324289024  -412.231038272  -412.144889107  -412.324289024  -412.247600117
   347.500  -412.322912235  -412.233677461  -412.144277684  -412.322912235  -412.247590515
   348.000  -412.324237026  -412.237718511  -412.146160786  -412.324237026  -412.247579013
   348.500  -412.328430827  -412.243486571  -412.150505978  -412.328430827  -412.247595338
   349.000  -412.335228031  -412.250702641  -412.156941117  -412.335228031  -412.247643758
   349.500  -412.343878766  -412.258627195  -412.164694042  -412.343878766  -412.247725746
   350.000  -412.353179155  -412.266114164  -412.172608611  -412.353179155  -412.247820375
   350.500  -412.361839185  -412.271965071  -412.179496048  -412.361839185  -412.247873141
   351.000  -412.369304681  -412.275729887  -412.184942907  -412.369304681  -412.247829818
   351.500  -412.376445643  -412.278369965  -412.189972151  -412.376445643  -412.247726943
   352.000  -412.384913696  -412.281605352  -412.196362716  -412.384913696  -412.247692763
   352.500  -412.395345694  -412.286119946  -412.204819933  -412.395345694  -412.247764180
   353.000  -412.406822262  -412.291020780  -412.214426032  -412.406822262  -412.247840256
   353.500  -412.418139055  -412.295100736  -412.223933996  -412.418139055  -412.247883670
   354.000  -412.428408499  -412.297419710  -412.232407395  -412.428408499  -412.247937993
   354.500  -412.436652939  -412.296804496  -412.238906500  -412.436652939  -412.247971105
   355.000  -412.443465200  -412.284265142  -412.253521789  -412.443465200  -412.249883041
   355.500  -412.444818428  -412.278349477  -412.256034167  -412.444818428  -412.249801316
   356.000  -412.444133193  -412.273230639  -412.253853876  -412.444133193  -412.249791406
   356.500  -412.442140957  -412.274281294  -412.247279238  -412.442140957  -412.249350777
   357.000  -412.441533341  -412.276595364  -412.242642973  -412.441533341  -412.249291270
   357.500  -412.443505479  -412.281123210  -412.240172999  -412.443505479  -412.249300129
   358.000  -412.448000454  -412.287878154  -412.239739536  -412.448000454  -412.249384351
   358.500  -412.453912153  -412.295762350  -412.240320695  -412.453912153  -412.249514106
   359.000  -412.459550018  -412.303075495  -412.240390038  -412.459550018  -412.249623996
   359.500  -412.463595693  -412.308461874  -412.238851519  -412.463595693  -412.249641231
   360.000  -412.466090138  -412.311873794  -412.236022495  -412.466090138  -412.249559683
   360.500  -412.469488736  -412.313057935  -412.234370735  -412.469488736  -412.250465466
   361.000  -412.472881377  -412.315072204  -412.234554641  -412.472881377  -412.250532620
   361.500  -412.476253104  -412.315826677  -412.236373725  -412.476253104  -412.250668026
   362.000  -412.477726219  -412.313851225  -412.238504650  -412.477726219  -412.250752436
   362.500  -412.476032015  -412.308948304  -412.239521696  -412.476032015  -412.250742178
   363.000  -412.470948797  -412.301172938  -412.238422178  -412.470948797  -412.250733263
   363.500  -412.462529815  -412.290317918  -412.234911156  -412.462529815  -412.250699518
   364.000  -412.451285965  -412.276824521  -412.229336011  -412.451285965  -412.250612301
   364.500  -412.438535242  -412.262069398  -412.222869327  -412.438535242  -412.250492048
   365.000  -412.426106175  -412.247998131  -412.217186831  -412.426106175  -412.250379894
   365.500  -412.415719918  -412.236466300  -412.213868768  -412.415719918  -412.250309496
   366.000  -412.408453037  -412.228681552  -412.213883172  -412.408453037  -412.250302222
   366.500  -412.404395355  -412.224856975  -412.217252296  -412.404395355  -412.250366841
   367.000  -412.402523183  -412.224086210  -412.222911100  -412.402523183  -412.250492939
   367.500  -412.400908095  -412.228916927  -412.224561621  -412.400908095  -412.250631848
   368.000  -412.397517219  -412.233230172  -412.224423758  -412.397517219  -412.250690463
   368.500  -412.391835818  -412.234193119  -412.224071176  -412.391835818  -412.250707855
   369.000  -412.385098966  -412.236193259  -412.221796459  -412.385098966  -412.250520348
   369.500  -412.380012646  -412.239861900  -412.221641861  -412.380012646  -412.250427362
   370.000  -412.378003818  -412.246233248  -412.224873472  -412.378003818  -412.250463209
   370.500  -412.378641378  -412.254544736  -412.230898187  -412.378641378  -412.250540088
   371.000  -412.380645856  -412.263298778  -412.238323072  -412.380645856  -412.250658490
   371.500  -412.382008021  -412.270401916  -412.245073576  -412.382008021  -412.250821179
   372.000  -412.380136103  -412.273268604  -412.248514616  -412.380136103  -412.250925241
   372.500  -412.373312066  -412.270209471  -412.246874008  -412.373312066  -412.250891494
   373.000  -412.361864185  -412.261563310  -412.240384804  -412.361864185  -412.250746439
   373.500  -412.347873113  -412.249396148  -412.230976346  -412.347873113  -412.250562894
   374.000  -412.334114062  -412.236456914  -412.221218264  -412.334114062  -412.250399359
   374.500  -412.323131061  -412.225299242  -412.213385456  -412.323131061  -412.250288069
   375.000  -412.316686800  -412.217861379  -412.208819731  -412.316686800  -412.250245780
   375.500  -412.315471851  -412.215410935  -412.207449096  -412.315471851  -412.250281617
   376.000  -412.318971012  -412.217975819  -412.208136785  -412.318971012  -412.250393031
   376.500  -412.325552761  -412.223515217  -412.209726466  -412.325552761  -412.250548804
   377.000  -412.333014428  -412.229382298  -412.210679573  -412.333014428  -412.250674937
   377.500  -412.339717700  -412.233880346  -412.209763922  -412.339717700  -412.250687855
   378.000  -412.345732743  -412.237259995  -412.207278332  -412.345732743  -412.250592937
   378.500  -412.352740650  -412.256187095  -412.204734423  -412.352740650  -412.250405586
   379.000  -412.362258113  -412.260779585  -412.207606483  -412.362258113  -412.250396806
   379.500  -412.374116075  -412.267237281  -412.212034983  -412.374116075  -412.250441887
   380.000  -412.387470093  -412.274758032  -412.217271328  -412.387470093  -412.250546540
   380.500  -412.400519090  -412.281598348  -412.221648697  -412.400519090  -412.250666508
   381.000  -412.411257264  -412.285841911  -412.223370872  -412.411257264  -412.250730688
   381.500  -412.418523809  -412.286444519  -412.221617063  -412.418523809  -412.250731642
   382.000  -412.422199215  -412.283380665  -412.216873283  -412.422199215  -412.250695544
   382.500  -412.422833854  -412.276991945  -412.211245187  -412.422833854  -412.250655987
   383.000  -412.421424553  -412.267374337  -412.209424610  -412.421424553  -412.250439142
   383.500  -412.420833246  -412.254915066  -412.223193706  -412.420833246  -412.251195978
   384.000  -412.420463637  -412.251040819  -412.222413148  -412.420463637  -412.251154828
   384.500  -412.421671591  -412.249440005  -412.223226999  -412.421671591  -412.251181509
   385.000  -412.424315111  -412.246368245  -412.228942721  -412.424315111  -412.251452698
   385.500  -412.426735700  -412.247534710  -412.230657632  -412.426735700  -412.251577330
   386.000  -412.427486272  -412.247700035  -412.230820846  -412.427486272  -412.251624785
   386.500  -412.426308667  -412.246648360  -412.229208817  -412.426308667  -412.251495977
   387.000  -412.425499607  -412.246699279  -412.228142508  -412.425499607  -412.251272358
   387.500  -412.428499766  -412.251228758  -412.231076700  -412.428499766  -412.251205167
   388.000  -412.436339124  -412.261114890  -412.238988972  -412.436339124  -412.251384542
   388.500  -412.446273783  -412.273413213  -412.248991115  -412.446273783  -412.251675575
   389.000  -412.453674372  -412.283292383  -412.256259588  -412.453674372  -412.251912188
   389.500  -412.454675620  -412.286717316  -412.256749901  -412.454675620  -412.251960248
   390.000  -412.448254155  -412.282544072  -412.249313585  -412.448254155  -412.251784357
   390.500  -412.436759115  -412.273059127  -412.236237206  -412.436759115  -412.251481018
   391.000  -412.424491562  -412.262563231  -412.221816418  -412.424491562  -412.251214988
   391.500  -412.415290932  -412.254952013  -412.209935734  -412.415290932  -412.251104309
   392.000  -412.410809352  -412.251962320  -412.202333201  -412.410809352  -412.251142361
   392.500  -412.410534895  -412.253153363  -412.198610534  -412.410534895  -412.251245632
   393.000  -412.412918976  -412.256998462  -412.197353722  -412.412918976  -412.251356093
   393.500  -412.416225257  -412.261722091  -412.196991644  -412.416225257  -412.251471940
   394.000  -412.418640206  -412.265291800  -412.196031440  -412.418640206  -412.251599926
   394.500  -412.418230726  -412.265029358  -412.193307760  -412.418230726  -412.251728457
   395.000  -412.410422553  -412.273388874  -412.197402991  -412.410422553  -412.248860063
   395.500  -412.401146686  -412.264097547  -412.187984871  -412.401146686  -412.248681128
   396.000  -412.390671385  -412.253360345  -412.177626496  -412.390671385  -412.248383394
   396.500  -412.383688056  -412.245862632  -412.171088200  -412.383688056  -412.248220721
   397.000  -412.382826759  -412.244236012  -412.171035966  -412.382826759  -412.248284506
   397.500  -412.387163456  -412.247568903  -412.176546671  -412.387163456  -412.248478136
   398.000  -412.393479263  -412.252670093  -412.184368323  -412.393479263  -412.248701528
   398.500  -412.397993599  -412.255805331  -412.190650547  -412.397993599  -412.248847882
   399.000  -412.398082644  -412.254416162  -412.192653827  -412.398082644  -412.248867735
   399.500  -412.393121797  -412.247954641  -412.189583290  -412.393121797  -412.248796145
   400.000  -412.384108962  -412.237488334  -412.182217991  -412.384108962  -412.248666966
   400.500  -412.373164202  -412.225174917  -412.172444633  -412.373164202  -412.248473716
   401.000  -412.363476247  -412.214198170  -412.163253100  -412.363476247  -412.248227121
   401.500  -412.358935408  -412.208411283  -412.158412378  -412.358935408  -412.248034751
   402.000  -412.362439472  -412.210671480  -412.160785346  -412.362439472  -412.248064413
   402.500  -412.373520470  -412.220488026  -412.169945989  -412.373520470  -412.248360891
   403.000  -412.387778664  -412.233470482  -412.181584394  -412.387778664  -412.248766580
   403.500  -412.399189611  -412.243632512  -412.189798563  -412.399189611  -412.249063701
   404.000  -412.403419986  -412.246699518  -412.190398659  -412.403419986  -412.249101733
   404.500  -412.400174863  -412.242438957  -412.183253198  -412.400174863  -412.248857016
   405.000  -412.393389633  -412.234839458  -412.172473273  -412.393389633  -412.248523136
   405.500  -412.388263885  -412.229134895  -412.163438280  -412.388263885  -412.248365279
   406.000  -412.387452121  -412.228003704  -412.158971532  -412.387452121  -412.248403154
   406.500  -412.390472766  -412.230995156  -412.158738573  -412.390472766  -412.248529162
   407.000  -412.395191904  -412.236033295  -412.160723782  -412.395191904  -412.248664909
   407.500  -412.399259234  -412.240851583  -412.162664874  -412.399259234  -412.248711188
   408.000  -412.401631582  -412.244495030  -412.163569851  -412.401631582  -412.248636460
   408.500  -412.403098744  -412.247819577  -412.164229899  -412.403098744  -412.248510228
   409.000  -412.405351054  -412.252533988  -412.166283247  -412.405351054  -412.248414575
   409.500  -412.409774807  -412.259884019  -412.171018154  -412.409774807  -412.248322045
   410.000  -412.418446369  -412.267803883  -412.185767566  -412.418446369  -412.250125219
   410.500  -412.426820644  -412.280212714  -412.200955084  -412.426820644  -412.250218222
   411.000  -412.435216548  -412.292900532  -412.215787958  -412.435216548  -412.250301222
   411.500  -412.442248845  -412.304182052  -412.228609918  -412.442248845  -412.250331848
   412.000  -412.447934724  -412.311997250  -412.241349472  -412.447934724  -412.251154203
   412.500  -412.450256794  -412.317979367  -412.247404303  -412.450256794  -412.251183060
   413.000  -412.449746527  -412.320318447  -412.249333421  -412.449746527  -412.251187289
   413.500  -412.446862055  -412.319323405  -412.247578383  -412.446862055  -412.251096231
   414.000  -412.443490428  -412.316790351  -412.244100856  -412.443490428  -412.250989142
   414.500  -412.441650248  -412.314685832  -412.241038614  -412.441650248  -412.250981906
   415.000  -412.441787873  -412.313440499  -412.238962169  -412.441787873  -412.251043661
   415.500  -412.442949837  -412.312136352  -412.237032492  -412.442949837  -412.251144334
   416.000  -412.443369024  -412.309099288  -412.233601745  -412.443369024  -412.251237637
   416.500  -412.441383900  -412.302798771  -412.227163899  -412.441383900  -412.251226489
   417.000  -412.436860179  -412.293138801  -412.217853425  -412.436860179  -412.251095456
   417.500  -412.431646203  -412.279315137  -412.209942681  -412.431646203  -412.250971383
   418.000  -412.427438343  -412.265745329  -412.205731063  -412.427438343  -412.250669632
   418.500  -412.426235214  -412.258085225  -412.202394555  -412.426235214  -412.250607083
   419.000  -412.429067367  -412.255288474  -412.202501892  -412.429067367  -412.250620958
   419.500  -412.435703764  -412.257014652  -412.206323429  -412.435703764  -412.250718897
   420.000  -412.444672761  -412.261963152  -412.212840651  -412.444672761  -412.250872362
   420.500  -412.453529116  -412.267749025  -412.219468946  -412.453529116  -412.251085152
   421.000  -412.459064938  -412.271402808  -412.222350275  -412.459064938  -412.251294543
   421.500  -412.455395828  -412.280654455  -412.218005668  -412.455395828  -412.248572432
   422.000  -412.446894837  -412.271078129  -412.212297028  -412.446894837  -412.248425485
   422.500  -412.433603248  -412.257439289  -412.201911129  -412.433603248  -412.248292714
   423.000  -412.420744408  -412.244689970  -412.192986414  -412.420744408  -412.247978824
   423.500  -412.413294501  -412.237962375  -412.189970343  -412.413294501  -412.247912513
   424.000  -412.412218153  -412.238171555  -412.193636301  -412.412218153  -412.248077606
   424.500  -412.414727712  -412.242489272  -412.201005387  -412.414727712  -412.248386110
   425.000  -412.415849685  -412.245924146  -412.206974639  -412.415849685  -412.248642318
   425.500  -412.411750617  -412.244537311  -412.208962955  -412.411750617  -412.248978938
   426.000  -412.400826409  -412.236882960  -412.202816855  -412.400826409  -412.248809141
   426.500  -412.385466823  -412.225273932  -412.192100479  -412.385466823  -412.248561770
   427.000  -412.369226123  -412.213223731  -412.180331994  -412.369226123  -412.248338932
   427.500  -412.355452080  -412.203995376  -412.170808360  -412.355452080  -412.248187908
   428.000  -412.346466282  -412.199789193  -412.165790292  -412.346466282  -412.248122710
   428.500  -412.343274138  -412.201469259  -412.166217497  -412.343274138  -412.248146078
   429.000  -412.345493875  -412.208510304  -412.171641785  -412.345493875  -412.248258190
   429.500  -412.351376794  -412.219032710  -412.180251252  -412.351376794  -412.248450430
   430.000  -412.358016697  -412.230019801  -412.189082492  -412.358016697  -412.248682864
   430.500  -412.362073885  -412.238045184  -412.194744788  -412.362073885  -412.248857848
   431.000  -412.361304352  -412.240800879  -412.194945654  -412.361304352  -412.248853193
   431.500  -412.356237387  -412.238770942  -412.190161642  -412.356237387  -412.248669545
   432.000  -412.349959849  -412.235011286  -412.183417825  -412.349959849  -412.248489068
   432.500  -412.345493751  -412.232524332  -412.177669170  -412.345493751  -412.248429587
   433.000  -412.343971179  -412.232435865  -412.173995251  -412.343971179  -412.248452474
   433.500  -412.344955240  -412.234318030  -412.171955945  -412.344955240  -412.248512931
   434.000  -412.347227515  -412.236971954  -412.170417424  -412.347227515  -412.248553453
   434.500  -412.349700520  -412.239327813  -412.168484709  -412.349700520  -412.248567258
   435.000  -412.351693138  -412.240709956  -412.165756438  -412.351693138  -412.248593878
   435.500  -412.352612874  -412.240519287  -412.161944161  -412.352612874  -412.248601405
   436.000  -412.352323347  -412.238542240  -412.157827343  -412.352323347  -412.248509262
   436.500  -412.351855144  -412.235980876  -412.153346303  -412.351855144  -412.248393243
   437.000  -412.352910489  -412.234484347  -412.150858224  -412.352910489  -412.248290046
   437.500  -412.357025109  -412.235659469  -412.151919955  -412.357025109  -412.248253671
   438.000  -412.364729733  -412.240158832  -412.157025279  -412.364729733  -412.248310356
   438.500  -412.375161239  -412.247299554  -412.165216476  -412.375161239  -412.248456643
   439.000  -412.386166391  -412.255164028  -412.174191699  -412.386166391  -412.248647360
   439.500  -412.395069227  -412.261346082  -412.181091839  -412.395069227  -412.248781439
   440.000  -412.400213821  -412.264450687  -412.184078988  -412.400213821  -412.248745307
   440.500  -412.402507083  -412.265580335  -412.183920925  -412.402507083  -412.248552279
   441.000  -412.405032948  -412.267904215  -412.183633786  -412.405032948  -412.248398727
   441.500  -412.410202466  -412.273801952  -412.185637941  -412.410202466  -412.248448230
   442.000  -412.417392986  -412.282538452  -412.189385371  -412.417392986  -412.248647294
   442.500  -412.424406525  -412.287377052  -412.211018679  -412.424406525  -412.249686508
   443.000  -412.426880227  -412.293200245  -412.218267209  -412.426880227  -412.249713202
   443.500  -412.425058430  -412.295090510  -412.221070190  -412.425058430  -412.249639560
   444.000  -412.419747547  -412.293663216  -412.220097779  -412.419747547  -412.249526370
   444.500  -412.412525307  -412.290240396  -412.216896122  -412.412525307  -412.249360169
   445.000  -412.406715646  -412.283340208  -412.218112070  -412.406715646  -412.250224594
   445.500  -412.402887552  -412.283101471  -412.217329051  -412.402887552  -412.250092800
   446.000  -412.403952521  -412.287358243  -412.220720220  -412.403952521  -412.250107145
   446.500  -412.409704589  -412.295790447  -412.228061744  -412.409704589  -412.250233437
   447.000  -412.418275078  -412.306460475  -412.237552467  -412.418275078  -412.250388147
   447.500  -412.427261002  -412.316932219  -412.246923003  -412.427261002  -412.250537266
   448.000  -412.434310622  -412.324850079  -412.253977452  -412.434310622  -412.250680531
   448.500  -412.437299925  -412.328111562  -412.256727175  -412.437299925  -412.250775220
   449.000  -412.435077428  -412.325605908  -412.254112071  -412.435077428  -412.250712979
   449.500  -412.428968424  -412.318707112  -412.247498928  -412.428968424  -412.250440154
   450.000  -412.423254000  -412.311739390  -412.241157758  -412.423254000  -412.250143787
   450.500  -412.422315146  -412.309113639  -412.239396445  -412.422315146  -412.250135586
   451.000  -412.426326270  -412.311025588  -412.242252238  -412.426326270  -412.250436903
   451.500  -412.430959899  -412.313174912  -412.245217205  -412.430959899  -412.250739294
   452.000  -412.431665173  -412.311056435  -412.243556660  -412.431665173  -412.250797075
   452.500  -412.427317211  -412.303615730  -412.235993833  -412.427317211  -412.250632222
   453.000  -412.420135010  -412.293167844  -412.224651316  -412.420135010  -412.250418351
   453.500  -412.413248142  -412.282959172  -412.212637601  -412.413248142  -412.250300499
   454.000  -412.408557783  -412.275011736  -412.201914453  -412.408557783  -412.250286285
   454.500  -412.406534517  -412.269892785  -412.193093513  -412.406534517  -412.250271480
   455.000  -412.407567344  -412.268052175  -412.186778126  -412.407567344  -412.250195463
   455.500  -412.412696292  -412.270631204  -412.184378160  -412.412696292  -412.250177068
   456.000  -412.420862225  -412.279896706  -412.187216075  -412.420862225  -412.248864357
   456.500  -412.433496356  -412.290688828  -412.194009450  -412.433496356  -412.249242776
   457.000  -412.444938110  -412.299890795  -412.199624809  -412.444938110  -412.249529881
   457.500  -412.450973838  -412.303479587  -412.199979978  -412.450973838  -412.249626047
   458.000  -412.450399570  -412.300155656  -412.194136205  -412.450399570  -412.249444137
   458.500  -412.446109589  -412.292706083  -412.185626867  -412.446109589  -412.249142754
   459.000  -412.442609148  -412.286317954  -412.180284128  -412.442609148  -412.249037610
   459.500  -412.443205674  -412.283801689  -412.180220857  -412.443205674  -412.249409290
   460.000  -412.446021030  -412.283045436  -412.182852493  -412.446021030  -412.249677354
   460.500  -412.446793843  -412.280212507  -412.183964066  -412.446793843  -412.249843774
   461.000  -412.442780972  -412.272657444  -412.180742055  -412.442780972  -412.249824752
   461.500  -412.434011304  -412.260498236  -412.173183830  -412.434011304  -412.249668474
   462.000  -412.422702955  -412.246050671  -412.163453715  -412.422702955  -412.249463143
   462.500  -412.411949960  -412.232526727  -412.154561512  -412.411949960  -412.249283727
   463.000  -412.404501826  -412.222806280  -412.149172615  -412.404501826  -412.249195269
   463.500  -412.401720640  -412.218372003  -412.148592259  -412.401720640  -412.249241854
   464.000  -412.402942794  -412.218650037  -412.152135483  -412.402942794  -412.249400894
   464.500  -412.405844127  -412.221362360  -412.157487629  -412.405844127  -412.249577569
   465.000  -412.407816204  -412.223897355  -412.162072001  -412.407816204  -412.249681589
   465.500  -412.407263927  -412.224617024  -412.164338117  -412.407263927  -412.249712408
   466.000  -412.403654535  -412.222921562  -412.163802776  -412.403654535  -412.249744318
   466.500  -412.396606423  -412.218359348  -412.160131144  -412.396606423  -412.249781053
   467.000  -412.385940852  -412.210683931  -412.153178646  -412.385940852  -412.249695568
   467.500  -412.373288483  -412.201452751  -412.144582658  -412.373288483  -412.249451745
   468.000  -412.362319762  -412.194243696  -412.137978972  -412.362319762  -412.249255112
   468.500  -412.355847664  -412.191756816  -412.136104493  -412.355847664  -412.249285068
   469.000  -412.353315875  -412.193313137  -412.138301460  -412.353315875  -412.249469925
   469.500  -412.351761096  -412.195832593  -412.141502874  -412.351761096  -412.249617815
   470.000  -412.348619799  -412.196652293  -412.143053336  -412.348619799  -412.249623173
   470.500  -412.343409344  -412.195208966  -412.142392691  -412.343409344  -412.249520406
   471.000  -412.337382890  -412.192689037  -412.140705964  -412.337382890  -412.249395480
   471.500  -412.332310416  -412.190802741  -412.139699729  -412.332310416  -412.249303153
   472.000  -412.329615542  -412.190916206  -412.140735842  -412.329615542  -412.249251013
   472.500  -412.330189088  -412.193862586  -412.144643537  -412.330189088  -412.249220479
   473.000  -412.334599314  -412.200152746  -412.151928158  -412.334599314  -412.249200259
   473.500  -412.343202596  -412.210090223  -412.162882882  -412.343202596  -412.249217023
   474.000  -412.355730268  -412.223365150  -412.177179265  -412.355730268  -412.249327127
   474.500  -412.370524804  -412.238297206  -412.193111817  -412.370524804  -412.249544379
   475.000  -412.384444649  -412.251741882  -412.207511822  -412.384444649  -412.249774929
   475.500  -412.394285000  -412.260504258  -412.217172671  -412.394285000  -412.249863229
   476.000  -412.399010692  -412.263559043  -412.221077570  -412.399010692  -412.249731509
   476.500  -412.400797930  -412.263080320  -412.221428617  -412.400797930  -412.249488671
   477.000  -412.403385768  -412.262791036  -412.221983972  -412.403385768  -412.249367272
   477.500  -412.408737086  -412.264631568  -412.224715061  -412.408737086  -412.249484453
   478.000  -412.415298391  -412.267031354  -412.228074857  -412.415298391  -412.249722956
   478.500  -412.419563866  -412.266443627  -412.228569166  -412.419563866  -412.249863112
   479.000  -412.419411973  -412.255989244  -412.229754175  -412.419411973  -412.250522397
   479.500  -412.413485440  -412.246979514  -412.223373852  -412.413485440  -412.250359018
   480.000  -412.405047249  -412.237062056  -412.212594898  -412.405047249  -412.250158215
   480.500  -412.397022238  -412.228662797  -412.200984216  -412.397022238  -412.250013304
   481.000  -412.391623898  -412.223454252  -412.191425197  -412.391623898  -412.249952287
   481.500  -412.389848094  -412.222014859  -412.185442006  -412.389848094  -412.249963100
   482.000  -412.391584646  -412.223913253  -412.183305328  -412.391584646  -412.250018826
   482.500  -412.395998278  -412.228034706  -412.184449268  -412.395998278  -412.250091560
   483.000  -412.401937471  -412.232984272  -412.187894666  -412.401937471  -412.250169140
   483.500  -412.408126071  -412.237338844  -412.192455748  -412.408126071  -412.250271222
   484.000  -412.412936850  -412.239486935  -412.196546679  -412.412936850  -412.250434447
   484.500  -412.414048317  -412.237309014  -412.197863415  -412.414048317  -412.250623128
   485.000  -412.409207794  -412.228898543  -412.194128806  -412.409207794  -412.250653433
   485.500  -412.398979307  -412.216331539  -412.184553454  -412.398979307  -412.250467824
   486.000  -412.388176344  -412.202885543  -412.176552791  -412.388176344  -412.250015072
   486.500  -412.383825640  -412.196318898  -412.175615539  -412.383825640  -412.249801895
   487.000  -412.389139278  -412.199904097  -412.184453426  -412.389139278  -412.249994533
   487.500  -412.401130845  -412.210628477  -412.199647414  -412.401130845  -412.250409043
   488.000  -412.413345406  -412.222090191  -412.214323920  -412.413345406  -412.250705576
   488.500  -412.420845860  -412.229577591  -412.223053917  -412.420845860  -412.250711192
   489.000  -412.422916585  -412.232387927  -412.224874560  -412.422916585  -412.250513508
   489.500  -412.422067836  -412.232529737  -412.222587240  -412.422067836  -412.250274531
   490.000  -412.421697970  -412.233048592  -412.219794993  -412.421697970  -412.250096266
   490.500  -412.424460102  -412.236568468  -412.219173592  -412.424460102  -412.250011867
   491.000  -412.431629171  -412.244591804  -412.221995731  -412.431629171  -412.250022472
   491.500  -412.441069856  -412.261308928  -412.227706454  -412.441069856  -412.248465854
   492.000  -412.454647297  -412.276776140  -412.241969539  -412.454647297  -412.248670034
   492.500  -412.467886271  -412.292988963  -412.256971857  -412.467886271  -412.248409117
   493.000  -412.478270653  -412.305319301  -412.267777399  -412.478270653  -412.248631762
   493.500  -412.481866846  -412.310880011  -412.271854797  -412.481866846  -412.248760044
   494.000  -412.476892082  -412.307826000  -412.267542926  -412.476892082  -412.248673580
   494.500  -412.464837448  -412.297599567  -412.256375557  -412.464837448  -412.248384867
   495.000  -412.450072897  -412.284537701  -412.242693080  -412.450072897  -412.248148146
   495.500  -412.436246071  -412.272273326  -412.230068576  -412.436246071  -412.248174851
   496.000  -412.423397206  -412.260852357  -412.218459307  -412.423397206  -412.248316010
   496.500  -412.409809566  -412.248583474  -412.206087205  -412.409809566  -412.248320055
   497.000  -412.395358930  -412.235382576  -412.192802719  -412.395358930  -412.248198459
   497.500  -412.381557617  -412.222810764  -412.180127356  -412.381557617  -412.248112368
   498.000  -412.369531945  -412.212045986  -412.169211779  -412.369531945  -412.248090717
   498.500  -412.359549389  -412.203406647  -412.160337650  -412.359549389  -412.248060660
   499.000  -412.351936883  -412.197264548  -412.153820286  -412.351936883  -412.248000406
   499.500  -412.347431046  -412.194391119  -412.150364901  -412.347431046  -412.247943858
   500.000  -412.346733284  -412.195507446  -412.150636015  -412.346733284  -412.247925401
