 N     7.0   -1.86125561   -0.09933972    0.05373525   14.00307401
 N     7.0    1.77543119    2.25316967    0.03837658   14.00307401
 C     6.0   -0.82513360    2.28839399    0.07585489   12.00000000
 C     6.0    3.31944219    0.11808792   -0.04999586   12.00000000
 C     6.0    2.16036504   -2.10626158   -0.03158309   12.00000000
 C     6.0   -0.57590668   -2.52099867    0.02230549   12.00000000
 O     8.0   -1.77601133   -4.48417752   -0.05262540   15.99491464
 O     8.0   -2.08085959    4.25979896   -0.09051317   15.99491464
 H     1.0   -4.01477050   -0.13892824    0.41734155    1.00782504
 H     1.0    2.59695071    4.14337480    0.11699676    1.00782504
 H     1.0    5.06354138    0.33998081    0.01105763    1.00782504
 H     1.0    3.31177111   -3.73253412    0.26542807    1.00782504
