    0.000324512    0.000010801   -0.000103773
    0.000083681    0.000177144   -0.000066073
    0.000039496   -0.000491435    0.000036818
   -0.000023287    0.000207780    0.000094154
   -0.000217941    0.000163569   -0.000227067
   -0.001009806   -0.000282118    0.000319876
    0.000061027    0.000131910   -0.000104964
    0.000374373    0.000035630    0.000026955
    0.000936616    0.000042027    0.000225908
    0.000142903   -0.001178498   -0.000581273
    0.001315948    0.000839161    0.000410854
   -0.000759021   -0.000460842    0.000627108
