     0.000  -412.519020312  -412.296523710  -412.286387197  -412.286387197  -412.255138716
     0.500  -412.519088479  -412.299672005  -412.287835877  -412.287835877  -412.255151540
     1.000  -412.519752304  -412.305608446  -412.290651108  -412.290651108  -412.255184028
     1.500  -412.520590999  -412.313719655  -412.294363305  -412.294363305  -412.255217211
     2.000  -412.521146723  -412.323304824  -412.298478587  -412.298478587  -412.255235893
     2.500  -412.521121299  -412.333832385  -412.302684775  -412.302684775  -412.255243921
     3.000  -412.520291003  -412.344944347  -412.306792492  -412.306792492  -412.255260007
     3.500  -412.518178548  -412.356212284  -412.310493255  -412.310493255  -412.255273541
     4.000  -412.513987818  -412.366684035  -412.313519603  -412.313519603  -412.255224078
     4.500  -412.507243295  -412.374557100  -412.316052074  -412.316052074  -412.255264376
     5.000  -412.498078281  -412.379158976  -412.317814205  -412.317814205  -412.255297671
     5.500  -412.487281804  -412.381417372  -412.318626652  -412.318626652  -412.255282759
     6.000  -412.476001137  -412.382464383  -412.318786213  -412.318786213  -412.255282576
     6.500  -412.464936071  -412.382792144  -412.318319332  -412.318319332  -412.255313365
     7.000  -412.454122481  -412.382186162  -412.316782727  -412.316782727  -412.255337641
     7.500  -412.443458708  -412.380343602  -412.313811474  -412.313811474  -412.255318023
     8.000  -412.433258102  -412.377466385  -412.309676114  -412.309676114  -412.255254856
     8.500  -412.424307997  -412.374329635  -412.305309466  -412.305309466  -412.255176045
     9.000  -412.417527076  -412.371919575  -412.301900885  -412.301900885  -412.255114644
     9.500  -412.413550066  -412.370986866  -412.300397530  -412.300397530  -412.255092473
    10.000  -412.412452436  -412.371737365  -412.301156538  -412.301156538  -412.255117449
    10.500  -412.413684345  -412.373744564  -412.303825284  -412.303825284  -412.255180673
    11.000  -412.416228896  -412.376093657  -412.307477152  -412.307477152  -412.255258378
    11.500  -412.418978104  -412.377756676  -412.310987364  -412.310987364  -412.255316068
    12.000  -412.421225789  -412.378089353  -412.313549099  -412.313549099  -412.255327141
    12.500  -412.422990452  -412.377158679  -412.315039418  -412.315039418  -412.255299738
    13.000  -412.424842611  -412.375581134  -412.315893448  -412.315893448  -412.255271069
    13.500  -412.427330819  -412.373959142  -412.316573743  -412.316573743  -412.255265587
    14.000  -412.430587434  -412.372494177  -412.317199456  -412.317199456  -412.255276582
    14.500  -412.434375521  -412.371038791  -412.317591262  -412.317591262  -412.255295831
    15.000  -412.438206639  -412.369216364  -412.317375647  -412.317375647  -412.255325581
    15.500  -412.441386201  -412.366465840  -412.316007512  -412.316007512  -412.255351580
    16.000  -412.443264597  -412.362282841  -412.313005058  -412.313005058  -412.255346526
    16.500  -412.443659236  -412.356633291  -412.308359428  -412.308359428  -412.255298732
    17.000  -412.443061705  -412.350155430  -412.302732517  -412.302732517  -412.255221432
    17.500  -412.442462711  -412.343981344  -412.297276870  -412.297276870  -412.255139084
    18.000  -412.442962220  -412.339347161  -412.293250427  -412.293250427  -412.255076017
    18.500  -412.445395679  -412.337223084  -412.291638499  -412.291638499  -412.255046866
    19.000  -412.450080982  -412.338060775  -412.292902563  -412.292902563  -412.255059266
    19.500  -412.456701391  -412.341673705  -412.296855131  -412.296855131  -412.255113067
    20.000  -412.464306794  -412.347230439  -412.302656519  -412.302656519  -412.255201943
    20.500  -412.471451302  -412.353381475  -412.308941105  -412.308941105  -412.255307129
    21.000  -412.476526454  -412.358580098  -412.314142305  -412.314142305  -412.255391667
    21.500  -412.478344611  -412.361657124  -412.317074558  -412.317074558  -412.255407040
    22.000  -412.476851804  -412.362533358  -412.317647516  -412.317647516  -412.255324681
    22.500  -412.473470078  -412.362566523  -412.317213946  -412.317213946  -412.255186049
    23.000  -412.470395885  -412.363862709  -412.317876889  -412.317876889  -412.255103042
    23.500  -412.468962375  -412.367646675  -412.320854908  -412.320854908  -412.255158787
    24.000  -412.468486593  -412.373102136  -412.325317429  -412.325317429  -412.255313174
    24.500  -412.466834736  -412.377921895  -412.328939732  -412.328939732  -412.255453134
    25.000  -412.462065359  -412.379935479  -412.329537080  -412.329537080  -412.255502741
    25.500  -412.453596929  -412.378275282  -412.326242969  -412.326242969  -412.255459389
    26.000  -412.442297514  -412.373486897  -412.319630796  -412.319630796  -412.255359758
    26.500  -412.429926176  -412.367004118  -412.311197807  -412.311197807  -412.255243074
    27.000  -412.418493815  -412.360546036  -412.302760703  -412.302760703  -412.255136631
    27.500  -412.409799345  -412.355677601  -412.296005741  -412.296005741  -412.255057259
    28.000  -412.405141162  -412.353533762  -412.292192881  -412.292192881  -412.255017083
    28.500  -412.405139678  -412.354638179  -412.291950100  -412.291950100  -412.255025123
    29.000  -412.409635968  -412.358793864  -412.295139701  -412.295139701  -412.255082975
    29.500  -412.417694359  -412.365078309  -412.300845079  -412.300845079  -412.255181139
    30.000  -412.427771187  -412.372015143  -412.307543376  -412.307543376  -412.255295206
    30.500  -412.438090806  -412.377955181  -412.313502265  -412.313502265  -412.255389187
    31.000  -412.447180300  -412.381618935  -412.317340917  -412.317340917  -412.255426320
    31.500  -412.454411602  -412.382637037  -412.318585393  -412.318585393  -412.255384331
    32.000  -412.460299871  -412.381833861  -412.317965231  -412.317965231  -412.255279487
    32.500  -412.466204746  -412.380907318  -412.317100512  -412.317100512  -412.255186634
    33.000  -412.473204779  -412.381275330  -412.317358772  -412.317358772  -412.255198215
    33.500  -412.480817430  -412.382766828  -412.318557084  -412.318557084  -412.255314104
    34.000  -412.487046033  -412.383644455  -412.318989177  -412.318989177  -412.255425435
    34.500  -412.489927854  -412.382138801  -412.316953072  -412.316953072  -412.255440561
    35.000  -412.488897801  -412.377809278  -412.312100736  -412.312100736  -412.255362082
    35.500  -412.484850016  -412.371613278  -412.305492061  -412.305492061  -412.255245883
    36.000  -412.479367018  -412.365148055  -412.298820616  -412.298820616  -412.255142998
    36.500  -412.473944789  -412.359889804  -412.293637603  -412.293637603  -412.255080046
    37.000  -412.469557937  -412.356769476  -412.290914554  -412.290914554  -412.255063046
    37.500  -412.466532681  -412.356051654  -412.290918633  -412.290918633  -412.255087261
    38.000  -412.464624627  -412.357413502  -412.293286660  -412.293286660  -412.255137770
    38.500  -412.463234894  -412.360157114  -412.297250066  -412.297250066  -412.255194841
    39.000  -412.461732413  -412.363528402  -412.301959571  -412.301959571  -412.255236056
    39.500  -412.459771517  -412.367033387  -412.306817786  -412.306817786  -412.255253068
    40.000  -412.457380099  -412.370531049  -412.311584437  -412.311584437  -412.255266929
    40.500  -412.454629930  -412.373914286  -412.316063130  -412.316063130  -412.255314257
    41.000  -412.451123195  -412.376606274  -412.319599565  -412.319599565  -412.255396735
    41.500  -412.445989905  -412.377565495  -412.321092289  -412.321092289  -412.255453597
    42.000  -412.438762274  -412.376158182  -412.319870195  -412.319870195  -412.255414436
    42.500  -412.430297948  -412.373082175  -412.316628710  -412.316628710  -412.255300964
    43.000  -412.422394724  -412.369986376  -412.313060850  -412.313060850  -412.255226943
    43.500  -412.416187667  -412.367877972  -412.310270439  -412.310270439  -412.255252992
    44.000  -412.411300894  -412.366281228  -412.307924903  -412.307924903  -412.255311626
    44.500  -412.406771568  -412.364159413  -412.305153833  -412.305153833  -412.255316412
    45.000  -412.402322284  -412.361177539  -412.301782774  -412.301782774  -412.255259802
    45.500  -412.398591821  -412.357921939  -412.298522644  -412.298522644  -412.255188355
    46.000  -412.396537714  -412.355295344  -412.296341894  -412.296341894  -412.255146403
    46.500  -412.396790813  -412.353869904  -412.295809140  -412.295809140  -412.255151727
    47.000  -412.399362853  -412.353600864  -412.296812212  -412.296812212  -412.255195579
    47.500  -412.403747157  -412.353942532  -412.298691658  -412.298691658  -412.255248191
    48.000  -412.409314238  -412.354265195  -412.300688448  -412.300688448  -412.255272233
    48.500  -412.415802098  -412.354367937  -412.302487597  -412.302487597  -412.255247172
    49.000  -412.423547208  -412.354723179  -412.304486104  -412.304486104  -412.255196205
    49.500  -412.433108715  -412.356103415  -412.307423168  -412.307423168  -412.255180098
    50.000  -412.444398198  -412.358695104  -412.311488743  -412.311488743  -412.255245274
    50.500  -412.456070846  -412.361459477  -412.315674311  -412.456070846  -412.255370303
    51.000  -412.475555873  -412.354492264  -412.312008950  -412.312008950  -412.255547517
    51.500  -412.481112059  -412.351522177  -412.309860993  -412.309860993  -412.255533368
    52.000  -412.483845853  -412.346933122  -412.305878571  -412.305878571  -412.255429343
    52.500  -412.485377605  -412.342517634  -412.301704421  -412.301704421  -412.255287695
    53.000  -412.487913885  -412.340634726  -412.299500877  -412.299500877  -412.255205741
    53.500  -412.492732554  -412.342686748  -412.300506931  -412.300506931  -412.255238887
    54.000  -412.499342831  -412.348283687  -412.304259970  -412.304259970  -412.255337214
    54.500  -412.506113261  -412.355813541  -412.309251799  -412.309251799  -412.255421566
    55.000  -412.511472718  -412.363635857  -412.314095260  -412.314095260  -412.255459227
    55.500  -412.514530664  -412.370710491  -412.318069619  -412.318069619  -412.255466659
    56.000  -412.514994915  -412.376568424  -412.320967312  -412.320967312  -412.255461864
    56.500  -412.512933045  -412.381084500  -412.322831830  -412.322831830  -412.255448313
    57.000  -412.508696309  -412.384402570  -412.323886967  -412.323886967  -412.255420787
    57.500  -412.502943229  -412.386956736  -412.324577994  -412.324577994  -412.255382645
    58.000  -412.496539557  -412.389378638  -412.325492225  -412.325492225  -412.255353900
    58.500  -412.490246685  -412.392196474  -412.327061960  -412.327061960  -412.255357991
    59.000  -412.484351483  -412.395468028  -412.329212880  -412.329212880  -412.255405864
    59.500  -412.478494540  -412.398607588  -412.331208900  -412.331208900  -412.255485949
    60.000  -412.471826690  -412.400540922  -412.331833901  -412.331833901  -412.255570169
    60.500  -412.463408266  -412.400109991  -412.329825116  -412.329825116  -412.255628214
    61.000  -412.452638439  -412.396514175  -412.324345652  -412.324345652  -412.255637984
    61.500  -412.439588849  -412.389664647  -412.315352851  -412.315352851  -412.255581138
    62.000  -412.425262918  -412.380456570  -412.303873462  -412.303873462  -412.255448432
    62.500  -412.411692426  -412.370867799  -412.292084776  -412.292084776  -412.255268015
    63.000  -412.401489585  -412.363498841  -412.282817812  -412.282817812  -412.255122708
    63.500  -412.396646123  -412.360349711  -412.278297416  -412.278297416  -412.255099795
    64.000  -412.397347291  -412.361614237  -412.278895023  -412.278895023  -412.255199782
    64.500  -412.402006680  -412.365698706  -412.283116993  -412.283116993  -412.255339510
    65.000  -412.408488677  -412.370437882  -412.288798473  -412.288798473  -412.255439742
    65.500  -412.415297638  -412.374286540  -412.294297027  -412.294297027  -412.255477283
    66.000  -412.421978363  -412.376738158  -412.298920953  -412.298920953  -412.255466416
    66.500  -412.428876927  -412.378113732  -412.302751830  -412.302751830  -412.255434128
    67.000  -412.436640339  -412.379092982  -412.306225079  -412.306225079  -412.255407409
    67.500  -412.445712158  -412.380234129  -412.309699926  -412.309699926  -412.255404103
    68.000  -412.456010716  -412.381656776  -412.313177161  -412.313177161  -412.255426265
    68.500  -412.466908645  -412.383005129  -412.316269246  -412.316269246  -412.255459772
    69.000  -412.477492843  -412.383679233  -412.318415414  -412.318415414  -412.255484863
    69.500  -412.486922588  -412.383166841  -412.319182944  -412.319182944  -412.255490285
    70.000  -412.494652622  -412.381250357  -412.318443297  -412.318443297  -412.255479210
    70.500  -412.500433087  -412.377996667  -412.316338274  -412.316338274  -412.255462034
    71.000  -412.504191411  -412.373632724  -412.313138225  -412.313138225  -412.255443974
    71.500  -412.505971886  -412.368471998  -412.309163531  -412.309163531  -412.255418898
    72.000  -412.506020748  -412.362983870  -412.304859840  -412.304859840  -412.255375233
    72.500  -412.504940162  -412.357929035  -412.300948482  -412.300948482  -412.255312238
    73.000  -412.503661212  -412.354325629  -412.298410972  -412.298410972  -412.255254607
    73.500  -412.503030942  -412.353046694  -412.298104559  -412.298104559  -412.255241702
    74.000  -412.503222189  -412.354257481  -412.300199223  -412.300199223  -412.255286005
    74.500  -412.503563879  -412.357271256  -412.304014478  -412.304014478  -412.255352343
    75.000  -412.503053747  -412.361062198  -412.308518311  -412.308518311  -412.255394635
    75.500  -412.501045916  -412.364922149  -412.312990621  -412.312990621  -412.255402416
    76.000  -412.497460850  -412.368639184  -412.317207135  -412.317207135  -412.255401304
    76.500  -412.492467739  -412.372167101  -412.321101207  -412.321101207  -412.255419711
    77.000  -412.486099779  -412.375242773  -412.324368796  -412.324368796  -412.255460094
    77.500  -412.478201153  -412.377342770  -412.326427698  -412.326427698  -412.255500598
    78.000  -412.468692508  -412.377969596  -412.326720764  -412.326720764  -412.255518295
    78.500  -412.457851646  -412.376965426  -412.325048277  -412.325048277  -412.255504807
    79.000  -412.446368317  -412.374607356  -412.321685055  -412.321685055  -412.255467194
    79.500  -412.435173839  -412.371480739  -412.317268738  -412.317268738  -412.255420589
    80.000  -412.425181940  -412.368257296  -412.312574296  -412.312574296  -412.255379660
    80.500  -412.417060122  -412.365479598  -412.308283710  -412.308283710  -412.255355767
    81.000  -412.411098703  -412.363416847  -412.304811967  -412.304811967  -412.255352893
    81.500  -412.407229249  -412.362048003  -412.302257995  -412.302257995  -412.255362354
    82.000  -412.405233542  -412.361232504  -412.300550763  -412.300550763  -412.255363011
    82.500  -412.405096423  -412.361032093  -412.299762438  -412.299762438  -412.255336838
    83.000  -412.407242691  -412.361931906  -412.300338281  -412.300338281  -412.255296921
    83.500  -412.412298833  -412.364602285  -412.302872949  -412.302872949  -412.255288432
    84.000  -412.420409370  -412.369226747  -412.307455372  -412.307455372  -412.255341948
    84.500  -412.430780258  -412.375066910  -412.313241529  -412.313241529  -412.255433146
    85.000  -412.441991408  -412.380793767  -412.318790496  -412.318790496  -412.255513285
    85.500  -412.452692061  -412.385203107  -412.322775861  -412.322775861  -412.255557832
    86.000  -412.461985984  -412.387608641  -412.324387486  -412.324387486  -412.255569989
    86.500  -412.469426901  -412.387829665  -412.323337102  -412.323337102  -412.255555453
    87.000  -412.474951100  -412.386098754  -412.319789260  -412.319789260  -412.255514984
    87.500  -412.478867301  -412.383011978  -412.314335062  -412.314335062  -412.255453961
    88.000  -412.481785730  -412.379422651  -412.307898438  -412.307898438  -412.255386086
    88.500  -412.484432143  -412.376235804  -412.301525581  -412.301525581  -412.255326646
    89.000  -412.487420714  -412.374177058  -412.296138681  -412.296138681  -412.255287889
    89.500  -412.491074347  -412.373625317  -412.292339883  -412.292339883  -412.255276435
    90.000  -412.495330100  -412.374538580  -412.290306203  -412.290306203  -412.255292849
    90.500  -412.499742424  -412.376471078  -412.289783604  -412.289783604  -412.255331358
    91.000  -412.503598150  -412.378695664  -412.290191906  -412.290191906  -412.255377443
    91.500  -412.506158416  -412.380451039  -412.290863506  -412.290863506  -412.255407805
    92.000  -412.506995946  -412.381289537  -412.291396237  -412.291396237  -412.255400601
    92.500  -412.506298992  -412.381393906  -412.291972692  -412.291972692  -412.255351193
    93.000  -412.504909021  -412.381613689  -412.293397669  -412.293397669  -412.255287539
    93.500  -412.503897787  -412.383031551  -412.296659856  -412.296659856  -412.255260658
    94.000  -412.503807934  -412.386197278  -412.302170177  -412.302170177  -412.255306684
    94.500  -412.504115724  -412.390588021  -412.309232487  -412.309232487  -412.255411309
    95.000  -412.503433091  -412.394800680  -412.316248602  -412.316248602  -412.255519776
    95.500  -412.500310841  -412.397339564  -412.321521198  -412.321521198  -412.255582811
    96.000  -412.494001305  -412.397359053  -412.324013429  -412.324013429  -412.255586652
    96.500  -412.484703304  -412.394892570  -412.323599457  -412.323599457  -412.255548498
    97.000  -412.473319227  -412.390603738  -412.320838231  -412.320838231  -412.255494755
    97.500  -412.461036790  -412.385379181  -412.316582089  -412.316582089  -412.255443921
    98.000  -412.448990616  -412.380017254  -412.311675923  -412.311675923  -412.255403575
    98.500  -412.438083468  -412.375087897  -412.306815344  -412.306815344  -412.255373925
    99.000  -412.428934526  -412.370918685  -412.302519358  -412.302519358  -412.255353455
    99.500  -412.421903127  -412.367643630  -412.299148122  -412.299148122  -412.255340737
   100.000  -412.417153220  -412.365272122  -412.296930337  -412.296930337  -412.255334748
   100.500  -412.414728348  -412.363751979  -412.295984837  -412.295984837  -412.255336462
   101.000  -412.414591828  -412.362992973  -412.296311883  -412.296311883  -412.255348569
   101.500  -412.416614168  -412.362842941  -412.297758577  -412.297758577  -412.255368653
   102.000  -412.420613642  -412.363129748  -412.300068908  -412.300068908  -412.255379544
   102.500  -412.426562227  -412.363881585  -412.303126784  -412.303126784  -412.255364576
   103.000  -412.434712900  -412.365469547  -412.307140836  -412.307140836  -412.255347021
   103.500  -412.445193539  -412.368216608  -412.312290262  -412.312290262  -412.255377005
   104.000  -412.457295934  -412.371685631  -412.318043764  -412.318043764  -412.255462739
   104.500  -412.469396933  -412.374586890  -412.323072812  -412.323072812  -412.255547797
   105.000  -412.479783132  -412.375566166  -412.326037798  -412.326037798  -412.255575430
   105.500  -412.487529784  -412.374043335  -412.326411527  -412.326411527  -412.255538142
   106.000  -412.492700035  -412.370373098  -412.324628191  -412.324628191  -412.255466842
   106.500  -412.495965193  -412.365430995  -412.321662973  -412.321662973  -412.255395402
   107.000  -412.498096176  -412.360069904  -412.318509142  -412.318509142  -412.255345419
   107.500  -412.499611639  -412.354744258  -412.315830109  -412.315830109  -412.255327788
   108.000  -412.500627035  -412.349448946  -412.313809634  -412.313809634  -412.255352052
   108.500  -412.500895702  -412.344056834  -412.312121800  -412.312121800  -412.255398198
   109.000  -412.500098798  -412.338582049  -412.310215611  -412.310215611  -412.255420002
   109.500  -412.498170531  -412.333097458  -412.307832036  -412.307832036  -412.255409715
   110.000  -412.495384037  -412.327819509  -412.305152748  -412.305152748  -412.255387260
   110.500  -412.492150276  -412.323057232  -412.302542370  -412.302542370  -412.255381029
   111.000  -412.488638035  -412.318880267  -412.300133617  -412.300133617  -412.255403478
   111.500  -412.484620781  -412.314978444  -412.297657940  -412.297657940  -412.255428303
   112.000  -412.479860482  -412.311048940  -412.294823077  -412.294823077  -412.255413277
   112.500  -412.474694873  -412.307376730  -412.291899355  -412.291899355  -412.255350831
   113.000  -412.470130060  -412.304926365  -412.289816730  -412.289816730  -412.255284263
   113.500  -412.467205109  -412.304701662  -412.289539571  -412.289539571  -412.255269741
   114.000  -412.466184046  -412.306934193  -412.291271043  -412.291271043  -412.255318787
   114.500  -412.466378620  -412.310902950  -412.294284615  -412.294284615  -412.255389778
   115.000  -412.466719469  -412.315497168  -412.297497336  -412.297497336  -412.255437211
   115.500  -412.466421479  -412.319873354  -412.300130760  -412.300130760  -412.255448641
   116.000  -412.465204751  -412.323668054  -412.301926082  -412.301926082  -412.255438578
   116.500  -412.463124040  -412.326823908  -412.302963778  -412.302963778  -412.255424601
   117.000  -412.460320918  -412.329346708  -412.303402890  -412.303402890  -412.255415529
   117.500  -412.456901126  -412.331204202  -412.303341391  -412.303341391  -412.255410790
   118.000  -412.452965758  -412.332389063  -412.302836632  -412.302836632  -412.255402575
   118.500  -412.448724092  -412.333046093  -412.302025836  -412.302025836  -412.255381709
   119.000  -412.444568235  -412.333520208  -412.301223539  -412.301223539  -412.255354140
   119.500  -412.440981753  -412.334260714  -412.300841031  -412.300841031  -412.255336016
   120.000  -412.438291777  -412.335561729  -412.301143822  -412.301143822  -412.255344569
   120.500  -412.436425197  -412.337323452  -412.302004617  -412.302004617  -412.255381754
   121.000  -412.434885433  -412.339028654  -412.302875101  -412.302875101  -412.255430512
   121.500  -412.433027993  -412.340019575  -412.303055474  -412.303055474  -412.255459847
   122.000  -412.430545453  -412.339983263  -412.302174260  -412.302174260  -412.255438255
   122.500  -412.427904135  -412.339378320  -412.300626210  -412.300626210  -412.255364749
   123.000  -412.426302936  -412.339386594  -412.299538457  -412.299538457  -412.255289419
   123.500  -412.426924106  -412.341167269  -412.300034725  -412.300034725  -412.255275391
   124.000  -412.430022616  -412.344951744  -412.302342516  -412.302342516  -412.255329991
   124.500  -412.434790758  -412.349915165  -412.305671883  -412.305671883  -412.255401876
   125.000  -412.440072359  -412.354900943  -412.308929229  -412.308929229  -412.255442855
   125.500  -412.445076714  -412.359137807  -412.311423902  -412.311423902  -412.255446435
   126.000  -412.449531336  -412.362392655  -412.313008464  -412.313008464  -412.255431612
   126.500  -412.453448926  -412.364737856  -412.313833038  -412.313833038  -412.255415530
   127.000  -412.456887819  -412.366310699  -412.314095704  -412.314095704  -412.255403658
   127.500  -412.459875703  -412.367235439  -412.313956911  -412.313956911  -412.255392191
   128.000  -412.462457789  -412.367667322  -412.313584797  -412.313584797  -412.255376900
   128.500  -412.464759621  -412.367849935  -412.313215357  -412.313215357  -412.255358254
   129.000  -412.466972618  -412.368094166  -412.313138752  -412.313138752  -412.255343702
   129.500  -412.469233668  -412.368651589  -412.313579472  -412.313579472  -412.255345551
   130.000  -412.471437886  -412.369521556  -412.314508064  -412.314508064  -412.255374953
   130.500  -412.473086460  -412.370297790  -412.315484624  -412.315484624  -412.255431808
   131.000  -412.473310014  -412.370187971  -412.315675114  -412.315675114  -412.255498257
   131.500  -412.471162833  -412.368307697  -412.314139162  -412.314139162  -412.255539699
   132.000  -412.466170533  -412.364222300  -412.310367745  -412.310367745  -412.255515125
   132.500  -412.458911028  -412.358525260  -412.304868531  -412.304868531  -412.255409754
   133.000  -412.451159148  -412.352982746  -412.299321404  -412.299321404  -412.255272594
   133.500  -412.445094385  -412.349741910  -412.295805789  -412.295805789  -412.255202300
   134.000  -412.441878802  -412.349910271  -412.295391889  -412.295391889  -412.255248609
   134.500  -412.440957587  -412.352852196  -412.297442291  -412.297442291  -412.255356462
   135.000  -412.440835976  -412.356960887  -412.300370553  -412.300370553  -412.255437972
   135.500  -412.440342918  -412.360917825  -412.302893546  -412.302893546  -412.255460010
   136.000  -412.439178661  -412.364246875  -412.304580093  -412.304580093  -412.255440260
   136.500  -412.437704381  -412.367116842  -412.305656769  -412.305656769  -412.255405809
   137.000  -412.436531533  -412.369946463  -412.306620092  -412.306620092  -412.255372655
   137.500  -412.436243837  -412.373140440  -412.307977390  -412.307977390  -412.255347523
   138.000  -412.437265778  -412.376967669  -412.310121725  -412.310121725  -412.255334375
   138.500  -412.439794210  -412.381496009  -412.313255186  -412.313255186  -412.255337211
   139.000  -412.443756108  -412.386549210  -412.317324305  -412.317324305  -412.255357551
   139.500  -412.448808563  -412.391702719  -412.321993889  -412.321993889  -412.255394131
   140.000  -412.454384189  -412.396326602  -412.326669896  -412.326669896  -412.255444962
   140.500  -412.459742979  -412.399639016  -412.330543179  -412.330543179  -412.255507477
   141.000  -412.464027105  -412.400765572  -412.332655549  -412.332655549  -412.255571528
   141.500  -412.466427724  -412.398916255  -412.332094869  -412.332094869  -412.255607287
   142.000  -412.466620931  -412.393829373  -412.328466938  -412.328466938  -412.255567467
   142.500  -412.465386886  -412.386390298  -412.322549945  -412.322549945  -412.255432382
   143.000  -412.464758791  -412.378771579  -412.316465131  -412.316465131  -412.255274147
   143.500  -412.466876348  -412.373265625  -412.312539807  -412.312539807  -412.255227350
   144.000  -412.472100380  -412.370367590  -412.311416122  -412.311416122  -412.255327563
   144.500  -412.478540055  -412.368257019  -412.311562335  -412.311562335  -412.255457288
   145.000  -412.483689683  -412.364394900  -412.310880592  -412.310880592  -412.255499982
   145.500  -412.486196104  -412.357367598  -412.308397434  -412.308397434  -412.255465972
   146.000  -412.486181243  -412.347542800  -412.304363492  -412.304363492  -412.255419835
   146.500  -412.484612266  -412.336412020  -412.299521408  -412.299521408  -412.255364903
   147.000  -412.482638641  -412.325388184  -412.294751864  -412.294751864  -412.255319434
   147.500  -412.481133294  -412.315410578  -412.290777880  -412.290777880  -412.255299071
   148.000  -412.480550129  -412.307067939  -412.287961740  -412.287961740  -412.255300671
   148.500  -412.481041933  -412.300801038  -412.286350459  -412.286350459  -412.255314431
   149.000  -412.482668443  -412.297106336  -412.285850713  -412.285850713  -412.255322083
   149.500  -412.485537224  -412.296491544  -412.286541068  -412.286541068  -412.255290610
   150.000  -412.489738372  -412.298991842  -412.288959527  -412.288959527  -412.255269003
   150.500  -412.495007228  -412.304004873  -412.293402031  -412.293402031  -412.255331118
   151.000  -412.500443287  -412.310579329  -412.298973275  -412.298973275  -412.255460777
   151.500  -412.504648345  -412.317517379  -412.303806473  -412.303806473  -412.255576300
   152.000  -412.506375900  -412.323608809  -412.306245434  -412.306245434  -412.255599643
   152.500  -412.505460872  -412.328438828  -412.306022374  -412.306022374  -412.255506435
   153.000  -412.503340117  -412.333134331  -412.304615177  -412.304615177  -412.255351733
   153.500  -412.502266377  -412.339769151  -412.304324480  -412.304324480  -412.255274044
   154.000  -412.503335606  -412.349582367  -412.306257542  -412.306257542  -412.255364602
   154.500  -412.505263371  -412.362261011  -412.309189148  -412.309189148  -412.255382412
   155.000  -412.505893329  -412.374126783  -412.313185636  -412.313185636  -412.255391476
   155.500  -412.504225791  -412.381862043  -412.318012468  -412.318012468  -412.255566779
   156.000  -412.499703300  -412.386473358  -412.321479943  -412.321479943  -412.255580135
   156.500  -412.492821814  -412.388805918  -412.323308399  -412.323308399  -412.255555852
   157.000  -412.484477472  -412.389624309  -412.323819771  -412.323819771  -412.255531216
   157.500  -412.475513160  -412.389514562  -412.323376064  -412.323376064  -412.255512994
   158.000  -412.466600980  -412.388877661  -412.322268244  -412.322268244  -412.255495746
   158.500  -412.458279646  -412.388015270  -412.320775156  -412.320775156  -412.255475655
   159.000  -412.450992936  -412.387196134  -412.319212568  -412.319212568  -412.255455261
   159.500  -412.445051247  -412.386628164  -412.317889756  -412.317889756  -412.255444252
   160.000  -412.440517080  -412.386341593  -412.316967610  -412.316967610  -412.255454839
   160.500  -412.437072441  -412.386040949  -412.316282189  -412.316282189  -412.255495523
   161.000  -412.433961057  -412.385027829  -412.315237063  -412.315237063  -412.255562039
   161.500  -412.430134856  -412.382326245  -412.312904924  -412.312904924  -412.255626115
   162.000  -412.424751183  -412.377161332  -412.308494733  -412.308494733  -412.255630680
   162.500  -412.418036526  -412.369810939  -412.302204367  -412.302204367  -412.255518841
   163.000  -412.412004075  -412.362317077  -412.295950140  -412.295950140  -412.255318875
   163.500  -412.409848694  -412.357885436  -412.292791138  -412.292791138  -412.255187532
   164.000  -412.413609688  -412.358562865  -412.294639207  -412.294639207  -412.255259164
   164.500  -412.422313418  -412.363399214  -412.300433026  -412.300433026  -412.255458776
   165.000  -412.432970735  -412.369451185  -412.307152012  -412.307152012  -412.255613363
   165.500  -412.443033215  -412.374234150  -412.312268195  -412.312268195  -412.255652814
   166.000  -412.451559845  -412.376887810  -412.314908893  -412.314908893  -412.255614035
   166.500  -412.458809706  -412.377766540  -412.315450979  -412.315450979  -412.255552862
   167.000  -412.465443757  -412.377639761  -412.314721465  -412.314721465  -412.255499226
   167.500  -412.472034679  -412.377207446  -412.313510151  -412.313510151  -412.255460697
   168.000  -412.478923733  -412.376957564  -412.312419098  -412.312419098  -412.255434257
   168.500  -412.486238640  -412.377186244  -412.311874013  -412.311874013  -412.255415974
   169.000  -412.493935042  -412.378038994  -412.312156984  -412.312156984  -412.255406852
   169.500  -412.501803154  -412.379514089  -412.313391685  -412.313391685  -412.255410562
   170.000  -412.509431054  -412.381416729  -412.315482900  -412.315482900  -412.255433432
   170.500  -412.516156043  -412.383296210  -412.318032002  -412.318032002  -412.255480548
   171.000  -412.521054054  -412.384418489  -412.320286952  -412.320286952  -412.255549102
   171.500  -412.523051411  -412.383859854  -412.321224436  -412.321224436  -412.255618281
   172.000  -412.521287925  -412.380855129  -412.319907755  -412.319907755  -412.255640555
   172.500  -412.515800594  -412.375474085  -412.316199732  -412.316199732  -412.255562387
   173.000  -412.508173284  -412.369277928  -412.311463641  -412.311463641  -412.255396682
   173.500  -412.501135532  -412.364932172  -412.308219633  -412.308219633  -412.255278795
   174.000  -412.496574391  -412.364234023  -412.308184026  -412.308184026  -412.255338372
   174.500  -412.493753004  -412.366322587  -412.310490745  -412.310490745  -412.255520855
   175.000  -412.490092051  -412.368442206  -412.312438307  -412.312438307  -412.255660561
   175.500  -412.483526063  -412.368283345  -412.311811330  -412.311811330  -412.255678942
   176.000  -412.473769507  -412.365255208  -412.308129493  -412.308129493  -412.255608301
   176.500  -412.461967809  -412.360163055  -412.302306886  -412.302306886  -412.255508514
   177.000  -412.449819124  -412.354371965  -412.295801510  -412.295801510  -412.255417550
   177.500  -412.438939292  -412.349208609  -412.290013733  -412.290013733  -412.255349259
   178.000  -412.430574750  -412.345699329  -412.286028394  -412.286028394  -412.255305810
   178.500  -412.425523700  -412.344503345  -412.284550504  -412.284550504  -412.255286543
   179.000  -412.424136459  -412.345915128  -412.285903582  -412.285903582  -412.255290585
   179.500  -412.426323920  -412.349862372  -412.290028608  -412.290028608  -412.255320205
   180.000  -412.431541060  -412.355878048  -412.296452640  -412.296452640  -412.255380198
   180.500  -412.438748115  -412.363050457  -412.304235753  -412.304235753  -412.255473180
   181.000  -412.446410329  -412.370009977  -412.311960479  -412.311960479  -412.255590056
   181.500  -412.452691477  -412.375107480  -412.317916339  -412.317916339  -412.255695279
   182.000  -412.456057525  -412.377002904  -412.320690675  -412.320690675  -412.255720472
   182.500  -412.456291212  -412.375660436  -412.320170643  -412.320170643  -412.255610402
   183.000  -412.455170187  -412.373009234  -412.318213200  -412.318213200  -412.255424068
   183.500  -412.455460745  -412.371928989  -412.317640326  -412.317640326  -412.255340546
   184.000  -412.458365913  -412.373699025  -412.319700681  -412.319700681  -412.255448713
   184.500  -412.462293328  -412.376774025  -412.322852281  -412.322852281  -412.255621563
   185.000  -412.464562311  -412.378498021  -412.324473688  -412.324473688  -412.255704597
   185.500  -412.463647481  -412.377356144  -412.323101168  -412.323101168  -412.255675136
   186.000  -412.459684426  -412.373484662  -412.318926933  -412.318926933  -412.255592562
   186.500  -412.453712940  -412.367918220  -412.313036177  -412.313036177  -412.255509813
   187.000  -412.446888371  -412.361803004  -412.306616238  -412.306616238  -412.255447782
   187.500  -412.440133694  -412.356051955  -412.300605755  -412.300605755  -412.255404222
   188.000  -412.434136599  -412.351341688  -412.295691650  -412.295691650  -412.255369406
   188.500  -412.429474848  -412.348237324  -412.292434268  -412.292434268  -412.255336761
   189.000  -412.426694470  -412.347268855  -412.291348212  -412.291348212  -412.255310819
   189.500  -412.426230347  -412.348851057  -412.292824667  -412.292824667  -412.255308347
   190.000  -412.428147438  -412.353024186  -412.296874706  -412.296874706  -412.255351597
   190.500  -412.431812999  -412.359126600  -412.302804629  -412.302804629  -412.255453754
   191.000  -412.435745387  -412.365643132  -412.309061338  -412.309061338  -412.255598530
   191.500  -412.437911204  -412.370498350  -412.313528801  -412.313528801  -412.255730391
   192.000  -412.436615492  -412.371943779  -412.314415324  -412.314415324  -412.255761944
   192.500  -412.431784692  -412.369837943  -412.311540512  -412.311540512  -412.255629475
   193.000  -412.425749124  -412.366430562  -412.307130816  -412.307130816  -412.255398595
   193.500  -412.422097827  -412.365224753  -412.304694855  -412.304694855  -412.255274209
   194.000  -412.422725558  -412.368030425  -412.306090742  -412.306090742  -412.255371599
   194.500  -412.426241227  -412.373373169  -412.309935056  -412.309935056  -412.255559796
   195.000  -412.429749683  -412.378266855  -412.313362097  -412.313362097  -412.255663200
   195.500  -412.431424784  -412.380777979  -412.314565671  -412.314565671  -412.255648956
   196.000  -412.431195173  -412.380707636  -412.313466501  -412.313466501  -412.255577936
   196.500  -412.429980177  -412.378833823  -412.310941697  -412.310941697  -412.255506697
   197.000  -412.428857173  -412.376087921  -412.307989182  -412.307989182  -412.255456209
   197.500  -412.428700909  -412.373207572  -412.305372100  -412.305372100  -412.255423086
   198.000  -412.430179831  -412.370751701  -412.303631167  -412.303631167  -412.255397643
   198.500  -412.433827911  -412.369195738  -412.303191041  -412.303191041  -412.255380499
   199.000  -412.439967463  -412.368883034  -412.304326859  -412.304326859  -412.255386536
   199.500  -412.448439561  -412.369780161  -412.306935687  -412.306935687  -412.255432311
   200.000  -412.458348663  -412.371232941  -412.310300892  -412.310300892  -412.255517553
   200.500  -412.468102539  -412.371998550  -412.313116912  -412.313116912  -412.255619965
   201.000  -412.475807812  -412.370604159  -412.313843912  -412.313843912  -412.255705868
   201.500  -412.479882025  -412.365887830  -412.311270124  -412.311270124  -412.255727883
   202.000  -412.479818064  -412.357604106  -412.305274224  -412.305274224  -412.255609225
   202.500  -412.477047307  -412.346705067  -412.297978697  -412.297978697  -412.255158379
   203.000  -412.474530261  -412.335128181  -412.294306837  -412.294306837  -412.255423639
   203.500  -412.474644701  -412.328476738  -412.294814414  -412.294814414  -412.255365136
   204.000  -412.478687230  -412.327846153  -412.299475051  -412.299475051  -412.255499567
   204.500  -412.484675019  -412.330742334  -412.306308322  -412.306308322  -412.255707304
   205.000  -412.489373215  -412.333773733  -412.312139611  -412.312139611  -412.255826618
   205.500  -412.490670656  -412.334728461  -412.314941612  -412.314941612  -412.255831078
   206.000  -412.488175048  -412.333111584  -412.314396197  -412.314396197  -412.255773271
   206.500  -412.482596058  -412.329542400  -412.311230461  -412.311230461  -412.255700367
   207.000  -412.475054413  -412.325075532  -412.306513167  -412.306513167  -412.255629777
   207.500  -412.466725182  -412.320823210  -412.301338059  -412.301338059  -412.255563219
   208.000  -412.458706389  -412.317797522  -412.296746902  -412.296746902  -412.255503723
   208.500  -412.451923595  -412.316806419  -412.293653867  -412.293653867  -412.255461118
   209.000  -412.447002299  -412.318342043  -412.292697487  -412.292697487  -412.255443849
   209.500  -412.444181278  -412.322508152  -412.294121317  -412.294121317  -412.255453468
   210.000  -412.443316251  -412.329028227  -412.297755343  -412.297755343  -412.255489657
   210.500  -412.443903924  -412.337265104  -412.303031372  -412.303031372  -412.255555266
   211.000  -412.445065104  -412.346194046  -412.308966412  -412.308966412  -412.255649564
   211.500  -412.445602243  -412.354454594  -412.314222905  -412.314222905  -412.255749193
   212.000  -412.444388844  -412.360742760  -412.317503129  -412.317503129  -412.255795750
   212.500  -412.441199257  -412.364645038  -412.318392109  -412.318392109  -412.255729264
   213.000  -412.437447462  -412.367390170  -412.318118813  -412.318118813  -412.255577398
   213.500  -412.435609720  -412.371292929  -412.319011528  -412.319011528  -412.255490416
   214.000  -412.437012075  -412.377557518  -412.322327818  -412.322327818  -412.255580056
   214.500  -412.440275546  -412.384730760  -412.326725115  -412.326725115  -412.255757808
   215.000  -412.442552013  -412.389934811  -412.329474654  -412.329474654  -412.255861885
   215.500  -412.441896072  -412.391223303  -412.328777989  -412.328777989  -412.255843797
   216.000  -412.438184537  -412.388486893  -412.324626816  -412.324626816  -412.255753782
   216.500  -412.432531015  -412.382859371  -412.318184554  -412.318184554  -412.255652768
   217.000  -412.426398916  -412.375830808  -412.310893678  -412.310893678  -412.255573733
   217.500  -412.421045194  -412.368693857  -412.303938228  -412.303938228  -412.255524693
   218.000  -412.417320168  -412.362348022  -412.298077270  -412.298077270  -412.255499296
   218.500  -412.415701838  -412.357337765  -412.293712465  -412.293712465  -412.255485770
   219.000  -412.416431423  -412.353990564  -412.291049096  -412.291049096  -412.255476585
   219.500  -412.419612697  -412.352514601  -412.290206031  -412.290206031  -412.255473759
   220.000  -412.425185104  -412.352970596  -412.291189872  -412.291189872  -412.255488088
   220.500  -412.432790451  -412.355131359  -412.293748804  -412.293748804  -412.255530658
   221.000  -412.441627871  -412.358335324  -412.297218615  -412.297218615  -412.255603874
   221.500  -412.450465506  -412.361491690  -412.300519663  -412.300519663  -412.255688689
   222.000  -412.457989448  -412.363423727  -412.302489384  -412.302489384  -412.255735426
   222.500  -412.463556489  -412.363615800  -412.302626810  -412.302626810  -412.255686478
   223.000  -412.467974963  -412.362990442  -412.301870729  -412.301870729  -412.255544206
   223.500  -412.473323679  -412.363731136  -412.302431757  -412.302431757  -412.255422961
   224.000  -412.481232315  -412.367571709  -412.306092313  -412.306092313  -412.255450014
   224.500  -412.491099881  -412.374021982  -412.312432994  -412.312432994  -412.255600578
   225.000  -412.500448828  -412.380720181  -412.319165112  -412.319165112  -412.255738233
   225.500  -412.506889046  -412.385386252  -412.324055275  -412.324055275  -412.255782243
   226.000  -412.509394172  -412.387084384  -412.326179594  -412.326179594  -412.255749787
   226.500  -412.508198144  -412.386106623  -412.325809221  -412.325809221  -412.255687525
   227.000  -412.504147325  -412.383314846  -412.323769028  -412.323769028  -412.255625459
   227.500  -412.498211746  -412.379642515  -412.320961560  -412.320961560  -412.255573703
   228.000  -412.491268364  -412.375871727  -412.318165868  -412.318165868  -412.255534885
   228.500  -412.484031142  -412.372561841  -412.315974781  -412.315974781  -412.255509266
   229.000  -412.477015976  -412.370019784  -412.314769055  -412.314769055  -412.255499014
   229.500  -412.470500182  -412.368278919  -412.314677568  -412.314677568  -412.255508964
   230.000  -412.464471922  -412.367087990  -412.315512918  -412.315512918  -412.255543996
   230.500  -412.458589853  -412.365907427  -412.316709798  -412.316709798  -412.255606835
   231.000  -412.452189625  -412.363931621  -412.317326189  -412.317326189  -412.255687988
   231.500  -412.444397815  -412.360178671  -412.316203119  -412.316203119  -412.255763948
   232.000  -412.434442515  -412.353780739  -412.312331056  -412.312331056  -412.255795496
   232.500  -412.422238504  -412.344570228  -412.305455278  -412.305455278  -412.255734016
   233.000  -412.409089764  -412.333791284  -412.296768506  -412.296768506  -412.255563395
   233.500  -412.397809938  -412.324217040  -412.289016291  -412.289016291  -412.255368402
   234.000  -412.391390972  -412.318810858  -412.285153789  -412.285153789  -412.255303566
   234.500  -412.390835324  -412.318554927  -412.286165650  -412.286165650  -412.255415037
   235.000  -412.394533281  -412.321819018  -412.290431438  -412.290431438  -412.255580326
   235.500  -412.399961267  -412.326052306  -412.295412739  -412.295412739  -412.255672991
   236.000  -412.405545146  -412.329643482  -412.299513326  -412.299513326  -412.255676273
   236.500  -412.411044570  -412.332313722  -412.302469008  -412.302469008  -412.255636743
   237.000  -412.416934677  -412.334510044  -412.304742214  -412.304742214  -412.255596592
   237.500  -412.423754318  -412.336762521  -412.306883163  -412.306883163  -412.255573606
   238.000  -412.431789155  -412.339379189  -412.309224657  -412.309224657  -412.255568192
   238.500  -412.441026856  -412.342407443  -412.311844130  -412.311844130  -412.255573766
   239.000  -412.451229220  -412.345706310  -412.314640504  -412.314640504  -412.255584930
   239.500  -412.462017311  -412.349033017  -412.317416029  -412.317416029  -412.255597873
   240.000  -412.472929305  -412.352087035  -412.319927009  -412.319927009  -412.255613606
   240.500  -412.483435798  -412.354517769  -412.321883687  -412.321883687  -412.255635549
   241.000  -412.492924792  -412.355899593  -412.322915958  -412.322915958  -412.255666888
   241.500  -412.500699347  -412.355725641  -412.322549200  -412.322549200  -412.255702928
   242.000  -412.506098029  -412.353525996  -412.320303946  -412.320303946  -412.255720860
   242.500  -412.508859186  -412.349220909  -412.316049072  -412.316049072  -412.255684345
   243.000  -412.509624588  -412.343606367  -412.310506906  -412.310506906  -412.255579258
   243.500  -412.510027028  -412.338422409  -412.305359627  -412.305359627  -412.255463990
   244.000  -412.511773981  -412.335441559  -412.302348474  -412.302348474  -412.255436553
   244.500  -412.515238421  -412.335070160  -412.301880515  -412.301880515  -412.255521810
   245.000  -412.519116642  -412.336020310  -412.302689655  -412.302689655  -412.255634456
   245.500  -412.521605068  -412.336486505  -412.303013668  -412.303013668  -412.255687077
   246.000  -412.521703244  -412.335454937  -412.301889517  -412.301889517  -412.255666281
   246.500  -412.519514672  -412.333005020  -412.299443226  -412.299443226  -412.255608967
   247.000  -412.515780012  -412.329838943  -412.296408816  -412.296408816  -412.255553715
   247.500  -412.511327802  -412.326726910  -412.293565910  -412.293565910  -412.255518472
   248.000  -412.506783226  -412.324212224  -412.291449483  -412.291449483  -412.255502092
   248.500  -412.502530788  -412.322577653  -412.290330772  -412.290330772  -412.255495377
   249.000  -412.498804714  -412.321944967  -412.290328509  -412.290328509  -412.255492642
   249.500  -412.495776022  -412.322368354  -412.291497285  -412.291497285  -412.255493955
   250.000  -412.493528578  -412.323815536  -412.293810375  -412.293810375  -412.255509385
   250.500  -412.491924723  -412.326037911  -412.297021420  -412.297021420  -412.255548846
   251.000  -412.490472766  -412.328442365  -412.300531880  -412.300531880  -412.255610893
   251.500  -412.488362018  -412.330128144  -412.303426633  -412.303426633  -412.255677695
   252.000  -412.484739254  -412.330163569  -412.304752913  -412.304752913  -412.255718999
   252.500  -412.479164911  -412.328041196  -412.303980845  -412.303980845  -412.255702615
   253.000  -412.472069177  -412.324131305  -412.301464462  -412.301464462  -412.255618405
   253.500  -412.464843940  -412.319770006  -412.298534749  -412.298534749  -412.255509861
   254.000  -412.459165836  -412.316576322  -412.296819268  -412.296819268  -412.255460218
   254.500  -412.455833672  -412.315282818  -412.297066940  -412.297066940  -412.255505002
   255.000  -412.454273722  -412.315235667  -412.298648175  -412.298648175  -412.255590969
   255.500  -412.453276164  -412.315132401  -412.300286480  -412.300286480  -412.255645229
   256.000  -412.452039772  -412.314072322  -412.301103841  -412.301103841  -412.255646425
   256.500  -412.450523456  -412.311919056  -412.300979664  -412.300979664  -412.255618680
   257.000  -412.449155114  -412.309021690  -412.300259000  -412.300259000  -412.255588915
   257.500  -412.448432642  -412.305830507  -412.299360867  -412.299360867  -412.255568890
   258.000  -412.448733088  -412.302724163  -412.298589137  -412.298589137  -412.255557756
   258.500  -412.450319561  -412.300065496  -412.298118988  -412.298118988  -412.255564599
   259.000  -412.453442237  -412.298735934  -412.297726380  -412.298735934  -412.255545943
   259.500  -412.458054392  -412.299301566  -412.296833780  -412.299301566  -412.255728781
   260.000  -412.464251311  -412.300799121  -412.297000039  -412.300799121  -412.255746786
   260.500  -412.471678468  -412.302839385  -412.298328177  -412.302839385  -412.255778240
   261.000  -412.479677521  -412.304922485  -412.300499247  -412.304922485  -412.255823284
   261.500  -412.487342844  -412.306347532  -412.302916059  -412.306347532  -412.255863550
   262.000  -412.493775127  -412.306582931  -412.304787146  -412.306582931  -412.255745001
   262.500  -412.498792030  -412.307615156  -412.304222718  -412.307615156  -412.255708830
   263.000  -412.503745985  -412.312199724  -412.302003627  -412.302003627  -412.255747946
   263.500  -412.507971834  -412.318071728  -412.299925575  -412.299925575  -412.255656269
   264.000  -412.512134465  -412.325094525  -412.298848594  -412.298848594  -412.255607040
   264.500  -412.516676550  -412.333607956  -412.299459820  -412.299459820  -412.255640969
   265.000  -412.521242914  -412.343076906  -412.301328747  -412.301328747  -412.255722873
   265.500  -412.524895137  -412.352372015  -412.303306100  -412.303306100  -412.255799794
   266.000  -412.526740784  -412.360590688  -412.304230980  -412.304230980  -412.255882535
   266.500  -412.525083234  -412.374714799  -412.298918049  -412.298918049  -412.248597979
   267.000  -412.522303996  -412.380126854  -412.303269813  -412.303269813  -412.248663027
   267.500  -412.517378940  -412.384122710  -412.307797826  -412.307797826  -412.248686641
   268.000  -412.510587740  -412.386900294  -412.312232369  -412.312232369  -412.248708896
   268.500  -412.502330898  -412.388595412  -412.316300934  -412.316300934  -412.248724575
   269.000  -412.493065276  -412.389372794  -412.319793709  -412.319793709  -412.248731612
   269.500  -412.483257858  -412.389414462  -412.322594267  -412.322594267  -412.248737922
   270.000  -412.473252541  -412.388812817  -412.324578234  -412.324578234  -412.248754173
   270.500  -412.463107151  -412.387423695  -412.325464042  -412.325464042  -412.248784778
   271.000  -412.452552012  -412.384833057  -412.324763720  -412.324763720  -412.248820487
   271.500  -412.441152703  -412.380519754  -412.321928242  -412.321928242  -412.248842604
   272.000  -412.428623127  -412.374159339  -412.316635170  -412.316635170  -412.248831805
   272.500  -412.415149041  -412.365936816  -412.309086716  -412.309086716  -412.248775948
   273.000  -412.401570855  -412.356713607  -412.300176941  -412.300176941  -412.248682576
   273.500  -412.389268533  -412.347904816  -412.291365187  -412.291365187  -412.248582239
   274.000  -412.379677675  -412.340983942  -412.284193624  -412.284193624  -412.248518443
   274.500  -412.373658750  -412.336851036  -412.279651734  -412.279651734  -412.248511193
   275.000  -412.371198917  -412.335526207  -412.277871213  -412.277871213  -412.248544118
   275.500  -412.371671140  -412.336405656  -412.278358198  -412.278358198  -412.248583907
   276.000  -412.374313741  -412.338733154  -412.280455478  -412.280455478  -412.248617394
   276.500  -412.378501805  -412.341871319  -412.283583463  -412.283583463  -412.248644812
   277.000  -412.383765317  -412.345318720  -412.287256949  -412.287256949  -412.248668627
   277.500  -412.389786360  -412.348713398  -412.291079477  -412.291079477  -412.248681608
   278.000  -412.396470313  -412.351911589  -412.294836005  -412.294836005  -412.248678373
   278.500  -412.404001149  -412.355055061  -412.298569108  -412.298569108  -412.248661458
   279.000  -412.412757387  -412.358501807  -412.302527095  -412.302527095  -412.248643852
   279.500  -412.423081996  -412.362610056  -412.306963717  -412.306963717  -412.248642582
   280.000  -412.435000721  -412.367474906  -412.311884496  -412.311884496  -412.248668054
   280.500  -412.448037690  -412.372746431  -412.316883104  -412.316883104  -412.248719864
   281.000  -412.461225254  -412.377644347  -412.321159084  -412.321159084  -412.248784484
   281.500  -412.473318910  -412.381161400  -412.323729403  -412.323729403  -412.248841187
   282.000  -412.483138141  -412.382389013  -412.323755673  -412.323755673  -412.248867373
   282.500  -412.489936562  -412.380864595  -412.320893789  -412.320893789  -412.248845437
   283.000  -412.493684613  -412.376836254  -412.315552910  -412.315552910  -412.248772648
   283.500  -412.495114173  -412.371286390  -412.308907196  -412.308907196  -412.248671477
   284.000  -412.495392483  -412.365600242  -412.302528403  -412.302528403  -412.248584741
   284.500  -412.495538936  -412.360983859  -412.297743074  -412.297743074  -412.248548064
   285.000  -412.495971409  -412.358020234  -412.295120907  -412.295120907  -412.248560603
   285.500  -412.496519002  -412.356666497  -412.294477968  -412.294477968  -412.248593779
   286.000  -412.496801841  -412.356610506  -412.295296522  -412.295296522  -412.248619797
   286.500  -412.496577460  -412.357601625  -412.297130887  -412.297130887  -412.248634814
   287.000  -412.495802243  -412.359529161  -412.299705537  -412.299705537  -412.248646298
   287.500  -412.494488728  -412.362290378  -412.302810822  -412.302810822  -412.248662718
   288.000  -412.492576766  -412.365668008  -412.306184914  -412.306184914  -412.248682908
   288.500  -412.489928990  -412.369324781  -412.309506996  -412.309506996  -412.248703662
   289.000  -412.486417152  -412.372893735  -412.312452824  -412.312452824  -412.248719151
   289.500  -412.481977803  -412.376034869  -412.314747020  -412.314747020  -412.248734579
   290.000  -412.476580158  -412.378416321  -412.316117325  -412.316117325  -412.248753769
   290.500  -412.470138098  -412.379637318  -412.316229851  -412.316229851  -412.248778730
   291.000  -412.462491523  -412.379229361  -412.314688299  -412.314688299  -412.248798934
   291.500  -412.453537073  -412.376804513  -412.311196177  -412.311196177  -412.248796026
   292.000  -412.443486695  -412.372332535  -412.305837514  -412.305837514  -412.248752489
   292.500  -412.433115106  -412.366402377  -412.299332435  -412.299332435  -412.248665344
   293.000  -412.423784343  -412.360253988  -412.293052901  -412.293052901  -412.248559769
   293.500  -412.417076338  -412.355411583  -412.288625702  -412.288625702  -412.248482972
   294.000  -412.414113323  -412.352998196  -412.287221901  -412.287221901  -412.248475575
   294.500  -412.414992293  -412.353161387  -412.288967441  -412.288967441  -412.248537962
   295.000  -412.418776453  -412.355055562  -412.292934394  -412.292934394  -412.248631957
   295.500  -412.424040467  -412.357380379  -412.297699181  -412.297699181  -412.248712005
   296.000  -412.429515057  -412.359020665  -412.302013304  -412.302013304  -412.248757239
   296.500  -412.434423951  -412.359380365  -412.305151294  -412.305151294  -412.248769194
   297.000  -412.438463001  -412.358355393  -412.306900889  -412.306900889  -412.248760827
   297.500  -412.441631080  -412.356155840  -412.307384018  -412.307384018  -412.248742021
   298.000  -412.444089760  -412.353155173  -412.306902667  -412.306902667  -412.248717492
   298.500  -412.446095654  -412.349813682  -412.305855793  -412.305855793  -412.248690358
   299.000  -412.447951433  -412.346624964  -412.304680749  -412.304680749  -412.248666292
   299.500  -412.449914690  -412.344024548  -412.303761133  -412.303761133  -412.248653707
   300.000  -412.452068827  -412.342262040  -412.303303481  -412.303303481  -412.248658483
   300.500  -412.454247320  -412.341322891  -412.303264089  -412.303264089  -412.248674936
   301.000  -412.456109942  -412.340996959  -412.303430695  -412.303430695  -412.248690041
   301.500  -412.457359712  -412.341084249  -412.303625877  -412.303625877  -412.248691337
   302.000  -412.457918124  -412.341562547  -412.303874146  -412.303874146  -412.248681153
   302.500  -412.457907512  -412.342570043  -412.304368393  -412.304368393  -412.248670238
   303.000  -412.457501817  -412.344261656  -412.305311185  -412.305311185  -412.248663752
   303.500  -412.456845658  -412.346732206  -412.306827989  -412.306827989  -412.248658790
   304.000  -412.456077053  -412.350037864  -412.308990147  -412.308990147  -412.248656609
   304.500  -412.455306293  -412.354171584  -412.311796973  -412.311796973  -412.248665961
   305.000  -412.454502164  -412.358950007  -412.315066347  -412.315066347  -412.248691494
   305.500  -412.453417448  -412.363942120  -412.318369867  -412.318369867  -412.248728829
   306.000  -412.451654267  -412.368545289  -412.321104740  -412.321104740  -412.248766638
   306.500  -412.448817315  -412.372147974  -412.322660130  -412.322660130  -412.248795003
   307.000  -412.444652786  -412.374278305  -412.322571631  -412.322571631  -412.248807987
   307.500  -412.439124117  -412.374690053  -412.320617903  -412.320617903  -412.248802602
   308.000  -412.432437867  -412.373397178  -412.316868750  -412.316868750  -412.248777554
   308.500  -412.425045305  -412.370685445  -412.311704555  -412.311704555  -412.248733107
   309.000  -412.417625856  -412.367101718  -412.305805219  -412.305805219  -412.248673458
   309.500  -412.411023138  -412.363391994  -412.300074531  -412.300074531  -412.248609559
   310.000  -412.406097137  -412.360348549  -412.295463302  -412.295463302  -412.248559225
   310.500  -412.403495514  -412.358575552  -412.292701716  -412.292701716  -412.248540095
   311.000  -412.403429459  -412.358257322  -412.292040824  -412.292040824  -412.248559693
   311.500  -412.405594773  -412.359076529  -412.293154444  -412.293154444  -412.248607142
   312.000  -412.409337775  -412.360381867  -412.295309404  -412.295309404  -412.248656928
   312.500  -412.414008049  -412.361547405  -412.297743362  -412.297743362  -412.248684471
   313.000  -412.419277316  -412.362299934  -412.300021964  -412.300021964  -412.248682858
   313.500  -412.425204576  -412.362791948  -412.302140545  -412.302140545  -412.248665419
   314.000  -412.432011348  -412.363378880  -412.304326700  -412.304326700  -412.248654704
   314.500  -412.439753418  -412.364288284  -412.306717262  -412.306717262  -412.248662554
   315.000  -412.448146283  -412.365433972  -412.309175611  -412.309175611  -412.248684146
   315.500  -412.456653188  -412.366491096  -412.311356514  -412.311356514  -412.248705556
   316.000  -412.464711567  -412.367108312  -412.312907151  -412.312907151  -412.248717444
   316.500  -412.471901799  -412.367064576  -412.313613199  -412.313613199  -412.248719519
   317.000  -412.477983379  -412.366296547  -412.313419016  -412.313419016  -412.248714984
   317.500  -412.482867276  -412.364864844  -412.312392382  -412.312392382  -412.248703669
   318.000  -412.486626500  -412.362963016  -412.310733290  -412.310733290  -412.248679368
   318.500  -412.489569602  -412.360990405  -412.308853193  -412.308853193  -412.248638090
   319.000  -412.492278142  -412.359596051  -412.307416796  -412.307416796  -412.248587705
   319.500  -412.495443892  -412.359519117  -412.307190237  -412.307190237  -412.248556191
   320.000  -412.499469247  -412.361203948  -412.308640827  -412.308640827  -412.248569082
   320.500  -412.504088662  -412.364421183  -412.311564211  -412.311564211  -412.248628035
   321.000  -412.508377601  -412.368283837  -412.315086833  -412.315086833  -412.248702040
   321.500  -412.511197198  -412.371684695  -412.318110148  -412.318110148  -412.248755671
   322.000  -412.511727256  -412.373824159  -412.319837523  -412.319837523  -412.248770088
   322.500  -412.509754373  -412.374491360  -412.320061593  -412.320061593  -412.248747922
   323.000  -412.505661517  -412.374050855  -412.319144941  -412.319144941  -412.248703458
   323.500  -412.500204904  -412.373216500  -412.317793974  -412.317793974  -412.248660017
   324.000  -412.494171844  -412.372706825  -412.316703791  -412.316703791  -412.248639606
   324.500  -412.488033464  -412.372892971  -412.316207841  -412.316207841  -412.248655961
   325.000  -412.481768018  -412.373613327  -412.316084995  -412.316084995  -412.248703582
   325.500  -412.474935804  -412.374240031  -412.315634179  -412.315634179  -412.248765273
   326.000  -412.466935490  -412.373925254  -412.313936684  -412.313936684  -412.248821931
   326.500  -412.457290594  -412.371891206  -412.310168329  -412.310168329  -412.248854793
   327.000  -412.445906745  -412.367699735  -412.303905716  -412.303905716  -412.248845000
   327.500  -412.433318964  -412.361534998  -412.295432481  -412.295432481  -412.248774008
   328.000  -412.420893364  -412.354443751  -412.285992767  -412.285992767  -412.248642434
   328.500  -412.410765331  -412.348313703  -412.277735584  -412.277735584  -412.248488756
   329.000  -412.405251929  -412.345301745  -412.273081373  -412.273081373  -412.248385077
   329.500  -412.405847241  -412.346828329  -412.273636497  -412.273636497  -412.248387970
   330.000  -412.412461272  -412.352801218  -412.279363492  -412.279363492  -412.248493391
   330.500  -412.423489521  -412.361673324  -412.288635267  -412.288635267  -412.248647963
   331.000  -412.436580842  -412.371206237  -412.299037444  -412.299037444  -412.248789801
   331.500  -412.449522209  -412.379359072  -412.308319708  -412.308319708  -412.248877637
   332.000  -412.460836159  -412.384887210  -412.315050307  -412.315050307  -412.248898185
   332.500  -412.469977572  -412.387526638  -412.318836701  -412.318836701  -412.248863436
   333.000  -412.477168497  -412.387810346  -412.320150638  -412.320150638  -412.248800951
   333.500  -412.483014054  -412.386655196  -412.319908546  -412.319908546  -412.248740543
   334.000  -412.488091311  -412.384932617  -412.319017371  -412.319017371  -412.248700586
   334.500  -412.492680023  -412.383182495  -412.318071899  -412.318071899  -412.248688207
   335.000  -412.496683576  -412.381532620  -412.317244966  -412.317244966  -412.248699137
   335.500  -412.499688307  -412.379752244  -412.316334567  -412.316334567  -412.248725294
   336.000  -412.501103468  -412.377394097  -412.314898991  -412.314898991  -412.248753704
   336.500  -412.500386745  -412.374016184  -412.312480683  -412.312480683  -412.248763043
   337.000  -412.497352524  -412.369489880  -412.308928886  -412.308928886  -412.248733621
   337.500  -412.492468378  -412.364296115  -412.304699973  -412.304699973  -412.248660991
   338.000  -412.486885179  -412.359559696  -412.300898467  -412.300898467  -412.248573073
   338.500  -412.482016250  -412.356636929  -412.298855917  -412.298855917  -412.248516387
   339.000  -412.478834701  -412.356422017  -412.299431820  -412.299431820  -412.248522993
   339.500  -412.477381305  -412.358861879  -412.302524296  -412.302524296  -412.248587799
   340.000  -412.476813080  -412.363007811  -412.307126097  -412.307126097  -412.248678072
   340.500  -412.475887032  -412.367498309  -412.311814438  -412.311814438  -412.248756600
   341.000  -412.473530349  -412.371126354  -412.315326504  -412.315326504  -412.248800560
   341.500  -412.469210563  -412.373206322  -412.316930370  -412.316930370  -412.248806114
   342.000  -412.463011342  -412.373647880  -412.316502645  -412.316502645  -412.248783085
   342.500  -412.455488006  -412.372812724  -412.314388437  -412.314388437  -412.248745557
   343.000  -412.447432592  -412.371285037  -412.311180078  -412.311180078  -412.248706487
   343.500  -412.439649061  -412.369658643  -412.307511152  -412.307511152  -412.248673788
   344.000  -412.432782431  -412.368379641  -412.303914146  -412.303914146  -412.248652795
   344.500  -412.427215246  -412.367660786  -412.300736968  -412.300736968  -412.248644320
   345.000  -412.423038399  -412.367463223  -412.298123985  -412.298123985  -412.248645416
   345.500  -412.420111275  -412.367560721  -412.296063405  -412.296063405  -412.248648988
   346.000  -412.418213592  -412.367686679  -412.294503517  -412.294503517  -412.248645433
   346.500  -412.417239603  -412.367717522  -412.293500039  -412.293500039  -412.248629479
   347.000  -412.417323608  -412.367787412  -412.293295213  -412.293295213  -412.248607052
   347.500  -412.418779815  -412.368221322  -412.294226364  -412.294226364  -412.248595584
   348.000  -412.421848095  -412.369281498  -412.296464167  -412.296464167  -412.248612226
   348.500  -412.426416455  -412.370897042  -412.299755269  -412.299755269  -412.248657260
   349.000  -412.431972460  -412.372628386  -412.303415382  -412.303415382  -412.248709160
   349.500  -412.437858814  -412.373935187  -412.306638455  -412.306638455  -412.248742353
   350.000  -412.443612246  -412.374523526  -412.308881343  -412.308881343  -412.248745883
   350.500  -412.449113868  -412.374492244  -412.310042085  -412.310042085  -412.248726928
   351.000  -412.454503557  -412.374233351  -412.310374816  -412.310374816  -412.248699528
   351.500  -412.459991529  -412.374219549  -412.310283702  -412.310283702  -412.248675977
   352.000  -412.465696147  -412.374816028  -412.310133049  -412.310133049  -412.248662975
   352.500  -412.471556931  -412.376168467  -412.310134557  -412.310134557  -412.248662598
   353.000  -412.477320659  -412.378173114  -412.310311350  -412.310311350  -412.248672171
   353.500  -412.482590382  -412.380516221  -412.310531897  -412.310531897  -412.248686320
   354.000  -412.486926361  -412.382781757  -412.310596839  -412.310596839  -412.248696631
   354.500  -412.489974423  -412.384589107  -412.310358296  -412.310358296  -412.248697705
   355.000  -412.491560246  -412.385708042  -412.309804199  -412.309804199  -412.248689463
   355.500  -412.491693633  -412.386078019  -412.309056344  -412.309056344  -412.248678150
   356.000  -412.490486480  -412.385741176  -412.308282159  -412.308282159  -412.248670755
   356.500  -412.488045893  -412.384742738  -412.307584729  -412.307584729  -412.248673918
   357.000  -412.484372856  -412.383034368  -412.306899218  -412.306899218  -412.248691776
   357.500  -412.479299553  -412.380409609  -412.305933996  -412.305933996  -412.248719155
   358.000  -412.472584675  -412.376598021  -412.304269239  -412.304269239  -412.248735130
   358.500  -412.464202146  -412.371546743  -412.301659841  -412.301659841  -412.248721432
   359.000  -412.454600460  -412.365672934  -412.298307917  -412.298307917  -412.248679270
   359.500  -412.444671964  -412.359823859  -412.294849281  -412.294849281  -412.248628959
   360.000  -412.435435143  -412.354949498  -412.292051657  -412.292051657  -412.248595624
   360.500  -412.427643337  -412.351705490  -412.290434726  -412.290434726  -412.248594416
   361.000  -412.421532093  -412.350197454  -412.290028830  -412.290028830  -412.248625639
   361.500  -412.416813340  -412.349978414  -412.290373614  -412.290373614  -412.248673409
   362.000  -412.412903494  -412.350283986  -412.290756373  -412.290756373  -412.248714854
   362.500  -412.409285451  -412.350404768  -412.290575782  -412.290575782  -412.248726474
   363.000  -412.405850508  -412.350040826  -412.289693256  -412.289693256  -412.248697572
   363.500  -412.403079575  -412.349492585  -412.288601745  -412.288601745  -412.248635211
   364.000  -412.401926047  -412.349551778  -412.288294020  -412.288294020  -412.248568959
   364.500  -412.403407971  -412.351095798  -412.289817246  -412.289817246  -412.248531693
   365.000  -412.408141316  -412.354623694  -412.293774227  -412.293774227  -412.248538865
   365.500  -412.416107639  -412.360026597  -412.300073411  -412.300073411  -412.248587972
   366.000  -412.426663679  -412.366609785  -412.307951969  -412.307951969  -412.248669178
   366.500  -412.438654239  -412.373223167  -412.316134520  -412.316134520  -412.248765026
   367.000  -412.450647228  -412.378518935  -412.323125405  -412.323125405  -412.248847025
   367.500  -412.461316971  -412.381347917  -412.327643481  -412.327643481  -412.248891072
   368.000  -412.469809525  -412.381127173  -412.329003472  -412.329003472  -412.248887087
   368.500  -412.475908408  -412.377987749  -412.327270923  -412.327270923  -412.248842446
   369.000  -412.479980179  -412.372696560  -412.323164087  -412.323164087  -412.248772692
   369.500  -412.482755162  -412.366405018  -412.317792747  -412.317792747  -412.248701571
   370.000  -412.485002042  -412.360296555  -412.312289088  -412.312289088  -412.248651792
   370.500  -412.487190285  -412.355221879  -412.307449125  -412.307449125  -412.248636344
   371.000  -412.489312985  -412.351502318  -412.303545408  -412.303545408  -412.248647538
   371.500  -412.490999176  -412.349024781  -412.300443245  -412.300443245  -412.248663236
   372.000  -412.491858577  -412.347582247  -412.297945500  -412.297945500  -412.248659967
   372.500  -412.491836320  -412.347219602  -412.296144436  -412.296144436  -412.248630286
   373.000  -412.491322168  -412.348332781  -412.295531693  -412.295531693  -412.248589296
   373.500  -412.490894167  -412.351393688  -412.296753379  -412.296753379  -412.248568234
   374.000  -412.490844164  -412.356487149  -412.300130732  -412.300130732  -412.248591801
   374.500  -412.490860381  -412.363040928  -412.305296747  -412.305296747  -412.248657288
   375.000  -412.490112886  -412.369949619  -412.311235500  -412.311235500  -412.248738813
   375.500  -412.487645657  -412.375976488  -412.316672614  -412.316672614  -412.248804672
   376.000  -412.482809413  -412.380180383  -412.320552698  -412.320552698  -412.248835804
   376.500  -412.475507448  -412.382170021  -412.322342165  -412.322342165  -412.248831510
   377.000  -412.466178326  -412.382093401  -412.322055860  -412.322055860  -412.248804185
   377.500  -412.455587964  -412.380449429  -412.320082347  -412.320082347  -412.248768102
   378.000  -412.444594626  -412.377861081  -412.316967665  -412.316967665  -412.248732532
   378.500  -412.433981327  -412.374918790  -412.313263338  -412.313263338  -412.248701135
   379.000  -412.424364007  -412.372092795  -412.309448246  -412.309448246  -412.248677773
   379.500  -412.416119619  -412.369667293  -412.305862852  -412.305862852  -412.248668009
   380.000  -412.409303418  -412.367655360  -412.302624327  -412.302624327  -412.248676092
   380.500  -412.403620689  -412.365763458  -412.299580101  -412.299580101  -412.248694711
   381.000  -412.398586387  -412.363536516  -412.296434573  -412.296434573  -412.248702534
   381.500  -412.393890550  -412.360705554  -412.293071159  -412.293071159  -412.248678830
   382.000  -412.389743664  -412.357515863  -412.289852516  -412.289852516  -412.248624319
   382.500  -412.386891341  -412.354728913  -412.287598926  -412.287598926  -412.248566672
   383.000  -412.386221928  -412.353223695  -412.287174105  -412.287174105  -412.248541051
   383.500  -412.388244421  -412.353475572  -412.288962373  -412.288962373  -412.248562274
   384.000  -412.392845288  -412.355321718  -412.292645652  -412.292645652  -412.248613788
   384.500  -412.399478746  -412.358166069  -412.297436304  -412.297436304  -412.248665981
   385.000  -412.407558711  -412.361392755  -412.302520589  -412.302520589  -412.248698428
   385.500  -412.416711361  -412.364635427  -412.307367912  -412.307367912  -412.248711253
   386.000  -412.426771746  -412.367787914  -412.311758891  -412.311758891  -412.248713002
   386.500  -412.437631757  -412.370849281  -412.315650713  -412.315650713  -412.248715402
   387.000  -412.449093882  -412.373773029  -412.319013510  -412.319013510  -412.248722593
   387.500  -412.460801015  -412.376382984  -412.321745022  -412.321745022  -412.248736022
   388.000  -412.472247861  -412.378380655  -412.323655509  -412.323655509  -412.248751226
   388.500  -412.482845508  -412.379403370  -412.324520230  -412.324520230  -412.248763534
   389.000  -412.492012307  -412.379116028  -412.324153858  -412.324153858  -412.248768021
   389.500  -412.499260973  -412.377294627  -412.322480560  -412.322480560  -412.248762697
   390.000  -412.504256088  -412.373881157  -412.319566163  -412.319566163  -412.248748623
   390.500  -412.506853183  -412.369012940  -412.315616397  -412.315616397  -412.248725113
   391.000  -412.507134611  -412.363048295  -412.310979400  -412.310979400  -412.248693662
   391.500  -412.505413847  -412.356548956  -412.306118725  -412.306118725  -412.248661910
   392.000  -412.502116576  -412.350143452  -412.301490859  -412.301490859  -412.248641602
   392.500  -412.497594781  -412.344320181  -412.297371430  -412.297371430  -412.248636969
   393.000  -412.492057968  -412.339360219  -412.293807263  -412.293807263  -412.248636576
   393.500  -412.485691925  -412.335459231  -412.290775529  -412.290775529  -412.248629731
   394.000  -412.478806802  -412.332883970  -412.288370167  -412.288370167  -412.248610278
   394.500  -412.471852004  -412.331964030  -412.286871954  -412.286871954  -412.248586674
   395.000  -412.465303775  -412.332963151  -412.286642658  -412.286642658  -412.248569801
   395.500  -412.459523659  -412.335928439  -412.287945659  -412.287945659  -412.248572299
   396.000  -412.454675715  -412.340627780  -412.290772751  -412.290772751  -412.248596647
   396.500  -412.450725368  -412.346575392  -412.294794836  -412.294794836  -412.248636282
   397.000  -412.447500718  -412.353127943  -412.299448826  -412.299448826  -412.248680088
   397.500  -412.444776710  -412.359613346  -412.304101823  -412.304101823  -412.248716970
   398.000  -412.442354617  -412.365455200  -412.308220170  -412.308220170  -412.248738666
   398.500  -412.440136697  -412.370286770  -412.311506032  -412.311506032  -412.248738092
   399.000  -412.438215697  -412.374053220  -412.314003286  -412.314003286  -412.248712835
   399.500  -412.436931524  -412.377059474  -412.316122874  -412.316122874  -412.248673889
   400.000  -412.436741137  -412.379809566  -412.318455414  -412.318455414  -412.248652720
   400.500  -412.437817462  -412.382573906  -412.321309720  -412.321309720  -412.248680252
   401.000  -412.439654609  -412.384965318  -412.324278025  -412.324278025  -412.248753224
   401.500  -412.441145221  -412.386004478  -412.326297900  -412.326297900  -412.248828516
   402.000  -412.441185620  -412.384716604  -412.326266209  -412.326266209  -412.248860960
   402.500  -412.439313299  -412.380772553  -412.323700032  -412.323700032  -412.248835488
   403.000  -412.435922526  -412.374702983  -412.318976698  -412.318976698  -412.248767586
   403.500  -412.432029349  -412.367665481  -412.313120467  -412.313120467  -412.248685636
   404.000  -412.428846084  -412.361012152  -412.307383125  -412.307383125  -412.248614402
   404.500  -412.427390707  -412.355894178  -412.302856460  -412.302856460  -412.248570171
   405.000  -412.428244533  -412.353011096  -412.300220318  -412.300220318  -412.248557926
   405.500  -412.431469425  -412.352522775  -412.299654756  -412.299654756  -412.248574590
   406.000  -412.436667777  -412.354107812  -412.300890446  -412.300890446  -412.248610652
   406.500  -412.443140946  -412.357120904  -412.303357467  -412.303357467  -412.248654297
   407.000  -412.450074015  -412.360783778  -412.306364519  -412.306364519  -412.248697135
   407.500  -412.456678793  -412.364333750  -412.309234036  -412.309234036  -412.248735346
   408.000  -412.462264878  -412.367102766  -412.311370728  -412.311370728  -412.248766318
   408.500  -412.466294247  -412.368578660  -412.312315356  -412.312315356  -412.248781978
   409.000  -412.468501242  -412.368529633  -412.311867533  -412.311867533  -412.248769890
   409.500  -412.469058930  -412.367173100  -412.310254351  -412.310254351  -412.248726845
   410.000  -412.468586370  -412.365183284  -412.308142875  -412.308142875  -412.248675939
   410.500  -412.467794441  -412.363335943  -412.306291062  -412.306291062  -412.248654302
   411.000  -412.466964381  -412.361983144  -412.305031581  -412.305031581  -412.248673095
   411.500  -412.465808192  -412.360906546  -412.304128788  -412.304128788  -412.248702679
   412.000  -412.463884607  -412.359722923  -412.303184647  -412.303184647  -412.248709930
   412.500  -412.461086185  -412.358359131  -412.302106372  -412.302106372  -412.248690178
   413.000  -412.457723492  -412.357126582  -412.301179710  -412.301179710  -412.248663369
   413.500  -412.454259604  -412.356448397  -412.300796816  -412.300796816  -412.248649470
   414.000  -412.451014243  -412.356560752  -412.301166847  -412.301166847  -412.248654675
   414.500  -412.448060977  -412.357412608  -412.302225054  -412.302225054  -412.248670794
   415.000  -412.445333092  -412.358779705  -412.303752752  -412.303752752  -412.248684113
   415.500  -412.442798930  -412.360451026  -412.305568175  -412.305568175  -412.248689606
   416.000  -412.440518861  -412.362302667  -412.307593918  -412.307593918  -412.248695079
   416.500  -412.438517817  -412.364184260  -412.309737637  -412.309737637  -412.248711778
   417.000  -412.436628616  -412.365776259  -412.311736374  -412.311736374  -412.248738756
   417.500  -412.434503036  -412.366606815  -412.313167564  -412.313167564  -412.248767231
   418.000  -412.431752313  -412.366197733  -412.313584311  -412.313584311  -412.248792487
   418.500  -412.428030974  -412.364146445  -412.312598473  -412.312598473  -412.248817211
   419.000  -412.423062903  -412.360155541  -412.309896389  -412.309896389  -412.248829211
   419.500  -412.416843197  -412.354227371  -412.305440162  -412.305440162  -412.248796083
   420.000  -412.410132872  -412.347157500  -412.299950078  -412.299950078  -412.248685794
   420.500  -412.404811105  -412.340875416  -412.295266415  -412.295266415  -412.248534796
   421.000  -412.403236845  -412.337805596  -412.293719300  -412.293719300  -412.248457105
   421.500  -412.406542528  -412.339156604  -412.296447002  -412.296447002  -412.248536586
   422.000  -412.413471987  -412.343759286  -412.302237330  -412.302237330  -412.248715886
   422.500  -412.421200131  -412.348878000  -412.308333896  -412.308333896  -412.248869290
   423.000  -412.427179552  -412.352050998  -412.312263171  -412.312263171  -412.248929503
   423.500  -412.430248587  -412.352193010  -412.312928308  -412.312928308  -412.248899680
   424.000  -412.430655563  -412.349621767  -412.310644939  -412.310644939  -412.248813148
   424.500  -412.429590997  -412.345596867  -412.306673331  -412.306673331  -412.248706413
   425.000  -412.428564138  -412.341699308  -412.302609268  -412.302609268  -412.248623958
   425.500  -412.428730189  -412.339167155  -412.299702484  -412.299702484  -412.248595232
   426.000  -412.430417933  -412.338419060  -412.298387416  -412.298387416  -412.248619712
   426.500  -412.433162024  -412.339087276  -412.298302963  -412.298302963  -412.248664455
   427.000  -412.436175880  -412.340478447  -412.298766123  -412.298766123  -412.248695762
   427.500  -412.438874086  -412.342091788  -412.299289009  -412.299289009  -412.248697633
   428.000  -412.441114314  -412.343850625  -412.299821405  -412.299821405  -412.248679512
   428.500  -412.443083241  -412.345991378  -412.300628789  -412.300628789  -412.248663668
   429.000  -412.444955777  -412.348717378  -412.301948867  -412.301948867  -412.248673959
   429.500  -412.446570031  -412.351878164  -412.303652735  -412.303652735  -412.248712214
   430.000  -412.447396996  -412.354929573  -412.305209351  -412.305209351  -412.248753110
   430.500  -412.446938945  -412.357331095  -412.306070185  -412.306070185  -412.248753090
   431.000  -412.445317263  -412.359123705  -412.306262883  -412.306262883  -412.248699449
   431.500  -412.443428454  -412.361092961  -412.306554112  -412.306554112  -412.248639850
   432.000  -412.442236210  -412.364069109  -412.307766032  -412.307766032  -412.248644568
   432.500  -412.441802653  -412.367971749  -412.309827494  -412.309827494  -412.248714174
   433.000  -412.441269842  -412.371800613  -412.311767961  -412.311767961  -412.248776122
   433.500  -412.439837101  -412.374617556  -412.312695176  -412.312695176  -412.248781105
   434.000  -412.437447453  -412.376234019  -412.312481495  -412.312481495  -412.248754267
   434.500  -412.434481452  -412.376909644  -412.311456177  -412.311456177  -412.248743937
   435.000  -412.431106202  -412.376706187  -412.309753343  -412.309753343  -412.248759665
   435.500  -412.427128058  -412.375344411  -412.307165746  -412.307165746  -412.248772340
   436.000  -412.422397923  -412.372609314  -412.303546430  -412.303546430  -412.248752920
   436.500  -412.417241460  -412.368781222  -412.299232187  -412.299232187  -412.248697265
   437.000  -412.412539808  -412.364713636  -412.295113021  -412.295113021  -412.248622447
   437.500  -412.409477511  -412.361578789  -412.292371701  -412.292371701  -412.248554290
   438.000  -412.409156182  -412.360480589  -412.292086962  -412.292086962  -412.248515963
   438.500  -412.412218503  -412.362079260  -412.294858918  -412.294858918  -412.248526459
   439.000  -412.418553908  -412.366300479  -412.300518101  -412.300518101  -412.248594553
   439.500  -412.427149293  -412.372189168  -412.307993796  -412.307993796  -412.248712778
   440.000  -412.436213690  -412.378036520  -412.315455723  -412.315455723  -412.248846792
   440.500  -412.443701936  -412.381900424  -412.320855467  -412.320855467  -412.248939095
   441.000  -412.448171239  -412.382454542  -412.322792317  -412.322792317  -412.248938024
   441.500  -412.449527111  -412.379723071  -412.321258226  -412.321258226  -412.248844446
   442.000  -412.449000500  -412.375047768  -412.317605154  -412.317605154  -412.248726783
   442.500  -412.448179730  -412.370111560  -412.313558250  -412.313558250  -412.248664506
   443.000  -412.447874380  -412.365799153  -412.310058099  -412.310058099  -412.248679365
   443.500  -412.447769114  -412.361851509  -412.306892667  -412.306892667  -412.248734643
   444.000  -412.446929320  -412.357375021  -412.303191106  -412.303191106  -412.248779760
   444.500  -412.444568294  -412.351613425  -412.298189436  -412.298189436  -412.248781060
   445.000  -412.440584257  -412.344487508  -412.291775245  -412.291775245  -412.248733045
   445.500  -412.435668122  -412.336705580  -412.284607121  -412.284607121  -412.248654044
   446.000  -412.431033639  -412.329494683  -412.277856781  -412.277856781  -412.248571424
   446.500  -412.427990139  -412.324176100  -412.272792712  -412.272792712  -412.248507286
   447.000  -412.427577327  -412.321801993  -412.270424255  -412.270424255  -412.248473254
   447.500  -412.430355390  -412.322949014  -412.271300067  -412.271300067  -412.248472322
   448.000  -412.436332608  -412.327647852  -412.275442872  -412.275442872  -412.248503774
   448.500  -412.444968815  -412.335388270  -412.282356345  -412.282356345  -412.248565708
   449.000  -412.455215348  -412.345158906  -412.291065541  -412.291065541  -412.248653421
   449.500  -412.465624113  -412.355554754  -412.300220487  -412.300220487  -412.248751537
   450.000  -412.474627629  -412.365053594  -412.308365960  -412.308365960  -412.248828105
   450.500  -412.481054021  -412.372525432  -412.314440377  -412.314440377  -412.248843839
   451.000  -412.484709431  -412.377807414  -412.318337727  -412.318337727  -412.248783770
   451.500  -412.486557064  -412.381874291  -412.321064286  -412.321064286  -412.248690755
   452.000  -412.488033023  -412.386145781  -412.324041533  -412.324041533  -412.248656106
   452.500  -412.489726582  -412.391159801  -412.327780729  -412.327780729  -412.248736863
   453.000  -412.490578254  -412.395767002  -412.331094573  -412.331094573  -412.248885285
   453.500  -412.488566949  -412.397816976  -412.331799283  -412.331799283  -412.248990489
   454.000  -412.482287473  -412.395741071  -412.328311071  -412.328311071  -412.248984193
   454.500  -412.471967334  -412.389576259  -412.320680088  -412.320680088  -412.248878922
   455.000  -412.459335726  -412.380849588  -412.310472768  -412.310472768  -412.248728691
   455.500  -412.446820466  -412.371790534  -412.299983877  -412.299983877  -412.248588151
   456.000  -412.436706412  -412.364507777  -412.291400008  -412.291400008  -412.248492409
   456.500  -412.430557096  -412.360422602  -412.286226007  -412.286226007  -412.248458319
   457.000  -412.428951515  -412.360014391  -412.285012944  -412.285012944  -412.248484103
   457.500  -412.431493366  -412.362833219  -412.287365625  -412.287365625  -412.248555911
   458.000  -412.437043006  -412.367731372  -412.292165630  -412.292165630  -412.248649217
   458.500  -412.444097434  -412.373242282  -412.297953485  -412.297953485  -412.248736158
   459.000  -412.451228753  -412.378017524  -412.303369263  -412.303369263  -412.248793045
   459.500  -412.457450168  -412.381189646  -412.307522018  -412.307522018  -412.248810772
   460.000  -412.462363194  -412.382514270  -412.310134411  -412.310134411  -412.248798893
   460.500  -412.466026469  -412.382229526  -412.311403560  -412.311403560  -412.248775129
   461.000  -412.468708944  -412.380797795  -412.311740012  -412.311740012  -412.248744393
   461.500  -412.470791247  -412.378794374  -412.311658526  -412.311658526  -412.248703935
   462.000  -412.472746702  -412.376879552  -412.311753174  -412.311753174  -412.248674950
   462.500  -412.474807553  -412.375457881  -412.312368323  -412.312368323  -412.248696672
   463.000  -412.476470729  -412.374178485  -412.313105875  -412.313105875  -412.248762110
   463.500  -412.476646914  -412.372075722  -412.312969359  -412.312969359  -412.248811024
   464.000  -412.474524923  -412.368424307  -412.311211258  -412.311211258  -412.248799163
   464.500  -412.470217796  -412.363380103  -412.307965281  -412.307965281  -412.248736828
   465.000  -412.464649278  -412.357868480  -412.304125562  -412.304125562  -412.248661843
   465.500  -412.459000009  -412.353036634  -412.300799423  -412.300799423  -412.248606746
   466.000  -412.454201808  -412.349754963  -412.298813737  -412.298813737  -412.248586049
   466.500  -412.450687521  -412.348373585  -412.298481617  -412.298481617  -412.248598023
   467.000  -412.448399727  -412.348736911  -412.299626398  -412.299626398  -412.248628496
   467.500  -412.447004268  -412.350403743  -412.301806414  -412.301806414  -412.248655091
   468.000  -412.446222477  -412.352986009  -412.304654795  -412.304654795  -412.248658032
   468.500  -412.446109253  -412.356432548  -412.308160040  -412.308160040  -412.248637625
   469.000  -412.447024223  -412.361006598  -412.312635661  -412.312635661  -412.248625202
   469.500  -412.449164547  -412.366822256  -412.318245414  -412.318245414  -412.248665704
   470.000  -412.451917234  -412.373199175  -412.324350478  -412.324350478  -412.248776627
   470.500  -412.453641352  -412.378442648  -412.329284206  -412.329284206  -412.248918232
   471.000  -412.452291312  -412.380462394  -412.330968966  -412.330968966  -412.249009442
   471.500  -412.446639136  -412.377986903  -412.328132679  -412.328132679  -412.248977596
   472.000  -412.437342305  -412.371624193  -412.321372276  -412.321372276  -412.248814581
   472.500  -412.426995926  -412.363909694  -412.313208422  -412.313208422  -412.248611768
   473.000  -412.418730985  -412.357905958  -412.306695765  -412.306695765  -412.248504810
   473.500  -412.414239486  -412.355232934  -412.303466581  -412.303466581  -412.248538854
   474.000  -412.413099175  -412.355399042  -412.303062907  -412.303062907  -412.248633308
   474.500  -412.413857607  -412.356885937  -412.304018973  -412.304018973  -412.248701808
   475.000  -412.415332398  -412.358453798  -412.305143229  -412.305143229  -412.248726565
   475.500  -412.416970616  -412.359501284  -412.305871620  -412.305871620  -412.248732693
   476.000  -412.418573800  -412.359799017  -412.305987475  -412.305987475  -412.248735680
   476.500  -412.420071296  -412.359265500  -412.305403372  -412.305403372  -412.248730072
   477.000  -412.421571628  -412.358023759  -412.304221285  -412.304221285  -412.248703451
   477.500  -412.423497412  -412.356539231  -412.302876320  -412.302876320  -412.248659140
   478.000  -412.426494460  -412.355533106  -412.302050424  -412.302050424  -412.248623910
   478.500  -412.431018674  -412.355571760  -412.302260941  -412.302260941  -412.248627954
   479.000  -412.436901545  -412.356634259  -412.303425059  -412.303425059  -412.248671951
   479.500  -412.443333580  -412.358089364  -412.304845639  -412.304845639  -412.248727750
   480.000  -412.449286310  -412.359110976  -412.305630352  -412.305630352  -412.248767312
   480.500  -412.453943628  -412.359092206  -412.305120721  -412.305120721  -412.248784050
   481.000  -412.456856786  -412.357782010  -412.303037173  -412.303037173  -412.248779728
   481.500  -412.457970184  -412.355292310  -412.299489938  -412.299489938  -412.248745772
   482.000  -412.457751539  -412.352210026  -412.295095357  -412.295095357  -412.248669587
   482.500  -412.457342762  -412.349743037  -412.291115822  -412.291115822  -412.248561886
   483.000  -412.458324411  -412.349483705  -412.289227303  -412.289227303  -412.248480116
   483.500  -412.461849701  -412.352559395  -412.290660965  -412.290660965  -412.248489450
   484.000  -412.467696181  -412.358696093  -412.295269021  -412.295269021  -412.248593906
   484.500  -412.474220254  -412.366189159  -412.301481992  -412.301481992  -412.248724730
   485.000  -412.479355451  -412.372909905  -412.307300474  -412.307300474  -412.248808051
   485.500  -412.481736320  -412.377434017  -412.311404718  -412.311404718  -412.248817165
   486.000  -412.481157279  -412.379502268  -412.313599365  -412.313599365  -412.248772134
   486.500  -412.478310018  -412.379759068  -412.314538309  -412.314538309  -412.248717206
   487.000  -412.474120952  -412.379090170  -412.315053779  -412.315053779  -412.248695309
   487.500  -412.469105829  -412.377972650  -412.315505798  -412.315505798  -412.248719137
   488.000  -412.463172924  -412.376269602  -412.315587068  -412.315587068  -412.248759609
   488.500  -412.456016724  -412.373610437  -412.314731487  -412.314731487  -412.248775820
   489.000  -412.447706086  -412.369968246  -412.312718410  -412.312718410  -412.248750638
   489.500  -412.438901981  -412.365876996  -412.309924269  -412.309924269  -412.248703391
   490.000  -412.430575078  -412.362153181  -412.307061208  -412.307061208  -412.248666097
   490.500  -412.423516585  -412.359424828  -412.304709462  -412.304709462  -412.248658655
   491.000  -412.418026999  -412.357831818  -412.303014645  -412.303014645  -412.248678028
   491.500  -412.413951286  -412.357072323  -412.301725859  -412.301725859  -412.248702667
   492.000  -412.411005331  -412.356730229  -412.300515740  -412.300515740  -412.248705760
   492.500  -412.409165078  -412.356666881  -412.299365906  -412.299365906  -412.248677044
   493.000  -412.408823764  -412.357172146  -412.298708603  -412.298708603  -412.248636662
   493.500  -412.410512709  -412.358681252  -412.299129971  -412.299129971  -412.248622347
   494.000  -412.414396788  -412.361264630  -412.300840700  -412.300840700  -412.248649369
   494.500  -412.420085546  -412.364436981  -412.303463623  -412.303463623  -412.248692862
   495.000  -412.426983458  -412.367514959  -412.306372549  -412.306372549  -412.248719563
   495.500  -412.434736676  -412.370081755  -412.309150008  -412.309150008  -412.248727253
   496.000  -412.443233256  -412.372017694  -412.311624024  -412.311624024  -412.248740946
   496.500  -412.452211394  -412.373139133  -412.313529918  -412.313529918  -412.248774116
   497.000  -412.461035308  -412.372997453  -412.314334811  -412.314334811  -412.248805994
   497.500  -412.468963477  -412.371147046  -412.313531295  -412.313531295  -412.248806020
   498.000  -412.475618479  -412.367596550  -412.311090164  -412.311090164  -412.248761767
   498.500  -412.481216431  -412.362989485  -412.307644220  -412.307644220  -412.248686137
   499.000  -412.486444965  -412.358387567  -412.304312838  -412.304312838  -412.248592058
   499.500  -412.492212578  -412.354537197  -412.302593378  -412.302593378  -412.248310341
   500.000  -412.499575481  -412.348349825  -412.307386128  -412.307386128  -412.249431294
