 N     7.0   -1.78662261   -0.03306374   -0.22795041   14.00307401
 N     7.0    1.85351411    2.24766912   -0.07426777   14.00307401
 C     6.0   -0.75926994    2.28643697   -0.14859380   12.00000000
 C     6.0    3.28351069    0.08551005   -0.14837531   12.00000000
 C     6.0    2.16313164   -2.17626739    0.32588630   12.00000000
 C     6.0   -0.67962555   -2.44582174    0.00878123   12.00000000
 O     8.0   -1.89724226   -4.49428925   -0.02493611   15.99491464
 O     8.0   -2.02076704    4.28724171    0.25574466   15.99491464
 H     1.0   -4.06987315   -0.22031561   -0.06882281    1.00782504
 H     1.0    2.62757378    3.69214807   -0.13381636    1.00782504
 H     1.0    5.01204981    0.27300990   -0.54171433    1.00782504
 H     1.0    3.04992150   -3.89977272    0.80896937    1.00782504
