    0.000591140   -0.000527684    0.000024187
    0.000140557    0.000385096    0.000076520
   -0.000256297    0.000073221    0.000169741
    0.000026072    0.000426590   -0.000011520
   -0.000475251   -0.000105581   -0.000053994
   -0.000253692    0.000005145   -0.000226010
    0.000057017    0.000037330    0.000086711
   -0.000130918   -0.000181551   -0.000017352
   -0.000468225    0.000460275   -0.000272708
   -0.001133553    0.000048141   -0.001827099
    0.002427857   -0.000379551    0.000988765
    0.002080316   -0.000464788    0.000198892
