 N     7.0   -1.71977788    0.01533270    0.05567460   14.00307401
 N     7.0    1.88242076    2.30222524    0.00483401   14.00307401
 C     6.0   -0.74803014    2.37011100    0.04023255   12.00000000
 C     6.0    3.27742834    0.09359676   -0.02578453   12.00000000
 C     6.0    2.05685368   -2.23788845    0.13153916   12.00000000
 C     6.0   -0.66862271   -2.49290745    0.03617074   12.00000000
 O     8.0   -1.92641212   -4.46787908   -0.07489068   15.99491464
 O     8.0   -2.03292995    4.17585044   -0.03709857   15.99491464
 H     1.0   -4.01779686   -0.37929174   -0.38036220    1.00782504
 H     1.0    2.81112481    3.89063814    0.15188341    1.00782504
 H     1.0    5.27991937    0.39751920   -1.01809830    1.00782504
 H     1.0    2.97223819   -4.05824173   -0.06937073    1.00782504
