   -0.000073591    0.000327925   -0.000243661
    0.000060564   -0.000289354    0.000294937
    0.000230453    0.000587144   -0.000031055
   -0.000352365   -0.000503653    0.000039119
    0.000459330    0.000108473   -0.000367826
    0.000498268   -0.000164009    0.000253612
   -0.000485037   -0.000057859    0.000121084
   -0.000246253    0.000070100   -0.000030498
    0.000439125   -0.000921270   -0.000609974
   -0.001289464   -0.000919089    0.000255431
   -0.000292365    0.001878475   -0.001131618
    0.002879402   -0.000856262    0.000311331
