     0.000  -412.509389458  -412.330092375  -412.276209078  -412.276209078  -412.238862341
     0.500  -412.507669525  -412.327699995  -412.277997289  -412.277997289  -412.238856923
     1.000  -412.510063322  -412.330206628  -412.284963810  -412.284963810  -412.238941193
     1.500  -412.515405445  -412.336482012  -412.295792992  -412.295792992  -412.239108531
     2.000  -412.521304154  -412.344178691  -412.307900636  -412.307900636  -412.239352352
     2.500  -412.524318046  -412.349908617  -412.317635760  -412.317635760  -412.239665203
     3.000  -412.520273163  -412.349528744  -412.320622734  -412.320622734  -412.239970334
     3.500  -412.505817057  -412.339653685  -412.313326876  -412.313326876  -412.239972349
     4.000  -412.482910036  -412.322104086  -412.297549226  -412.297549226  -412.239303189
     4.500  -412.462822217  -412.307910764  -412.284424726  -412.284424726  -412.238513122
     5.000  -412.457029123  -412.308296393  -412.285317828  -412.285317828  -412.238822480
     5.500  -412.461657101  -412.319213146  -412.296260068  -412.296260068  -412.239623321
     6.000  -412.464916954  -412.328777364  -412.305375653  -412.305375653  -412.239816736
     6.500  -412.462213409  -412.332311824  -412.307993086  -412.307993086  -412.239617057
     7.000  -412.455071539  -412.331247138  -412.305587506  -412.305587506  -412.239449930
     7.500  -412.445404843  -412.327394629  -412.300049916  -412.300049916  -412.239349645
     8.000  -412.434490187  -412.321935194  -412.292651992  -412.292651992  -412.239226280
     8.500  -412.424014501  -412.316466397  -412.285077074  -412.285077074  -412.239069595
     9.000  -412.416201568  -412.313131629  -412.279543683  -412.279543683  -412.238934295
     9.500  -412.412998880  -412.313816912  -412.277998015  -412.277998015  -412.238874456
    10.000  -412.415257904  -412.319350730  -412.281298828  -412.281298828  -412.238904304
    10.500  -412.422463966  -412.329236064  -412.288954979  -412.288954979  -412.239010493
    11.000  -412.432908532  -412.341825611  -412.299302431  -412.299302431  -412.239183247
    11.500  -412.443867645  -412.354488652  -412.309688837  -412.309688837  -412.239427782
    12.000  -412.451670341  -412.363656613  -412.316548343  -412.316548343  -412.239717120
    12.500  -412.452411328  -412.365504856  -412.316116448  -412.316116448  -412.239871592
    13.000  -412.444900614  -412.358872030  -412.307376976  -412.307376976  -412.239524562
    13.500  -412.435449637  -412.350039649  -412.296833318  -412.296833318  -412.238715576
    14.000  -412.435787376  -412.350698825  -412.296376373  -412.296376373  -412.238539220
    14.500  -412.448245898  -412.363197009  -412.308411772  -412.308411772  -412.239373544
    15.000  -412.461172046  -412.375964441  -412.321250673  -412.321250673  -412.240026119
    15.500  -412.464277557  -412.378808723  -412.324502093  -412.324502093  -412.239970017
    16.000  -412.457173823  -412.371401724  -412.317656440  -412.317656440  -412.239562202
    16.500  -412.445235893  -412.359145141  -412.305986139  -412.305986139  -412.239197563
    17.000  -412.433730270  -412.347329378  -412.294698012  -412.294698012  -412.239035726
    17.500  -412.425158594  -412.338500519  -412.286291938  -412.286291938  -412.239014297
    18.000  -412.419882959  -412.333084911  -412.281176678  -412.281176678  -412.239015371
    18.500  -412.417748349  -412.330994200  -412.279261082  -412.279261082  -412.239003221
    19.000  -412.418710808  -412.332237237  -412.280554020  -412.280554020  -412.239001071
    19.500  -412.422609632  -412.336685508  -412.284918952  -412.284918952  -412.239029374
    20.000  -412.428873038  -412.343778033  -412.291780318  -412.291780318  -412.239106509
    20.500  -412.436248450  -412.352255648  -412.299862996  -412.299862996  -412.239263654
    21.000  -412.442412056  -412.359775097  -412.306817589  -412.306817589  -412.239518866
    21.500  -412.443903071  -412.362840615  -412.309173049  -412.309173049  -412.239781375
    22.000  -412.437812298  -412.358482870  -412.304039387  -412.304039387  -412.239727209
    22.500  -412.426518891  -412.348991179  -412.293841360  -412.293841360  -412.239044504
    23.000  -412.420824501  -412.345062894  -412.289431009  -412.289431009  -412.238377574
    23.500  -412.430030839  -412.355934087  -412.300116178  -412.300116178  -412.238796677
    24.000  -412.448366315  -412.375847696  -412.320060894  -412.320060894  -412.239683789
    24.500  -412.462595954  -412.391638442  -412.335933068  -412.335933068  -412.240062623
    25.000  -412.465741906  -412.396384531  -412.340676245  -412.340676245  -412.239962009
    25.500  -412.458265190  -412.390544884  -412.334694500  -412.334694500  -412.239658499
    26.000  -412.444353199  -412.378239740  -412.322119101  -412.322119101  -412.239299001
    26.500  -412.429358835  -412.364711551  -412.308243537  -412.308243537  -412.239003924
    27.000  -412.417763557  -412.354324503  -412.297498820  -412.297498820  -412.238879077
    27.500  -412.411551062  -412.348970404  -412.291843909  -412.291843909  -412.238920039
    28.000  -412.410197708  -412.348074209  -412.290756057  -412.290756057  -412.239020368
    28.500  -412.412150542  -412.350066411  -412.292692192  -412.292692192  -412.239092102
    29.000  -412.416152334  -412.353692741  -412.296394308  -412.296394308  -412.239134531
    29.500  -412.421364732  -412.358125143  -412.301002995  -412.301002995  -412.239210531
    30.000  -412.426548337  -412.362134595  -412.305240233  -412.305240233  -412.239390792
    30.500  -412.429164904  -412.363185905  -412.306523648  -412.306523648  -412.239675606
    31.000  -412.425690179  -412.357738610  -412.301297684  -412.301297684  -412.239854870
    31.500  -412.415035933  -412.344658346  -412.288476315  -412.288476315  -412.239483477
    32.000  -412.404298756  -412.330976761  -412.275201923  -412.275201923  -412.238626324
    32.500  -412.406028269  -412.329217779  -412.274099412  -412.274099412  -412.238506254
    33.000  -412.421911254  -412.341166482  -412.286923183  -412.286923183  -412.239316811
    33.500  -412.440339985  -412.355444670  -412.302134759  -412.302134759  -412.239820778
    34.000  -412.452400558  -412.363414998  -412.310934420  -412.310934420  -412.239772299
    34.500  -412.457006180  -412.364229458  -412.312404457  -412.312404457  -412.239585001
    35.000  -412.455969474  -412.359869116  -412.308547545  -412.308547545  -412.239440175
    35.500  -412.451085130  -412.352226749  -412.301321922  -412.301321922  -412.239316766
    36.000  -412.444128376  -412.343117796  -412.292601172  -412.292601172  -412.239174753
    36.500  -412.437311803  -412.334748803  -412.284619922  -412.284619922  -412.239012969
    37.000  -412.433186837  -412.329645390  -412.279891157  -412.279891157  -412.238880792
    37.500  -412.433790110  -412.329822271  -412.280394280  -412.280394280  -412.238856697
    38.000  -412.439499944  -412.335667536  -412.286462578  -412.286462578  -412.238962179
    38.500  -412.448714970  -412.345613857  -412.296472628  -412.296472628  -412.239150137
    39.000  -412.458536925  -412.356796359  -412.307507233  -412.307507233  -412.239387505
    39.500  -412.465366930  -412.365615823  -412.315935429  -412.315935429  -412.239681123
    40.000  -412.465158360  -412.367969833  -412.317666695  -412.317666695  -412.239940863
    40.500  -412.455233806  -412.361058309  -412.309993420  -412.309993420  -412.239800986
    41.000  -412.439487969  -412.348593109  -412.296824201  -412.296824201  -412.238991132
    41.500  -412.430477045  -412.342928761  -412.290756235  -412.290756235  -412.238446385
    42.000  -412.435780632  -412.351501468  -412.299346018  -412.299346018  -412.239125367
    42.500  -412.446196450  -412.365059621  -412.313234142  -412.313234142  -412.239899932
    43.000  -412.449877270  -412.371749831  -412.320338906  -412.320338906  -412.239902393
    43.500  -412.445191218  -412.369914412  -412.318822433  -412.318822433  -412.239512702
    44.000  -412.436893634  -412.364257610  -412.313305179  -412.313305179  -412.239200800
    44.500  -412.429297968  -412.359037992  -412.308039783  -412.308039783  -412.239112235
    45.000  -412.423707994  -412.355514341  -412.304321261  -412.304321261  -412.239176673
    45.500  -412.419216642  -412.352742874  -412.301255601  -412.301255601  -412.239261550
    46.000  -412.414627695  -412.349489214  -412.297659016  -412.297659016  -412.239262169
    46.500  -412.410036573  -412.345804184  -412.293628316  -412.293628316  -412.239141972
    47.000  -412.407325591  -412.343527074  -412.291043385  -412.291043385  -412.238966666
    47.500  -412.409109327  -412.345248066  -412.292524559  -412.292524559  -412.238890297
    48.000  -412.416445197  -412.352042952  -412.299166419  -412.299166419  -412.239038575
    48.500  -412.427058728  -412.361705685  -412.308771541  -412.308771541  -412.239394449
    49.000  -412.435691508  -412.369081610  -412.316194691  -412.316194691  -412.239810693
    49.500  -412.436602962  -412.368531808  -412.315831313  -412.315831313  -412.239990589
    50.000  -412.428348282  -412.358670694  -412.306375966  -412.306375966  -412.239517966
    50.500  -412.419033097  -412.347608275  -412.296049808  -412.296049808  -412.238651307
    51.000  -412.420979269  -412.347657946  -412.297229887  -412.297229887  -412.238697598
    51.500  -412.433557818  -412.358236376  -412.309262789  -412.309262789  -412.239585544
    52.000  -412.444046981  -412.366730808  -412.319362507  -412.319362507  -412.239997431
    52.500  -412.445044456  -412.365858297  -412.320078574  -412.320078574  -412.239749329
    53.000  -412.438789589  -412.357939660  -412.313635372  -412.313635372  -412.239315196
    53.500  -412.431047585  -412.348779308  -412.305804850  -412.305804850  -412.239014814
    54.000  -412.426084731  -412.342661804  -412.300871479  -412.300871479  -412.238940348
    54.500  -412.424995104  -412.340696203  -412.299952711  -412.299952711  -412.239031552
    55.000  -412.426439926  -412.341558957  -412.301729449  -412.301729449  -412.239167620
    55.500  -412.428388368  -412.343228038  -412.304173589  -412.304173589  -412.239258998
    56.000  -412.429498320  -412.344351599  -412.305916375  -412.305916375  -412.239273683
    56.500  -412.429670281  -412.344791278  -412.306794287  -412.306794287  -412.239218535
    57.000  -412.429934557  -412.345509726  -412.307737800  -412.307737800  -412.239148327
    57.500  -412.431539579  -412.347669805  -412.309876742  -412.309876742  -412.239188280
    58.000  -412.434118393  -412.350822991  -412.312738198  -412.312738198  -412.239439489
    58.500  -412.434491740  -412.351729034  -412.313083262  -412.313083262  -412.239745106
    59.000  -412.429280796  -412.346962696  -412.307538145  -412.307538145  -412.239633229
    59.500  -412.421314022  -412.339299885  -412.298997092  -412.298997092  -412.238961236
    60.000  -412.420289112  -412.338384810  -412.297254452  -412.297254452  -412.238680396
    60.500  -412.429802972  -412.347797581  -412.305984057  -412.305984057  -412.239306572
    61.000  -412.440945431  -412.358659299  -412.316298329  -412.316298329  -412.239851443
    61.500  -412.444862857  -412.362157021  -412.319322673  -412.319322673  -412.239823121
    62.000  -412.440615704  -412.357368879  -412.314081845  -412.314081845  -412.239539909
    62.500  -412.431726846  -412.347817247  -412.304064905  -412.304064905  -412.239270885
    63.000  -412.422145363  -412.337452090  -412.293198994  -412.293198994  -412.239059680
    63.500  -412.415148678  -412.329562015  -412.284755345  -412.284755345  -412.238902689
    64.000  -412.413116470  -412.326546860  -412.281125328  -412.281125328  -412.238849195
    64.500  -412.416796131  -412.329178519  -412.283083665  -412.283083665  -412.238929762
    65.000  -412.424906975  -412.336200686  -412.289389868  -412.289389868  -412.239087800
    65.500  -412.434958229  -412.345145070  -412.297596546  -412.297596546  -412.239243034
    66.000  -412.444452312  -412.353533089  -412.305241106  -412.305241106  -412.239369398
    66.500  -412.451394085  -412.359379424  -412.310343191  -412.310343191  -412.239482639
    67.000  -412.454176835  -412.361074488  -412.311294436  -412.311294436  -412.239593791
    67.500  -412.451527505  -412.357325510  -412.306820669  -412.306820669  -412.239661303
    68.000  -412.443257143  -412.347907738  -412.296768076  -412.296768076  -412.239523176
    68.500  -412.432539761  -412.335951497  -412.284421064  -412.284421064  -412.239016979
    69.000  -412.427313679  -412.329374311  -412.277894593  -412.277894593  -412.238570464
    69.500  -412.433624091  -412.334275855  -412.283401952  -412.283401952  -412.238909730
    70.000  -412.446549905  -412.345895765  -412.296102633  -412.296102633  -412.239570309
    70.500  -412.456144226  -412.354510080  -412.306045984  -412.306045984  -412.239773254
    71.000  -412.458147899  -412.356058525  -412.308939462  -412.308939462  -412.239605832
    71.500  -412.453952256  -412.352049511  -412.306138244  -412.306138244  -412.239407339
    72.000  -412.446094080  -412.345047181  -412.300133567  -412.300133567  -412.239289440
    72.500  -412.436365406  -412.336800522  -412.292653585  -412.292653585  -412.239200016
    73.000  -412.426333821  -412.328791233  -412.285180326  -412.285180326  -412.239070561
    73.500  -412.418191772  -412.323108476  -412.279807809  -412.279807809  -412.238903671
    74.000  -412.414604367  -412.322318029  -412.279101585  -412.279101585  -412.238790399
    74.500  -412.417333471  -412.328104311  -412.284739119  -412.284739119  -412.238829730
    75.000  -412.425814577  -412.339853652  -412.296098759  -412.296098759  -412.239022651
    75.500  -412.437136515  -412.354623225  -412.310232187  -412.310232187  -412.239294444
    76.000  -412.447132691  -412.368205681  -412.322941881  -412.322941881  -412.239597959
    76.500  -412.451275570  -412.375995923  -412.329660496  -412.329660496  -412.239901925
    77.000  -412.445532707  -412.373826130  -412.326304462  -412.326304462  -412.240043814
    77.500  -412.429069919  -412.360664585  -412.311992564  -412.311992564  -412.239677519
    78.000  -412.408754907  -412.343147756  -412.293568335  -412.293568335  -412.238813439
    78.500  -412.397539682  -412.334025626  -412.283984995  -412.283984995  -412.238424929
    79.000  -412.401047509  -412.338820969  -412.288862907  -412.288862907  -412.238975303
    79.500  -412.411635713  -412.349912756  -412.300532182  -412.300532182  -412.239561856
    80.000  -412.419913663  -412.358008186  -412.309565493  -412.309565493  -412.239698116
    80.500  -412.422496925  -412.359838801  -412.312546697  -412.312546697  -412.239584562
    81.000  -412.420157665  -412.356279294  -412.310216329  -412.310216329  -412.239431795
    81.500  -412.414780087  -412.349292942  -412.304419295  -412.304419295  -412.239309813
    82.000  -412.408132646  -412.340706072  -412.296871244  -412.296871244  -412.239215281
    82.500  -412.401790883  -412.332135947  -412.289084274  -412.289084274  -412.239114644
    83.000  -412.397536726  -412.325393683  -412.282773378  -412.282773378  -412.238978172
    83.500  -412.397667830  -412.322801750  -412.280176532  -412.280176532  -412.238833267
    84.000  -412.404449413  -412.326653500  -412.283522964  -412.283522964  -412.238787684
    84.500  -412.418499719  -412.337605589  -412.293435788  -412.293435788  -412.238941891
    85.000  -412.437385343  -412.353274034  -412.307537575  -412.307537575  -412.239279205
    85.500  -412.455920055  -412.368521683  -412.320749612  -412.320749612  -412.239688795
    86.000  -412.468002362  -412.377282464  -412.327118419  -412.327118419  -412.240000463
    86.500  -412.469549284  -412.375478865  -412.322737283  -412.322737283  -412.239922023
    87.000  -412.462794862  -412.365314351  -412.310034658  -412.310034658  -412.239276946
    87.500  -412.457689647  -412.356695181  -412.299154384  -412.299154384  -412.238720188
    88.000  -412.462095945  -412.357467045  -412.298125641  -412.298125641  -412.239047263
    88.500  -412.471619371  -412.363276729  -412.302666087  -412.302666087  -412.239606323
    89.000  -412.477764325  -412.365711733  -412.304338266  -412.304338266  -412.239649305
    89.500  -412.478569550  -412.362914704  -412.301204114  -412.301204114  -412.239379831
    90.000  -412.476920393  -412.357883932  -412.296168368  -412.296168368  -412.239188373
    90.500  -412.475170597  -412.353099019  -412.291614091  -412.291614091  -412.239164323
    91.000  -412.473517586  -412.348889101  -412.287772486  -412.287772486  -412.239200347
    91.500  -412.471309489  -412.344719597  -412.284015413  -412.284015413  -412.239208557
    92.000  -412.468337741  -412.340471248  -412.280138578  -412.280138578  -412.239171539
    92.500  -412.465176994  -412.336773145  -412.276704434  -412.276704434  -412.239092895
    93.000  -412.463133976  -412.334954196  -412.274999337  -412.274999337  -412.238979990
    93.500  -412.464030482  -412.336831491  -412.276826168  -412.276826168  -412.238885709
    94.000  -412.469300704  -412.343812382  -412.283611197  -412.283611197  -412.238926197
    94.500  -412.478295182  -412.355199781  -412.294717446  -412.294717446  -412.239187552
    95.000  -412.487191015  -412.367100355  -412.306354488  -412.306354488  -412.239594925
    95.500  -412.490323576  -412.373744602  -412.312902334  -412.312902334  -412.239881475
    96.000  -412.484370186  -412.371658588  -412.311075727  -412.311075727  -412.239677152
    96.500  -412.473440781  -412.364757152  -412.304987193  -412.304987193  -412.238992889
    97.000  -412.467719490  -412.363022762  -412.304752788  -412.304752788  -412.238744123
    97.500  -412.470794999  -412.369898179  -412.313786787  -412.313786787  -412.239385030
    98.000  -412.473990574  -412.376635876  -412.323137254  -412.323137254  -412.239962583
    98.500  -412.468656225  -412.374537286  -412.323837126  -412.323837126  -412.239902927
    99.000  -412.454932820  -412.363665769  -412.315730454  -412.315730454  -412.239477424
    99.500  -412.438698566  -412.349797822  -412.304461423  -412.304461423  -412.239100140
   100.000  -412.425489229  -412.338394426  -412.295416411  -412.295416411  -412.238978000
   100.500  -412.417230419  -412.331376076  -412.290461006  -412.290461006  -412.239046263
   101.000  -412.412919865  -412.327813304  -412.288612750  -412.288612750  -412.239139686
   101.500  -412.410964237  -412.326235296  -412.288347706  -412.288347706  -412.239180723
   102.000  -412.410459350  -412.325873924  -412.288857350  -412.288857350  -412.239182313
   102.500  -412.411161401  -412.326604664  -412.290002400  -412.290002400  -412.239170973
   103.000  -412.413143658  -412.328585630  -412.291953443  -412.291953443  -412.239166615
   103.500  -412.416442032  -412.331895864  -412.294829534  -412.294829534  -412.239221319
   104.000  -412.420286455  -412.335768652  -412.297928269  -412.297928269  -412.239403034
   104.500  -412.422322415  -412.337817814  -412.298957384  -412.298957384  -412.239632979
   105.000  -412.420095356  -412.335516587  -412.295527555  -412.295527555  -412.239557941
   105.500  -412.415913481  -412.331062990  -412.290019270  -412.290019270  -412.238983113
   106.000  -412.418367244  -412.332936182  -412.291095034  -412.291095034  -412.238648222
   106.500  -412.431803560  -412.345443595  -412.303155137  -412.303155137  -412.239211670
   107.000  -412.448076506  -412.360511889  -412.318074678  -412.318074678  -412.239889284
   107.500  -412.456577402  -412.367664105  -412.325240646  -412.325240646  -412.240011789
   108.000  -412.454254282  -412.363951694  -412.321577746  -412.321577746  -412.239732593
   108.500  -412.444596429  -412.352895682  -412.310533354  -412.310533354  -412.239324296
   109.000  -412.433617224  -412.340486967  -412.298072525  -412.298072525  -412.238956210
   109.500  -412.426878193  -412.332261837  -412.289732472  -412.289732472  -412.238772285
   110.000  -412.427148973  -412.331018733  -412.288316999  -412.288316999  -412.238823954
   110.500  -412.433608595  -412.336041555  -412.293110023  -412.293110023  -412.239003584
   111.000  -412.443346830  -412.344579400  -412.301352987  -412.301352987  -412.239173024
   111.500  -412.453424346  -412.353858992  -412.310262337  -412.310262337  -412.239291691
   112.000  -412.461671036  -412.361842261  -412.317788501  -412.317788501  -412.239389032
   112.500  -412.466435600  -412.366948865  -412.322343128  -412.322343128  -412.239488894
   113.000  -412.466314496  -412.367781230  -412.322529918  -412.322529918  -412.239575675
   113.500  -412.460410452  -412.363384371  -412.317422742  -412.317422742  -412.239587283
   114.000  -412.449273891  -412.354200657  -412.307541701  -412.307541701  -412.239402145
   114.500  -412.436534429  -412.343723417  -412.296514729  -412.296514729  -412.238954392
   115.000  -412.429155753  -412.338783549  -412.291332320  -412.291332320  -412.238614815
   115.500  -412.431810985  -412.343961590  -412.296675149  -412.296675149  -412.238919022
   116.000  -412.440115404  -412.354836507  -412.308096572  -412.308096572  -412.239528988
   116.500  -412.445066311  -412.362403162  -412.316458767  -412.316458767  -412.239796801
   117.000  -412.441950145  -412.361939616  -412.316883827  -412.316883827  -412.239696051
   117.500  -412.431558214  -412.354202062  -412.310012256  -412.310012256  -412.239480058
   118.000  -412.416935245  -412.342175196  -412.298755273  -412.298755273  -412.239276873
   118.500  -412.401341288  -412.329040240  -412.286254246  -412.286254246  -412.239084353
   119.000  -412.388021308  -412.317950918  -412.275641515  -412.275641515  -412.238888449
   119.500  -412.380170147  -412.312010238  -412.270013492  -412.270013492  -412.238753228
   120.000  -412.379907262  -412.313267367  -412.271418054  -412.271418054  -412.238776781
   120.500  -412.386883737  -412.321346649  -412.279481669  -412.279481669  -412.238960148
   121.000  -412.398278687  -412.333450581  -412.291411855  -412.291411855  -412.239197467
   121.500  -412.410325136  -412.345870247  -412.303508653  -412.303508653  -412.239403393
   122.000  -412.419666768  -412.355316574  -412.312501347  -412.312501347  -412.239571431
   122.500  -412.423692629  -412.359234631  -412.315864468  -412.315864468  -412.239699847
   123.000  -412.420808590  -412.356065753  -412.312080589  -412.312080589  -412.239677074
   123.500  -412.412122337  -412.346928530  -412.302324738  -412.302324738  -412.239308188
   124.000  -412.403713327  -412.337893796  -412.292730186  -412.292730186  -412.238730470
   124.500  -412.403866149  -412.337237067  -412.291614025  -412.291614025  -412.238629027
   125.000  -412.413938984  -412.346335955  -412.300334030  -412.300334030  -412.239168774
   125.500  -412.426343881  -412.357660556  -412.311283677  -412.311283677  -412.239650195
   126.000  -412.433583600  -412.363790834  -412.316964107  -412.316964107  -412.239707950
   126.500  -412.433883855  -412.363024258  -412.315633767  -412.315633767  -412.239514985
   127.000  -412.429424665  -412.357594987  -412.309532257  -412.309532257  -412.239296868
   127.500  -412.423154055  -412.350485712  -412.301673822  -412.301673822  -412.239153433
   128.000  -412.417174492  -412.343815127  -412.294212719  -412.294212719  -412.239091804
   128.500  -412.412521560  -412.338613670  -412.288206541  -412.288206541  -412.239073730
   129.000  -412.409683407  -412.335340337  -412.284126037  -412.284126037  -412.239044749
   129.500  -412.409351077  -412.334641378  -412.282610679  -412.282610679  -412.238974979
   130.000  -412.412738431  -412.337682612  -412.284812532  -412.284812532  -412.238913380
   130.500  -412.420777883  -412.345367093  -412.291625960  -412.291625960  -412.238973784
   131.000  -412.432511896  -412.356741362  -412.302102828  -412.302102828  -412.239218790
   131.500  -412.444294703  -412.368184959  -412.312650415  -412.312650415  -412.239582650
   132.000  -412.450922234  -412.374505271  -412.318132254  -412.318132254  -412.239881581
   132.500  -412.448634390  -412.371904768  -412.314842688  -412.314842688  -412.239813546
   133.000  -412.439462775  -412.362318566  -412.304843587  -412.304843587  -412.239225474
   133.500  -412.432424985  -412.354641615  -412.297150569  -412.297150569  -412.238714423
   134.000  -412.434824852  -412.356088850  -412.299006718  -412.299006718  -412.238953894
   134.500  -412.443610124  -412.363589880  -412.307232963  -412.307232963  -412.239456984
   135.000  -412.451308507  -412.369704185  -412.314213397  -412.314213397  -412.239641447
   135.500  -412.454283341  -412.370838450  -412.316215729  -412.316215729  -412.239554569
   136.000  -412.452993056  -412.367491383  -412.313671909  -412.313671909  -412.239379584
   136.500  -412.449532899  -412.361804539  -412.308707987  -412.308707987  -412.239212797
   137.000  -412.446090017  -412.356025408  -412.303577362  -412.303577362  -412.239097528
   137.500  -412.444210213  -412.351775036  -412.299905917  -412.299905917  -412.239050485
   138.000  -412.444503591  -412.349745418  -412.298379881  -412.298379881  -412.239067827
   138.500  -412.446699636  -412.349743325  -412.298784257  -412.298784257  -412.239124087
   139.000  -412.450044223  -412.351076112  -412.300391026  -412.300391026  -412.239173453
   139.500  -412.453996383  -412.353239370  -412.302651306  -412.302651306  -412.239168400
   140.000  -412.458862078  -412.356550645  -412.305840333  -412.305840333  -412.239123212
   140.500  -412.465446115  -412.361812361  -412.310735908  -412.310735908  -412.239174189
   141.000  -412.473068363  -412.368347105  -412.316674331  -412.316674331  -412.239466166
   141.500  -412.477824543  -412.372268845  -412.319845295  -412.319845295  -412.239833555
   142.000  -412.475365752  -412.369252191  -412.316073676  -412.316073676  -412.239743343
   142.500  -412.468064421  -412.361676474  -412.307939258  -412.307939258  -412.239085263
   143.000  -412.465322492  -412.358943755  -412.304994077  -412.304994077  -412.238845129
   143.500  -412.470457623  -412.364401586  -412.310561184  -412.310561184  -412.239368307
   144.000  -412.476272982  -412.370925111  -412.317315903  -412.317315903  -412.239701423
   144.500  -412.477055968  -412.372871317  -412.319375331  -412.319375331  -412.239578779
   145.000  -412.473354741  -412.370820006  -412.317151696  -412.317151696  -412.239368637
   145.500  -412.467604636  -412.367193531  -412.313003031  -412.313003031  -412.239247837
   146.000  -412.461344110  -412.363478056  -412.308429941  -412.308429941  -412.239184050
   146.500  -412.455373122  -412.360389992  -412.304210412  -412.304210412  -412.239136214
   147.000  -412.450298461  -412.358431008  -412.300927157  -412.300927157  -412.239102398
   147.500  -412.446587697  -412.357953123  -412.299014506  -412.299014506  -412.239091627
   148.000  -412.444438733  -412.359037753  -412.298627196  -412.298627196  -412.239107916
   148.500  -412.443714761  -412.361437092  -412.299572612  -412.299572612  -412.239150959
   149.000  -412.443937167  -412.364566255  -412.301307005  -412.301307005  -412.239220961
   149.500  -412.444328689  -412.367546255  -412.302973918  -412.302973918  -412.239310350
   150.000  -412.443932759  -412.369321159  -412.303531028  -412.303531028  -412.239420181
   150.500  -412.441598336  -412.368646878  -412.301753286  -412.301753286  -412.239568600
   151.000  -412.435927650  -412.364051357  -412.296207078  -412.296207078  -412.239642460
   151.500  -412.427183362  -412.355748901  -412.287180600  -412.287180600  -412.239313843
   152.000  -412.421148339  -412.349510847  -412.280536604  -412.280536604  -412.238781897
   152.500  -412.425117459  -412.352678463  -412.283665861  -412.283665861  -412.238990310
   153.000  -412.435951823  -412.362236420  -412.293498584  -412.293498584  -412.239673470
   153.500  -412.443539549  -412.368248646  -412.299954312  -412.299954312  -412.239837975
   154.000  -412.444095141  -412.367095637  -412.299259692  -412.299259692  -412.239517817
   154.500  -412.441038336  -412.362309981  -412.294846432  -412.294846432  -412.239194023
   155.000  -412.438583166  -412.358164617  -412.290952782  -412.290952782  -412.239072044
   155.500  -412.438393331  -412.356344528  -412.289286578  -412.289286578  -412.239082610
   156.000  -412.440231453  -412.356615593  -412.289670015  -412.289670015  -412.239103923
   156.500  -412.443637890  -412.358514740  -412.291707851  -412.291707851  -412.239085779
   157.000  -412.448719276  -412.362146662  -412.295563453  -412.295563453  -412.239047532
   157.500  -412.455895044  -412.367932690  -412.301696876  -412.301696876  -412.239045486
   158.000  -412.465083097  -412.375799451  -412.310041776  -412.310041776  -412.239137061
   158.500  -412.474895630  -412.384369334  -412.319192963  -412.319192963  -412.239338623
   159.000  -412.482468396  -412.390776482  -412.326235508  -412.326235508  -412.239599288
   159.500  -412.484326301  -412.391517703  -412.327619839  -412.327619839  -412.239799748
   160.000  -412.478289362  -412.384345588  -412.321090889  -412.321090889  -412.239762831
   160.500  -412.466112930  -412.370912868  -412.308363861  -412.308363861  -412.239326986
   161.000  -412.455320020  -412.358634105  -412.296987977  -412.296987977  -412.238691618
   161.500  -412.455287208  -412.356831248  -412.296416432  -412.296416432  -412.238653024
   162.000  -412.466297457  -412.365840849  -412.306995327  -412.306995327  -412.239400240
   162.500  -412.477512329  -412.374975615  -412.317874953  -412.317874953  -412.239977983
   163.000  -412.479635755  -412.375108749  -412.319687452  -412.319687452  -412.239922146
   163.500  -412.472286362  -412.365977027  -412.311963573  -412.311963573  -412.239528315
   164.000  -412.460612128  -412.352782557  -412.299783076  -412.299783076  -412.239152926
   164.500  -412.449992144  -412.340916840  -412.288499542  -412.288499542  -412.238965309
   165.000  -412.443256594  -412.333205300  -412.280970567  -412.280970567  -412.238945745
   165.500  -412.440772683  -412.330002291  -412.277631660  -412.277631660  -412.238974521
   166.000  -412.442078650  -412.330823759  -412.278101019  -412.278101019  -412.238973679
   166.500  -412.447023872  -412.335483233  -412.282292647  -412.282292647  -412.238965631
   167.000  -412.455517349  -412.343842043  -412.290151234  -412.290151234  -412.239019869
   167.500  -412.466592936  -412.354880242  -412.300709089  -412.300709089  -412.239176874
   168.000  -412.477830179  -412.366120561  -412.311519086  -412.311519086  -412.239428419
   168.500  -412.485569742  -412.373843010  -412.318876325  -412.318876325  -412.239706624
   169.000  -412.486119252  -412.374278751  -412.319031373  -412.319031373  -412.239834873
   169.500  -412.478503758  -412.366345577  -412.310951051  -412.310951051  -412.239545358
   170.000  -412.467992526  -412.355185856  -412.299851562  -412.299851562  -412.238855386
   170.500  -412.464884389  -412.350996392  -412.295996103  -412.295996103  -412.238482027
   171.000  -412.474423881  -412.359036255  -412.304626345  -412.304626345  -412.238939585
   171.500  -412.490127922  -412.373000624  -412.319310717  -412.319310717  -412.239632128
   172.000  -412.501432311  -412.382622625  -412.329603290  -412.329603290  -412.239928682
   172.500  -412.502864915  -412.382741267  -412.330196998  -412.330196998  -412.239826104
   173.000  -412.495061892  -412.374239048  -412.321892875  -412.321892875  -412.239532188
   173.500  -412.481997642  -412.361235013  -412.308799635  -412.308799635  -412.239206577
   174.000  -412.468442080  -412.348552552  -412.295775716  -412.295775716  -412.238965258
   174.500  -412.458043055  -412.339819792  -412.286520479  -412.286520479  -412.238871357
   175.000  -412.452312133  -412.336485757  -412.282567981  -412.282567981  -412.238891756
   175.500  -412.450997888  -412.338215676  -412.283661706  -412.283661706  -412.238956659
   176.000  -412.453044487  -412.343864882  -412.288709709  -412.288709709  -412.239042439
   176.500  -412.457010549  -412.351905816  -412.296201989  -412.296201989  -412.239164037
   177.000  -412.460956331  -412.360309146  -412.304098184  -412.304098184  -412.239338835
   177.500  -412.462283646  -412.366380626  -412.309675970  -412.309675970  -412.239562463
   178.000  -412.457974079  -412.366977167  -412.309776199  -412.309776199  -412.239748543
   178.500  -412.446097286  -412.360012789  -412.302322833  -412.302322833  -412.239664843
   179.000  -412.429064120  -412.347713130  -412.289591171  -412.289591171  -412.239159957
   179.500  -412.414952466  -412.337970464  -412.279548438  -412.279548438  -412.238676365
   180.000  -412.410949227  -412.337830873  -412.279298007  -412.279298007  -412.238793875
   180.500  -412.415768847  -412.345947993  -412.287490595  -412.287490595  -412.239224331
   181.000  -412.422987672  -412.355906705  -412.297662555  -412.297662555  -412.239521885
   181.500  -412.427359933  -412.362509983  -412.304559915  -412.304559915  -412.239656283
   182.000  -412.426117852  -412.363050874  -412.305427852  -412.305427852  -412.239667626
   182.500  -412.418668352  -412.356985203  -412.299683228  -412.299683228  -412.239551502
   183.000  -412.406638109  -412.345960913  -412.288941104  -412.288941104  -412.239314410
   183.500  -412.393676211  -412.333619274  -412.276814240  -412.276814240  -412.239015812
   184.000  -412.384388871  -412.324540258  -412.267859412  -412.267859412  -412.238788080
   184.500  -412.382264823  -412.322182255  -412.265522563  -412.265522563  -412.238754288
   185.000  -412.387852956  -412.327073893  -412.270334055  -412.270334055  -412.238901113
   185.500  -412.398915988  -412.336974828  -412.280064351  -412.280064351  -412.239107075
   186.000  -412.412160928  -412.348604869  -412.291450073  -412.291450073  -412.239291813
   186.500  -412.424535529  -412.358936493  -412.301483887  -412.301483887  -412.239465892
   187.000  -412.433316683  -412.365278470  -412.307505990  -412.307505990  -412.239640271
   187.500  -412.436244360  -412.365402832  -412.307346956  -412.307346956  -412.239687228
   188.000  -412.433549874  -412.359563907  -412.301359628  -412.301359628  -412.239357715
   188.500  -412.430970300  -412.353509864  -412.295425606  -412.295425606  -412.238792034
   189.000  -412.436734790  -412.355487501  -412.297906082  -412.297906082  -412.238776675
   189.500  -412.451101332  -412.365813909  -412.309131537  -412.309131537  -412.239375725
   190.000  -412.465699254  -412.376228510  -412.320733837  -412.320733837  -412.239720903
   190.500  -412.474825984  -412.381163827  -412.326984398  -412.326984398  -412.239593831
   191.000  -412.479252878  -412.381530148  -412.328655427  -412.328655427  -412.239398599
   191.500  -412.481193830  -412.379690539  -412.328027143  -412.328027143  -412.239369960
   192.000  -412.480846527  -412.376008833  -412.325431451  -412.325431451  -412.239410748
   192.500  -412.477469774  -412.369914986  -412.320297364  -412.320297364  -412.239368585
   193.000  -412.471516516  -412.362012699  -412.313234724  -412.313234724  -412.239217433
   193.500  -412.465104097  -412.354530163  -412.306463374  -412.306463374  -412.239033146
   194.000  -412.460893887  -412.350193157  -412.302682688  -412.302682688  -412.238926259
   194.500  -412.460424663  -412.350563384  -412.303411508  -412.303411508  -412.238968994
   195.000  -412.463045903  -412.354977134  -412.307934363  -412.307934363  -412.239139459
   195.500  -412.466215574  -412.360841732  -412.313608741  -412.313608741  -412.239365105
   196.000  -412.466600816  -412.364729191  -412.316970316  -412.316970316  -412.239596015
   196.500  -412.461047095  -412.363333053  -412.314708929  -412.314708929  -412.239754015
   197.000  -412.448066748  -412.354945696  -412.305176326  -412.305176326  -412.239613633
   197.500  -412.431062658  -412.342686351  -412.291635697  -412.291635697  -412.239003253
   198.000  -412.419693824  -412.335911131  -412.283650837  -412.283650837  -412.238481439
   198.500  -412.421391521  -412.341808910  -412.288584185  -412.288584185  -412.238837645
   199.000  -412.431265602  -412.355360010  -412.301457919  -412.301457919  -412.239567517
   199.500  -412.438509219  -412.365709955  -412.311348717  -412.311348717  -412.239875706
   200.000  -412.437630122  -412.367331109  -412.312649566  -412.312649566  -412.239758360
   200.500  -412.429708333  -412.361247323  -412.306353763  -412.306353763  -412.239457234
   201.000  -412.419108664  -412.351761664  -412.296776838  -412.296776838  -412.239130754
   201.500  -412.410756997  -412.343769056  -412.288834662  -412.288834662  -412.238927607
   202.000  -412.407729710  -412.340377365  -412.285633732  -412.285633732  -412.238946529
   202.500  -412.409827665  -412.341490634  -412.287039533  -412.287039533  -412.239100585
   203.000  -412.414781903  -412.344993468  -412.290865646  -412.290865646  -412.239202813
   203.500  -412.420870388  -412.349330826  -412.295468877  -412.295468877  -412.239191003
   204.000  -412.427889455  -412.354450850  -412.300708161  -412.300708161  -412.239169976
   204.500  -412.435794776  -412.360436088  -412.306590897  -412.306590897  -412.239259060
   205.000  -412.443064851  -412.365867248  -412.311648882  -412.311648882  -412.239469320
   205.500  -412.446582564  -412.367704518  -412.312832925  -412.312832925  -412.239702280
   206.000  -412.443255917  -412.362898483  -412.307145438  -412.307145438  -412.239741848
   206.500  -412.433352637  -412.351713438  -412.294985132  -412.294985132  -412.239318356
   207.000  -412.423816632  -412.341051762  -412.283458823  -412.283458823  -412.238638126
   207.500  -412.424324990  -412.340548577  -412.282399739  -412.282399739  -412.238579473
   208.000  -412.435600477  -412.350934140  -412.292623542  -412.292623542  -412.239210306
   208.500  -412.448544788  -412.363173299  -412.305045885  -412.305045885  -412.239663441
   209.000  -412.455638813  -412.369820107  -412.312120710  -412.312120710  -412.239673259
   209.500  -412.455679197  -412.369713660  -412.312605969  -412.312605969  -412.239496835
   210.000  -412.450792857  -412.364979736  -412.308579024  -412.308579024  -412.239330391
   210.500  -412.443470613  -412.358068940  -412.302454734  -412.302454734  -412.239217320
   211.000  -412.435669130  -412.350866973  -412.296078777  -412.296078777  -412.239128342
   211.500  -412.429039821  -412.344937865  -412.290963678  -412.290963678  -412.239042765
   212.000  -412.425085826  -412.341704330  -412.288471175  -412.288471175  -412.238998985
   212.500  -412.424579088  -412.341890711  -412.289270282  -412.289270282  -412.239036250
   213.000  -412.427046565  -412.345023895  -412.292847521  -412.292847521  -412.239114387
   213.500  -412.431279982  -412.349934959  -412.298014222  -412.298014222  -412.239192823
   214.000  -412.435886670  -412.355283979  -412.303434117  -412.303434117  -412.239316489
   214.500  -412.438814274  -412.359057546  -412.307126783  -412.307126783  -412.239528709
   215.000  -412.437018165  -412.358214343  -412.306118398  -412.306118398  -412.239724573
   215.500  -412.428252206  -412.350464099  -412.298225763  -412.298225763  -412.239615949
   216.000  -412.415115557  -412.338317038  -412.286102661  -412.286102661  -412.239040090
   216.500  -412.406417511  -412.330473492  -412.278588428  -412.278588428  -412.238572559
   217.000  -412.408706632  -412.333401652  -412.282207420  -412.282207420  -412.238903059
   217.500  -412.417480961  -412.342581498  -412.292374596  -412.292374596  -412.239493381
   218.000  -412.423975763  -412.349280916  -412.300224806  -412.300224806  -412.239645870
   218.500  -412.424985010  -412.350340738  -412.302484086  -412.302484086  -412.239444720
   219.000  -412.422672601  -412.347962929  -412.301295597  -412.301295597  -412.239205628
   219.500  -412.420236404  -412.345370274  -412.299866517  -412.299866517  -412.239093905
   220.000  -412.419278091  -412.344178450  -412.299816834  -412.299816834  -412.239117479
   220.500  -412.419534845  -412.344130038  -412.300892020  -412.300892020  -412.239193458
   221.000  -412.420035389  -412.344248849  -412.302111784  -412.302111784  -412.239223330
   221.500  -412.420525555  -412.344265041  -412.303196058  -412.303196058  -412.239160042
   222.000  -412.422100331  -412.345252176  -412.305207306  -412.305207306  -412.239053586
   222.500  -412.426408792  -412.348848145  -412.309773098  -412.309773098  -412.239024745
   223.000  -412.433907916  -412.355527409  -412.317351548  -412.317351548  -412.239156628
   223.500  -412.442664279  -412.363408813  -412.326035480  -412.326035480  -412.239439325
   224.000  -412.448578212  -412.368463523  -412.331764734  -412.331764734  -412.239770291
   224.500  -412.447209433  -412.366305128  -412.330141152  -412.330141152  -412.239881432
   225.000  -412.437913849  -412.356292570  -412.320552521  -412.320552521  -412.239451782
   225.500  -412.427680272  -412.345363886  -412.310000886  -412.310000886  -412.238810854
   226.000  -412.425554660  -412.342512453  -412.307515221  -412.307515221  -412.238886099
   226.500  -412.430565764  -412.346777187  -412.312071184  -412.312071184  -412.239474790
   227.000  -412.434177870  -412.349695515  -412.315071965  -412.315071965  -412.239693335
   227.500  -412.432158677  -412.347110694  -412.312251992  -412.312251992  -412.239476535
   228.000  -412.426663912  -412.341211929  -412.305766780  -412.305766780  -412.239178589
   228.500  -412.421606651  -412.335905590  -412.299552867  -412.299552867  -412.239005604
   229.000  -412.419415201  -412.333599262  -412.296074271  -412.296074271  -412.238974515
   229.500  -412.420513643  -412.334701877  -412.295798568  -412.295798568  -412.239027975
   230.000  -412.424056810  -412.338364073  -412.297926757  -412.297926757  -412.239115738
   230.500  -412.428694512  -412.343236573  -412.301150716  -412.301150716  -412.239209306
   231.000  -412.433088667  -412.347976175  -412.304154387  -412.304154387  -412.239277001
   231.500  -412.436437165  -412.351757884  -412.306123809  -412.306123809  -412.239281733
   232.000  -412.438972086  -412.354771189  -412.307241872  -412.307241872  -412.239234583
   232.500  -412.441674509  -412.357946705  -412.308420779  -412.308420779  -412.239246722
   233.000  -412.444646553  -412.361350009  -412.309717262  -412.309717262  -412.239426040
   233.500  -412.445781513  -412.362861555  -412.309053109  -412.309053109  -412.239632844
   234.000  -412.442982844  -412.360381218  -412.304460687  -412.304460687  -412.239479615
   234.500  -412.439218087  -412.356858807  -412.299110178  -412.299110178  -412.238981393
   235.000  -412.441318818  -412.359105461  -412.300036131  -412.300036131  -412.238953468
   235.500  -412.449281619  -412.367131339  -412.307346510  -412.307346510  -412.239523068
   236.000  -412.454797494  -412.372676535  -412.312720251  -412.312720251  -412.239827847
   236.500  -412.452503077  -412.370419445  -412.310695721  -412.310695721  -412.239639885
   237.000  -412.444101086  -412.362068998  -412.302845598  -412.302845598  -412.239309376
   237.500  -412.434008207  -412.352018613  -412.293458014  -412.293458014  -412.239078674
   238.000  -412.425622181  -412.343633908  -412.285822616  -412.285822616  -412.238973255
   238.500  -412.420606805  -412.338556531  -412.281526722  -412.281526722  -412.238937814
   239.000  -412.419527170  -412.337346316  -412.281098065  -412.281098065  -412.238935487
   239.500  -412.422373664  -412.340011098  -412.284526061  -412.284526061  -412.238964221
   240.000  -412.428617385  -412.346059312  -412.291308451  -412.291308451  -412.239040319
   240.500  -412.437007844  -412.354290918  -412.300234659  -412.300234659  -412.239180263
   241.000  -412.445395701  -412.362610954  -412.309191016  -412.309191016  -412.239383773
   241.500  -412.450827836  -412.368110696  -412.315244575  -412.315244575  -412.239617546
   242.000  -412.450174459  -412.367678864  -412.315264691  -412.315264691  -412.239797647
   242.500  -412.441526727  -412.359386294  -412.307327192  -412.307327192  -412.239776516
   243.000  -412.426465636  -412.344752059  -412.293002035  -412.293002035  -412.239373678
   243.500  -412.412300415  -412.331004344  -412.279617171  -412.279617171  -412.238681433
   244.000  -412.409540275  -412.328595930  -412.277735394  -412.277735394  -412.238483335
   244.500  -412.420740904  -412.340092878  -412.289972068  -412.289972068  -412.239196916
   245.000  -412.435473604  -412.355140871  -412.305933478  -412.305933478  -412.239896668
   245.500  -412.442496016  -412.362583171  -412.314379762  -412.314379762  -412.239967889
   246.000  -412.439137636  -412.359794056  -412.312615074  -412.312615074  -412.239676863
   246.500  -412.428699606  -412.350065324  -412.303884294  -412.303884294  -412.239359701
   247.000  -412.415602668  -412.337765413  -412.292525006  -412.292525006  -412.239128090
   247.500  -412.403374669  -412.326351275  -412.281958458  -412.281958458  -412.238974355
   248.000  -412.394493402  -412.318228372  -412.274546403  -412.274546403  -412.238875638
   248.500  -412.390607103  -412.314982516  -412.271828362  -412.271828362  -412.238823859
   249.000  -412.392618541  -412.317474957  -412.274618316  -412.274618316  -412.238821766
   249.500  -412.400604888  -412.325765441  -412.282938012  -412.282938012  -412.238881964
   250.000  -412.413609755  -412.338902268  -412.295814721  -412.295814721  -412.239027933
   250.500  -412.429326166  -412.354599532  -412.310959563  -412.310959563  -412.239286724
   251.000  -412.443799082  -412.368922597  -412.324462242  -412.324462242  -412.239659184
   251.500  -412.451687576  -412.376529758  -412.331038990  -412.331038990  -412.240028952
   252.000  -412.448386130  -412.372768828  -412.326142844  -412.326142844  -412.240056257
   252.500  -412.435028739  -412.358663563  -412.310966544  -412.310966544  -412.239416719
   253.000  -412.422059669  -412.344507331  -412.296003100  -412.296003100  -412.238618928
   253.500  -412.421164229  -412.341857342  -412.292957327  -412.292957327  -412.238655801
   254.000  -412.432193012  -412.350530166  -412.301652501  -412.301652501  -412.239244702
   254.500  -412.446306836  -412.361754946  -412.313205316  -412.313205316  -412.239627454
   255.000  -412.456580958  -412.368744355  -412.320666067  -412.320666067  -412.239706078
   255.500  -412.460597698  -412.369222058  -412.321639039  -412.321639039  -412.239619028
   256.000  -412.458844039  -412.363789960  -412.316666180  -412.316666180  -412.239450205
   256.500  -412.453367642  -412.354567266  -412.307866830  -412.307866830  -412.239254439
   257.000  -412.446854645  -412.344269064  -412.297999075  -412.297999075  -412.239075613
   257.500  -412.441903868  -412.335492611  -412.289722048  -412.289722048  -412.238941008
   258.000  -412.440544811  -412.330249931  -412.285109065  -412.285109065  -412.238861883
   258.500  -412.443970881  -412.329705883  -412.285389232  -412.285389232  -412.238846869
   259.000  -412.452354978  -412.334000961  -412.290775304  -412.290775304  -412.238911423
   259.500  -412.464616613  -412.342031353  -412.300244986  -412.300244986  -412.239078892
   260.000  -412.478128754  -412.351167078  -412.311254467  -412.311254467  -412.239364107
   260.500  -412.488672063  -412.357229794  -412.319687920  -412.319687920  -412.239710189
   261.000  -412.491652456  -412.355720807  -412.321046305  -412.321046305  -412.239874296
   261.500  -412.485874066  -412.345553849  -412.314196868  -412.314196868  -412.239523943
   262.000  -412.477529316  -412.332981040  -412.305365852  -412.305365852  -412.238932004
   262.500  -412.475310792  -412.326720526  -412.303249390  -412.303249390  -412.238995590
   263.000  -412.478680563  -412.326300930  -412.307283523  -412.307283523  -412.239514987
   263.500  -412.480294217  -412.324534454  -412.310054441  -412.310054441  -412.239644051
   264.000  -412.477279581  -412.318825761  -412.308539955  -412.308539955  -412.239456213
   264.500  -412.471599632  -412.311635006  -412.304389687  -412.304389687  -412.239356821
   265.000  -412.464845895  -412.305133486  -412.298927374  -412.298927374  -412.239306641
   265.500  -412.457017403  -412.298955371  -412.292868172  -412.292868172  -412.239231950
   266.000  -412.448103325  -412.292229765  -412.287184244  -412.287184244  -412.239146999
   266.500  -412.439032013  -412.285708705  -412.282913990  -412.282913990  -412.239189558
   267.000  -412.431236105  -412.282919656  -412.279025249  -412.279025249  -412.238982289
   267.500  -412.426144506  -412.284550024  -412.276444191  -412.276444191  -412.238843410
   268.000  -412.424965937  -412.290180662  -412.277558869  -412.277558869  -412.238841488
   268.500  -412.427716648  -412.299521222  -412.282397374  -412.282397374  -412.238947199
   269.000  -412.432867362  -412.310880345  -412.289364451  -412.289364451  -412.239168251
   269.500  -412.437288856  -412.321007340  -412.295288657  -412.295288657  -412.239455847
   270.000  -412.437249847  -412.326064531  -412.296437839  -412.296437839  -412.239602563
   270.500  -412.431668946  -412.324856056  -412.291778511  -412.291778511  -412.239290182
   271.000  -412.426107580  -412.322824265  -412.286967940  -412.286967940  -412.238687057
   271.500  -412.429235287  -412.328540117  -412.290801165  -412.290801165  -412.238709968
   272.000  -412.440639912  -412.341541388  -412.302982832  -412.302982832  -412.239398526
   272.500  -412.450421578  -412.351908515  -412.313698451  -412.313698451  -412.239774066
   273.000  -412.452158513  -412.353198060  -412.316579414  -412.316579414  -412.239574681
   273.500  -412.447667332  -412.347238105  -412.313445134  -412.313445134  -412.239189991
   274.000  -412.442075666  -412.339259688  -412.309350937  -412.309350937  -412.238969029
   274.500  -412.438628494  -412.332696310  -412.307416580  -412.307416580  -412.238982273
   275.000  -412.437295702  -412.327713781  -412.307514591  -412.307514591  -412.239092694
   275.500  -412.436505138  -412.322932105  -412.308027535  -412.308027535  -412.239158076
   276.000  -412.435254420  -412.317642274  -412.307870360  -412.317642274  -412.239163688
   276.500  -412.433941744  -412.312165862  -412.306108418  -412.312165862  -412.238813077
   277.000  -412.433304694  -412.311379072  -412.301583510  -412.311379072  -412.239121714
   277.500  -412.433596303  -412.312961837  -412.297045785  -412.312961837  -412.239233018
   278.000  -412.433894231  -412.315091416  -412.292938470  -412.315091416  -412.239429228
   278.500  -412.431718805  -412.314945133  -412.288632910  -412.314945133  -412.239119346
   279.000  -412.425015327  -412.310791861  -412.278842246  -412.310791861  -412.239254244
   279.500  -412.412364625  -412.301177988  -412.263825036  -412.301177988  -412.238956039
   280.000  -412.399286150  -412.291657853  -412.249217195  -412.291657853  -412.238287782
   280.500  -412.395605553  -412.292100878  -412.244928648  -412.292100878  -412.238129852
   281.000  -412.403445153  -412.304658923  -412.253146359  -412.304658923  -412.238781496
   281.500  -412.413448874  -412.319979533  -412.264534490  -412.319979533  -412.239361886
   282.000  -412.416277474  -412.328700270  -412.269701693  -412.328700270  -412.239442640
   282.500  -412.409613884  -412.328458909  -412.266209832  -412.328458909  -412.239216472
   283.000  -412.396280687  -412.322012303  -412.256710946  -412.322012303  -412.238881890
   283.500  -412.381197728  -412.314193973  -412.245937474  -412.314193973  -412.238562736
   284.000  -412.369196234  -412.309735239  -412.238547665  -412.309735239  -412.238393372
   284.500  -412.362936674  -412.311190312  -412.237064112  -412.311190312  -412.238446099
   285.000  -412.361860790  -412.317895919  -412.240824107  -412.317895919  -412.238637965
   285.500  -412.363305710  -412.327091536  -412.247076384  -412.327091536  -412.238815840
   286.000  -412.364643586  -412.336056794  -412.253094612  -412.336056794  -412.238907139
   286.500  -412.364405567  -412.343221030  -412.257285066  -412.343221030  -412.238950230
   287.000  -412.361916049  -412.347731527  -412.258798380  -412.347731527  -412.239031838
   287.500  -412.356449116  -412.348289253  -412.256547713  -412.348289253  -412.239254552
   288.000  -412.347656420  -412.341939069  -412.248870184  -412.341939069  -412.239553270
   288.500  -412.335655146  -412.327188746  -412.235264029  -412.327188746  -412.239154201
   289.000  -412.321548687  -412.309769107  -412.219200508  -412.321548687  -412.238518690
   289.500  -412.313149740  -412.297347020  -412.207554934  -412.313149740  -412.238061910
   290.000  -412.318106738  -412.297421915  -412.208153854  -412.318106738  -412.238414456
   290.500  -412.331535375  -412.305605708  -412.216388531  -412.331535375  -412.239105681
   291.000  -412.343138716  -412.311756082  -412.222134380  -412.343138716  -412.239388341
   291.500  -412.347651740  -412.310648383  -412.220278506  -412.347651740  -412.239308523
   292.000  -412.345362611  -412.302575037  -412.211286638  -412.345362611  -412.239140123
   292.500  -412.338635127  -412.289812373  -412.197618829  -412.338635127  -412.238908650
   293.000  -412.330350753  -412.274768168  -412.181568782  -412.330350753  -412.238770587
   293.500  -412.322905025  -412.259824224  -412.165629598  -412.322905025  -412.238645643
   294.000  -412.318365802  -412.247080358  -412.152053508  -412.318365802  -412.238586715
   294.500  -412.317731675  -412.237536700  -412.142178048  -412.317731675  -412.238636388
   295.000  -412.320342348  -412.230568998  -412.135694673  -412.320342348  -412.238768964
   295.500  -412.324274589  -412.224405757  -412.131065166  -412.324274589  -412.238901266
   296.000  -412.327540313  -412.217373764  -412.126642567  -412.327540313  -412.238988083
   296.500  -412.328791532  -412.208602929  -412.121270551  -412.328791532  -412.239069270
   297.000  -412.326893261  -412.197517781  -412.113862979  -412.326893261  -412.239202138
   297.500  -412.320406162  -412.183210680  -412.102985497  -412.320406162  -412.239280901
   298.000  -412.309423813  -412.166193602  -412.088760507  -412.309423813  -412.238966217
   298.500  -412.299875882  -412.152625225  -412.077199147  -412.299875882  -412.238279465
   299.000  -412.301772472  -412.152515039  -412.078442556  -412.301772472  -412.238171865
   299.500  -412.316408214  -412.166972594  -412.093896960  -412.316408214  -412.238901387
   300.000  -412.333266994  -412.185213231  -412.113048069  -412.333266994  -412.239447621
   300.500  -412.343263571  -412.197862545  -412.126693074  -412.343263571  -412.239440178
   301.000  -412.345068986  -412.203296151  -412.133285014  -412.345068986  -412.239205956
   301.500  -412.341370454  -412.203901424  -412.135213532  -412.341370454  -412.238996743
   302.000  -412.335077619  -412.202281786  -412.135037347  -412.335077619  -412.238861267
   302.500  -412.328295136  -412.200228934  -412.134493854  -412.328295136  -412.238757547
   303.000  -412.322752402  -412.199156396  -412.134957333  -412.322752402  -412.238639342
   303.500  -412.320360684  -412.200672019  -412.138018230  -412.320360684  -412.238512988
   304.000  -412.323037388  -412.206437300  -412.145343014  -412.323037388  -412.238451176
   304.500  -412.331643828  -412.217154218  -412.157657316  -412.331643828  -412.238528307
   305.000  -412.344956396  -412.231583785  -412.173756039  -412.344956396  -412.238742038
   305.500  -412.359719171  -412.246634755  -412.190561337  -412.359719171  -412.239033957
   306.000  -412.371543429  -412.258257651  -412.203974415  -412.371543429  -412.239351172
   306.500  -412.375917303  -412.262363220  -412.209795851  -412.375917303  -412.239598849
   307.000  -412.370008598  -412.256491965  -412.205443850  -412.370008598  -412.239504714
   307.500  -412.357247903  -412.244310878  -412.193399706  -412.357247903  -412.239023635
   308.000  -412.348714421  -412.236310102  -412.185693230  -412.348714421  -412.238274691
   308.500  -412.355010898  -412.243321767  -412.192312744  -412.355010898  -412.238580756
   309.000  -412.371871897  -412.261078135  -412.208524717  -412.371871897  -412.239384334
   309.500  -412.387065575  -412.278331770  -412.220243056  -412.387065575  -412.240156280
   310.000  -412.392521783  -412.285487107  -412.225201487  -412.392521783  -412.239944769
   310.500  -412.389466454  -412.283371612  -412.222191235  -412.389466454  -412.239692473
   311.000  -412.381266052  -412.275603913  -412.213724846  -412.381266052  -412.239480081
   311.500  -412.371049265  -412.265408403  -412.202794684  -412.371049265  -412.239337029
   312.000  -412.361046926  -412.255095020  -412.191640661  -412.361046926  -412.239249773
   312.500  -412.352679387  -412.246163270  -412.181746847  -412.352679387  -412.239192604
   313.000  -412.346888591  -412.239634551  -412.174142890  -412.346888591  -412.239143063
   313.500  -412.344441062  -412.236356436  -412.169694247  -412.344441062  -412.239099791
   314.000  -412.345922380  -412.236993810  -412.169088033  -412.345922380  -412.239100203
   314.500  -412.351203965  -412.241491895  -412.172295868  -412.351203965  -412.239207955
   315.000  -412.358586699  -412.248211456  -412.177711891  -412.358586699  -412.239463476
   315.500  -412.364349354  -412.253468653  -412.181697481  -412.364349354  -412.239822910
   316.000  -412.363638138  -412.252418190  -412.179465629  -412.363638138  -412.240086029
   316.500  -412.353714575  -412.242301012  -412.168321497  -412.353714575  -412.239874899
   317.000  -412.339100528  -412.227599990  -412.152800481  -412.339100528  -412.239124539
   317.500  -412.331023431  -412.219479115  -412.144115971  -412.331023431  -412.238787693
   318.000  -412.327326369  -412.210407183  -412.204561697  -412.327326369  -412.232881906
   318.500  -412.332620935  -412.217471641  -412.211619687  -412.332620935  -412.233382371
   319.000  -412.332360756  -412.218704328  -412.212904184  -412.332360756  -412.233270759
   319.500  -412.326619143  -412.213913808  -412.208729000  -412.326619143  -412.232949234
   320.000  -412.319254688  -412.206904447  -412.202984041  -412.319254688  -412.232748594
   320.500  -412.313034978  -412.200585962  -412.198286970  -412.313034978  -412.232687312
   321.000  -412.308897877  -412.196807135  -412.194675691  -412.308897877  -412.232676953
   321.500  -412.307002024  -412.196297283  -412.191760987  -412.307002024  -412.232672489
   322.000  -412.307375543  -412.198203716  -412.190467890  -412.307375543  -412.232678450
   322.500  -412.309903479  -412.202221346  -412.190861064  -412.309903479  -412.232705940
   323.000  -412.314201443  -412.207940136  -412.192529725  -412.314201443  -412.232747034
   323.500  -412.319740485  -412.214829877  -412.194841345  -412.319740485  -412.232780636
   324.000  -412.326133019  -412.222493255  -412.197261088  -412.326133019  -412.232808834
   324.500  -412.333059072  -412.230581215  -412.199299084  -412.333059072  -412.232894911
   325.000  -412.339433343  -412.237974465  -412.199687161  -412.339433343  -412.233091172
   325.500  -412.343017821  -412.242485484  -412.195805553  -412.343017821  -412.233192436
   326.000  -412.345871269  -412.256789445  -412.187891806  -412.345871269  -412.236267365
   326.500  -412.346089970  -412.257059196  -412.188754033  -412.346089970  -412.235751060
   327.000  -412.354688508  -412.265468298  -412.197805918  -412.354688508  -412.235926428
   327.500  -412.369068987  -412.279464721  -412.212491119  -412.369068987  -412.236648127
   328.000  -412.378667175  -412.288506384  -412.222238081  -412.378667175  -412.236962140
   328.500  -412.377778422  -412.286874861  -412.221291836  -412.377778422  -412.236733035
   329.000  -412.368739865  -412.276856700  -412.211912585  -412.368739865  -412.236299683
   329.500  -412.357537798  -412.264362188  -412.200000150  -412.357537798  -412.235923146
   330.000  -412.349687212  -412.254826177  -412.190988279  -412.349687212  -412.235737739
   330.500  -412.348010249  -412.251009526  -412.187632307  -412.348010249  -412.235749972
   331.000  -412.352409635  -412.252790688  -412.189788163  -412.352409635  -412.235858612
   331.500  -412.361242532  -412.258544852  -412.195789487  -412.361242532  -412.235961223
   332.000  -412.372824332  -412.266639210  -412.203953792  -412.372824332  -412.236024830
   332.500  -412.386006807  -412.275994305  -412.213160492  -412.386006807  -412.236069317
   333.000  -412.399955159  -412.285847068  -412.222626430  -412.399955159  -412.236132766
   333.500  -412.413600863  -412.295195244  -412.231355660  -412.413600863  -412.236256086
   334.000  -412.425075530  -412.302219155  -412.237585054  -412.425075530  -412.236450107
   334.500  -412.431603467  -412.302312399  -412.245696128  -412.431603467  -412.236642845
   335.000  -412.431115907  -412.297964529  -412.246232631  -412.431115907  -412.236535874
   335.500  -412.426084210  -412.289395166  -412.241687335  -412.426084210  -412.235980085
   336.000  -412.424798491  -412.285068875  -412.240205708  -412.424798491  -412.235530720
   336.500  -412.433376564  -412.291248735  -412.247869334  -412.433376564  -412.235900595
   337.000  -412.446793258  -412.302992635  -412.259769249  -412.446793258  -412.236593671
   337.500  -412.455073912  -412.310331144  -412.266144126  -412.455073912  -412.236868789
   338.000  -412.453509072  -412.308491146  -412.262486622  -412.453509072  -412.236742275
   338.500  -412.443408379  -412.298672673  -412.250224731  -412.443408379  -412.236478775
   339.000  -412.428579352  -412.284551950  -412.233187945  -412.428579352  -412.236209355
   339.500  -412.413175501  -412.270146649  -412.215478886  -412.413175501  -412.235973558
   340.000  -412.400861111  -412.258992634  -412.200674434  -412.400861111  -412.235819868
   340.500  -412.394006627  -412.253349149  -412.191061028  -412.394006627  -412.235800145
   341.000  -412.392965081  -412.253483909  -412.186945275  -412.392965081  -412.235895679
   341.500  -412.396355038  -412.257960767  -412.186954355  -412.396355038  -412.236020738
   342.000  -412.402267684  -412.264846507  -412.189240636  -412.402267684  -412.236118853
   342.500  -412.409101329  -412.272540613  -412.192300883  -412.409101329  -412.236218662
   343.000  -412.415241652  -412.279447036  -412.194639121  -412.415241652  -412.236386944
   343.500  -412.418266434  -412.283166933  -412.193955648  -412.418266434  -412.236612612
   344.000  -412.415370059  -412.280906415  -412.187557948  -412.415370059  -412.236692107
   344.500  -412.406424275  -412.272525682  -412.175415378  -412.406424275  -412.236340119
   345.000  -412.397372225  -412.263942321  -412.163560885  -412.397372225  -412.235805594
   345.500  -412.395830153  -412.262766826  -412.159707959  -412.395830153  -412.235920180
   346.000  -412.400281621  -412.267524188  -412.162432744  -412.400281621  -412.236550550
   346.500  -412.401889559  -412.269447114  -412.162933188  -412.401889559  -412.236772533
   347.000  -412.396792931  -412.264719895  -412.157262918  -412.396792931  -412.236417270
   347.500  -412.389282597  -412.257618936  -412.149511172  -412.389282597  -412.235971204
   348.000  -412.385348920  -412.254065825  -412.145440344  -412.385348920  -412.235860999
   348.500  -412.386605821  -412.255509971  -412.146517068  -412.386605821  -412.236002209
   349.000  -412.391890416  -412.253642416  -412.160608739  -412.391890416  -412.237678933
   349.500  -412.395750344  -412.258096371  -412.169270319  -412.395750344  -412.237641262
   350.000  -412.400155169  -412.263316070  -412.178227408  -412.400155169  -412.237517564
   350.500  -412.406583086  -412.270763316  -412.188850659  -412.406583086  -412.237459862
   351.000  -412.415684402  -412.281045772  -412.201606963  -412.415684402  -412.237528042
   351.500  -412.426356729  -412.292993875  -412.215186616  -412.426356729  -412.237691816
   352.000  -412.436108695  -412.304039444  -412.226927054  -412.436108695  -412.237916784
   352.500  -412.441671885  -412.310839700  -412.233491458  -412.441671885  -412.238160135
   353.000  -412.439960699  -412.310236111  -412.231883716  -412.439960699  -412.238245448
   353.500  -412.430897453  -412.302065847  -412.222305761  -412.430897453  -412.237872951
   354.000  -412.421123849  -412.292865597  -412.211816874  -412.421123849  -412.237197668
   354.500  -412.420589499  -412.292491731  -412.210731388  -412.420589499  -412.237132829
   355.000  -412.430251689  -412.301875281  -412.220106711  -412.430251689  -412.237799867
   355.500  -412.440541356  -412.311503892  -412.230221240  -412.440541356  -412.238285251
   356.000  -412.443451147  -412.313465139  -412.232847751  -412.443451147  -412.238282801
   356.500  -412.437984579  -412.306849824  -412.226818496  -412.437984579  -412.238030224
   357.000  -412.427497783  -412.295078771  -412.215397671  -412.427497783  -412.237703141
   357.500  -412.416853856  -412.283074603  -412.203428099  -412.416853856  -412.237411060
   358.000  -412.410396466  -412.275259440  -412.195300050  -412.410396466  -412.237306089
   358.500  -412.409687443  -412.273307453  -412.192631856  -412.409687443  -412.237412357
   359.000  -412.410923978  -412.276999767  -412.202193834  -412.410923978  -412.235831078
   359.500  -412.414294810  -412.279912217  -412.208318536  -412.414294810  -412.235932231
   360.000  -412.416346761  -412.282015800  -412.212654783  -412.416346761  -412.235879645
   360.500  -412.417552192  -412.283812598  -412.215653616  -412.417552192  -412.235810764
   361.000  -412.418668639  -412.286030742  -412.218081697  -412.418668639  -412.235884473
   361.500  -412.418546920  -412.287444770  -412.218823032  -412.418546920  -412.236120141
   362.000  -412.413992668  -412.284747723  -412.214722845  -412.413992668  -412.236319970
   362.500  -412.402757198  -412.275550517  -412.203560874  -412.402757198  -412.236156140
   363.000  -412.387965388  -412.262826386  -412.188477947  -412.387965388  -412.235596947
   363.500  -412.377758010  -412.254587346  -412.177645608  -412.377758010  -412.235297404
   364.000  -412.376306784  -412.254940127  -412.175328983  -412.376306784  -412.235660750
   364.500  -412.378888320  -412.259239733  -412.177196633  -412.378888320  -412.236088276
   365.000  -412.379243262  -412.260957634  -412.176596987  -412.379243262  -412.236134283
   365.500  -412.375871619  -412.258723834  -412.172359341  -412.375871619  -412.235989520
   366.000  -412.370361252  -412.254111583  -412.166153895  -412.370361252  -412.235879147
   366.500  -412.364206650  -412.248600043  -412.159563004  -412.364206650  -412.235865347
   367.000  -412.357754979  -412.242525486  -412.153045449  -412.357754979  -412.235888621
   367.500  -412.350979781  -412.235863109  -412.146697348  -412.350979781  -412.235842729
   368.000  -412.344914618  -412.229675437  -412.141586945  -412.344914618  -412.235682629
   368.500  -412.342103672  -412.226566742  -412.140079168  -412.342103672  -412.235529197
   369.000  -412.344800927  -412.228846705  -412.144140641  -412.344800927  -412.235558843
   369.500  -412.352573871  -412.236106045  -412.153155945  -412.352573871  -412.235754898
   370.000  -412.362481623  -412.245403195  -412.164111117  -412.362481623  -412.235968263
   370.500  -412.371117485  -412.253316673  -412.173550975  -412.371117485  -412.236156402
   371.000  -412.375456470  -412.256799342  -412.178338138  -412.375456470  -412.236357534
   371.500  -412.372780315  -412.253108053  -412.175539441  -412.372780315  -412.236443459
   372.000  -412.362722201  -412.241878155  -412.164313658  -412.362722201  -412.236115482
   372.500  -412.350966172  -412.228785639  -412.149883252  -412.350966172  -412.235475260
   373.000  -412.346821859  -412.223010099  -412.141818142  -412.346821859  -412.235319097
   373.500  -412.352543864  -412.226682902  -412.142924182  -412.352543864  -412.235818005
   374.000  -412.361173003  -412.232852952  -412.146597660  -412.361173003  -412.236184737
   374.500  -412.366730223  -412.235659593  -412.147196125  -412.366730223  -412.236134692
   375.000  -412.374496081  -412.228875013  -412.218215951  -412.374496081  -412.241799807
   375.500  -412.375341348  -412.226222563  -412.215583158  -412.375341348  -412.241644066
   376.000  -412.374214433  -412.235571685  -412.141430887  -412.374214433  -412.237849483
   376.500  -412.378932534  -412.238192574  -412.145303360  -412.378932534  -412.237889457
   377.000  -412.384635519  -412.241815203  -412.151753413  -412.384635519  -412.237953858
   377.500  -412.390459226  -412.245797013  -412.158706088  -412.390459226  -412.237977165
   378.000  -412.396210277  -412.250177316  -412.165261606  -412.396210277  -412.237916399
   378.500  -412.402854981  -412.255933911  -412.171966207  -412.402854981  -412.237825832
   379.000  -412.411836808  -412.263630992  -412.179637630  -412.411836808  -412.237554325
   379.500  -412.421401350  -412.272615240  -412.189523915  -412.421401350  -412.237965141
   380.000  -412.425934949  -412.279819442  -412.197091329  -412.425934949  -412.238251075
   380.500  -412.422477885  -412.279788868  -412.196659311  -412.422477885  -412.238385374
   381.000  -412.409942582  -412.271060102  -412.187043777  -412.409942582  -412.238076827
   381.500  -412.394047740  -412.259068234  -412.173999389  -412.394047740  -412.237319675
   382.000  -412.386222079  -412.254992480  -412.168989339  -412.386222079  -412.236922309
   382.500  -412.391982736  -412.264175412  -412.177516970  -412.391982736  -412.237465999
   383.000  -412.403585276  -412.278798238  -412.191758675  -412.403585276  -412.238104289
   383.500  -412.410894793  -412.288725655  -412.201458363  -412.410894793  -412.238199717
   384.000  -412.411004197  -412.291080846  -412.203584435  -412.411004197  -412.237967523
   384.500  -412.406341955  -412.288324087  -412.200474242  -412.406341955  -412.237712740
   385.000  -412.400295238  -412.283859390  -412.195493704  -412.400295238  -412.237548011
   385.500  -412.395228820  -412.280041275  -412.191078857  -412.395228820  -412.237475051
   386.000  -412.392254670  -412.277961540  -412.188469197  -412.392254670  -412.237463957
   386.500  -412.391600382  -412.277852673  -412.187986591  -412.391600382  -412.237483879
   387.000  -412.393047279  -412.279530593  -412.189408750  -412.393047279  -412.237514385
   387.500  -412.396239144  -412.282687141  -412.192274307  -412.396239144  -412.237544867
   388.000  -412.400845315  -412.287042283  -412.196085424  -412.400845315  -412.237573649
   388.500  -412.406537447  -412.292303365  -412.200377750  -412.406537447  -412.237638492
   389.000  -412.412388704  -412.297602492  -412.204225065  -412.412388704  -412.237825561
   389.500  -412.415800948  -412.300565491  -412.205306200  -412.415800948  -412.238111636
   390.000  -412.413339723  -412.297831324  -412.200694883  -412.413339723  -412.238126750
   390.500  -412.405243192  -412.288852274  -412.190346978  -412.405243192  -412.237723251
   391.000  -412.397866989  -412.280108591  -412.180352147  -412.397866989  -412.237210360
   391.500  -412.398325094  -412.278972718  -412.177914788  -412.398325094  -412.237300621
   392.000  -412.405310617  -412.284257879  -412.181902051  -412.405310617  -412.237808586
   392.500  -412.411327297  -412.288518170  -412.185001869  -412.411327297  -412.238080075
   393.000  -412.411581406  -412.286967694  -412.182582954  -412.411581406  -412.238000224
   393.500  -412.406396067  -412.279911824  -412.175095168  -412.406396067  -412.237783325
   394.000  -412.398529883  -412.270081687  -412.165389335  -412.398529883  -412.237588033
   394.500  -412.390749614  -412.260216896  -412.156296332  -412.390749614  -412.237460753
   395.000  -412.384960661  -412.252204442  -412.149758269  -412.384960661  -412.237389131
   395.500  -412.382274695  -412.247152159  -412.146891951  -412.382274695  -412.237346097
   396.000  -412.383346684  -412.245727669  -412.148327425  -412.383346684  -412.237320275
   396.500  -412.388502778  -412.248286921  -412.154340840  -412.388502778  -412.237336060
   397.000  -412.397378337  -412.254511176  -412.164499315  -412.397378337  -412.237441810
   397.500  -412.408265206  -412.262752154  -412.177018046  -412.408265206  -412.237657487
   398.000  -412.417888663  -412.269995477  -412.188433196  -412.417888663  -412.237864865
   398.500  -412.422468096  -412.272031668  -412.194983565  -412.422468096  -412.238059691
   399.000  -412.419306456  -412.266439078  -412.193898933  -412.419306456  -412.238006901
   399.500  -412.409608156  -412.254430336  -412.186273114  -412.409608156  -412.237622850
   400.000  -412.399223217  -412.241847710  -412.177831567  -412.399223217  -412.237175698
   400.500  -412.394600891  -412.235137925  -412.174899781  -412.394600891  -412.237146735
   401.000  -412.396448707  -412.235028741  -412.178092630  -412.396448707  -412.237489874
   401.500  -412.400182491  -412.236978972  -412.182787776  -412.400182491  -412.237751421
   402.000  -412.401782906  -412.237017227  -412.184984774  -412.401782906  -412.237793004
   402.500  -412.400146900  -412.234073096  -412.183640266  -412.400146900  -412.237729408
   403.000  -412.395846114  -412.228727451  -412.179398741  -412.395846114  -412.237642148
   403.500  -412.389964645  -412.222053863  -412.173411865  -412.389964645  -412.237551357
   404.000  -412.383738663  -412.215267980  -412.166966086  -412.383738663  -412.237460276
   404.500  -412.378479638  -412.209660012  -412.161412208  -412.378479638  -412.237366984
   405.000  -412.375566275  -412.206594187  -412.158167162  -412.375566275  -412.237274275
   405.500  -412.376354433  -412.207423018  -412.158634573  -412.376354433  -412.237207704
   406.000  -412.381772219  -412.213082993  -412.163802183  -412.381772219  -412.237216305
   406.500  -412.391617927  -412.223386492  -412.173513014  -412.391617927  -412.237337028
   407.000  -412.403975582  -412.236433352  -412.185916589  -412.403975582  -412.237601871
   407.500  -412.415190520  -412.248581845  -412.197634964  -412.415190520  -412.237912475
   408.000  -412.420933972  -412.255447184  -412.204242588  -412.420933972  -412.238166918
   408.500  -412.418149667  -412.253868802  -412.202609451  -412.418149667  -412.238122149
   409.000  -412.408493379  -412.245344218  -412.194266008  -412.408493379  -412.237631654
   409.500  -412.399678586  -412.237405927  -412.186763221  -412.399678586  -412.237127244
   410.000  -412.399029089  -412.237232740  -412.187275379  -412.399029089  -412.237253700
   410.500  -412.405085810  -412.243304676  -412.194251770  -412.405085810  -412.237764864
   411.000  -412.410563003  -412.248358420  -412.200384158  -412.410563003  -412.238039803
   411.500  -412.411154123  -412.247935624  -412.201675912  -412.411154123  -412.238387339
   412.000  -412.405837487  -412.241473010  -412.196488720  -412.405837487  -412.238237952
   412.500  -412.396595316  -412.230833501  -412.187174790  -412.396595316  -412.238113388
   413.000  -412.385023707  -412.217672534  -412.175378577  -412.385023707  -412.238007388
   413.500  -412.372619329  -412.203550809  -412.162652916  -412.372619329  -412.237882949
   414.000  -412.361226004  -412.190383533  -412.150901127  -412.361226004  -412.237735917
   414.500  -412.353046021  -412.180452547  -412.142381169  -412.353046021  -412.237605667
   415.000  -412.350026363  -412.175792808  -412.139080590  -412.350026363  -412.237549823
   415.500  -412.353007017  -412.177341534  -412.141851767  -412.353007017  -412.237592970
   416.000  -412.361351473  -412.184567695  -412.150033925  -412.361351473  -412.237707613
   416.500  -412.373318582  -412.195837764  -412.161829597  -412.373318582  -412.237858072
   417.000  -412.386596520  -412.208934085  -412.174857565  -412.386596520  -412.238042203
   417.500  -412.398445296  -412.221176645  -412.186324645  -412.398445296  -412.238264783
   418.000  -412.405829869  -412.229534935  -412.193178927  -412.405829869  -412.238447016
   418.500  -412.406776823  -412.231976400  -412.193467939  -412.406776823  -412.238363309
   419.000  -412.403416177  -412.230512396  -412.189360633  -412.403416177  -412.237899203
   419.500  -412.402710495  -412.231950081  -412.187862547  -412.402710495  -412.237556215
   420.000  -412.409346744  -412.240821611  -412.193712979  -412.409346744  -412.237859517
   420.500  -412.419284452  -412.252971794  -412.202947779  -412.419284452  -412.238352513
   421.000  -412.425420585  -412.261233606  -412.208544537  -412.425420585  -412.238514922
   421.500  -412.424763645  -412.262590584  -412.207555420  -412.424763645  -412.238412902
   422.000  -412.418208633  -412.257951931  -412.200847019  -412.418208633  -412.238258729
   422.500  -412.407706664  -412.249504607  -412.190168228  -412.407706664  -412.238169598
   423.000  -412.392621286  -412.242464682  -412.184637579  -412.392621286  -412.235518876
   423.500  -412.379800154  -412.230010314  -412.172442204  -412.379800154  -412.235402943
   424.000  -412.368222148  -412.218385153  -412.160672018  -412.368222148  -412.235308158
   424.500  -412.359258772  -412.208921353  -412.150644335  -412.359258772  -412.235261765
   425.000  -412.353584253  -412.202268782  -412.142960660  -412.353584253  -412.235252332
   425.500  -412.351318833  -412.198569708  -412.137657063  -412.351318833  -412.235254794
   426.000  -412.352371395  -412.197867540  -412.134534147  -412.352371395  -412.235270483
   426.500  -412.356313974  -412.200315780  -412.133858476  -412.356313974  -412.235594147
   427.000  -412.361400331  -412.204486822  -412.136126885  -412.361400331  -412.235772094
   427.500  -412.365650700  -412.208200170  -412.136873424  -412.365650700  -412.236045041
   428.000  -412.365483212  -412.207960299  -412.132609160  -412.365483212  -412.236283440
   428.500  -412.358500585  -412.201399754  -412.121001572  -412.358500585  -412.236155588
   429.000  -412.348137485  -412.191884031  -412.105584853  -412.348137485  -412.235496839
   429.500  -412.344740375  -412.189639492  -412.096882536  -412.344740375  -412.235042921
   430.000  -412.354868563  -412.201115712  -412.101738707  -412.354868563  -412.235489236
   430.500  -412.372388012  -412.220111837  -412.114447264  -412.372388012  -412.236118246
   431.000  -412.387521046  -412.236821217  -412.125878423  -412.387521046  -412.236300513
   431.500  -412.396241186  -412.247173666  -412.132987650  -412.396241186  -412.236187820
   432.000  -412.399320821  -412.251877019  -412.137478782  -412.399320821  -412.235996054
   432.500  -412.399154878  -412.253437944  -412.141071911  -412.399154878  -412.235832913
   433.000  -412.397725740  -412.253978443  -412.144278796  -412.397725740  -412.235761379
   433.500  -412.395857945  -412.254198791  -412.147614836  -412.395857945  -412.235728849
   434.000  -412.393933727  -412.254382155  -412.151117405  -412.393933727  -412.235694677
   434.500  -412.392400375  -412.254900246  -412.155015783  -412.392400375  -412.235637613
   435.000  -412.392074057  -412.256515704  -412.160013495  -412.392074057  -412.235568334
   435.500  -412.393984384  -412.260222623  -412.167117659  -412.393984384  -412.235516735
   436.000  -412.398923093  -412.266788022  -412.177166955  -412.398923093  -412.235513196
   436.500  -412.406963634  -412.276266801  -412.190313871  -412.406963634  -412.235580911
   437.000  -412.417104080  -412.287641297  -412.205635518  -412.417104080  -412.235728818
   437.500  -412.427128961  -412.298686534  -412.220938510  -412.427128961  -412.235942726
   438.000  -412.433850219  -412.306214013  -412.232969395  -412.433850219  -412.236161377
   438.500  -412.434038229  -412.307004590  -412.238347840  -412.434038229  -412.236267901
   439.000  -412.426093878  -412.299478695  -412.235269741  -412.426093878  -412.236162572
   439.500  -412.411411547  -412.285055021  -412.224902420  -412.411411547  -412.235903519
   440.000  -412.393648045  -412.267412142  -412.210685898  -412.393648045  -412.235675556
   440.500  -412.376319723  -412.250080049  -412.195957767  -412.376319723  -412.235545881
   441.000  -412.361671431  -412.235306617  -412.182848320  -412.361671431  -412.235446379
   441.500  -412.351258434  -412.224643136  -412.172873520  -412.351258434  -412.235368157
   442.000  -412.346039623  -412.219044642  -412.167027781  -412.346039623  -412.235373242
   442.500  -412.345664849  -412.218165179  -412.165058467  -412.345664849  -412.235478623
   443.000  -412.348355242  -412.220240659  -412.165324871  -412.348355242  -412.235614579
   443.500  -412.351931172  -412.223112307  -412.165800500  -412.351931172  -412.235692869
   444.000  -412.355090882  -412.225496722  -412.165328362  -412.355090882  -412.235681429
   444.500  -412.357912348  -412.227479603  -412.164107993  -412.357912348  -412.235606424
   445.000  -412.361500315  -412.230158357  -412.163337808  -412.361500315  -412.235513342
   445.500  -412.367307028  -412.234960814  -412.164540120  -412.367307028  -412.235439038
   446.000  -412.376549833  -412.243057363  -412.168988026  -412.376549833  -412.235404575
   446.500  -412.389859275  -412.254966757  -412.177357648  -412.389859275  -412.235410965
   447.000  -412.407379057  -412.258803793  -412.205548024  -412.407379057  -412.236033431
   447.500  -412.426904389  -412.276712527  -412.225975402  -412.426904389  -412.236170204
   448.000  -412.447217620  -412.295508972  -412.245956602  -412.447217620  -412.236335969
   448.500  -412.465771434  -412.312587001  -412.263032781  -412.465771434  -412.236498095
   449.000  -412.480010544  -412.325390764  -412.274724827  -412.480010544  -412.236608648
   449.500  -412.488102655  -412.332106485  -412.279328186  -412.488102655  -412.236625349
   450.000  -412.489590320  -412.332302477  -412.276578198  -412.489590320  -412.236543290
   450.500  -412.485533496  -412.327074097  -412.267803995  -412.485533496  -412.236403747
   451.000  -412.477949875  -412.318490258  -412.255338788  -412.477949875  -412.236277141
   451.500  -412.468785815  -412.308570347  -412.241419748  -412.468785815  -412.236220519
   452.000  -412.459044023  -412.298408358  -412.227238822  -412.459044023  -412.236241100
   452.500  -412.448616090  -412.287993028  -412.212761076  -412.448616090  -412.236300389
   453.000  -412.436817361  -412.276731218  -412.197318179  -412.436817361  -412.236339397
   453.500  -412.423242796  -412.264298173  -412.180492341  -412.423242796  -412.236310558
   454.000  -412.408506288  -412.251429209  -412.162619075  -412.408506288  -412.236114092
   454.500  -412.391734641  -412.237456525  -412.156232402  -412.391734641  -412.233753158
   455.000  -412.379333846  -412.227925927  -412.145374965  -412.379333846  -412.233625718
   455.500  -412.371492445  -412.223565417  -412.138649753  -412.371492445  -412.233542775
   456.000  -412.369503962  -412.225561323  -412.137133386  -412.369503962  -412.233529522
   456.500  -412.373563507  -412.234151114  -412.140665081  -412.373563507  -412.233586818
   457.000  -412.382663429  -412.249034222  -412.147526474  -412.382663429  -412.233827138
   457.500  -412.393151181  -412.267081082  -412.159095294  -412.393151181  -412.234666714
   458.000  -412.401756662  -412.283620320  -412.175855247  -412.401756662  -412.233445447
   458.500  -412.412009193  -412.296202449  -412.191110396  -412.412009193  -412.233503560
   459.000  -412.420218303  -412.307071941  -412.204573509  -412.420218303  -412.233514370
   459.500  -412.425435020  -412.313404367  -412.213829234  -412.425435020  -412.233584186
   460.000  -412.426550125  -412.315011160  -412.218269162  -412.426550125  -412.233626130
   460.500  -412.423047750  -412.311367176  -412.217300727  -412.423047750  -412.233603751
   461.000  -412.415373844  -412.302930190  -412.211315580  -412.415373844  -412.233517740
   461.500  -412.404916957  -412.291114880  -412.201668513  -412.404916957  -412.233394255
   462.000  -412.393603136  -412.277880746  -412.190274459  -412.393603136  -412.233279840
   462.500  -412.383196093  -412.265030749  -412.178914082  -412.383196093  -412.233222541
   463.000  -412.374607384  -412.253524944  -412.168548710  -412.374607384  -412.233230173
   463.500  -412.367783193  -412.243374547  -412.159210517  -412.367783193  -412.233264625
   464.000  -412.362234136  -412.234178882  -412.150534854  -412.362234136  -412.233288056
   464.500  -412.357585245  -412.225679777  -412.142311821  -412.357585245  -412.233297284
   465.000  -412.353657861  -412.217843159  -412.134565195  -412.353657861  -412.233313390
   465.500  -412.350208860  -412.210592240  -412.127280760  -412.350208860  -412.233349971
   466.000  -412.346788268  -412.203653066  -412.120244764  -412.346788268  -412.233383131
   466.500  -412.343149467  -412.196947189  -412.113430198  -412.343149467  -412.233342631
   467.000  -412.340250533  -412.191572532  -412.107973610  -412.340250533  -412.233176100
   467.500  -412.340794294  -412.190325854  -412.106697958  -412.340794294  -412.232991506
   468.000  -412.347467645  -412.195936467  -412.112350854  -412.347467645  -412.233024706
   468.500  -412.359723739  -412.207855949  -412.124400723  -412.359723739  -412.233294420
   469.000  -412.373601923  -412.222088908  -412.138870221  -412.373601923  -412.233551347
   469.500  -412.385113562  -412.234581708  -412.151721429  -412.385113562  -412.233649474
   470.000  -412.392451855  -412.243431714  -412.161058882  -412.392451855  -412.233643248
   470.500  -412.395449132  -412.248348470  -412.166587858  -412.395449132  -412.233614835
   471.000  -412.394434402  -412.249523094  -412.168486599  -412.394434402  -412.233588741
   471.500  -412.389816862  -412.247226447  -412.167011251  -412.389816862  -412.233553284
   472.000  -412.382212564  -412.241947173  -412.162640239  -412.382212564  -412.233492446
   472.500  -412.372657531  -412.234611121  -412.156296474  -412.372657531  -412.233402807
   473.000  -412.362638628  -412.226612705  -412.149377545  -412.362638628  -412.233299106
   473.500  -412.353861131  -412.219583779  -412.143522155  -412.353861131  -412.233206795
   474.000  -412.347836379  -412.214980570  -412.140192696  -412.347836379  -412.233158652
   474.500  -412.345368695  -412.213574941  -412.140162926  -412.345368695  -412.233190319
   475.000  -412.346054062  -412.214952922  -412.143015220  -412.346054062  -412.233312647
   475.500  -412.348690232  -412.215042532  -412.153316678  -412.348690232  -412.234055925
   476.000  -412.350336184  -412.217442942  -412.158936562  -412.350336184  -412.234043385
   476.500  -412.352329607  -412.219950868  -412.164552133  -412.352329607  -412.233801599
   477.000  -412.358234371  -412.226086423  -412.173722833  -412.358234371  -412.233623477
   477.500  -412.370314846  -412.238053690  -412.188660078  -412.370314846  -412.233842631
   478.000  -412.385245376  -412.252473439  -412.205935278  -412.385245376  -412.234223321
   478.500  -412.397215697  -412.263503960  -412.219601098  -412.397215697  -412.234374270
   479.000  -412.403409659  -412.268313523  -412.226700002  -412.403409659  -412.234276080
   479.500  -412.404745711  -412.267801295  -412.228018622  -412.404745711  -412.234096600
   480.000  -412.403650188  -412.264363401  -412.225858549  -412.403650188  -412.233947401
   480.500  -412.402330868  -412.260172537  -412.222331976  -412.402330868  -412.233854501
   481.000  -412.402241127  -412.256660268  -412.218835551  -412.402241127  -412.233809115
   481.500  -412.404138501  -412.254589969  -412.216137348  -412.404138501  -412.233794775
   482.000  -412.408291558  -412.254274574  -412.214582164  -412.408291558  -412.233801532
   482.500  -412.414628518  -412.255721028  -412.214246363  -412.414628518  -412.233828178
   483.000  -412.422760610  -412.258641681  -412.214934396  -412.422760610  -412.233880859
   483.500  -412.431916424  -412.262356982  -412.216085589  -412.431916424  -412.233959427
   484.000  -412.440965166  -412.265681049  -412.216744275  -412.440965166  -412.234027186
   484.500  -412.453141272  -412.251775731  -412.237923048  -412.453141272  -412.239282523
   485.000  -412.456036859  -412.248725007  -412.242354298  -412.456036859  -412.239378261
   485.500  -412.453694879  -412.241644250  -412.240842680  -412.453694879  -412.239370156
   486.000  -412.446360313  -412.235421477  -412.228809698  -412.446360313  -412.239182215
   486.500  -412.436793999  -412.226369428  -412.215365907  -412.436793999  -412.238882138
   487.000  -412.429265841  -412.218427880  -412.204990209  -412.429265841  -412.238695367
   487.500  -412.426656183  -412.213405184  -412.200588569  -412.426656183  -412.238698873
   488.000  -412.428623891  -412.209405324  -412.201705217  -412.428623891  -412.238994232
   488.500  -412.431369846  -412.205742030  -412.204299072  -412.431369846  -412.239145050
   489.000  -412.432428817  -412.207411955  -412.200122521  -412.432428817  -412.239166191
   489.500  -412.431339904  -412.208836190  -412.194116439  -412.431339904  -412.239119447
   490.000  -412.428747591  -412.209706635  -412.187734926  -412.428747591  -412.239053094
   490.500  -412.425640945  -412.210822960  -412.181847711  -412.425640945  -412.239000395
   491.000  -412.422832723  -412.212822406  -412.177101770  -412.422832723  -412.238972746
   491.500  -412.420774983  -412.215999686  -412.173814306  -412.420774983  -412.238955253
   492.000  -412.419752599  -412.220506015  -412.172186866  -412.419752599  -412.238925683
   492.500  -412.420177317  -412.226643964  -412.172579648  -412.420177317  -412.238886561
   493.000  -412.422547680  -412.234826462  -412.175446395  -412.422547680  -412.238872077
   493.500  -412.426973187  -412.245101509  -412.180833200  -412.426973187  -412.238920205
   494.000  -412.432656716  -412.256638772  -412.187856438  -412.432656716  -412.239032443
   494.500  -412.437871422  -412.267722677  -412.194660511  -412.437871422  -412.239166800
   495.000  -412.440567863  -412.276407904  -412.199012105  -412.440567863  -412.239256822
   495.500  -412.439272614  -412.281533481  -412.199411512  -412.439272614  -412.239294330
   496.000  -412.433589454  -412.282631584  -412.197232885  -412.433589454  -412.239147066
   496.500  -412.425277666  -412.281011023  -412.194119716  -412.425277666  -412.238961657
   497.000  -412.416734736  -412.279303959  -412.191196866  -412.416734736  -412.238930487
   497.500  -412.408793806  -412.277399786  -412.190384621  -412.408793806  -412.238935548
   498.000  -412.401276395  -412.274724590  -412.190287568  -412.401276395  -412.238980927
   498.500  -412.393540236  -412.270707754  -412.189089365  -412.393540236  -412.238988894
   499.000  -412.385487898  -412.265434711  -412.186221675  -412.385487898  -412.238927351
   499.500  -412.377989037  -412.259671908  -412.182376572  -412.377989037  -412.238841055
   500.000  -412.372313103  -412.254604191  -412.178717507  -412.372313103  -412.238772484
