     0.000  -412.487703439  -412.314905426  -412.255788134  -412.255788134  -412.226508418
     0.500  -412.494307901  -412.324818954  -412.264596847  -412.264596847  -412.226489575
     1.000  -412.506390024  -412.340560550  -412.279185633  -412.279185633  -412.226674705
     1.500  -412.521107966  -412.359493453  -412.296706975  -412.296706975  -412.227033164
     2.000  -412.533040853  -412.376544746  -412.311861234  -412.311861234  -412.227347532
     2.500  -412.537007827  -412.386204872  -412.320034547  -412.320034547  -412.227409866
     3.000  -412.531187822  -412.385764706  -412.320001821  -412.320001821  -412.227262276
     3.500  -412.518474023  -412.378571858  -412.314541067  -412.314541067  -412.226855313
     4.000  -412.505210446  -412.371517316  -412.309771992  -412.309771992  -412.226567968
     4.500  -412.495817081  -412.369238543  -412.309855911  -412.309855911  -412.226708182
     5.000  -412.488764179  -412.370200721  -412.312909740  -412.312909740  -412.227047472
     5.500  -412.479519475  -412.369682014  -412.313962849  -412.313962849  -412.227224482
     6.000  -412.465594473  -412.364853310  -412.310044504  -412.310044504  -412.227176969
     6.500  -412.447774981  -412.356059991  -412.301470580  -412.301470580  -412.227023252
     7.000  -412.428594852  -412.345371496  -412.290370356  -412.290370356  -412.226861799
     7.500  -412.410794201  -412.335104608  -412.279202370  -412.279202370  -412.226731838
     8.000  -412.396588426  -412.327143242  -412.270063152  -412.270063152  -412.226641004
     8.500  -412.387466605  -412.322754627  -412.264488838  -412.264488838  -412.226591275
     9.000  -412.384177050  -412.322573136  -412.263398312  -412.263398312  -412.226581890
     9.500  -412.386819755  -412.326666837  -412.267102679  -412.267102679  -412.226603300
    10.000  -412.395027088  -412.334689954  -412.275402973  -412.275402973  -412.226658521
    10.500  -412.407919518  -412.345828386  -412.287488980  -412.287488980  -412.226791798
    11.000  -412.423487957  -412.358193600  -412.301329570  -412.301329570  -412.227032489
    11.500  -412.438295510  -412.368546287  -412.313444969  -412.313444969  -412.227254717
    12.000  -412.449289915  -412.374113717  -412.320808048  -412.320808048  -412.227227198
    12.500  -412.456803648  -412.375559746  -412.323887473  -412.323887473  -412.226958595
    13.000  -412.464214841  -412.376595740  -412.326276620  -412.326276620  -412.226807101
    13.500  -412.473225406  -412.379223125  -412.329906275  -412.329906275  -412.226964937
    14.000  -412.481346062  -412.381210885  -412.332491326  -412.332491326  -412.227193799
    14.500  -412.484955403  -412.379162554  -412.330591320  -412.330591320  -412.227253227
    15.000  -412.482721497  -412.371941576  -412.323045911  -412.323045911  -412.227140843
    15.500  -412.475893582  -412.360959758  -412.311273748  -412.311273748  -412.226958748
    16.000  -412.466936182  -412.348806681  -412.297906140  -412.297906140  -412.226782667
    16.500  -412.458364564  -412.338079498  -412.285624400  -412.285624400  -412.226642709
    17.000  -412.452205707  -412.330842622  -412.276620166  -412.276620166  -412.226550339
    17.500  -412.449762047  -412.328399528  -412.272354154  -412.272354154  -412.226521084
    18.000  -412.451366626  -412.331059639  -412.273296545  -412.273296545  -412.226573011
    18.500  -412.456130145  -412.337895926  -412.278657629  -412.278657629  -412.226711574
    19.000  -412.461935918  -412.346745730  -412.286356462  -412.286356462  -412.226911663
    19.500  -412.465923018  -412.354687817  -412.293478441  -412.293478441  -412.227109495
    20.000  -412.465542733  -412.359082831  -412.297319035  -412.297319035  -412.227208139
    20.500  -412.460039721  -412.359040380  -412.296870651  -412.296870651  -412.227118766
    21.000  -412.451611192  -412.356580290  -412.294020498  -412.294020498  -412.226862251
    21.500  -412.444785137  -412.356034522  -412.292985017  -412.292985017  -412.226643592
    22.000  -412.443233320  -412.360889796  -412.297164674  -412.297164674  -412.226695789
    22.500  -412.446518412  -412.370546644  -412.305898902  -412.305898902  -412.226955327
    23.000  -412.450921069  -412.381137805  -412.315281020  -412.315281020  -412.227181740
    23.500  -412.452750935  -412.388824667  -412.321469393  -412.321469393  -412.227305443
    24.000  -412.449734158  -412.391174258  -412.322090958  -412.322090958  -412.227331334
    24.500  -412.441194243  -412.387338983  -412.316427100  -412.316427100  -412.227233654
    25.000  -412.428369712  -412.378379273  -412.305727701  -412.305727701  -412.227032771
    25.500  -412.414103782  -412.366967837  -412.292889843  -412.292889843  -412.226798621
    26.000  -412.401828396  -412.356387618  -412.281415349  -412.281415349  -412.226601337
    26.500  -412.394506965  -412.349478527  -412.274309489  -412.274309489  -412.226488827
    27.000  -412.393901425  -412.347903618  -412.273302978  -412.273302978  -412.226482084
    27.500  -412.400230765  -412.351808061  -412.278493093  -412.278493093  -412.226578954
    28.000  -412.412170926  -412.359831965  -412.288367727  -412.288367727  -412.226763935
    28.500  -412.427067477  -412.369348197  -412.300083340  -412.300083340  -412.227010449
    29.000  -412.441368846  -412.376922941  -412.309984048  -412.309984048  -412.227254937
    29.500  -412.451680327  -412.379385850  -412.314723227  -412.314723227  -412.227361860
    30.000  -412.456771869  -412.375828229  -412.313293930  -412.313293930  -412.227207986
    30.500  -412.459076236  -412.369065829  -412.308488473  -412.308488473  -412.226941464
    31.000  -412.462335302  -412.363240074  -412.304467646  -412.304467646  -412.226916987
    31.500  -412.466918735  -412.359099905  -412.302003942  -412.302003942  -412.227091962
    32.000  -412.470352601  -412.354513670  -412.298973735  -412.298973735  -412.227118583
    32.500  -412.471865699  -412.349015248  -412.294908558  -412.294908558  -412.226958428
    33.000  -412.473137340  -412.344553799  -412.291753150  -412.291753150  -412.226841420
    33.500  -412.475268283  -412.342458416  -412.290822580  -412.290822580  -412.226902771
    34.000  -412.476932841  -412.341575150  -412.290928554  -412.290928554  -412.227027490
    34.500  -412.475954008  -412.339820325  -412.289931682  -412.289931682  -412.227043601
    35.000  -412.471732417  -412.336583600  -412.287178698  -412.287178698  -412.226934995
    35.500  -412.465610022  -412.333089604  -412.283889281  -412.283889281  -412.226794746
    36.000  -412.459590755  -412.331152716  -412.281899784  -412.281899784  -412.226703083
    36.500  -412.455128093  -412.332009635  -412.282462106  -412.282462106  -412.226685384
    37.000  -412.452646988  -412.335863479  -412.285783238  -412.285783238  -412.226739786
    37.500  -412.451533454  -412.341878869  -412.291025851  -412.291025851  -412.226857384
    38.000  -412.450299536  -412.348341480  -412.296485853  -412.296485853  -412.227008584
    38.500  -412.447150332  -412.353221429  -412.300163449  -412.300163449  -412.227096388
    39.000  -412.441502629  -412.355691750  -412.301283674  -412.301283674  -412.226972682
    39.500  -412.435899058  -412.358050486  -412.302211674  -412.302211674  -412.226678139
    40.000  -412.434909356  -412.364635574  -412.307341296  -412.307341296  -412.226638355
    40.500  -412.439172985  -412.375880807  -412.317130571  -412.317130571  -412.227090052
    41.000  -412.442453396  -412.385375232  -412.325158975  -412.325158975  -412.227588709
    41.500  -412.437625007  -412.385849468  -412.324147465  -412.324147465  -412.227678740
    42.000  -412.423319443  -412.375823570  -412.312639495  -412.312639495  -412.227332170
    42.500  -412.404685949  -412.360372506  -412.295778279  -412.295778279  -412.226791598
    43.000  -412.389734362  -412.347476856  -412.281640820  -412.281640820  -412.226421671
    43.500  -412.383870500  -412.342560873  -412.275747583  -412.275747583  -412.226460727
    44.000  -412.386488403  -412.345075620  -412.277622328  -412.277622328  -412.226759800
    44.500  -412.392986347  -412.350497253  -412.282773716  -412.282773716  -412.226994005
    45.000  -412.399379219  -412.354921792  -412.287285459  -412.287285459  -412.227037671
    45.500  -412.404404813  -412.357163008  -412.289923250  -412.289923250  -412.226967605
    46.000  -412.408660064  -412.357893656  -412.291290556  -412.291290556  -412.226895387
    46.500  -412.412977328  -412.358027318  -412.292232928  -412.292232928  -412.226891947
    47.000  -412.417319997  -412.357619342  -412.292756400  -412.292756400  -412.226975179
    47.500  -412.420538392  -412.355627525  -412.291797658  -412.291797658  -412.227082284
    48.000  -412.421399266  -412.350938148  -412.288259428  -412.288259428  -412.227041232
    48.500  -412.421082210  -412.344862245  -412.283493947  -412.283493947  -412.226708690
    49.000  -412.424709930  -412.342662257  -412.282809485  -412.282809485  -412.226367225
    49.500  -412.436941895  -412.349141840  -412.291019061  -412.291019061  -412.226558565
    50.000  -412.454847235  -412.361508476  -412.305280177  -412.305280177  -412.227140708
    50.500  -412.469792901  -412.371257036  -412.316977678  -412.316977678  -412.227531926
    51.000  -412.475457215  -412.372169497  -412.319771549  -412.319771549  -412.227558320
    51.500  -412.471018240  -412.363493092  -412.312813493  -412.312813493  -412.227327638
    52.000  -412.459937720  -412.348720953  -412.299549709  -412.299549709  -412.226943590
    52.500  -412.448164283  -412.333810580  -412.285942152  -412.285942152  -412.226540102
    53.000  -412.441770048  -412.324848136  -412.278125749  -412.278125749  -412.226340697
    53.500  -412.443598917  -412.324722587  -412.279063376  -412.279063376  -412.226481948
    54.000  -412.451448534  -412.331312569  -412.286697139  -412.286697139  -412.226807215
    54.500  -412.460288976  -412.339685095  -412.296116476  -412.296116476  -412.227051610
    55.000  -412.466083010  -412.345890443  -412.303322525  -412.303322525  -412.227130492
    55.500  -412.467250591  -412.348403634  -412.306678852  -412.306678852  -412.227125229
    56.000  -412.463708845  -412.347146041  -412.305978145  -412.305978145  -412.227118315
    56.500  -412.455729482  -412.342326365  -412.301346013  -412.301346013  -412.227095403
    57.000  -412.444112855  -412.334611248  -412.293454062  -412.293454062  -412.226951576
    57.500  -412.431523327  -412.326467872  -412.284866862  -412.284866862  -412.226648878
    58.000  -412.422677743  -412.322378606  -412.280210055  -412.280210055  -412.226420764
    58.500  -412.420960708  -412.325494695  -412.282748059  -412.282748059  -412.226546484
    59.000  -412.424768439  -412.334015781  -412.290703483  -412.290703483  -412.226885960
    59.500  -412.429298144  -412.342987495  -412.299066643  -412.299066643  -412.227119213
    60.000  -412.430946577  -412.348682724  -412.304038078  -412.304038078  -412.227175124
    60.500  -412.428687278  -412.349964376  -412.304432496  -412.304432496  -412.227152825
    61.000  -412.422888941  -412.347094246  -412.300504563  -412.300504563  -412.227129144
    61.500  -412.414226491  -412.340643918  -412.292854100  -412.292854100  -412.227097008
    62.000  -412.403802606  -412.331628569  -412.282529706  -412.282529706  -412.226966055
    62.500  -412.394377183  -412.322743827  -412.272252489  -412.272252489  -412.226652178
    63.000  -412.391219573  -412.319223341  -412.267263184  -412.267263184  -412.226305603
    63.500  -412.399478899  -412.326207662  -412.272704336  -412.272704336  -412.226335330
    64.000  -412.418542709  -412.343099050  -412.287995222  -412.287995222  -412.226811450
    64.500  -412.441228481  -412.362745614  -412.306030211  -412.306030211  -412.227290700
    65.000  -412.459835042  -412.377490922  -412.319221160  -412.319221160  -412.227482376
    65.500  -412.470657520  -412.383706620  -412.324007721  -412.324007721  -412.227429189
    66.000  -412.473889384  -412.381722488  -412.320772485  -412.320772485  -412.227214644
    66.500  -412.472412788  -412.374636529  -412.312642490  -412.312642490  -412.226891824
    67.000  -412.470667779  -412.367183518  -412.304359630  -412.304359630  -412.226627070
    67.500  -412.472118228  -412.363170662  -412.299725819  -412.299725819  -412.226620207
    68.000  -412.476618563  -412.362793956  -412.298931430  -412.298931430  -412.226802792
    68.500  -412.481343547  -412.363518862  -412.299450586  -412.299450586  -412.226932150
    69.000  -412.484074776  -412.363339414  -412.299311793  -412.299311793  -412.226918606
    69.500  -412.484628172  -412.362202498  -412.298521187  -412.298521187  -412.226840575
    70.000  -412.483908311  -412.361074504  -412.298107825  -412.298107825  -412.226796855
    70.500  -412.482508559  -412.360556105  -412.298708733  -412.298708733  -412.226833252
    71.000  -412.480030527  -412.360211237  -412.299870294  -412.299870294  -412.226938108
    71.500  -412.475261772  -412.358746378  -412.300217858  -412.300217858  -412.227064576
    72.000  -412.466928341  -412.354758172  -412.298208166  -412.298208166  -412.227142602
    72.500  -412.454796269  -412.347832837  -412.293255141  -412.293255141  -412.227073330
    73.000  -412.441079585  -412.339962091  -412.287172134  -412.287172134  -412.226792224
    73.500  -412.430899291  -412.336028987  -412.284683048  -412.284683048  -412.226518302
    74.000  -412.428621177  -412.340188366  -412.289831833  -412.289831833  -412.226690047
    74.500  -412.431972054  -412.350020292  -412.300152254  -412.300152254  -412.227203416
    75.000  -412.433675273  -412.358157910  -412.308287146  -412.308287146  -412.227434375
    75.500  -412.429933172  -412.360720565  -412.310397676  -412.310397676  -412.227207632
    76.000  -412.423168972  -412.360012729  -412.308842427  -412.308842427  -412.226961624
    76.500  -412.416423510  -412.358915669  -412.306564476  -412.306564476  -412.227002216
    77.000  -412.409159361  -412.356719904  -412.302930937  -412.302930937  -412.227118363
    77.500  -412.399697592  -412.351593963  -412.296219592  -412.296219592  -412.227069471
    78.000  -412.388479739  -412.343869470  -412.286916866  -412.286916866  -412.226882454
    78.500  -412.377942517  -412.335919306  -412.277582987  -412.277582987  -412.226685221
    79.000  -412.370779467  -412.330409620  -412.271071301  -412.271071301  -412.226563158
    79.500  -412.368664799  -412.329007322  -412.269198741  -412.269198741  -412.226539833
    80.000  -412.371874331  -412.331986910  -412.272321550  -412.272321550  -412.226598717
    80.500  -412.379516139  -412.338452343  -412.279543657  -412.279543657  -412.226712505
    81.000  -412.389950521  -412.346757170  -412.289137255  -412.289137255  -412.226861470
    81.500  -412.401110443  -412.354832588  -412.298886049  -412.298886049  -412.227035356
    82.000  -412.410691198  -412.360388195  -412.306312792  -412.306312792  -412.227221060
    82.500  -412.416429139  -412.361204985  -412.309001143  -412.309001143  -412.227366098
    83.000  -412.416992979  -412.356039163  -412.305530918  -412.305530918  -412.227338938
    83.500  -412.413823999  -412.346465194  -412.297355408  -412.297355408  -412.227043407
    84.000  -412.412001145  -412.337734556  -412.289692941  -412.289692941  -412.226702769
    84.500  -412.416759892  -412.335281158  -412.288052837  -412.288052837  -412.226642036
    85.000  -412.428928792  -412.340131982  -412.293649969  -412.293649969  -412.226816215
    85.500  -412.445022982  -412.348962099  -412.303441285  -412.303441285  -412.227137933
    86.000  -412.458955060  -412.355749460  -412.311784085  -412.311784085  -412.227433020
    86.500  -412.465108519  -412.354763270  -412.313499871  -412.313499871  -412.227411009
    87.000  -412.462297023  -412.344494297  -412.307819608  -412.307819608  -412.227147081
    87.500  -412.453599860  -412.328079342  -412.297665879  -412.297665879  -412.226944322
    88.000  -412.443399447  -412.310663399  -412.286328926  -412.286328926  -412.226752655
    88.500  -412.435158112  -412.295996113  -412.276622267  -412.276622267  -412.226643632
    89.000  -412.430728906  -412.286021882  -412.270224364  -412.270224364  -412.226608692
    89.500  -412.430768433  -412.281578190  -412.267793557  -412.267793557  -412.226592758
    90.000  -412.435307661  -412.282763031  -412.269653971  -412.269653971  -412.226579244
    90.500  -412.443977873  -412.289070657  -412.275993812  -412.275993812  -412.226604512
    91.000  -412.455890994  -412.299501363  -412.286403221  -412.286403221  -412.226702333
    91.500  -412.469402100  -412.312505954  -412.299395718  -412.299395718  -412.226886228
    92.000  -412.481944596  -412.325788048  -412.312244412  -412.312244412  -412.227147377
    92.500  -412.490061333  -412.336134470  -412.321213139  -412.321213139  -412.227444259
    93.000  -412.489877344  -412.339657494  -412.322329129  -412.322329129  -412.227675428
    93.500  -412.478839858  -412.333544542  -412.313201371  -412.313201371  -412.227582526
    94.000  -412.459679267  -412.320171182  -412.296831330  -412.296831330  -412.226899395
    94.500  -412.443345613  -412.310125191  -412.284383473  -412.284383473  -412.226083564
    95.000  -412.441554521  -412.314838780  -412.287600901  -412.287600901  -412.226229053
    95.500  -412.452316700  -412.332179247  -412.304306758  -412.304306758  -412.227207303
    96.000  -412.461619309  -412.348074869  -412.320179277  -412.320179277  -412.227833115
    96.500  -412.459251620  -412.352232626  -412.324678262  -412.324678262  -412.227763940
    97.000  -412.444889644  -412.344197013  -412.317170516  -412.317170516  -412.227387758
    97.500  -412.423469087  -412.328745067  -412.302311120  -412.302311120  -412.227022041
    98.000  -412.400419078  -412.311154747  -412.285282563  -412.285282563  -412.226755835
    98.500  -412.379951921  -412.295515965  -412.270095314  -412.270095314  -412.226579095
    99.000  -412.364975052  -412.284652366  -412.259507025  -412.259507025  -412.226471510
    99.500  -412.357286976  -412.280314201  -412.255222672  -412.255222672  -412.226427951
   100.000  -412.357621037  -412.283214555  -412.257933878  -412.257933878  -412.226456059
   100.500  -412.365533150  -412.292908486  -412.267198888  -412.267198888  -412.226569128
   101.000  -412.379232065  -412.307618956  -412.281268270  -412.281268270  -412.226777506
   101.500  -412.395480390  -412.324135305  -412.296988717  -412.296988717  -412.227077938
   102.000  -412.409760193  -412.337979263  -412.309972128  -412.309972128  -412.227432146
   102.500  -412.417060541  -412.344190812  -412.315378479  -412.315378479  -412.227720761
   103.000  -412.413947693  -412.339397578  -412.309970739  -412.309970739  -412.227692259
   103.500  -412.402295832  -412.325547545  -412.295815006  -412.295815006  -412.227139530
   104.000  -412.391438012  -412.312065878  -412.282391026  -412.282391026  -412.226459119
   104.500  -412.391785144  -412.309481966  -412.280181953  -412.280181953  -412.226392687
   105.000  -412.404503293  -412.319122713  -412.290380091  -412.290380091  -412.226919012
   105.500  -412.421271949  -412.332873502  -412.304734339  -412.304734339  -412.227497530
   106.000  -412.432200966  -412.341070444  -412.313503511  -412.313503511  -412.227700018
   106.500  -412.432610993  -412.339237284  -412.312180932  -412.312180932  -412.227506209
   107.000  -412.423974101  -412.328991377  -412.302354384  -412.302354384  -412.227156577
   107.500  -412.410763054  -412.314882508  -412.288514917  -412.288514917  -412.226841483
   108.000  -412.397514763  -412.301465805  -412.275129871  -412.275129871  -412.226624799
   108.500  -412.387579667  -412.292066776  -412.265436740  -412.265436740  -412.226503051
   109.000  -412.382934878  -412.288610112  -412.261309983  -412.261309983  -412.226459446
   109.500  -412.384319636  -412.291774384  -412.263432024  -412.263432024  -412.226483912
   110.000  -412.391336479  -412.301101362  -412.271405894  -412.271405894  -412.226581019
   110.500  -412.402412378  -412.314961347  -412.283697417  -412.283697417  -412.226765307
   111.000  -412.414671913  -412.330420174  -412.297476760  -412.297476760  -412.227044303
   111.500  -412.424011420  -412.343303518  -412.308660013  -412.308660013  -412.227366902
   112.000  -412.426116908  -412.349200625  -412.312913134  -412.312913134  -412.227546046
   112.500  -412.419391964  -412.346388644  -412.308579600  -412.308579600  -412.227302839
   113.000  -412.408519113  -412.339404562  -412.300254590  -412.300254590  -412.226746025
   113.500  -412.401986420  -412.336600095  -412.296327383  -412.296327383  -412.226644460
   114.000  -412.401808505  -412.339894655  -412.298707626  -412.298707626  -412.227131932
   114.500  -412.401990911  -412.343248339  -412.301290235  -412.301290235  -412.227330711
   115.000  -412.399599017  -412.343712718  -412.301034060  -412.301034060  -412.227060573
   115.500  -412.397556146  -412.344203400  -412.300779447  -412.300779447  -412.226944454
   116.000  -412.396925136  -412.345767003  -412.301547390  -412.301547390  -412.227131136
   116.500  -412.394687652  -412.345350207  -412.300313140  -412.300313140  -412.227236811
   117.000  -412.388688875  -412.340740996  -412.294929161  -412.294929161  -412.227109446
   117.500  -412.380135556  -412.333074361  -412.286603874  -412.286603874  -412.226879501
   118.000  -412.372043376  -412.325295513  -412.278343724  -412.278343724  -412.226682025
   118.500  -412.367218509  -412.320155125  -412.272934668  -412.272934668  -412.226571145
   119.000  -412.367293603  -412.319253240  -412.271981818  -412.271981818  -412.226556708
   119.500  -412.372483774  -412.322800111  -412.275667764  -412.275667764  -412.226638511
   120.000  -412.381544542  -412.329578052  -412.282726977  -412.282726977  -412.226818015
   120.500  -412.391807530  -412.336979360  -412.290498755  -412.290498755  -412.227072276
   121.000  -412.399695366  -412.341519165  -412.295460793  -412.295460793  -412.227285027
   121.500  -412.402660653  -412.340764934  -412.295177445  -412.295177445  -412.227209842
   122.000  -412.402625719  -412.336760330  -412.291725859  -412.291725859  -412.226758031
   122.500  -412.406405946  -412.336434267  -412.292081439  -412.292081439  -412.226495014
   123.000  -412.417654256  -412.343540431  -412.300009488  -412.300009488  -412.226923898
   123.500  -412.430511659  -412.352313025  -412.309692094  -412.309692094  -412.227468729
   124.000  -412.436993055  -412.354858537  -412.313134413  -412.313134413  -412.227546067
   124.500  -412.435422136  -412.349595696  -412.308638720  -412.308638720  -412.227225507
   125.000  -412.430174682  -412.341004199  -412.300582165  -412.300582165  -412.226791657
   125.500  -412.427359966  -412.335310268  -412.295117510  -412.295117510  -412.226576799
   126.000  -412.429858999  -412.335520620  -412.295212845  -412.295212845  -412.226729935
   126.500  -412.435319167  -412.339399863  -412.298626338  -412.298626338  -412.226995100
   127.000  -412.439583583  -412.342882893  -412.301302164  -412.301302164  -412.227089631
   127.500  -412.440718294  -412.344090534  -412.301380889  -412.301380889  -412.227009928
   128.000  -412.439396685  -412.343712148  -412.299581829  -412.299581829  -412.226885864
   128.500  -412.437167065  -412.343274636  -412.297477409  -412.297477409  -412.226816538
   129.000  -412.434957317  -412.343648610  -412.296002141  -412.296002141  -412.226844101
   129.500  -412.432412330  -412.344388391  -412.294790749  -412.294790749  -412.226966281
   130.000  -412.428005086  -412.343847177  -412.292288315  -412.292288315  -412.227110227
   130.500  -412.420301974  -412.340448478  -412.287014390  -412.287014390  -412.227081994
   131.000  -412.410809313  -412.335540378  -412.280407466  -412.280407466  -412.226701681
   131.500  -412.405881836  -412.335312822  -412.278725930  -412.278725930  -412.226295174
   132.000  -412.411454692  -412.345535262  -412.287764111  -412.287764111  -412.226544872
   132.500  -412.424089669  -412.362602323  -412.303890616  -412.303890616  -412.227254825
   133.000  -412.433565917  -412.376123869  -412.316665739  -412.316665739  -412.227680413
   133.500  -412.433115174  -412.379167063  -412.319128359  -412.319128359  -412.227646990
   134.000  -412.422797997  -412.371647814  -412.311211811  -412.311211811  -412.227360099
   134.500  -412.406955423  -412.357798944  -412.297202210  -412.297202210  -412.226996095
   135.000  -412.391461576  -412.343431670  -412.282963874  -412.282963874  -412.226633129
   135.500  -412.382163120  -412.334367456  -412.274335876  -412.274335876  -412.226378085
   136.000  -412.382920484  -412.334463648  -412.275145343  -412.275145343  -412.226431792
   136.500  -412.392855290  -412.342848254  -412.284459398  -412.284459398  -412.226768910
   137.000  -412.406842438  -412.354403268  -412.297095393  -412.297095393  -412.227077033
   137.500  -412.419830443  -412.364079110  -412.307944267  -412.307944267  -412.227190661
   138.000  -412.429464750  -412.369521058  -412.314594769  -412.314594769  -412.227197575
   138.500  -412.435195817  -412.370193062  -412.316453285  -412.316453285  -412.227218693
   139.000  -412.436645792  -412.365762359  -412.313142965  -412.313142965  -412.227259758
   139.500  -412.433587370  -412.356093487  -412.304507278  -412.304507278  -412.227164738
   140.000  -412.428109006  -412.343417222  -412.292790970  -412.292790970  -412.226759739
   140.500  -412.426483481  -412.334193924  -412.284499264  -412.284499264  -412.226301980
   141.000  -412.434982439  -412.334914703  -412.286176039  -412.286176039  -412.226400196
   141.500  -412.451921429  -412.344133571  -412.296411362  -412.296411362  -412.226945627
   142.000  -412.469056035  -412.353853819  -412.307232322  -412.307232322  -412.227311213
   142.500  -412.480042000  -412.357969278  -412.312567210  -412.312567210  -412.227349767
   143.000  -412.483302376  -412.355098609  -412.311102426  -412.311102426  -412.227244869
   143.500  -412.479936045  -412.346455665  -412.304154564  -412.304154564  -412.227102057
   144.000  -412.472108507  -412.334222427  -412.294024536  -412.294024536  -412.226928461
   144.500  -412.462722678  -412.321269956  -412.283622483  -412.283622483  -412.226760640
   145.000  -412.454843810  -412.310709722  -412.275839183  -412.275839183  -412.226661543
   145.500  -412.450862488  -412.305105296  -412.272717545  -412.272717545  -412.226592226
   146.000  -412.452553837  -412.306382399  -412.275684506  -412.275684506  -412.226551753
   146.500  -412.460567671  -412.315254343  -412.285201493  -412.285201493  -412.226701381
   147.000  -412.472387949  -412.329234458  -412.298738120  -412.298738120  -412.227039677
   147.500  -412.482606161  -412.342907154  -412.310985088  -412.310985088  -412.227336617
   148.000  -412.486245062  -412.351224568  -412.317110276  -412.317110276  -412.227463617
   148.500  -412.480987813  -412.351713959  -412.314940837  -412.314940837  -412.227410875
   149.000  -412.467715790  -412.345005561  -412.305469343  -412.305469343  -412.227113950
   149.500  -412.451285734  -412.335665671  -412.293590181  -412.293590181  -412.226607185
   150.000  -412.439313475  -412.331042284  -412.286840408  -412.286840408  -412.226341578
   150.500  -412.435770047  -412.334895006  -412.288978646  -412.288978646  -412.226629109
   151.000  -412.437019828  -412.343417799  -412.296050822  -412.296050822  -412.227029840
   151.500  -412.437403765  -412.350791036  -412.302053779  -412.302053779  -412.227139032
   152.000  -412.434981009  -412.354904562  -412.304748975  -412.304748975  -412.227040774
   152.500  -412.430918826  -412.356754660  -412.305086861  -412.305086861  -412.226940138
   153.000  -412.426706964  -412.357677093  -412.304421372  -412.304421372  -412.226926328
   153.500  -412.422752573  -412.357947583  -412.303099845  -412.303099845  -412.226977465
   154.000  -412.418658337  -412.357063118  -412.300723942  -412.300723942  -412.227007873
   154.500  -412.414452973  -412.354975862  -412.297358730  -412.297358730  -412.226942671
   155.000  -412.411583559  -412.353090461  -412.294503386  -412.294503386  -412.226806107
   155.500  -412.412521195  -412.353884095  -412.294675365  -412.294675365  -412.226683135
   156.000  -412.419472521  -412.359629971  -412.300110561  -412.300110561  -412.226645517
   156.500  -412.432977559  -412.370988927  -412.311373048  -412.311373048  -412.226851286
   157.000  -412.449659122  -412.384738444  -412.325140320  -412.325140320  -412.227350757
   157.500  -412.462040275  -412.393571548  -412.334040300  -412.334040300  -412.227769200
   158.000  -412.464055239  -412.391589386  -412.332155829  -412.332155829  -412.227644137
   158.500  -412.457545581  -412.380788240  -412.321500349  -412.321500349  -412.227005017
   159.000  -412.451336713  -412.370135843  -412.311063815  -412.311063815  -412.226586466
   159.500  -412.451037360  -412.365374872  -412.306582316  -412.306582316  -412.226825648
   160.000  -412.453260317  -412.363248397  -412.304754886  -412.304754886  -412.227150758
   160.500  -412.452815384  -412.358693499  -412.300464417  -412.300464417  -412.227130439
   161.000  -412.449069932  -412.351198859  -412.293167935  -412.293167935  -412.226906775
   161.500  -412.444640646  -412.343490831  -412.285594879  -412.285594879  -412.226700766
   162.000  -412.442245643  -412.338382640  -412.280590048  -412.280590048  -412.226604326
   162.500  -412.443158661  -412.337228163  -412.279551581  -412.279551581  -412.226627865
   163.000  -412.446942629  -412.339655367  -412.282149320  -412.282149320  -412.226753309
   163.500  -412.451737188  -412.343851644  -412.286596129  -412.286596129  -412.226938473
   164.000  -412.454968878  -412.347266974  -412.290350403  -412.290350403  -412.227104249
   164.500  -412.454650524  -412.347903178  -412.291391942  -412.291391942  -412.227141611
   165.000  -412.450894462  -412.345821825  -412.289744537  -412.289744537  -412.227022268
   165.500  -412.446153031  -412.343393552  -412.287724496  -412.287724496  -412.226884451
   166.000  -412.443114639  -412.343219970  -412.287878342  -412.287878342  -412.226895088
   166.500  -412.442243406  -412.345696999  -412.290557472  -412.290557472  -412.227067439
   167.000  -412.441538880  -412.348772384  -412.293691045  -412.293691045  -412.227235096
   167.500  -412.439127974  -412.350514491  -412.295363298  -412.295363298  -412.227106872
   168.000  -412.436854920  -412.352678644  -412.297370772  -412.297370772  -412.226861342
   168.500  -412.437458732  -412.357873854  -412.302359438  -412.302359438  -412.227041540
   169.000  -412.437971926  -412.362964716  -412.307201650  -412.307201650  -412.227393478
   169.500  -412.432949921  -412.362314177  -412.306248696  -412.306248696  -412.227407529
   170.000  -412.421423128  -412.354756870  -412.298332376  -412.298332376  -412.227136361
   170.500  -412.406817854  -412.343542660  -412.286727811  -412.286727811  -412.226829588
   171.000  -412.393509629  -412.332909353  -412.275724825  -412.275724825  -412.226611695
   171.500  -412.384759596  -412.326025803  -412.268561891  -412.268561891  -412.226500029
   172.000  -412.382269091  -412.324545815  -412.266962416  -412.266962416  -412.226477600
   172.500  -412.386360627  -412.328784484  -412.271295199  -412.271295199  -412.226527595
   173.000  -412.396221735  -412.337954472  -412.280802128  -412.280802128  -412.226642836
   173.500  -412.410045445  -412.350300995  -412.293727989  -412.293727989  -412.226823630
   174.000  -412.425093448  -412.363160182  -412.307377474  -412.307377474  -412.227064771
   174.500  -412.437876735  -412.373133833  -412.318294415  -412.318294415  -412.227329789
   175.000  -412.444835444  -412.376762116  -412.322938292  -412.322938292  -412.227528158
   175.500  -412.443752026  -412.371931240  -412.319102194  -412.319102194  -412.227545650
   176.000  -412.435418893  -412.359542976  -412.307600826  -412.307600826  -412.227298116
   176.500  -412.424786066  -412.344674699  -412.293453391  -412.293453391  -412.226759469
   177.000  -412.420679222  -412.336305149  -412.285631364  -412.285631364  -412.226245292
   177.500  -412.430308063  -412.341815012  -412.291549446  -412.291549446  -412.226476205
   178.000  -412.449706364  -412.357404312  -412.307447050  -412.307447050  -412.227329708
   178.500  -412.465833953  -412.370175159  -412.320437728  -412.320437728  -412.227821468
   179.000  -412.469935884  -412.371477726  -412.321859866  -412.321859866  -412.227677237
   179.500  -412.462497970  -412.361859236  -412.312249695  -412.312249695  -412.227268534
   180.000  -412.448705171  -412.346528408  -412.296815316  -412.296815316  -412.226896517
   180.500  -412.433862756  -412.330786811  -412.280869973  -412.280869973  -412.226649642
   181.000  -412.421712367  -412.318356518  -412.268155296  -412.268155296  -412.226512609
   181.500  -412.414428598  -412.311384580  -412.260842652  -412.260842652  -412.226449075
   182.000  -412.413067048  -412.310896784  -412.259981188  -412.259981188  -412.226434000
   182.500  -412.417901492  -412.317134315  -412.265830768  -412.265830768  -412.226466829
   183.000  -412.428424178  -412.329553209  -412.277854720  -412.277854720  -412.226574827
   183.500  -412.442966576  -412.346439983  -412.294331265  -412.294331265  -412.226801382
   184.000  -412.458142229  -412.364351684  -412.311790865  -412.311790865  -412.227169443
   184.500  -412.468688541  -412.377949295  -412.324858131  -412.324858131  -412.227614242
   185.000  -412.468731088  -412.381254159  -412.327524624  -412.327524624  -412.227892959
   185.500  -412.455620616  -412.371481022  -412.316995200  -412.316995200  -412.227618718
   186.000  -412.435122779  -412.354235505  -412.298893640  -412.298893640  -412.226771586
   186.500  -412.420528582  -412.342648802  -412.286383718  -412.286383718  -412.226190252
   187.000  -412.420732760  -412.345489003  -412.288248434  -412.288248434  -412.226468634
   187.500  -412.432055532  -412.359002186  -412.300723054  -412.300723054  -412.227094498
   188.000  -412.444622896  -412.373285235  -412.313896156  -412.313896156  -412.227536762
   188.500  -412.450585235  -412.380476153  -412.319936111  -412.319936111  -412.227635823
   189.000  -412.447226844  -412.377832870  -412.316175351  -412.316175351  -412.227439761
   189.500  -412.436529978  -412.367284509  -412.304640813  -412.304640813  -412.227119518
   190.000  -412.422788068  -412.353048802  -412.289644492  -412.289644492  -412.226820203
   190.500  -412.410376589  -412.339419306  -412.275546748  -412.275546748  -412.226599509
   191.000  -412.402703260  -412.329731686  -412.265710003  -412.265710003  -412.226462612
   191.500  -412.401965164  -412.326136340  -412.262269966  -412.262269966  -412.226407044
   192.000  -412.409080933  -412.329546259  -412.266091816  -412.266091816  -412.226441294
   192.500  -412.423504181  -412.339465410  -412.276617175  -412.276617175  -412.226581404
   193.000  -412.442974114  -412.353751943  -412.291648028  -412.291648028  -412.226837996
   193.500  -412.463420758  -412.368525291  -412.307273900  -412.307273900  -412.227195660
   194.000  -412.479394379  -412.378582278  -412.318303938  -412.318303938  -412.227557665
   194.500  -412.485834488  -412.379138596  -412.320014246  -412.320014246  -412.227674758
   195.000  -412.481810638  -412.369528844  -412.311853238  -412.311853238  -412.227310985
   195.500  -412.473278074  -412.355909690  -412.300147215  -412.300147215  -412.226768387
   196.000  -412.468342343  -412.346457518  -412.293315107  -412.293315107  -412.226642602
   196.500  -412.469300968  -412.343314182  -412.293916352  -412.293916352  -412.226774607
   197.000  -412.473960513  -412.343809081  -412.300082609  -412.300082609  -412.226834315
   197.500  -412.480020496  -412.345546604  -412.309649558  -412.309649558  -412.227099558
   198.000  -412.484394412  -412.346861256  -412.318547009  -412.318547009  -412.227355679
   198.500  -412.483407238  -412.344860950  -412.322250768  -412.322250768  -412.227465027
   199.000  -412.475171817  -412.337907223  -412.318494266  -412.318494266  -412.227351842
   199.500  -412.460930248  -412.327201896  -412.308476973  -412.308476973  -412.227067545
   200.000  -412.444030880  -412.315363994  -412.296028023  -412.296028023  -412.226774358
   200.500  -412.428137380  -412.305067577  -412.285344584  -412.285344584  -412.226576880
   201.000  -412.415993697  -412.298343187  -412.279365341  -412.279365341  -412.226500086
   201.500  -412.408866940  -412.296158326  -412.279235503  -412.279235503  -412.226548331
   202.000  -412.406420967  -412.298380521  -412.284168814  -412.284168814  -412.226739449
   202.500  -412.406820016  -412.304088920  -412.291278396  -412.304088920  -412.227052437
   203.000  -412.406996587  -412.314121810  -412.296442555  -412.314121810  -412.227523202
   203.500  -412.402704745  -412.322753616  -412.295107665  -412.322753616  -412.228034744
   204.000  -412.392261297  -412.324957212  -412.288379950  -412.324957212  -412.227870053
   204.500  -412.380570749  -412.324237112  -412.281207665  -412.324237112  -412.227179173
   205.000  -412.377338539  -412.330467648  -412.281963671  -412.330467648  -412.227143654
   205.500  -412.382913716  -412.344065944  -412.290194255  -412.344065944  -412.228062632
   206.000  -412.384632164  -412.352372739  -412.292929134  -412.352372739  -412.228684194
   206.500  -412.373169131  -412.346125935  -412.280907931  -412.346125935  -412.228384732
   207.000  -412.352301955  -412.329238837  -412.258246998  -412.329238837  -412.227540331
   207.500  -412.333977551  -412.313839107  -412.237379018  -412.313839107  -412.226895620
   208.000  -412.327294882  -412.309217716  -412.227909426  -412.309217716  -412.226954338
   208.500  -412.331273198  -412.314570216  -412.229299258  -412.314570216  -412.227444408
   209.000  -412.338378727  -412.322503633  -412.234350017  -412.322503633  -412.227781310
   209.500  -412.342733338  -412.327234187  -412.237402753  -412.327234187  -412.227784826
   210.000  -412.343258420  -412.327731898  -412.237486818  -412.327731898  -412.227619374
   210.500  -412.341726267  -412.325781668  -412.236366869  -412.325781668  -412.227461729
   211.000  -412.340166844  -412.323400428  -412.235939951  -412.323400428  -412.227394961
   211.500  -412.339485107  -412.321461427  -412.236863325  -412.321461427  -412.227447711
   212.000  -412.338974465  -412.319212839  -412.238102903  -412.319212839  -412.227616430
   212.500  -412.336488354  -412.314457509  -412.237150683  -412.314457509  -412.227806313
   213.000  -412.330104803  -412.305230682  -412.231738847  -412.305230682  -412.227735705
   213.500  -412.322206191  -412.293894889  -412.223968354  -412.293894889  -412.227148516
   214.000  -412.322059853  -412.289732901  -412.222924110  -412.289732901  -412.226579993
   214.500  -412.337526352  -412.300659616  -412.236394537  -412.300659616  -412.226946956
   215.000  -412.363294970  -412.321453313  -412.259095049  -412.321453313  -412.227790200
   215.500  -412.386600519  -412.339461019  -412.278365547  -412.339461019  -412.228253224
   216.000  -412.399264921  -412.346620219  -412.286175427  -412.346620219  -412.228322553
   216.500  -412.399424736  -412.341156829  -412.280798765  -412.341156829  -412.228178611
   217.000  -412.389407618  -412.325441564  -412.264641346  -412.325441564  -412.227778369
   217.500  -412.375826524  -412.306093675  -412.244330125  -412.306093675  -412.227121522
   218.000  -412.368735889  -412.293175034  -412.229927842  -412.293175034  -412.226605067
   218.500  -412.375621127  -412.294223635  -412.229012854  -412.294223635  -412.226712008
   219.000  -412.394893682  -412.307754630  -412.240218734  -412.307754630  -412.227286790
   219.500  -412.417999452  -412.325331339  -412.255282830  -412.325331339  -412.227761304
   220.000  -412.437280427  -412.339388858  -412.266814701  -412.339388858  -412.227894089
   220.500  -412.449868248  -412.347120590  -412.272140401  -412.347120590  -412.227827437
   221.000  -412.456100463  -412.348908126  -412.271724225  -412.348908126  -412.227770535
   221.500  -412.456617369  -412.345433786  -412.266295664  -412.345433786  -412.227817080
   222.000  -412.451076221  -412.336401274  -412.255591792  -412.336401274  -412.227862864
   222.500  -412.439816269  -412.322200772  -412.240039938  -412.322200772  -412.227592827
   223.000  -412.428073248  -412.308116497  -412.224980194  -412.308116497  -412.226903103
   223.500  -412.426185559  -412.304529097  -412.220856193  -412.304529097  -412.226564959
   224.000  -412.438762746  -412.316088343  -412.232347814  -412.316088343  -412.227130936
   224.500  -412.457816719  -412.334849431  -412.251482129  -412.334849431  -412.227780678
   225.000  -412.473166666  -412.350675527  -412.268052048  -412.350675527  -412.227942637
   225.500  -412.481068228  -412.359855073  -412.278268843  -412.359855073  -412.227847781
   226.000  -412.482056743  -412.362933044  -412.282601924  -412.362933044  -412.227786627
   226.500  -412.476867391  -412.360618726  -412.281682222  -412.360618726  -412.227836241
   227.000  -412.465155460  -412.352490625  -412.275001743  -412.352490625  -412.227894341
   227.500  -412.446933033  -412.338419963  -412.262336945  -412.338419963  -412.227744120
   228.000  -412.425514975  -412.321509838  -412.246694638  -412.321509838  -412.227268974
   228.500  -412.408633345  -412.309220704  -412.235450196  -412.309220704  -412.226778024
   229.000  -412.403686409  -412.308657658  -412.235656177  -412.308657658  -412.226801317
   229.500  -412.410550244  -412.319436223  -412.246922111  -412.319436223  -412.227330843
   230.000  -412.421681227  -412.333816573  -412.261546859  -412.333816573  -412.227860197
   230.500  -412.429018605  -412.343598291  -412.271396644  -412.343598291  -412.228124589
   231.000  -412.428220178  -412.344327923  -412.272101720  -412.344327923  -412.228208398
   231.500  -412.418233948  -412.334855078  -412.262614458  -412.334855078  -412.228118811
   232.000  -412.401584470  -412.317628934  -412.245506181  -412.317628934  -412.227600664
   232.500  -412.387272454  -412.301627548  -412.229879320  -412.301627548  -412.226768497
   233.000  -412.387469181  -412.299088805  -412.228040650  -412.299088805  -412.226650484
   233.500  -412.403625061  -412.311634739  -412.241563942  -412.311634739  -412.227414509
   234.000  -412.424494737  -412.328277148  -412.259315340  -412.328277148  -412.227949934
   234.500  -412.440718447  -412.339960678  -412.272087080  -412.339960678  -412.227919790
   235.000  -412.450907358  -412.345614452  -412.278715113  -412.345614452  -412.227684317
   235.500  -412.457400080  -412.347882963  -412.281819670  -412.347882963  -412.227514801
   236.000  -412.462140493  -412.348984123  -412.283639724  -412.348984123  -412.227485447
   236.500  -412.465306124  -412.349321121  -412.284614774  -412.349321121  -412.227567368
   237.000  -412.465643670  -412.347803885  -412.283683013  -412.347803885  -412.227669599
   237.500  -412.461830801  -412.343197193  -412.279617464  -412.343197193  -412.227657472
   238.000  -412.454426682  -412.336062936  -412.272969893  -412.336062936  -412.227429344
   238.500  -412.447154857  -412.330046137  -412.267362942  -412.330046137  -412.227073999
   239.000  -412.445370585  -412.330366722  -412.267998881  -412.330366722  -412.226917300
   239.500  -412.451384555  -412.339189306  -412.277050022  -412.339189306  -412.227224793
   240.000  -412.460860890  -412.352065741  -412.290111543  -412.352065741  -412.227850883
   240.500  -412.464963102  -412.360091528  -412.298348578  -412.360091528  -412.228348203
   241.000  -412.456979956  -412.356507068  -412.295063596  -412.356507068  -412.228277579
   241.500  -412.438833085  -412.343175756  -412.282146758  -412.343175756  -412.227532980
   242.000  -412.421656639  -412.331154717  -412.270629288  -412.331154717  -412.226907406
   242.500  -412.414220695  -412.329125538  -412.269114097  -412.329125538  -412.227222772
   243.000  -412.412327701  -412.332799735  -412.273197115  -412.332799735  -412.227803081
   243.500  -412.407197146  -412.333306347  -412.273885062  -412.333306347  -412.227906387
   244.000  -412.396128925  -412.327853908  -412.268282715  -412.327853908  -412.227671291
   244.500  -412.381762680  -412.318990014  -412.258863171  -412.318990014  -412.227404907
   245.000  -412.367792943  -412.310319199  -412.249187522  -412.310319199  -412.227234133
   245.500  -412.356793199  -412.304330860  -412.241732183  -412.304330860  -412.227171680
   246.000  -412.349801764  -412.301989980  -412.237479486  -412.301989980  -412.227200648
   246.500  -412.346490706  -412.302911953  -412.236091617  -412.302911953  -412.227303353
   247.000  -412.345446146  -412.305646638  -412.236190763  -412.305646638  -412.227455389
   247.500  -412.344613559  -412.308122871  -412.235795247  -412.308122871  -412.227604297
   248.000  -412.342173540  -412.308516993  -412.233180157  -412.308516993  -412.227664311
   248.500  -412.337812397  -412.306510796  -412.228135639  -412.306510796  -412.227583033
   249.000  -412.333340425  -412.303897160  -412.222589287  -412.303897160  -412.227461298
   249.500  -412.331126610  -412.303009809  -412.219061411  -412.303009809  -412.227506030
   250.000  -412.331340559  -412.303972660  -412.217916309  -412.303972660  -412.227686490
   250.500  -412.332666793  -412.305426623  -412.218045424  -412.305426623  -412.227582551
   251.000  -412.337554725  -412.309784312  -412.222055962  -412.309784312  -412.227184791
   251.500  -412.351140928  -412.322145396  -412.235134968  -412.322145396  -412.227357516
   252.000  -412.370305822  -412.339342289  -412.254074412  -412.339342289  -412.228028986
   252.500  -412.384787666  -412.351049532  -412.268394332  -412.351049532  -412.228277438
   253.000  -412.389458726  -412.352068512  -412.272664443  -412.352068512  -412.228029090
   253.500  -412.386638373  -412.344660997  -412.268879772  -412.344660997  -412.227666147
   254.000  -412.381106689  -412.333589510  -412.261538679  -412.333589510  -412.227393827
   254.500  -412.376749232  -412.322787161  -412.254344104  -412.322787161  -412.227235399
   255.000  -412.375856913  -412.314671433  -412.249539846  -412.314671433  -412.227156625
   255.500  -412.379469909  -412.310486230  -412.248260142  -412.310486230  -412.227127045
   256.000  -412.387788835  -412.310696528  -412.250917129  -412.310696528  -412.227135644
   256.500  -412.400350860  -412.315140428  -412.257337408  -412.315140428  -412.227189793
   257.000  -412.415952674  -412.322927694  -412.266644579  -412.322927694  -412.227309645
   257.500  -412.432404688  -412.332171527  -412.276981329  -412.332171527  -412.227518117
   258.000  -412.446292483  -412.339727239  -412.285245142  -412.339727239  -412.227817969
   258.500  -412.453136817  -412.341325928  -412.287221423  -412.341325928  -412.228137694
   259.000  -412.448793974  -412.332946740  -412.278953173  -412.332946740  -412.228239173
   259.500  -412.433246267  -412.314591644  -412.260504946  -412.314591644  -412.227745655
   260.000  -412.415478276  -412.295175825  -412.240837655  -412.295175825  -412.226759933
   260.500  -412.410358694  -412.289459482  -412.234723931  -412.289459482  -412.226436367
   261.000  -412.422617129  -412.302081810  -412.246776115  -412.302081810  -412.227228059
   261.500  -412.440971747  -412.321716974  -412.265623789  -412.321716974  -412.228030098
   262.000  -412.452583528  -412.335507512  -412.278386358  -412.335507512  -412.228225288
   262.500  -412.452967200  -412.338927096  -412.280545131  -412.338927096  -412.228017544
   263.000  -412.444206145  -412.333963579  -412.274103824  -412.333963579  -412.227704665
   263.500  -412.430644372  -412.324815177  -412.263256778  -412.324815177  -412.227435526
   264.000  -412.416389256  -412.315417598  -412.251906214  -412.315417598  -412.227248029
   264.500  -412.404496528  -412.308652399  -412.242886213  -412.308652399  -412.227135141
   265.000  -412.396920034  -412.306313097  -412.237954646  -412.306313097  -412.227084271
   265.500  -412.394630666  -412.309229322  -412.237945324  -412.309229322  -412.227091468
   266.000  -412.397656680  -412.317304234  -412.242821232  -412.317304234  -412.227164471
   266.500  -412.404965992  -412.329394066  -412.251545101  -412.329394066  -412.227324910
   267.000  -412.414189568  -412.343026992  -412.261779168  -412.343026992  -412.227598827
   267.500  -412.421359421  -412.354140877  -412.269593759  -412.354140877  -412.227976125
   268.000  -412.421363537  -412.357536590  -412.269904015  -412.357536590  -412.228299759
   268.500  -412.410645787  -412.349578848  -412.259161773  -412.349578848  -412.228186621
   269.000  -412.392559028  -412.333549932  -412.240708121  -412.333549932  -412.227454348
   269.500  -412.378596729  -412.320881672  -412.226004029  -412.320881672  -412.226898356
   270.000  -412.377069761  -412.319829342  -412.223308168  -412.319829342  -412.227173714
   270.500  -412.384619293  -412.326988546  -412.229212641  -412.326988546  -412.227563426
   271.000  -412.394894372  -412.335979543  -412.237352910  -412.335979543  -412.227653258
   271.500  -412.405082775  -412.343983479  -412.244935559  -412.343983479  -412.227698316
   272.000  -412.413549964  -412.349390888  -412.250343508  -412.349390888  -412.227778360
   272.500  -412.418624304  -412.350590076  -412.251909152  -412.350590076  -412.227776133
   273.000  -412.419932458  -412.347300002  -412.249265691  -412.347300002  -412.227658250
   273.500  -412.418863445  -412.341025271  -412.243832252  -412.341025271  -412.227488426
   274.000  -412.417687473  -412.334169825  -412.237939700  -412.334169825  -412.227333978
   274.500  -412.418531823  -412.329010332  -412.233803673  -412.329010332  -412.227229819
   275.000  -412.422780478  -412.327100684  -412.232922196  -412.327100684  -412.227192303
   275.500  -412.430794000  -412.328988130  -412.235801725  -412.328988130  -412.227233457
   276.000  -412.441710438  -412.334014275  -412.241764970  -412.334014275  -412.227371231
   276.500  -412.453236212  -412.340097981  -412.248746222  -412.340097981  -412.227616199
   277.000  -412.461670168  -412.343747625  -412.253309758  -412.343747625  -412.227911543
   277.500  -412.463088695  -412.341228211  -412.251813766  -412.341228211  -412.228022260
   278.000  -412.457024252  -412.332207875  -412.244038205  -412.332207875  -412.227612652
   278.500  -412.450549951  -412.323795613  -412.237187750  -412.323795613  -412.226957326
   279.000  -412.453145388  -412.325408268  -412.240726594  -412.325408268  -412.227078358
   279.500  -412.463181908  -412.335369501  -412.253007274  -412.335369501  -412.227834589
   280.000  -412.469608868  -412.342750205  -412.263155411  -412.342750205  -412.228172742
   280.500  -412.466139904  -412.341453954  -412.265051351  -412.341453954  -412.227953323
   281.000  -412.454904783  -412.333578455  -412.260622874  -412.333578455  -412.227559677
   281.500  -412.441410518  -412.324436086  -412.254951725  -412.324436086  -412.227265327
   282.000  -412.430071661  -412.318228911  -412.252034806  -412.318228911  -412.227188186
   282.500  -412.422187374  -412.316092487  -412.252870972  -412.316092487  -412.227288863
   283.000  -412.416400627  -412.316571525  -412.255932752  -412.316571525  -412.227404642
   283.500  -412.410953771  -412.317848200  -412.259359622  -412.317848200  -412.227423281
   284.000  -412.405390160  -412.319396865  -412.262578674  -412.319396865  -412.227362819
   284.500  -412.400468060  -412.321864150  -412.266172192  -412.321864150  -412.227300811
   285.000  -412.397098967  -412.325999232  -412.270812802  -412.325999232  -412.227306452
   285.500  -412.395306655  -412.331625219  -412.276250178  -412.331625219  -412.227425474
   286.000  -412.393551521  -412.336986415  -412.280679296  -412.336986415  -412.227669573
   286.500  -412.388693311  -412.338738487  -412.280753427  -412.338738487  -412.227950371
   287.000  -412.377604158  -412.333587526  -412.273247919  -412.333587526  -412.227966368
   287.500  -412.361626886  -412.322767692  -412.259560343  -412.322767692  -412.227390713
   288.000  -412.350103558  -412.315575480  -412.249240115  -412.315575480  -412.226750400
   288.500  -412.351989764  -412.320970224  -412.251545539  -412.320970224  -412.227111444
   289.000  -412.362318487  -412.334016291  -412.261821004  -412.334016291  -412.227961213
   289.500  -412.368616419  -412.342282771  -412.267852306  -412.342282771  -412.228264662
   290.000  -412.365225640  -412.340150420  -412.264163637  -412.340150420  -412.228031569
   290.500  -412.354682315  -412.330170589  -412.253383330  -412.330170589  -412.227639147
   291.000  -412.342596591  -412.317928245  -412.241130235  -412.317928245  -412.227315633
   291.500  -412.333962740  -412.308342444  -412.232333610  -412.308342444  -412.227122218
   292.000  -412.331921345  -412.304427961  -412.229991159  -412.304427961  -412.227040747
   292.500  -412.337776094  -412.307324913  -412.235152385  -412.307324913  -412.227083546
   293.000  -412.350851060  -412.316186782  -412.246762387  -412.316186782  -412.227250946
   293.500  -412.368610060  -412.328347197  -412.261837242  -412.328347197  -412.227450208
   294.000  -412.387915181  -412.340629097  -412.276835300  -412.340629097  -412.227591980
   294.500  -412.406275214  -412.350624894  -412.289032475  -412.350624894  -412.227683080
   295.000  -412.421848360  -412.356702932  -412.296581487  -412.356702932  -412.227786563
   295.500  -412.432695987  -412.357235294  -412.297749124  -412.357235294  -412.227925815
   296.000  -412.436672612  -412.350445208  -412.290752465  -412.350445208  -412.227983273
   296.500  -412.433342329  -412.336282236  -412.275618260  -412.336282236  -412.227686040
   297.000  -412.427599141  -412.320004050  -412.257757919  -412.320004050  -412.227009686
   297.500  -412.428988375  -412.311481092  -412.247245824  -412.311481092  -412.226692734
   298.000  -412.441578583  -412.315065787  -412.248649286  -412.315065787  -412.227180854
   298.500  -412.458374689  -412.324013585  -412.255408319  -412.324013585  -412.227740452
   299.000  -412.470562501  -412.329736488  -412.259056828  -412.329736488  -412.227867172
   299.500  -412.475067147  -412.329377699  -412.256754166  -412.329377699  -412.227723498
   300.000  -412.473154862  -412.324437875  -412.249864959  -412.324437875  -412.227530400
   300.500  -412.467361729  -412.317609301  -412.240932735  -412.317609301  -412.227375760
   301.000  -412.460237141  -412.311294921  -412.232545807  -412.311294921  -412.227255990
   301.500  -412.454087829  -412.307493560  -412.227095714  -412.307493560  -412.227143120
   302.000  -412.450970206  -412.308069179  -412.226644957  -412.308069179  -412.227048131
   302.500  -412.452491169  -412.314488043  -412.232619409  -412.314488043  -412.227048278
   303.000  -412.458733112  -412.326663566  -412.244790029  -412.326663566  -412.227222025
   303.500  -412.467251462  -412.341962977  -412.260397799  -412.341962977  -412.227504313
   304.000  -412.473995020  -412.356141720  -412.275114203  -412.356141720  -412.227753851
   304.500  -412.475301801  -412.365340410  -412.285022481  -412.365340410  -412.227918950
   305.000  -412.468834949  -412.367022436  -412.287529366  -412.367022436  -412.228007423
   305.500  -412.453779771  -412.360175055  -412.281556036  -412.360175055  -412.227930695
   306.000  -412.432221583  -412.346695954  -412.268929673  -412.346695954  -412.227521589
   306.500  -412.410978914  -412.333237083  -412.256237325  -412.333237083  -412.226965127
   307.000  -412.398228417  -412.327837440  -412.251460462  -412.327837440  -412.226912802
   307.500  -412.394858996  -412.331278438  -412.255328627  -412.331278438  -412.227400558
   308.000  -412.394037794  -412.336645647  -412.260889928  -412.336645647  -412.227764727
   308.500  -412.389924700  -412.338041292  -412.262240975  -412.338041292  -412.227778128
   309.000  -412.381532221  -412.334446804  -412.258395082  -412.334446804  -412.227646228
   309.500  -412.370381334  -412.327378968  -412.250927986  -412.327378968  -412.227536220
   310.000  -412.358069330  -412.318452355  -412.241519939  -412.318452355  -412.227471413
   310.500  -412.345764090  -412.308863297  -412.231419102  -412.308863297  -412.227409179
   311.000  -412.334699214  -412.299870993  -412.221916032  -412.299870993  -412.227330603
   311.500  -412.326368998  -412.292980816  -412.214535502  -412.292980816  -412.227275090
   312.000  -412.321989184  -412.289397102  -412.210510560  -412.289397102  -412.227258465
   312.500  -412.322290555  -412.289812853  -412.210586374  -412.289812853  -412.227219629
   313.000  -412.328146931  -412.295040110  -412.215641351  -412.295040110  -412.227192921
   313.500  -412.339868686  -412.305316620  -412.225965710  -412.305316620  -412.227371006
   314.000  -412.354701811  -412.317826029  -412.238755134  -412.317826029  -412.227776306
   314.500  -412.366803738  -412.326688746  -412.248090829  -412.326688746  -412.228107767
   315.000  -412.371705108  -412.327425188  -412.249411876  -412.327425188  -412.227991263
   315.500  -412.371619984  -412.322261482  -412.244841753  -412.322261482  -412.227390152
   316.000  -412.375210283  -412.319894121  -412.242968157  -412.319894121  -412.226986482
   316.500  -412.387927039  -412.325837992  -412.249194053  -412.325837992  -412.227313570
   317.000  -412.405156944  -412.335582819  -412.258894139  -412.335582819  -412.227783362
   317.500  -412.419619310  -412.341994414  -412.264830220  -412.341994414  -412.227861756
   318.000  -412.429085391  -412.343028010  -412.264884092  -412.343028010  -412.227679978
   318.500  -412.435377099  -412.340718846  -412.261058823  -412.340718846  -412.227487011
   319.000  -412.440894305  -412.337701764  -412.256003039  -412.337701764  -412.227382730
   319.500  -412.446942243  -412.335531234  -412.251333406  -412.335531234  -412.227363098
   320.000  -412.453653476  -412.334588935  -412.247539747  -412.334588935  -412.227386234
   320.500  -412.460620060  -412.334658533  -412.244573757  -412.334658533  -412.227407552
   321.000  -412.467771178  -412.335497263  -412.242660909  -412.335497263  -412.227508872
   321.500  -412.476068180  -412.333448749  -412.246869936  -412.333448749  -412.226039976
   322.000  -412.482930491  -412.337685944  -412.253427600  -412.337685944  -412.226803602
   322.500  -412.488332647  -412.345058482  -412.257473208  -412.345058482  -412.226957333
   323.000  -412.489406619  -412.352888630  -412.257510316  -412.352888630  -412.227801182
   323.500  -412.484605094  -412.355026876  -412.256962805  -412.355026876  -412.227440812
   324.000  -412.474900102  -412.351880513  -412.253655780  -412.351880513  -412.227312342
   324.500  -412.462661555  -412.346633805  -412.248872248  -412.346633805  -412.226960102
   325.000  -412.453543258  -412.344888348  -412.247950699  -412.344888348  -412.226687556
   325.500  -412.451004267  -412.349947189  -412.254103676  -412.349947189  -412.227077559
   326.000  -412.449291353  -412.355897468  -412.261315712  -412.355897468  -412.227575247
   326.500  -412.440589216  -412.354770518  -412.261484258  -412.354770518  -412.227563695
   327.000  -412.423860022  -412.345376643  -412.253284763  -412.345376643  -412.227229250
   327.500  -412.403267968  -412.331731157  -412.240621607  -412.331731157  -412.226894717
   328.000  -412.383599041  -412.318481850  -412.228073057  -412.318481850  -412.226683576
   328.500  -412.368086164  -412.308747238  -412.218740321  -412.308747238  -412.226597507
   329.000  -412.358134071  -412.303852429  -412.213988343  -412.303852429  -412.226608341
   329.500  -412.353652928  -412.303669378  -412.213779020  -412.303669378  -412.226688017
   330.000  -412.353496480  -412.307053142  -412.217088655  -412.307053142  -412.226804549
   330.500  -412.355999413  -412.312373029  -412.222405145  -412.312373029  -412.226914020
   331.000  -412.359703092  -412.318224810  -412.228409411  -412.318224810  -412.226968342
   331.500  -412.364053604  -412.324116023  -412.234632994  -412.324116023  -412.226974467
   332.000  -412.369193644  -412.330244616  -412.241235157  -412.330244616  -412.227064938
   332.500  -412.374071796  -412.335598989  -412.247132245  -412.335598989  -412.227366964
   333.000  -412.375061392  -412.336572396  -412.248655320  -412.336572396  -412.227614630
   333.500  -412.370010045  -412.331014968  -412.243620024  -412.331014968  -412.227243540
   334.000  -412.365249085  -412.325252292  -412.238330704  -412.325252292  -412.226483933
   334.500  -412.371235957  -412.329744168  -412.243221862  -412.329744168  -412.226515582
   335.000  -412.387183698  -412.343726869  -412.257506090  -412.343726869  -412.227310636
   335.500  -412.401307559  -412.355459278  -412.269441153  -412.355459278  -412.227766224
   336.000  -412.405508251  -412.356886948  -412.271010822  -412.356886948  -412.227627491
   336.500  -412.400318453  -412.348559902  -412.262838079  -412.348559902  -412.227257867
   337.000  -412.390424075  -412.335167821  -412.249672965  -412.335167821  -412.226928590
   337.500  -412.380453118  -412.321372506  -412.236184292  -412.321372506  -412.226719957
   338.000  -412.373462055  -412.310292771  -412.225465002  -412.310292771  -412.226621134
   338.500  -412.370933451  -412.303479920  -412.219038085  -412.303479920  -412.226596851
   339.000  -412.373236920  -412.301371351  -412.217321367  -412.301371351  -412.226613317
   339.500  -412.380109438  -412.303771359  -412.220111258  -412.303771359  -412.226652674
   340.000  -412.390901702  -412.310098966  -412.226830936  -412.310098966  -412.226731830
   340.500  -412.404317736  -412.319129065  -412.236266988  -412.319129065  -412.226907954
   341.000  -412.417638190  -412.328216671  -412.245783556  -412.328216671  -412.227226199
   341.500  -412.426270289  -412.332844881  -412.250856188  -412.332844881  -412.227603265
   342.000  -412.425306159  -412.328177041  -412.246614260  -412.328177041  -412.227732982
   342.500  -412.414170285  -412.313696497  -412.232482577  -412.313696497  -412.227243223
   343.000  -412.401288007  -412.297872946  -412.216860698  -412.297872946  -412.226393684
   343.500  -412.399191133  -412.293275271  -412.212247564  -412.293275271  -412.226256371
   344.000  -412.410104592  -412.302167357  -412.220843859  -412.302167357  -412.226898086
   344.500  -412.424870166  -412.315433649  -412.233501657  -412.315433649  -412.227335856
   345.000  -412.435770987  -412.325397189  -412.242579706  -412.325397189  -412.227381429
   345.500  -412.440630148  -412.329909226  -412.246036718  -412.329909226  -412.227308516
   346.000  -412.439721131  -412.329252469  -412.244292501  -412.329252469  -412.227195005
   346.500  -412.434325636  -412.324697652  -412.238730793  -412.324697652  -412.227042727
   347.000  -412.426481761  -412.318255013  -412.231418613  -412.318255013  -412.226889505
   347.500  -412.418401374  -412.312096265  -412.224526234  -412.312096265  -412.226769056
   348.000  -412.411935178  -412.308023288  -412.219815734  -412.308023288  -412.226685194
   348.500  -412.408447647  -412.307345594  -412.218545421  -412.307345594  -412.226630235
   349.000  -412.408859230  -412.310924689  -412.221535919  -412.310924689  -412.226618458
   349.500  -412.413381993  -412.318913008  -412.228917378  -412.318913008  -412.226704684
   350.000  -412.420740943  -412.329970625  -412.239348207  -412.329970625  -412.226951210
   350.500  -412.427438237  -412.340489527  -412.249255136  -412.340489527  -412.227344869
   351.000  -412.429108231  -412.344511249  -412.253710030  -412.344511249  -412.228568072
   351.500  -412.421347932  -412.339451878  -412.250595397  -412.339451878  -412.229377614
   352.000  -412.407973734  -412.330077663  -412.242623840  -412.330077663  -412.228769943
   352.500  -412.398860723  -412.325217147  -412.239049644  -412.325217147  -412.228572283
   353.000  -412.397221247  -412.327999121  -412.242827480  -412.327999121  -412.229047665
   353.500  -412.396729589  -412.332043302  -412.247350224  -412.332043302  -412.229388943
   354.000  -412.392015787  -412.331886356  -412.246994696  -412.331886356  -412.229296329
   354.500  -412.383803662  -412.328108523  -412.242311519  -412.328108523  -412.229009058
   355.000  -412.375911493  -412.324358100  -412.237046912  -412.324358100  -412.228831935
   355.500  -412.370760171  -412.322889413  -412.233667427  -412.322889413  -412.228884874
   356.000  -412.367562828  -412.322781753  -412.231533950  -412.322781753  -412.229008086
   356.500  -412.364421571  -412.322030212  -412.228956623  -412.322030212  -412.229020850
   357.000  -412.360934386  -412.320134935  -412.225740121  -412.320134935  -412.228908408
   357.500  -412.358603127  -412.318494179  -412.223534768  -412.318494179  -412.228748809
   358.000  -412.359752583  -412.319319120  -412.224705354  -412.319319120  -412.228630601
   358.500  -412.366183392  -412.324280838  -412.230959195  -412.324280838  -412.228630775
   359.000  -412.377969951  -412.333316927  -412.242134663  -412.333316927  -412.228800634
   359.500  -412.392786719  -412.343965040  -412.255574008  -412.343965040  -412.229100308
   360.000  -412.406616984  -412.352106911  -412.266893040  -412.352106911  -412.229339233
   360.500  -412.416679582  -412.354932435  -412.273018329  -412.354932435  -412.229216221
   361.000  -412.425359308  -412.354917569  -412.276208013  -412.354917569  -412.228759870
   361.500  -412.438926437  -412.358573370  -412.282826660  -412.358573370  -412.228663584
   362.000  -412.458167195  -412.367076843  -412.293957874  -412.367076843  -412.229181403
   362.500  -412.475258943  -412.373115241  -412.302230390  -412.373115241  -412.229591937
   363.000  -412.483113832  -412.370168399  -412.301098193  -412.370168399  -412.229542073
   363.500  -412.481007502  -412.358065723  -412.290387239  -412.358065723  -412.229286424
   364.000  -412.471893725  -412.340244504  -412.273524720  -412.340244504  -412.229037797
   364.500  -412.459403765  -412.320721261  -412.254485874  -412.320721261  -412.228777324
   365.000  -412.447628486  -412.303852348  -412.237581148  -412.303852348  -412.228504371
   365.500  -412.440708206  -412.293888795  -412.227103697  -412.293888795  -412.228390788
   366.000  -412.440433579  -412.292555017  -412.224978492  -412.292555017  -412.228519703
   366.500  -412.445064365  -412.297952788  -412.229567386  -412.297952788  -412.228725404
   367.000  -412.451485902  -412.306801801  -412.237779037  -412.306801801  -412.228851569
   367.500  -412.457499243  -412.316737227  -412.247314497  -412.316737227  -412.228921120
   368.000  -412.461805588  -412.326260414  -412.256643788  -412.326260414  -412.229016771
   368.500  -412.462968279  -412.333696548  -412.264001183  -412.333696548  -412.229163944
   369.000  -412.459097300  -412.336891015  -412.267124895  -412.336891015  -412.229294212
   369.500  -412.448921834  -412.334302616  -412.264383149  -412.334302616  -412.229238365
   370.000  -412.434196617  -412.327424187  -412.257215332  -412.327424187  -412.228861774
   370.500  -412.421094231  -412.322184826  -412.251524668  -412.322184826  -412.228440169
   371.000  -412.415859750  -412.324611356  -412.253317161  -412.324611356  -412.228517508
   371.500  -412.417592778  -412.333618444  -412.261465819  -412.333618444  -412.228989907
   372.000  -412.419539592  -412.342307211  -412.269022634  -412.342307211  -412.229300257
   372.500  -412.416649642  -412.345522914  -412.270794878  -412.345522914  -412.229291419
   373.000  -412.408429371  -412.342701726  -412.266213343  -412.342701726  -412.229132848
   373.500  -412.396896169  -412.335816213  -412.257280629  -412.335816213  -412.228997541
   374.000  -412.384079148  -412.326860926  -412.246064670  -412.326860926  -412.228942444
   374.500  -412.371148934  -412.316970576  -412.233810296  -412.316970576  -412.228881119
   375.000  -412.359548485  -412.307541540  -412.222046534  -412.307541540  -412.228688948
   375.500  -412.352466858  -412.301711651  -412.214032569  -412.301711651  -412.228436163
   376.000  -412.353607347  -412.303146171  -412.213510759  -412.303146171  -412.228393492
   376.500  -412.363463758  -412.312339184  -412.220983751  -412.312339184  -412.228662164
   377.000  -412.377980951  -412.325282652  -412.232385603  -412.325282652  -412.229029573
   377.500  -412.391447819  -412.336355990  -412.241985806  -412.336355990  -412.229287445
   378.000  -412.399655876  -412.341467333  -412.245565132  -412.341467333  -412.229383666
   378.500  -412.401023044  -412.339168261  -412.241559978  -412.339168261  -412.229287803
   379.000  -412.397172295  -412.331218185  -412.231659897  -412.331218185  -412.228947531
   379.500  -412.393303314  -412.322951862  -412.221186397  -412.322951862  -412.228523591
   380.000  -412.395473098  -412.320550654  -412.216366772  -412.320550654  -412.228422567
   380.500  -412.405053713  -412.325500645  -412.218777388  -412.325500645  -412.228712502
   381.000  -412.417823246  -412.333679835  -412.224419372  -412.333679835  -412.229009460
   381.500  -412.429025465  -412.340421140  -412.228768944  -412.340421140  -412.229096438
   382.000  -412.436721875  -412.343866817  -412.230117088  -412.343866817  -412.229045782
   382.500  -412.441130952  -412.344327441  -412.228909706  -412.344327441  -412.228967604
   383.000  -412.442959037  -412.342749985  -412.226185878  -412.342749985  -412.228882256
   383.500  -412.442134659  -412.340142461  -412.222952147  -412.340142461  -412.229151060
   384.000  -412.440139576  -412.335553665  -412.218842748  -412.335553665  -412.229105834
   384.500  -412.436487401  -412.329190612  -412.213661705  -412.329190612  -412.229081006
   385.000  -412.431641956  -412.321912104  -412.208023385  -412.321912104  -412.228949651
   385.500  -412.427933488  -412.316136746  -412.204221241  -412.316136746  -412.228728529
   386.000  -412.428787291  -412.315333115  -412.205624571  -412.315333115  -412.228632301
   386.500  -412.435527633  -412.320870573  -412.213533636  -412.320870573  -412.228860777
   387.000  -412.444740206  -412.329392685  -412.224564617  -412.329392685  -412.229269067
   387.500  -412.450393183  -412.334929330  -412.232749999  -412.334929330  -412.229505820
   388.000  -412.448917572  -412.333961569  -412.234574507  -412.333961569  -412.229356622
   388.500  -412.442359939  -412.328563964  -412.232094626  -412.328563964  -412.228922661
   389.000  -412.436701287  -412.324724422  -412.231245767  -412.324724422  -412.228651788
   389.500  -412.435645742  -412.326135960  -412.235624632  -412.326135960  -412.228821074
   390.000  -412.437009832  -412.330562864  -412.242880107  -412.330562864  -412.229124788
   390.500  -412.436743501  -412.333550666  -412.248736272  -412.333550666  -412.229417850
   391.000  -412.433490780  -412.332846529  -412.252215022  -412.332846529  -412.228964748
   391.500  -412.426688881  -412.330718657  -412.253524868  -412.330718657  -412.228906903
   392.000  -412.418356448  -412.327790423  -412.253493506  -412.327790423  -412.228837614
   392.500  -412.409823937  -412.325134038  -412.253074891  -412.325134038  -412.228781521
   393.000  -412.402161574  -412.323684261  -412.253117429  -412.323684261  -412.228734801
   393.500  -412.396275962  -412.324217854  -412.254350343  -412.324217854  -412.228728985
   394.000  -412.392459023  -412.326883221  -412.256908203  -412.326883221  -412.228814326
   394.500  -412.389716237  -412.330519185  -412.259642162  -412.330519185  -412.228993927
   395.000  -412.385834397  -412.332712163  -412.260193583  -412.332712163  -412.229173055
   395.500  -412.378781916  -412.331203817  -412.256412666  -412.331203817  -412.229219731
   396.000  -412.368530713  -412.325734695  -412.248226898  -412.325734695  -412.229114200
   396.500  -412.357211829  -412.318240394  -412.237839824  -412.318240394  -412.228992581
   397.000  -412.347283884  -412.311053381  -412.227907975  -412.311053381  -412.228879581
   397.500  -412.341140996  -412.306512891  -412.221092017  -412.306512891  -412.228630104
   398.000  -412.342444971  -412.308261100  -412.221294501  -412.308261100  -412.228461158
   398.500  -412.353091485  -412.318165557  -412.230527560  -412.318165557  -412.228725599
   399.000  -412.369123694  -412.332217067  -412.244774169  -412.332217067  -412.229118571
   399.500  -412.384622399  -412.344432696  -412.257901056  -412.344432696  -412.229245064
   400.000  -412.397092535  -412.352269089  -412.267120572  -412.352269089  -412.229159934
   400.500  -412.407178890  -412.356368187  -412.272793177  -412.356368187  -412.229046442
   401.000  -412.416178652  -412.358093627  -412.276021163  -412.358093627  -412.228975612
   401.500  -412.424872551  -412.358373429  -412.277532767  -412.358373429  -412.228927903
   402.000  -412.433682232  -412.357854076  -412.277854891  -412.357854076  -412.228868509
   402.500  -412.443141769  -412.357348795  -412.277767411  -412.357348795  -412.228794105
   403.000  -412.453928697  -412.357849788  -412.278293228  -412.357849788  -412.228749299
   403.500  -412.466264635  -412.359908403  -412.280062548  -412.359908403  -412.228789271
   404.000  -412.479161528  -412.362873400  -412.282526147  -412.362873400  -412.228931266
   404.500  -412.490219483  -412.364672959  -412.283730280  -412.364672959  -412.229141298
   405.000  -412.496162372  -412.362327857  -412.280823830  -412.362327857  -412.229361951
   405.500  -412.493838106  -412.352903447  -412.271041499  -412.352903447  -412.229511965
   406.000  -412.481677967  -412.334883779  -412.253179320  -412.334883779  -412.229472414
   406.500  -412.461856370  -412.309931544  -412.230106009  -412.309931544  -412.229294994
   407.000  -412.441366041  -412.289986702  -412.208953402  -412.289986702  -412.229205349
   407.500  -412.431014944  -412.282375095  -412.200489574  -412.282375095  -412.228833215
   408.000  -412.435780601  -412.290808788  -412.209365759  -412.290808788  -412.229289475
   408.500  -412.448810232  -412.308479272  -412.228360040  -412.308479272  -412.229994060
   409.000  -412.459154075  -412.324385414  -412.246232156  -412.324385414  -412.230274712
   409.500  -412.461387583  -412.333003932  -412.257240879  -412.333003932  -412.230168477
   410.000  -412.456073277  -412.334763412  -412.261604227  -412.334763412  -412.229953528
   410.500  -412.446004553  -412.332297126  -412.261756351  -412.332297126  -412.229780196
   411.000  -412.433769810  -412.328019957  -412.259931108  -412.328019957  -412.229674349
   411.500  -412.421140518  -412.323530851  -412.257570619  -412.323530851  -412.229610728
   412.000  -412.409329797  -412.319881372  -412.255598362  -412.319881372  -412.229554069
   412.500  -412.399446123  -412.318037472  -412.254879880  -412.318037472  -412.229487517
   413.000  -412.392685898  -412.319074334  -412.256414684  -412.319074334  -412.229435824
   413.500  -412.389941517  -412.323778945  -412.260938817  -412.323778945  -412.229459072
   414.000  -412.390944384  -412.331781184  -412.268065051  -412.331781184  -412.229605515
   414.500  -412.393604568  -412.340883478  -412.275624694  -412.340883478  -412.229868456
   415.000  -412.394193368  -412.347236059  -412.279863966  -412.347236059  -412.230169343
   415.500  -412.388641862  -412.346641483  -412.276761321  -412.346641483  -412.230337784
   416.000  -412.375180713  -412.337206130  -412.264686554  -412.337206130  -412.230136330
   416.500  -412.357532110  -412.322548535  -412.247587866  -412.322548535  -412.229558079
   417.000  -412.344353585  -412.311252496  -412.234374998  -412.311252496  -412.229136339
   417.500  -412.341754586  -412.309377376  -412.231334488  -412.309377376  -412.229297466
   418.000  -412.347641979  -412.314788816  -412.236390806  -412.314788816  -412.229699763
   418.500  -412.356029041  -412.321453390  -412.243418846  -412.321453390  -412.229913615
   419.000  -412.363212152  -412.325613636  -412.248483237  -412.325613636  -412.229898694
   419.500  -412.368879657  -412.326909084  -412.251016911  -412.326909084  -412.229785965
   420.000  -412.374386740  -412.326675521  -412.252149196  -412.326675521  -412.229678664
   420.500  -412.381159491  -412.326382551  -412.253162293  -412.326382551  -412.229612784
   421.000  -412.390040098  -412.327001844  -412.254877974  -412.327001844  -412.229579873
   421.500  -412.401320324  -412.329047028  -412.257713827  -412.329047028  -412.229560553
   422.000  -412.415003868  -412.332814318  -412.261933535  -412.332814318  -412.229547176
   422.500  -412.430915850  -412.338460596  -412.267713305  -412.338460596  -412.229557498
   423.000  -412.448463391  -412.345736672  -412.274860232  -412.345736672  -412.229627134
   423.500  -412.466173190  -412.353505315  -412.282314208  -412.353505315  -412.229773487
   424.000  -412.481521143  -412.359561794  -412.287957644  -412.359561794  -412.229948281
   424.500  -412.491709236  -412.361402426  -412.289372428  -412.361402426  -412.230028774
   425.000  -412.495436605  -412.357986855  -412.285596081  -412.357986855  -412.229907830
   425.500  -412.494263251  -412.351113200  -412.278458071  -412.351113200  -412.229665602
   426.000  -412.491365441  -412.344225595  -412.271295995  -412.344225595  -412.229528658
   426.500  -412.488476975  -412.339413343  -412.265848020  -412.339413343  -412.229546236
   427.000  -412.485220053  -412.336617794  -412.261617151  -412.336617794  -412.229586372
   427.500  -412.481046122  -412.335229627  -412.257993969  -412.335229627  -412.229607631
   428.000  -412.476091889  -412.334835730  -412.255226428  -412.334835730  -412.229629395
   428.500  -412.470546614  -412.335034240  -412.253659949  -412.335034240  -412.229649595
   429.000  -412.464372411  -412.335454827  -412.253262166  -412.335454827  -412.229653407
   429.500  -412.457599086  -412.335947714  -412.253782885  -412.335947714  -412.229642323
   430.000  -412.450474703  -412.336593458  -412.255008661  -412.336593458  -412.229626149
   430.500  -412.443353347  -412.337562170  -412.256807534  -412.337562170  -412.229616050
   431.000  -412.436516213  -412.338945541  -412.259022458  -412.338945541  -412.229620032
   431.500  -412.430031735  -412.340632215  -412.261345049  -412.340632215  -412.229641933
   432.000  -412.423688472  -412.342250749  -412.263249943  -412.342250749  -412.229680282
   432.500  -412.417015443  -412.343195327  -412.264012347  -412.343195327  -412.229726757
   433.000  -412.409422247  -412.342765558  -412.262846506  -412.342765558  -412.229759347
   433.500  -412.400536073  -412.340500233  -412.259243041  -412.340500233  -412.229744212
   434.000  -412.390659780  -412.336629906  -412.253430903  -412.336629906  -412.229677166
   434.500  -412.380755374  -412.332056404  -412.246366846  -412.332056404  -412.229635540
   435.000  -412.371382999  -412.327287506  -412.238678997  -412.327287506  -412.229702725
   435.500  -412.361678430  -412.321412313  -412.229643028  -412.321412313  -412.229815680
   436.000  -412.350260959  -412.313006367  -412.218081400  -412.313006367  -412.229815347
   436.500  -412.337379379  -412.302276531  -412.204487742  -412.302276531  -412.229642925
   437.000  -412.325710206  -412.291856988  -412.191788571  -412.291856988  -412.229402545
   437.500  -412.318865644  -412.285315251  -412.183801000  -412.285315251  -412.229261409
   438.000  -412.319015367  -412.284771425  -412.182803232  -412.284771425  -412.229294538
   438.500  -412.325800330  -412.289810375  -412.188408400  -412.289810375  -412.229432344
   439.000  -412.337265499  -412.298413886  -412.198486553  -412.298413886  -412.229563480
   439.500  -412.351431838  -412.308540916  -412.210759200  -412.308540916  -412.229641037
   440.000  -412.367032438  -412.318879309  -412.223595104  -412.318879309  -412.229681212
   440.500  -412.383321978  -412.328681023  -412.235901713  -412.328681023  -412.229715744
   441.000  -412.399623864  -412.337333203  -412.246758989  -412.337333203  -412.229758132
   441.500  -412.415135930  -412.344177144  -412.255289077  -412.344177144  -412.229791687
   442.000  -412.429194446  -412.348767332  -412.260943749  -412.348767332  -412.229774762
   442.500  -412.441878976  -412.351455209  -412.264092512  -412.351455209  -412.229681870
   443.000  -412.454298197  -412.353649518  -412.266264576  -412.353649518  -412.229577391
   443.500  -412.467602425  -412.356807369  -412.269109375  -412.356807369  -412.229597137
   444.000  -412.481141272  -412.360581522  -412.272504917  -412.360581522  -412.229771591
   444.500  -412.492112467  -412.362464007  -412.274166581  -412.362464007  -412.229960324
   445.000  -412.497499830  -412.359718551  -412.271549452  -412.359718551  -412.230029459
   445.500  -412.496037466  -412.351331850  -412.263779959  -412.351331850  -412.229963508
   446.000  -412.488581927  -412.338372125  -412.251994332  -412.338372125  -412.229809460
   446.500  -412.477513766  -412.323376338  -412.238720631  -412.323376338  -412.229603131
   447.000  -412.466136832  -412.309742565  -412.227277488  -412.309742565  -412.229379085
   447.500  -412.457972979  -412.301026206  -412.221097998  -412.301026206  -412.229232300
   448.000  -412.455260746  -412.299450292  -412.222276897  -412.299450292  -412.229274001
   448.500  -412.457419337  -412.304384120  -412.230073230  -412.304384120  -412.229473598
   449.000  -412.461509175  -412.312811184  -412.241376857  -412.312811184  -412.229676058
   449.500  -412.464416635  -412.321510520  -412.252865775  -412.321510520  -412.229787939
   450.000  -412.464316820  -412.328512300  -412.262454614  -412.328512300  -412.229828760
   450.500  -412.460560966  -412.332979993  -412.269175415  -412.332979993  -412.229847578
   451.000  -412.453070711  -412.334603461  -412.272592757  -412.334603461  -412.229845640
   451.500  -412.442337179  -412.333602499  -412.272821970  -412.333602499  -412.229769785
   452.000  -412.430098236  -412.331413118  -412.271234110  -412.331413118  -412.229595256
   452.500  -412.419424691  -412.330789400  -412.270555371  -412.330789400  -412.229457746
   453.000  -412.412623850  -412.333724488  -412.272786609  -412.333724488  -412.229555829
   453.500  -412.408570960  -412.338804127  -412.276544792  -412.338804127  -412.229830385
   454.000  -412.403581950  -412.342094196  -412.277965981  -412.342094196  -412.230014542
   454.500  -412.395060111  -412.340805287  -412.274382575  -412.340805287  -412.229996471
   455.000  -412.383219885  -412.335024466  -412.266068283  -412.335024466  -412.229874668
   455.500  -412.369853874  -412.326481125  -412.254992848  -412.326481125  -412.229778235
   456.000  -412.356529413  -412.316728316  -412.242975684  -412.316728316  -412.229737654
   456.500  -412.344144431  -412.306672628  -412.231185509  -412.306672628  -412.229679275
   457.000  -412.333959072  -412.297578471  -412.221115675  -412.297578471  -412.229516593
   457.500  -412.328710727  -412.292167335  -412.215637775  -412.292167335  -412.229291867
   458.000  -412.331827132  -412.293829441  -412.218165157  -412.293829441  -412.229210914
   458.500  -412.344444387  -412.303666070  -412.229636422  -412.303666070  -412.229413474
   459.000  -412.363477471  -412.318597097  -412.246637689  -412.318597097  -412.229765104
   459.500  -412.383420133  -412.333198251  -412.263323172  -412.333198251  -412.230048880
   460.000  -412.399497481  -412.342874140  -412.274704733  -412.342874140  -412.230176796
   460.500  -412.409275622  -412.345457046  -412.278340148  -412.345457046  -412.230122078
   461.000  -412.413247654  -412.341763365  -412.274915072  -412.341763365  -412.229857846
   461.500  -412.415025055  -412.335732804  -412.268382771  -412.335732804  -412.229519166
   462.000  -412.419080291  -412.332131089  -412.263625639  -412.332131089  -412.229450123
   462.500  -412.426159317  -412.331930117  -412.261805904  -412.331930117  -412.229700362
   463.000  -412.432700372  -412.331729053  -412.259745682  -412.331729053  -412.229904709
   463.500  -412.435619394  -412.328547834  -412.254712650  -412.328547834  -412.229863230
   464.000  -412.435209522  -412.322751089  -412.247316588  -412.322751089  -412.229697842
   464.500  -412.433701350  -412.316630018  -412.240062491  -412.316630018  -412.229566037
   465.000  -412.432956960  -412.312150861  -412.234977708  -412.312150861  -412.229521005
   465.500  -412.433549786  -412.310073354  -412.232598864  -412.310073354  -412.229545752
   466.000  -412.434987998  -412.310107445  -412.232237068  -412.310107445  -412.229616012
   466.500  -412.436373201  -412.311359754  -412.232896053  -412.311359754  -412.229675520
   467.000  -412.437319517  -412.313219763  -412.234278545  -412.313219763  -412.229636348
   467.500  -412.438897418  -412.316527709  -412.237573852  -412.316527709  -412.229487319
   468.000  -412.443491109  -412.323533059  -412.245143110  -412.323533059  -412.229393378
   468.500  -412.452376453  -412.335431916  -412.258071065  -412.335431916  -412.229562984
   469.000  -412.462927492  -412.349553453  -412.273524369  -412.349553453  -412.229940471
   469.500  -412.469487551  -412.360212560  -412.285713285  -412.360212560  -412.230235163
   470.000  -412.467538947  -412.362859791  -412.290037932  -412.362859791  -412.230221501
   470.500  -412.457092559  -412.357458938  -412.286433549  -412.357458938  -412.229897487
   471.000  -412.442687870  -412.348486574  -412.279344631  -412.348486574  -412.229532830
   471.500  -412.429498426  -412.341047215  -412.273824770  -412.341047215  -412.229451852
   472.000  -412.418901814  -412.336450273  -412.271102429  -412.336450273  -412.229614114
   472.500  -412.408834578  -412.332560565  -412.268932202  -412.332560565  -412.229745775
   473.000  -412.397391804  -412.327387058  -412.265197669  -412.327387058  -412.229746163
   473.500  -412.384464607  -412.320711775  -412.259564783  -412.320711775  -412.229675927
   474.000  -412.371081720  -412.313433239  -412.252844679  -412.313433239  -412.229596456
   474.500  -412.358519403  -412.306686945  -412.246127763  -412.306686945  -412.229534478
   475.000  -412.347840452  -412.301400417  -412.240341597  -412.301400417  -412.229505530
   475.500  -412.339627656  -412.298041337  -412.235998569  -412.298041337  -412.229521240
   476.000  -412.333809653  -412.296451490  -412.233022672  -412.296451490  -412.229580076
   476.500  -412.329721433  -412.295905035  -412.230801767  -412.295905035  -412.229650850
   477.000  -412.326621041  -412.295613657  -412.228687995  -412.295613657  -412.229668196
   477.500  -412.324638737  -412.295663066  -412.226928669  -412.295663066  -412.229585820
   478.000  -412.325294509  -412.297523956  -412.227165384  -412.297523956  -412.229492243
   478.500  -412.330072113  -412.302631110  -412.230987905  -412.302631110  -412.229593535
   479.000  -412.337640454  -412.309614411  -412.237134133  -412.309614411  -412.229903088
   479.500  -412.343908059  -412.314354730  -412.241527592  -412.314354730  -412.230091630
   480.000  -412.346615966  -412.314566960  -412.241863375  -412.314566960  -412.229880065
   480.500  -412.349011371  -412.313464913  -412.241285207  -412.313464913  -412.229481247
   481.000  -412.356699403  -412.316617955  -412.245248588  -412.316617955  -412.229386824
   481.500  -412.370928707  -412.325254372  -412.254832861  -412.325254372  -412.229653945
   482.000  -412.387640405  -412.335332518  -412.265830145  -412.335332518  -412.229929404
   482.500  -412.402259148  -412.342346777  -412.273579207  -412.342346777  -412.230012207
   483.000  -412.412893244  -412.344534163  -412.276192350  -412.344534163  -412.229937493
   483.500  -412.420129120  -412.342667653  -412.274360462  -412.342667653  -412.229798022
   484.000  -412.425693372  -412.338714365  -412.270013232  -412.338714365  -412.229660417
   484.500  -412.431389133  -412.334761237  -412.265248169  -412.334761237  -412.229557981
   485.000  -412.438514563  -412.332422351  -412.261733564  -412.332422351  -412.229505569
   485.500  -412.447602448  -412.332560226  -412.260430111  -412.332560226  -412.229510370
   486.000  -412.458305040  -412.335151298  -412.261449352  -412.335151298  -412.229578195
   486.500  -412.469347225  -412.339216440  -412.263975683  -412.339216440  -412.229706918
   487.000  -412.478639741  -412.342914891  -412.266339609  -412.342914891  -412.229866168
   487.500  -412.483830763  -412.344091009  -412.266518358  -412.344091009  -412.229974649
   488.000  -412.483535226  -412.341525110  -412.263304633  -412.341525110  -412.229926024
   488.500  -412.478776149  -412.336382677  -412.257715616  -412.336382677  -412.229704714
   489.000  -412.473119372  -412.332259035  -412.253213803  -412.332259035  -412.229453000
   489.500  -412.470612782  -412.333033498  -412.253796726  -412.333033498  -412.229350012
   490.000  -412.472973008  -412.340135860  -412.261181556  -412.340135860  -412.229500742
   490.500  -412.477943941  -412.351033535  -412.273031123  -412.351033535  -412.229834825
   491.000  -412.480486439  -412.360465954  -412.284067326  -412.360465954  -412.230083451
   491.500  -412.476632077  -412.364279266  -412.289940586  -412.364279266  -412.230088496
   492.000  -412.465914811  -412.361824292  -412.289719465  -412.361824292  -412.229938594
   492.500  -412.450401527  -412.354964578  -412.284981873  -412.354964578  -412.229775705
   493.000  -412.432692598  -412.346071396  -412.277864416  -412.346071396  -412.229656044
   493.500  -412.414943116  -412.337051884  -412.270112760  -412.337051884  -412.229571247
   494.000  -412.398825024  -412.329323911  -412.263061420  -412.329323911  -412.229505872
   494.500  -412.385662181  -412.323969963  -412.257777844  -412.323969963  -412.229461912
   495.000  -412.376369889  -412.321695717  -412.255019740  -412.321695717  -412.229453159
   495.500  -412.371226408  -412.322619863  -412.255015150  -412.322619863  -412.229499595
   496.000  -412.369594611  -412.326002334  -412.257192556  -412.326002334  -412.229616018
   496.500  -412.369749881  -412.330069390  -412.259990207  -412.330069390  -412.229796488
   497.000  -412.369097246  -412.332213229  -412.261042326  -412.332213229  -412.229978672
   497.500  -412.365250539  -412.330048800  -412.258209943  -412.330048800  -412.230017640
   498.000  -412.358202297  -412.323562653  -412.251691375  -412.323562653  -412.229761352
   498.500  -412.352245557  -412.317024764  -412.245890397  -412.317024764  -412.229304546
   499.000  -412.354145367  -412.317169362  -412.247543914  -412.317169362  -412.229111528
   499.500  -412.366603517  -412.326684995  -412.259192172  -412.326684995  -412.229477459
   500.000  -412.384385163  -412.340370232  -412.275361353  -412.340370232  -412.230037327
