     0.000  -412.493382543  -412.317321134  -412.257518250  -412.257518250  -412.208568296
     0.500  -412.468091719  -412.290530307  -412.230192220  -412.230192220  -412.206093317
     1.000  -412.473542598  -412.294723703  -412.235062665  -412.235062665  -412.206266032
     1.500  -412.507229237  -412.327387430  -412.269807835  -412.269807835  -412.208846346
     2.000  -412.532659136  -412.352073861  -412.297588937  -412.297588937  -412.209455151
     2.500  -412.535602692  -412.354678870  -412.303718548  -412.303718548  -412.208780399
     3.000  -412.522648955  -412.341879228  -412.294465809  -412.294465809  -412.208058485
     3.500  -412.503682213  -412.323582384  -412.279518278  -412.279518278  -412.207560054
     4.000  -412.486105124  -412.307169658  -412.266160981  -412.266160981  -412.207308832
     4.500  -412.473776189  -412.296469854  -412.258202544  -412.258202544  -412.207281319
     5.000  -412.467206722  -412.291988522  -412.256163626  -412.256163626  -412.207364487
     5.500  -412.465070508  -412.292424386  -412.258767516  -412.258767516  -412.207455775
     6.000  -412.465747058  -412.296203558  -412.264443964  -412.264443964  -412.207520929
     6.500  -412.467991902  -412.302131284  -412.271969290  -412.271969290  -412.207551157
     7.000  -412.471165250  -412.309604573  -412.280675980  -412.280675980  -412.207548875
     7.500  -412.475208735  -412.318569981  -412.290425115  -412.290425115  -412.207549935
     8.000  -412.480129241  -412.329001713  -412.301093749  -412.301093749  -412.207629100
     8.500  -412.484898619  -412.339798133  -412.311492157  -412.311492157  -412.207902345
     9.000  -412.485857874  -412.347192678  -412.317801790  -412.317801790  -412.208485552
     9.500  -412.475621409  -412.343662093  -412.312536303  -412.312536303  -412.209194999
    10.000  -412.447374476  -412.322215398  -412.288922596  -412.288922596  -412.208837646
    10.500  -412.412163484  -412.293663203  -412.258259194  -412.258259194  -412.206430284
    11.000  -412.404732497  -412.292476118  -412.255643574  -412.255643574  -412.206030237
    11.500  -412.430014744  -412.323446773  -412.286054444  -412.286054444  -412.208640474
    12.000  -412.451922641  -412.350568977  -412.313025681  -412.313025681  -412.209541855
    12.500  -412.452040141  -412.355549317  -412.317717047  -412.317717047  -412.208930306
    13.000  -412.435450441  -412.343512864  -412.304942945  -412.304942945  -412.208164368
    13.500  -412.412356723  -412.324601645  -412.284802328  -412.284802328  -412.207595605
    14.000  -412.391037240  -412.306987844  -412.265595259  -412.265595259  -412.207256177
    14.500  -412.376433701  -412.295515091  -412.252391022  -412.252391022  -412.207172364
    15.000  -412.369607223  -412.291201657  -412.246444490  -412.246444490  -412.207288464
    15.500  -412.368615332  -412.292141215  -412.245999966  -412.245999966  -412.207451235
    16.000  -412.370782867  -412.295755178  -412.248506076  -412.248506076  -412.207534385
    16.500  -412.374571650  -412.300612602  -412.252489109  -412.252489109  -412.207520118
    17.000  -412.379952338  -412.306770350  -412.257941410  -412.257941410  -412.207457643
    17.500  -412.387729091  -412.315086889  -412.265663752  -412.265663752  -412.207409563
    18.000  -412.398577551  -412.326262994  -412.276316310  -412.276316310  -412.207444240
    18.500  -412.412006260  -412.339815597  -412.289383181  -412.289383181  -412.207654611
    19.000  -412.425019071  -412.352745288  -412.301845227  -412.301845227  -412.208171804
    19.500  -412.430597266  -412.358026622  -412.306671984  -412.306671984  -412.209010389
    20.000  -412.418887270  -412.345800108  -412.294029077  -412.294029077  -412.209411571
    20.500  -412.390089439  -412.316266491  -412.264190739  -412.264190739  -412.207593304
    21.000  -412.374567422  -412.299809429  -412.247642466  -412.247642466  -412.205546408
    21.500  -412.398888565  -412.323026900  -412.271024843  -412.271024843  -412.207744522
    22.000  -412.434425047  -412.357303059  -412.305634508  -412.305634508  -412.209540303
    22.500  -412.451021945  -412.372480722  -412.321188818  -412.321188818  -412.209138616
    23.000  -412.448678226  -412.368555712  -412.317595540  -412.317595540  -412.208353845
    23.500  -412.436762290  -412.354891793  -412.304155578  -412.304155578  -412.207863500
    24.000  -412.422236371  -412.338443150  -412.287757056  -412.287757056  -412.207568716
    24.500  -412.409596430  -412.323700013  -412.272811522  -412.272811522  -412.207360226
    25.000  -412.402010603  -412.313845956  -412.262415248  -412.262415248  -412.207266607
    25.500  -412.400872155  -412.310334808  -412.257941631  -412.257941631  -412.207308759
    26.000  -412.405508399  -412.312608108  -412.258774139  -412.258774139  -412.207409516
    26.500  -412.414241791  -412.319139317  -412.263367001  -412.263367001  -412.207476663
    27.000  -412.425751440  -412.328761303  -412.270582444  -412.270582444  -412.207488771
    27.500  -412.439498143  -412.341060266  -412.280081750  -412.280081750  -412.207487730
    28.000  -412.455177480  -412.355810051  -412.291754329  -412.291754329  -412.207550572
    28.500  -412.471618529  -412.371868409  -412.304598473  -412.304598473  -412.207786184
    29.000  -412.485256210  -412.385655514  -412.315195373  -412.315195373  -412.208334730
    29.500  -412.488548806  -412.389579656  -412.316134467  -412.316134467  -412.209185573
    30.000  -412.471647259  -412.373711603  -412.297716664  -412.297716664  -412.209468099
    30.500  -412.436891656  -412.340287497  -412.262471694  -412.262471694  -412.207341302
    31.000  -412.418732724  -412.323647073  -412.245058377  -412.245058377  -412.205347815
    31.500  -412.442977948  -412.349510536  -412.271347664  -412.271347664  -412.207804747
    32.000  -412.477389254  -412.385596515  -412.308898414  -412.308898414  -412.209576610
    32.500  -412.491409282  -412.401343593  -412.326825460  -412.326825460  -412.209219060
    33.000  -412.484483422  -412.396196828  -412.324266946  -412.324266946  -412.208491598
    33.500  -412.465320925  -412.378839955  -412.309659413  -412.309659413  -412.207975200
    34.000  -412.441315209  -412.356600805  -412.290162302  -412.290162302  -412.207616161
    34.500  -412.417982168  -412.334898588  -412.271097529  -412.271097529  -412.207351746
    35.000  -412.399457182  -412.317764345  -412.256456052  -412.256456052  -412.207204736
    35.500  -412.388079919  -412.307456168  -412.248488685  -412.248488685  -412.207192258
    36.000  -412.384139669  -412.304226467  -412.247441157  -412.247441157  -412.207262750
    36.500  -412.386598310  -412.307042886  -412.252252202  -412.252252202  -412.207342967
    37.000  -412.394164811  -412.314642660  -412.261603820  -412.261603820  -412.207405167
    37.500  -412.405772807  -412.325988847  -412.274387478  -412.274387478  -412.207474173
    38.000  -412.420298160  -412.339971913  -412.289422117  -412.289422117  -412.207604790
    38.500  -412.435798811  -412.354645883  -412.304709148  -412.304709148  -412.207879015
    39.000  -412.448390592  -412.366104518  -412.316335683  -412.316335683  -412.208408818
    39.500  -412.451048186  -412.367292052  -412.317315377  -412.317315377  -412.209161309
    40.000  -412.435577767  -412.349980944  -412.299613978  -412.299613978  -412.209246309
    40.500  -412.406973475  -412.319138948  -412.268542173  -412.268542173  -412.207045358
    41.000  -412.399479420  -412.309021831  -412.258749657  -412.258749657  -412.205561095
    41.500  -412.431728223  -412.338370794  -412.289104049  -412.289104049  -412.208187525
    42.000  -412.468496623  -412.372177474  -412.324326237  -412.324326237  -412.209665657
    42.500  -412.482893901  -412.383803847  -412.337409177  -412.337409177  -412.209114858
    43.000  -412.477326631  -412.375864087  -412.330747654  -412.330747654  -412.208298872
    43.500  -412.461714488  -412.358417592  -412.314326777  -412.314326777  -412.207775311
    44.000  -412.443303590  -412.338789473  -412.295480179  -412.295480179  -412.207484864
    44.500  -412.426317366  -412.321239354  -412.278499945  -412.278499945  -412.207325183
    45.000  -412.413113950  -412.308138074  -412.265777838  -412.265777838  -412.207258996
    45.500  -412.404682389  -412.300477125  -412.258305329  -412.258305329  -412.207275669
    46.000  -412.400809523  -412.298041219  -412.255852095  -412.255852095  -412.207346524
    46.500  -412.400488878  -412.299811106  -412.257384950  -412.257384950  -412.207426322
    47.000  -412.402588262  -412.304620220  -412.261733887  -412.261733887  -412.207478032
    47.500  -412.406414782  -412.311709548  -412.268154319  -412.268154319  -412.207493311
    48.000  -412.411856864  -412.320864834  -412.276463475  -412.276463475  -412.207514207
    48.500  -412.418747123  -412.331784784  -412.286400440  -412.286400440  -412.207668417
    49.000  -412.425032301  -412.342265185  -412.295798450  -412.295798450  -412.208153629
    49.500  -412.424333854  -412.345774291  -412.298155644  -412.298155644  -412.208992022
    50.000  -412.407082135  -412.332599534  -412.283799373  -412.283799373  -412.209318276
    50.500  -412.374656460  -412.303998602  -412.254071551  -412.254071551  -412.207386032
    51.000  -412.358309041  -412.291136094  -412.240266542  -412.240266542  -412.205575568
    51.500  -412.381304924  -412.317221884  -412.265672127  -412.265672127  -412.207867218
    52.000  -412.413459407  -412.352026976  -412.300008356  -412.300008356  -412.209486918
    52.500  -412.426819682  -412.367558567  -412.315180736  -412.315180736  -412.209024003
    53.000  -412.422561686  -412.364956500  -412.312271516  -412.312271516  -412.208215885
    53.500  -412.410470811  -412.353973370  -412.301021254  -412.301021254  -412.207701025
    54.000  -412.397711963  -412.341745361  -412.288579424  -412.288579424  -412.207441715
    54.500  -412.388072458  -412.332040769  -412.278731166  -412.278731166  -412.207338945
    55.000  -412.383041726  -412.326348059  -412.272976110  -412.272976110  -412.207349513
    55.500  -412.382430645  -412.324502815  -412.271150005  -412.271150005  -412.207433980
    56.000  -412.384996509  -412.325313034  -412.272050044  -412.272050044  -412.207520828
    56.500  -412.389496907  -412.327604722  -412.274482478  -412.274482478  -412.207539047
    57.000  -412.395694940  -412.331215814  -412.278259392  -412.278259392  -412.207479546
    57.500  -412.404451155  -412.337081059  -412.284283249  -412.284283249  -412.207423014
    58.000  -412.416538544  -412.346048413  -412.293357479  -412.293357479  -412.207498617
    58.500  -412.430789995  -412.357030979  -412.304338795  -412.304338795  -412.207817834
    59.000  -412.442566776  -412.365476854  -412.312617273  -412.312617273  -412.208457169
    59.500  -412.443137046  -412.362738934  -412.309515821  -412.309515821  -412.209306916
    60.000  -412.422988826  -412.339375015  -412.285624823  -412.285624823  -412.209344021
    60.500  -412.388097939  -412.301401919  -412.247087522  -412.247087522  -412.206946596
    61.000  -412.375385595  -412.285754766  -412.231032736  -412.231032736  -412.205503037
    61.500  -412.403310630  -412.310910826  -412.256054752  -412.256054752  -412.208131125
    62.000  -412.436579029  -412.341641290  -412.286869681  -412.286869681  -412.209448401
    62.500  -412.450286303  -412.353154229  -412.298565105  -412.298565105  -412.208872310
    63.000  -412.447393579  -412.348534813  -412.294136137  -412.294136137  -412.208144092
    63.500  -412.436743682  -412.336727186  -412.282471004  -412.282471004  -412.207742228
    64.000  -412.423995538  -412.323441724  -412.269249164  -412.269249164  -412.207547300
    64.500  -412.412226091  -412.311745641  -412.257522337  -412.257522337  -412.207406333
    65.000  -412.403785350  -412.303924288  -412.249574912  -412.249574912  -412.207278092
    65.500  -412.400751672  -412.301960631  -412.247408429  -412.247408429  -412.207217956
    66.000  -412.404134390  -412.306779456  -412.251969775  -412.251969775  -412.207266302
    66.500  -412.413264296  -412.317654093  -412.262557621  -412.262557621  -412.207392915
    67.000  -412.426210768  -412.332622468  -412.277222220  -412.277222220  -412.207537382
    67.500  -412.440694695  -412.349375973  -412.293652515  -412.293652515  -412.207663302
    68.000  -412.454693936  -412.365841557  -412.309762531  -412.309762531  -412.207795425
    68.500  -412.466149445  -412.379873995  -412.323396574  -412.323396574  -412.208048278
    69.000  -412.471459670  -412.387750139  -412.330836725  -412.330836725  -412.208589396
    69.500  -412.463642144  -412.382342690  -412.324996402  -412.324996402  -412.209350715
    70.000  -412.435093112  -412.355900670  -412.298227323  -412.298227323  -412.209203369
    70.500  -412.394933383  -412.317424905  -412.259709454  -412.259709454  -412.206626551
    71.000  -412.381976783  -412.305663631  -412.248377697  -412.248377697  -412.205583536
    71.500  -412.409568648  -412.333947295  -412.277564139  -412.277564139  -412.208380620
    72.000  -412.439690701  -412.364265858  -412.309049041  -412.309049041  -412.209502698
    72.500  -412.449820450  -412.374124892  -412.320124318  -412.320124318  -412.208884698
    73.000  -412.443879244  -412.367493095  -412.314655941  -412.314655941  -412.208207744
    73.500  -412.430143949  -412.352705075  -412.300969066  -412.300969066  -412.207857943
    74.000  -412.413526858  -412.334728703  -412.284070651  -412.284070651  -412.207690779
    74.500  -412.396711164  -412.316290651  -412.266736033  -412.266736033  -412.207534741
    75.000  -412.382370485  -412.300094081  -412.251700843  -412.251700843  -412.207320127
    75.500  -412.374008568  -412.289671241  -412.242494338  -412.242494338  -412.207115429
    76.000  -412.374780138  -412.288231954  -412.242285315  -412.242285315  -412.207076427
    76.500  -412.385204070  -412.296403433  -412.251633903  -412.251633903  -412.207260499
    77.000  -412.402396392  -412.311465600  -412.267746388  -412.267746388  -412.207525490
    77.500  -412.422087295  -412.329337554  -412.286476621  -412.286476621  -412.207718014
    78.000  -412.440903587  -412.346813962  -412.304567362  -412.304567362  -412.207865599
    78.500  -412.456219038  -412.361384694  -412.319465345  -412.319465345  -412.208148735
    79.000  -412.463839485  -412.368909852  -412.327001859  -412.327001859  -412.208749529
    79.500  -412.456132286  -412.361755639  -412.319550336  -412.319550336  -412.209434951
    80.000  -412.427314321  -412.334091959  -412.291360007  -412.291360007  -412.208764829
    80.500  -412.393565141  -412.302014673  -412.258699077  -412.258699077  -412.206034587
    81.000  -412.393333620  -412.303863924  -412.260095997  -412.260095997  -412.206215200
    81.500  -412.424387827  -412.337291711  -412.293235055  -412.293235055  -412.208926119
    82.000  -412.448048319  -412.363524351  -412.319212117  -412.319212117  -412.209435681
    82.500  -412.450508174  -412.368687391  -412.324014414  -412.324014414  -412.208668072
    83.000  -412.439191229  -412.360143766  -412.314930169  -412.314930169  -412.207964538
    83.500  -412.423431599  -412.347162641  -412.301207374  -412.301207374  -412.207577531
    84.000  -412.408821092  -412.335268346  -412.288379160  -412.288379160  -412.207459615
    84.500  -412.397200633  -412.326236956  -412.278233245  -412.278233245  -412.207519715
    85.000  -412.387886068  -412.319315753  -412.270027031  -412.270027031  -412.207613994
    85.500  -412.379757501  -412.313302036  -412.262573379  -412.262573379  -412.207595614
    86.000  -412.373361163  -412.308639606  -412.256345778  -412.256345778  -412.207420552
    86.500  -412.371438211  -412.307956084  -412.254021932  -412.254021932  -412.207213169
    87.000  -412.377068075  -412.314239176  -412.258639115  -412.258639115  -412.207168057
    87.500  -412.390912672  -412.328111522  -412.270843696  -412.270843696  -412.207341856
    88.000  -412.410352442  -412.346965699  -412.288024485  -412.288024485  -412.207654914
    88.500  -412.430561786  -412.366013991  -412.305375779  -412.305375779  -412.208101631
    89.000  -412.444841437  -412.378582968  -412.316226152  -412.316226152  -412.208787850
    89.500  -412.444057294  -412.375532539  -412.311487703  -412.311487703  -412.209490576
    90.000  -412.421916405  -412.350536391  -412.284952510  -412.284952510  -412.208822730
    90.500  -412.394276546  -412.319419926  -412.252624505  -412.252624505  -412.206156544
    91.000  -412.398576249  -412.319636193  -412.252109243  -412.252109243  -412.206344874
    91.500  -412.432419129  -412.348875437  -412.281073191  -412.281073191  -412.208936201
    92.000  -412.458724089  -412.370192917  -412.302399954  -412.302399954  -412.209331714
    92.500  -412.465350099  -412.371605432  -412.303950149  -412.303950149  -412.208495827
    93.000  -412.460524892  -412.361505643  -412.294047664  -412.294047664  -412.207813723
    93.500  -412.452970262  -412.348789747  -412.281579225  -412.281579225  -412.207518739
    94.000  -412.446642591  -412.337593960  -412.270694070  -412.270694070  -412.207460093
    94.500  -412.442197058  -412.328746411  -412.262232131  -412.262232131  -412.207486497
    95.000  -412.439076381  -412.321841014  -412.255788781  -412.255788781  -412.207518034
    95.500  -412.436738994  -412.316449702  -412.250931584  -412.250931584  -412.207516462
    96.000  -412.435298467  -412.312760023  -412.247829808  -412.247829808  -412.207447799
    96.500  -412.435967766  -412.312016684  -412.247706054  -412.247706054  -412.207305974
    97.000  -412.441012514  -412.316488222  -412.252805914  -412.252805914  -412.207168673
    97.500  -412.452507370  -412.328247418  -412.265180711  -412.265180711  -412.207184216
    98.000  -412.470163926  -412.347014487  -412.284550033  -412.284550033  -412.207460479
    98.500  -412.489833486  -412.368661817  -412.306802406  -412.306802406  -412.208018384
    99.000  -412.503340364  -412.385022009  -412.323809036  -412.323809036  -412.208860512
    99.500  -412.499355203  -412.384729523  -412.324269165  -412.324269165  -412.209676222
   100.000  -412.470114520  -412.359923327  -412.300436280  -412.300436280  -412.209007097
   100.500  -412.431902762  -412.326739780  -412.268622107  -412.268622107  -412.206203635
   101.000  -412.424360389  -412.324644657  -412.268433400  -412.268433400  -412.206355214
   101.500  -412.446086139  -412.352041286  -412.298162760  -412.298162760  -412.208963928
   102.000  -412.460015305  -412.371652740  -412.320205517  -412.320205517  -412.209367132
   102.500  -412.454034815  -412.371159164  -412.321940690  -412.321940690  -412.208600677
   103.000  -412.435739921  -412.357971915  -412.310610565  -412.310610565  -412.207968672
   103.500  -412.413500553  -412.340316001  -412.294378942  -412.294378942  -412.207630910
   104.000  -412.392183707  -412.322953775  -412.278020221  -412.278020221  -412.207463659
   104.500  -412.374272798  -412.308303721  -412.264002932  -412.264002932  -412.207383586
   105.000  -412.360967731  -412.297534384  -412.253561091  -412.253561091  -412.207356863
   105.500  -412.352692791  -412.291066202  -412.247176473  -412.247176473  -412.207362159
   106.000  -412.349433268  -412.288895775  -412.244895768  -412.244895768  -412.207370819
   106.500  -412.351177081  -412.291025371  -412.246757618  -412.246757618  -412.207348860
   107.000  -412.358388213  -412.297927018  -412.253257665  -412.253257665  -412.207293041
   107.500  -412.371956399  -412.310495435  -412.265300921  -412.265300921  -412.207286158
   108.000  -412.391918299  -412.328781923  -412.282933109  -412.282933109  -412.207491011
   108.500  -412.415181276  -412.349735331  -412.303076660  -412.303076660  -412.208042066
   109.000  -412.433829763  -412.365516323  -412.317865991  -412.317865991  -412.208923392
   109.500  -412.436245556  -412.364594550  -412.315794689  -412.315794689  -412.209640763
   110.000  -412.416241527  -412.340851710  -412.290874416  -412.290874416  -412.208645189
   110.500  -412.393732002  -412.314233860  -412.263295565  -412.263295565  -412.205948011
   111.000  -412.405583572  -412.321628587  -412.270158792  -412.270158792  -412.206640107
   111.500  -412.442984789  -412.354300412  -412.302677040  -412.302677040  -412.209099662
   112.000  -412.469541456  -412.376011856  -412.324352118  -412.324352118  -412.209344493
   112.500  -412.475316701  -412.377018650  -412.325197258  -412.325197258  -412.208564433
   113.000  -412.468216012  -412.365411307  -412.313157980  -412.313157980  -412.207907784
   113.500  -412.456838764  -412.349944067  -412.296934838  -412.296934838  -412.207540063
   114.000  -412.446351680  -412.335911015  -412.281824837  -412.281824837  -412.207369083
   114.500  -412.439191656  -412.325853809  -412.270402756  -412.270402756  -412.207313125
   115.000  -412.436104792  -412.320600591  -412.263546170  -412.263546170  -412.207327490
   115.500  -412.436796447  -412.319915430  -412.261072268  -412.261072268  -412.207385021
   116.000  -412.440366040  -412.322926997  -412.262161450  -412.262161450  -412.207457847
   116.500  -412.445767896  -412.328582645  -412.265807698  -412.265807698  -412.207507396
   117.000  -412.452398430  -412.336229577  -412.271400212  -412.271400212  -412.207501672
   117.500  -412.460517699  -412.346040002  -412.279147147  -412.279147147  -412.207470139
   118.000  -412.470716287  -412.358493662  -412.289560118  -412.289560118  -412.207551060
   118.500  -412.481888001  -412.372373443  -412.301457989  -412.301457989  -412.207934133
   119.000  -412.488705343  -412.382253757  -412.309472898  -412.309472898  -412.208691242
   119.500  -412.481416280  -412.378294189  -412.303855567  -412.303855567  -412.209405793
   120.000  -412.453724887  -412.354102512  -412.278349906  -412.278349906  -412.208607517
   120.500  -412.422658576  -412.326601370  -412.250053405  -412.250053405  -412.206099019
   121.000  -412.422754714  -412.330241753  -412.253554468  -412.253554468  -412.206626638
   121.500  -412.447260757  -412.358219521  -412.282013604  -412.282013604  -412.209017198
   122.000  -412.461422221  -412.375740753  -412.300449418  -412.300449418  -412.209270310
   122.500  -412.455729308  -412.373240262  -412.299107296  -412.299107296  -412.208457699
   123.000  -412.438815233  -412.359275390  -412.286426337  -412.286426337  -412.207779499
   123.500  -412.419846280  -412.342930983  -412.271435456  -412.271435456  -412.207420355
   124.000  -412.404088216  -412.329397388  -412.259308210  -412.259308210  -412.207277645
   124.500  -412.393744336  -412.320816403  -412.252183056  -412.252183056  -412.207257134
   125.000  -412.389186810  -412.317513658  -412.250383001  -412.250383001  -412.207305327
   125.500  -412.389721971  -412.318763569  -412.253180917  -412.253180917  -412.207392308
   126.000  -412.394075893  -412.323278377  -412.259284206  -412.259284206  -412.207488066
   126.500  -412.400872180  -412.329687255  -412.267319683  -412.267319683  -412.207553161
   127.000  -412.409242957  -412.337145058  -412.276441793  -412.276441793  -412.207550988
   127.500  -412.419336383  -412.345832631  -412.286831272  -412.286831272  -412.207502449
   128.000  -412.431927633  -412.356567121  -412.299296314  -412.299296314  -412.207548337
   128.500  -412.446326916  -412.368720240  -412.313189217  -412.313189217  -412.207920953
   129.000  -412.457266960  -412.377119153  -412.323311414  -412.323311414  -412.208736295
   129.500  -412.454171658  -412.371312928  -412.319203717  -412.319203717  -412.209517603
   130.000  -412.429962478  -412.344354590  -412.293975491  -412.293975491  -412.208648411
   130.500  -412.402615254  -412.314341645  -412.265862065  -412.265862065  -412.206090746
   131.000  -412.406996379  -412.316254899  -412.269957441  -412.269957441  -412.206782802
   131.500  -412.434283355  -412.341390831  -412.297447670  -412.297447670  -412.209096609
   132.000  -412.450205690  -412.355606914  -412.313906285  -412.313906285  -412.209223811
   132.500  -412.446826074  -412.351088086  -412.311257020  -412.311257020  -412.208393410
   133.000  -412.433043923  -412.336821716  -412.298334393  -412.298334393  -412.207744652
   133.500  -412.417535452  -412.321532750  -412.283799090  -412.283799090  -412.207419069
   134.000  -412.404974190  -412.309910167  -412.272333830  -412.272333830  -412.207301602
   134.500  -412.397089046  -412.303674118  -412.265685405  -412.265685405  -412.207295747
   135.000  -412.393943788  -412.302856659  -412.263936272  -412.263936272  -412.207348435
   135.500  -412.394719060  -412.306582727  -412.266278825  -412.266278825  -412.207428570
   136.000  -412.398220225  -412.313565588  -412.271506982  -412.271506982  -412.207508247
   136.500  -412.403347696  -412.322568772  -412.278469022  -412.278469022  -412.207555132
   137.000  -412.409578693  -412.332885500  -412.286547216  -412.286547216  -412.207551020
   137.500  -412.417201862  -412.344587034  -412.295901054  -412.295901054  -412.207529275
   138.000  -412.426746737  -412.357974000  -412.306922144  -412.306922144  -412.207614738
   138.500  -412.437135994  -412.371761726  -412.318418693  -412.318418693  -412.208003831
   139.000  -412.443065966  -412.380486777  -412.325028310  -412.325028310  -412.208791952
   139.500  -412.434603701  -412.374113752  -412.316837505  -412.316837505  -412.209468375
   140.000  -412.406381639  -412.347218872  -412.288580282  -412.288580282  -412.208433059
   140.500  -412.378281689  -412.319660216  -412.260289736  -412.260289736  -412.205993857
   141.000  -412.383284228  -412.324423367  -412.265040824  -412.265040824  -412.206880601
   141.500  -412.410179941  -412.350336696  -412.291552895  -412.291552895  -412.209037710
   142.000  -412.426602661  -412.365104013  -412.307289465  -412.307289465  -412.209110857
   142.500  -412.425705465  -412.361969871  -412.305265930  -412.305265930  -412.208346961
   143.000  -412.415636834  -412.349184319  -412.293567458  -412.293567458  -412.207767971
   143.500  -412.404034980  -412.334495618  -412.279840128  -412.279840128  -412.207487343
   144.000  -412.394803719  -412.321928740  -412.268055047  -412.268055047  -412.207392231
   144.500  -412.389209152  -412.312882072  -412.259592222  -412.259592222  -412.207384876
   145.000  -412.387204315  -412.307448415  -412.254557303  -412.254557303  -412.207404074
   145.500  -412.388346121  -412.305327044  -412.252685782  -412.252685782  -412.207411866
   146.000  -412.392359824  -412.306380527  -412.253896392  -412.253896392  -412.207398286
   146.500  -412.399294464  -412.310782776  -412.258425189  -412.258425189  -412.207387228
   147.000  -412.409194688  -412.318682252  -412.266473004  -412.266473004  -412.207416836
   147.500  -412.421593787  -412.329687401  -412.277674657  -412.277674657  -412.207500448
   148.000  -412.435322094  -412.342669272  -412.290896353  -412.290896353  -412.207646929
   148.500  -412.448315777  -412.355569959  -412.304055458  -412.304055458  -412.207951337
   149.000  -412.456340675  -412.364134353  -412.312876827  -412.312876827  -412.208570047
   149.500  -412.451514720  -412.360443028  -412.309456601  -412.309456601  -412.209273250
   150.000  -412.427428561  -412.338038275  -412.287414802  -412.287414802  -412.208697522
   150.500  -412.397852262  -412.310637614  -412.260614830  -412.260614830  -412.206298729
   151.000  -412.396063241  -412.311474399  -412.262430876  -412.262430876  -412.206508126
   151.500  -412.419298124  -412.337740508  -412.290042815  -412.290042815  -412.208895847
   152.000  -412.433695297  -412.355508040  -412.309337827  -412.309337827  -412.209299208
   152.500  -412.427951138  -412.353375782  -412.308712877  -412.308712877  -412.208547383
   153.000  -412.409705639  -412.338858736  -412.295541953  -412.295541953  -412.207892622
   153.500  -412.387727987  -412.320586651  -412.278374270  -412.278374270  -412.207549336
   154.000  -412.367088195  -412.303486254  -412.262099872  -412.262099872  -412.207401727
   154.500  -412.350167602  -412.289801019  -412.248948710  -412.248948710  -412.207331117
   155.000  -412.338215000  -412.280660092  -412.240048311  -412.240048311  -412.207274030
   155.500  -412.332185041  -412.276931292  -412.236282004  -412.236282004  -412.207231826
   156.000  -412.332727218  -412.279232738  -412.238280803  -412.238280803  -412.207238295
   156.500  -412.339677077  -412.287423212  -412.245925721  -412.245925721  -412.207315225
   157.000  -412.351800779  -412.300327205  -412.258065035  -412.258065035  -412.207438500
   157.500  -412.367183474  -412.316086528  -412.272867845  -412.272867845  -412.207572166
   158.000  -412.383799215  -412.332700386  -412.288361961  -412.288361961  -412.207724437
   158.500  -412.399437265  -412.347941107  -412.302352391  -412.302352391  -412.207988850
   159.000  -412.410474759  -412.358136600  -412.311209603  -412.311209603  -412.208516166
   159.500  -412.410340271  -412.356652794  -412.308365426  -412.308365426  -412.209170479
   160.000  -412.393223100  -412.337617798  -412.288071001  -412.288071001  -412.208736682
   160.500  -412.371435495  -412.313289422  -412.262781130  -412.262781130  -412.206330588
   161.000  -412.379345594  -412.317999612  -412.267015569  -412.267015569  -412.206218067
   161.500  -412.418034429  -412.352843083  -412.301859125  -412.301859125  -412.208838915
   162.000  -412.450601607  -412.381007308  -412.330280925  -412.330280925  -412.209526812
   162.500  -412.461063051  -412.386645902  -412.336202593  -412.336202593  -412.208812405
   163.000  -412.455677764  -412.376164005  -412.325884738  -412.325884738  -412.208091708
   163.500  -412.443673556  -412.358926272  -412.308635951  -412.308635951  -412.207653859
   164.000  -412.431185248  -412.341197252  -412.290718836  -412.290718836  -412.207410672
   164.500  -412.421687319  -412.326582697  -412.275764789  -412.275764789  -412.207285793
   165.000  -412.416887220  -412.316923427  -412.265658244  -412.265658244  -412.207255392
   165.500  -412.417099100  -412.312676079  -412.260890728  -412.260890728  -412.207292646
   166.000  -412.421628816  -412.313287543  -412.260937210  -412.260937210  -412.207357224
   166.500  -412.429372559  -412.317785559  -412.264837782  -412.264837782  -412.207418221
   167.000  -412.439296289  -412.325243258  -412.271663495  -412.271663495  -412.207471730
   167.500  -412.450542240  -412.334874289  -412.280614233  -412.280614233  -412.207533751
   168.000  -412.462231352  -412.345826861  -412.290818367  -412.290818367  -412.207637174
   168.500  -412.472982785  -412.356701128  -412.300860490  -412.300860490  -412.207859347
   169.000  -412.479832880  -412.364475283  -412.307718997  -412.307718997  -412.208338854
   169.500  -412.476680426  -412.362963350  -412.305239162  -412.305239162  -412.209050309
   170.000  -412.456228374  -412.344770324  -412.286104075  -412.286104075  -412.209032851
   170.500  -412.424839413  -412.316151710  -412.256710499  -412.256710499  -412.206874697
   171.000  -412.415279477  -412.309762834  -412.249884485  -412.249884485  -412.205850311
   171.500  -412.440370222  -412.338318288  -412.278423277  -412.278423277  -412.208389403
   172.000  -412.465775619  -412.367387433  -412.307821796  -412.307821796  -412.209562247
   172.500  -412.469353456  -412.374737442  -412.315723598  -412.315723598  -412.208921493
   173.000  -412.455740988  -412.364899481  -412.306575886  -412.306575886  -412.208085317
   173.500  -412.435670019  -412.348484133  -412.290949348  -412.290949348  -412.207577449
   174.000  -412.416421500  -412.332652945  -412.275984874  -412.275984874  -412.207366602
   174.500  -412.401232468  -412.320538947  -412.264790023  -412.264790023  -412.207325279
   175.000  -412.390869201  -412.312827445  -412.258004171  -412.258004171  -412.207344738
   175.500  -412.385144001  -412.309270859  -412.255320369  -412.255320369  -412.207368458
   176.000  -412.383755669  -412.309528578  -412.256334251  -412.256334251  -412.207384660
   176.500  -412.386483482  -412.313361862  -412.260751101  -412.260751101  -412.207401711
   177.000  -412.393082638  -412.320533851  -412.268288539  -412.268288539  -412.207427365
   177.500  -412.403172054  -412.330697150  -412.278564649  -412.278564649  -412.207466129
   178.000  -412.416177971  -412.343331962  -412.291028538  -412.291028538  -412.207532792
   178.500  -412.431113299  -412.357514419  -412.304724651  -412.304724651  -412.207689337
   179.000  -412.445682200  -412.371013402  -412.317393926  -412.317393926  -412.208080265
   179.500  -412.454423041  -412.378428120  -412.323631881  -412.323631881  -412.208823853
   180.000  -412.448061250  -412.370529019  -412.314271895  -412.314271895  -412.209441780
   180.500  -412.422362477  -412.343100247  -412.285259838  -412.285259838  -412.208260537
   181.000  -412.399110601  -412.317920941  -412.258619684  -412.258619684  -412.205853542
   181.500  -412.410126547  -412.326832025  -412.266381437  -412.266381437  -412.207102069
   182.000  -412.439546143  -412.354073434  -412.292750509  -412.292750509  -412.209195427
   182.500  -412.455283848  -412.367716155  -412.305646954  -412.305646954  -412.209087588
   183.000  -412.452905500  -412.363459894  -412.300681890  -412.300681890  -412.208290921
   183.500  -412.441153692  -412.350126212  -412.286678207  -412.286678207  -412.207745515
   184.000  -412.427245346  -412.334958661  -412.270928351  -412.270928351  -412.207479933
   184.500  -412.414937088  -412.321700924  -412.257225591  -412.257225591  -412.207359573
   185.000  -412.406005412  -412.312091750  -412.247334657  -412.247334657  -412.207306928
   185.500  -412.401278044  -412.306913210  -412.242038102  -412.242038102  -412.207293327
   186.000  -412.401009303  -412.306385334  -412.241543950  -412.241543950  -412.207308266
   186.500  -412.405001524  -412.310301331  -412.245633422  -412.245633422  -412.207344496
   187.000  -412.412722099  -412.318143212  -412.253773147  -412.253773147  -412.207391596
   187.500  -412.423500601  -412.329262091  -412.265281045  -412.265281045  -412.207437742
   188.000  -412.436725848  -412.343053901  -412.279495022  -412.279495022  -412.207491309
   188.500  -412.451688366  -412.358789160  -412.295614600  -412.295614600  -412.207626028
   189.000  -412.466475811  -412.374511531  -412.311624918  -412.311624918  -412.208003921
   189.500  -412.475833015  -412.384913086  -412.322198796  -412.322198796  -412.208747614
   190.000  -412.470317734  -412.380504263  -412.317889947  -412.317889947  -412.209443044
   190.500  -412.444105460  -412.355419855  -412.292952725  -412.292952725  -412.208534825
   191.000  -412.415429570  -412.327852979  -412.265755111  -412.265755111  -412.206024568
   191.500  -412.418266281  -412.331741305  -412.270368225  -412.270368225  -412.206724594
   192.000  -412.443879427  -412.358329383  -412.297999578  -412.297999578  -412.209029112
   192.500  -412.458604419  -412.373960514  -412.314824677  -412.314824677  -412.209225920
   193.000  -412.453888280  -412.370097024  -412.312139410  -412.312139410  -412.208465768
   193.500  -412.437729870  -412.354736104  -412.297828076  -412.297828076  -412.207837712
   194.000  -412.418540557  -412.336266342  -412.280216264  -412.280216264  -412.207488887
   194.500  -412.401397173  -412.319728003  -412.264318469  -412.264318469  -412.207324736
   195.000  -412.388807284  -412.307587823  -412.252599563  -412.252599563  -412.207264621
   195.500  -412.381719786  -412.300757766  -412.245987614  -412.245987614  -412.207267078
   196.000  -412.380121195  -412.299198402  -412.244462948  -412.244462948  -412.207309414
   196.500  -412.383363881  -412.302247654  -412.247387809  -412.247387809  -412.207376552
   197.000  -412.390429775  -412.308882264  -412.253761516  -412.253761516  -412.207448013
   197.500  -412.400269828  -412.318051097  -412.262554904  -412.262554904  -412.207496170
   198.000  -412.412227109  -412.329091969  -412.273129020  -412.273129020  -412.207505738
   198.500  -412.426229541  -412.341924719  -412.285426493  -412.285426493  -412.207520680
   199.000  -412.442080787  -412.356347981  -412.299271113  -412.299271113  -412.207685187
   199.500  -412.457425399  -412.370017599  -412.312345604  -412.312345604  -412.208186137
   200.000  -412.465491632  -412.376197968  -412.317952397  -412.317952397  -412.208983408
   200.500  -412.457010294  -412.365678596  -412.306945955  -412.306945955  -412.209173483
   201.000  -412.434270494  -412.340822796  -412.281799778  -412.281799778  -412.207293584
   201.500  -412.425892614  -412.330349963  -412.271359587  -412.271359587  -412.205914257
   202.000  -412.449009482  -412.351519597  -412.292922348  -412.292922348  -412.208087037
   202.500  -412.475105989  -412.375943549  -412.317967252  -412.317967252  -412.209409468
   203.000  -412.481407775  -412.380941785  -412.323608969  -412.323608969  -412.208883959
   203.500  -412.471051013  -412.369705406  -412.312868993  -412.312868993  -412.208078847
   204.000  -412.454168536  -412.352394391  -412.295807254  -412.295807254  -412.207573370
   204.500  -412.437875630  -412.336134895  -412.279517176  -412.279517176  -412.207338067
   205.000  -412.425613613  -412.324370197  -412.267461217  -412.267461217  -412.207263192
   205.500  -412.418453491  -412.318169575  -412.260760132  -412.260760132  -412.207277533
   206.000  -412.416103699  -412.317233626  -412.259183685  -412.259183685  -412.207341966
   206.500  -412.417514634  -412.320492682  -412.261737971  -412.261737971  -412.207430404
   207.000  -412.421326396  -412.326547753  -412.267092365  -412.267092365  -412.207514463
   207.500  -412.426345322  -412.334138717  -412.274039813  -412.274039813  -412.207561212
   208.000  -412.432067210  -412.342667092  -412.282009439  -412.282009439  -412.207547495
   208.500  -412.438986861  -412.352506725  -412.291377154  -412.291377154  -412.207502504
   209.000  -412.448069087  -412.364490236  -412.302953579  -412.302953579  -412.207562864
   209.500  -412.458675034  -412.377859715  -412.315942555  -412.315942555  -412.207968463
   210.000  -412.465304247  -412.387033734  -412.324726407  -412.324726407  -412.208858235
   210.500  -412.456675306  -412.380696788  -412.317983435  -412.317983435  -412.209676900
   211.000  -412.425877795  -412.351936124  -412.288866164  -412.288866164  -412.208564444
   211.500  -412.394550111  -412.322395665  -412.259168323  -412.259168323  -412.205821986
   212.000  -412.399298908  -412.328671390  -412.265620532  -412.265620532  -412.206965916
   212.500  -412.425765639  -412.356372754  -412.293773772  -412.293773772  -412.209299746
   213.000  -412.438585954  -412.370099239  -412.308028973  -412.308028973  -412.209219935
   213.500  -412.432435947  -412.364498127  -412.302870294  -412.302870294  -412.208330782
   214.000  -412.417241871  -412.349473501  -412.288132591  -412.288132591  -412.207703726
   214.500  -412.401441956  -412.333446411  -412.272237003  -412.272237003  -412.207410994
   215.000  -412.389216828  -412.320584430  -412.259388556  -412.259388556  -412.207315144
   215.500  -412.381953752  -412.312267788  -412.251017735  -412.251017735  -412.207308403
   216.000  -412.379727095  -412.308573486  -412.247250738  -412.247250738  -412.207327882
   216.500  -412.382207911  -412.309189219  -412.247817394  -412.247817394  -412.207347872
   217.000  -412.389040908  -412.313793879  -412.252425308  -412.252425308  -412.207377071
   217.500  -412.399730498  -412.321942551  -412.260641584  -412.260641584  -412.207440869
   218.000  -412.413336823  -412.332757627  -412.271578758  -412.271578758  -412.207536139
   218.500  -412.428587863  -412.345033932  -412.283998078  -412.283998078  -412.207615890
   219.000  -412.444519556  -412.357873063  -412.296951607  -412.296951607  -412.207675122
   219.500  -412.460410388  -412.370619173  -412.309731710  -412.309731710  -412.207879466
   220.000  -412.473420759  -412.380509070  -412.319540410  -412.319540410  -412.208496810
   220.500  -412.475492085  -412.379580795  -412.318418327  -412.318418327  -412.209360351
   221.000  -412.457609227  -412.358927071  -412.297517729  -412.297517729  -412.209048019
   221.500  -412.430073732  -412.328943775  -412.267346238  -412.267346238  -412.206539962
   222.000  -412.428304281  -412.325120927  -412.263504559  -412.263504559  -412.206253330
   222.500  -412.455767125  -412.350995648  -412.289556495  -412.289556495  -412.208751016
   223.000  -412.477389912  -412.371585900  -412.310473095  -412.310473095  -412.209361823
   223.500  -412.478251105  -412.372064449  -412.311380397  -412.311380397  -412.208632932
   224.000  -412.464833572  -412.358982228  -412.298802336  -412.298802336  -412.207947389
   224.500  -412.445944306  -412.341172947  -412.281555821  -412.281555821  -412.207571399
   225.000  -412.426984319  -412.324020638  -412.265011770  -412.265011770  -412.207385905
   225.500  -412.410846523  -412.310362136  -412.251995702  -412.251995702  -412.207279551
   226.000  -412.399290096  -412.301868376  -412.244167802  -412.244167802  -412.207224555
   226.500  -412.393275322  -412.299390998  -412.242362688  -412.242362688  -412.207248765
   227.000  -412.392572561  -412.302581885  -412.246200640  -412.246200640  -412.207362604
   227.500  -412.395652275  -412.309786455  -412.253979693  -412.253979693  -412.207516928
   228.000  -412.400440739  -412.318792259  -412.263433234  -412.263433234  -412.207632721
   228.500  -412.405527964  -412.328025681  -412.272943840  -412.272943840  -412.207650435
   229.000  -412.411057550  -412.337438279  -412.282446011  -412.282446011  -412.207578504
   229.500  -412.418484817  -412.348279691  -412.293206790  -412.293206790  -412.207569648
   230.000  -412.428222083  -412.360775361  -412.305502693  -412.305502693  -412.207914828
   230.500  -412.435718508  -412.370241229  -412.314726056  -412.314726056  -412.208731305
   231.000  -412.430889402  -412.366521170  -412.310828339  -412.310828339  -412.209320318
   231.500  -412.409696055  -412.345555761  -412.289898906  -412.289898906  -412.208012968
   232.000  -412.394270322  -412.329508117  -412.274270597  -412.274270597  -412.205948096
   232.500  -412.411107823  -412.344975928  -412.290625597  -412.290625597  -412.207460519
   233.000  -412.440630465  -412.372537617  -412.319428662  -412.319428662  -412.209351206
   233.500  -412.453470554  -412.382980349  -412.331245110  -412.331245110  -412.209166247
   234.000  -412.447172519  -412.373971933  -412.323569023  -412.323569023  -412.208338080
   234.500  -412.431523527  -412.355395938  -412.306200294  -412.306200294  -412.207709809
   235.000  -412.415183940  -412.335997340  -412.287861162  -412.287861162  -412.207371672
   235.500  -412.403026648  -412.320732871  -412.273509300  -412.273509300  -412.207260203
   236.000  -412.396650416  -412.311289821  -412.264829928  -412.264829928  -412.207294049
   236.500  -412.395490054  -412.307193268  -412.261332360  -412.261332360  -412.207385032
   237.000  -412.398095601  -412.307075783  -412.261622553  -412.261622553  -412.207474803
   237.500  -412.403045050  -412.309578053  -412.264311258  -412.264311258  -412.207545140
   238.000  -412.409318883  -412.313713876  -412.268383982  -412.268383982  -412.207585040
   238.500  -412.416553238  -412.319116410  -412.273445883  -412.273445883  -412.207566080
   239.000  -412.425419015  -412.326420626  -412.280103046  -412.280103046  -412.207496938
   239.500  -412.437299270  -412.336957503  -412.289652960  -412.289652960  -412.207553065
   240.000  -412.451594011  -412.350092044  -412.301427196  -412.301427196  -412.208069215
   240.500  -412.461345834  -412.358880180  -412.308479261  -412.308479261  -412.209088912
   241.000  -412.454246018  -412.351072657  -412.298638986  -412.298638986  -412.209511065
   241.500  -412.429973097  -412.326406559  -412.271869899  -412.271869899  -412.207478527
   242.000  -412.419925953  -412.316294563  -412.259926773  -412.259926773  -412.205892577
   242.500  -412.443979837  -412.340595018  -412.282880184  -412.282880184  -412.208286591
   243.000  -412.470438673  -412.367619008  -412.308956132  -412.308956132  -412.209573603
   243.500  -412.475656621  -412.373755199  -412.314364777  -412.314364777  -412.208886042
   244.000  -412.464397860  -412.363790167  -412.303798760  -412.303798760  -412.208016681
   244.500  -412.447591612  -412.348650218  -412.288165180  -412.288165180  -412.207548742
   245.000  -412.431796843  -412.334869250  -412.274013417  -412.274013417  -412.207392334
   245.500  -412.419326079  -412.324721883  -412.263633364  -412.263633364  -412.207372398
   246.000  -412.410486235  -412.318468711  -412.257288368  -412.257288368  -412.207389989
   246.500  -412.405017990  -412.315796457  -412.254651433  -412.254651433  -412.207418897
   247.000  -412.402528141  -412.316247665  -412.255238831  -412.255238831  -412.207463909
   247.500  -412.402483341  -412.319214172  -412.258400334  -412.258400334  -412.207521029
   248.000  -412.404310610  -412.324029136  -412.263420860  -412.263420860  -412.207559620
   248.500  -412.407871782  -412.330438181  -412.269998611  -412.269998611  -412.207536665
   249.000  -412.414001671  -412.339137945  -412.278797682  -412.278797682  -412.207487492
   249.500  -412.423767173  -412.351057614  -412.290739781  -412.290739781  -412.207645500
   250.000  -412.435069954  -412.363994674  -412.303648112  -412.303648112  -412.208320679
   250.500  -412.438953447  -412.368946251  -412.308582858  -412.308582858  -412.209314883
   251.000  -412.424264406  -412.354757295  -412.294504675  -412.294504675  -412.209192296
   251.500  -412.398461882  -412.328894178  -412.269053980  -412.269053980  -412.206796145
   252.000  -412.395930699  -412.325745245  -412.266791204  -412.266791204  -412.206254430
   252.500  -412.423464467  -412.352127443  -412.294567340  -412.294567340  -412.208661486
   253.000  -412.447596197  -412.374642904  -412.318840896  -412.318840896  -412.209378841
   253.500  -412.452201372  -412.377264269  -412.323391143  -412.323391143  -412.208708137
   254.000  -412.442894247  -412.365703122  -412.313766866  -412.313766866  -412.208030082
   254.500  -412.428316308  -412.348687138  -412.298575487  -412.298575487  -412.207634295
   255.000  -412.414050286  -412.331873039  -412.283390505  -412.283390505  -412.207429982
   255.500  -412.403102828  -412.318330402  -412.271224261  -412.271224261  -412.207331543
   256.000  -412.396951776  -412.309589326  -412.263565631  -412.263565631  -412.207300546
   256.500  -412.396056059  -412.306151301  -412.260890752  -412.260890752  -412.207324881
   257.000  -412.400034689  -412.307674968  -412.262844409  -412.262844409  -412.207397684
   257.500  -412.407764725  -412.313081046  -412.268353292  -412.268353292  -412.207506456
   258.000  -412.417622001  -412.320797244  -412.275869073  -412.275869073  -412.207615978
   258.500  -412.428068650  -412.329339802  -412.283948261  -412.283948261  -412.207670056
   259.000  -412.438490062  -412.338139374  -412.292068909  -412.292068909  -412.207656526
   259.500  -412.449236875  -412.347577470  -412.300659417  -412.300659417  -412.207739417
   260.000  -412.459197088  -412.356569217  -412.308675993  -412.308675993  -412.208227284
   260.500  -412.461921539  -412.358705552  -412.309758991  -412.309758991  -412.209086010
   261.000  -412.447664084  -412.344293124  -412.294303332  -412.294303332  -412.209179705
   261.500  -412.420428497  -412.317382528  -412.266529503  -412.266529503  -412.207087408
   262.000  -412.411425582  -412.309218696  -412.257907487  -412.257907487  -412.205973763
   262.500  -412.434518903  -412.333697834  -412.282446851  -412.282446851  -412.208282042
   263.000  -412.458489247  -412.359632028  -412.308828169  -412.308828169  -412.209424598
   263.500  -412.462071452  -412.365757191  -412.315537947  -412.315537947  -412.208855419
   264.000  -412.449122903  -412.355868129  -412.306155240  -412.306155240  -412.208083771
   264.500  -412.429572310  -412.339757544  -412.290343320  -412.290343320  -412.207599266
   265.000  -412.410496388  -412.324310313  -412.274938387  -412.274938387  -412.207361344
   265.500  -412.395668231  -412.313081873  -412.263497207  -412.263497207  -412.207267110
   266.000  -412.386728874  -412.307501468  -412.257484169  -412.257484169  -412.207253788
   266.500  -412.384028121  -412.307744676  -412.257128185  -412.257128185  -412.207292095
   267.000  -412.387030998  -412.313164867  -412.261846167  -412.261846167  -412.207371934
   267.500  -412.394495784  -412.322481781  -412.270419242  -412.270419242  -412.207486757
   268.000  -412.404639717  -412.333934707  -412.281137162  -412.281137162  -412.207618588
   268.500  -412.415504392  -412.345616726  -412.292129176  -412.292129176  -412.207728811
   269.000  -412.425606582  -412.356089612  -412.301980951  -412.301980951  -412.207782660
   269.500  -412.434411237  -412.364831750  -412.310192397  -412.310192397  -412.207847223
   270.000  -412.441257230  -412.371166367  -412.316111798  -412.316111798  -412.208177234
   270.500  -412.441997458  -412.370931346  -412.315614908  -412.315614908  -412.208927051
   271.000  -412.428341984  -412.355861634  -412.300503176  -412.300503176  -412.209207437
   271.500  -412.401955419  -412.327704407  -412.272640381  -412.272640381  -412.207337743
   272.000  -412.391788806  -412.315549106  -412.261237784  -412.261237784  -412.206012260
   272.500  -412.414261037  -412.335992018  -412.282873538  -412.282873538  -412.208294900
   273.000  -412.438603201  -412.358443753  -412.306752125  -412.306752125  -412.209531991
   273.500  -412.442004478  -412.360228035  -412.309966189  -412.309966189  -412.208908406
   274.000  -412.428530328  -412.345469647  -412.296491210  -412.296491210  -412.208062130
   274.500  -412.408856670  -412.324835729  -412.276919493  -412.276919493  -412.207545585
   275.000  -412.390331105  -412.305626202  -412.258518919  -412.258518919  -412.207308314
   275.500  -412.376538287  -412.291367191  -412.244807332  -412.244807332  -412.207229493
   276.000  -412.368724726  -412.283256406  -412.236992115  -412.236992115  -412.207231154
   276.500  -412.366878092  -412.281258081  -412.235063441  -412.235063441  -412.207269126
   277.000  -412.370386202  -412.284769328  -412.238459531  -412.238459531  -412.207314489
   277.500  -412.378489598  -412.293071387  -412.246514798  -412.246514798  -412.207348394
   278.000  -412.390584237  -412.305621134  -412.258743217  -412.258743217  -412.207373870
   278.500  -412.406177526  -412.321990812  -412.274768658  -412.274768658  -412.207437299
   279.000  -412.424225317  -412.341188977  -412.293634054  -412.293634054  -412.207624337
   279.500  -412.441962149  -412.360475485  -412.312609822  -412.312609822  -412.208017567
   280.000  -412.453879282  -412.374327414  -412.326162455  -412.326162455  -412.208650282
   280.500  -412.451738359  -412.374445013  -412.325978273  -412.325978273  -412.209355519
   281.000  -412.428429061  -412.353614458  -412.304849158  -412.304849158  -412.209185046
   281.500  -412.392615245  -412.320381002  -412.271363552  -412.271363552  -412.206856808
   282.000  -412.379851860  -412.310208529  -412.261044132  -412.261044132  -412.205666040
   282.500  -412.405313896  -412.338230512  -412.289030467  -412.289030467  -412.208253273
   283.000  -412.434067148  -412.369504077  -412.320313342  -412.320313342  -412.209585720
   283.500  -412.441527116  -412.379434790  -412.330221626  -412.330221626  -412.209030453
   284.000  -412.430673671  -412.370963377  -412.321655046  -412.321655046  -412.208230408
   284.500  -412.411417744  -412.353928801  -412.304447895  -412.304447895  -412.207727343
   285.000  -412.390813258  -412.335294216  -412.285588232  -412.285588232  -412.207483264
   285.500  -412.372501352  -412.318607490  -412.268667258  -412.268667258  -412.207380930
   286.000  -412.358101963  -412.305404789  -412.255274598  -412.255274598  -412.207332973
   286.500  -412.348425888  -412.296429612  -412.246209457  -412.246209457  -412.207287169
   287.000  -412.344223189  -412.292385260  -412.242222689  -412.242222689  -412.207230297
   287.500  -412.346357991  -412.294112723  -412.244182773  -412.244182773  -412.207192042
   288.000  -412.355367697  -412.302152743  -412.252627778  -412.252627778  -412.207222117
   288.500  -412.370753732  -412.316038343  -412.267052763  -412.267052763  -412.207350403
   289.000  -412.390545836  -412.333856873  -412.285478628  -412.285478628  -412.207589825
   289.500  -412.411119620  -412.352059530  -412.304278831  -412.304278831  -412.207986726
   290.000  -412.426661566  -412.364910201  -412.317658081  -412.317658081  -412.208623781
   290.500  -412.428582920  -412.363878328  -412.317075905  -412.317075905  -412.209368292
   291.000  -412.409011532  -412.341106258  -412.294750516  -412.294750516  -412.209198568
   291.500  -412.376271974  -412.304879791  -412.259148318  -412.259148318  -412.206867600
   292.000  -412.365555365  -412.290331735  -412.245639072  -412.245639072  -412.205680059
   292.500  -412.392317970  -412.312910593  -412.269812145  -412.269812145  -412.207995603
   293.000  -412.425148445  -412.341296185  -412.300284985  -412.300284985  -412.209255036
   293.500  -412.440789651  -412.352394567  -412.313790650  -412.313790650  -412.208888765
   294.000  -412.439787351  -412.346926852  -412.310872890  -412.310872890  -412.208281323
   294.500  -412.429193153  -412.332076594  -412.298590874  -412.298590874  -412.207869730
   295.000  -412.414589943  -412.313496671  -412.282532238  -412.282532238  -412.207615930
   295.500  -412.399696141  -412.294914169  -412.266408030  -412.266408030  -412.207437497
   296.000  -412.387285017  -412.279076351  -412.252957826  -412.252957826  -412.207299536
   296.500  -412.379570808  -412.268155345  -412.244330513  -412.244330513  -412.207215713
   297.000  -412.377943145  -412.263497123  -412.241825907  -412.241825907  -412.207208259
   297.500  -412.382632358  -412.265299327  -412.245575615  -412.245575615  -412.207261129
   298.000  -412.392909905  -412.272816811  -412.254770229  -412.254770229  -412.207332197
   298.500  -412.407669365  -412.284943151  -412.268262924  -412.268262924  -412.207406030
   299.000  -412.425682818  -412.300466304  -412.284827291  -412.284827291  -412.207522769
   299.500  -412.445081590  -412.317544350  -412.302622555  -412.302622555  -412.207778193
   300.000  -412.462059414  -412.332393002  -412.317883197  -412.317883197  -412.208305376
   300.500  -412.469335787  -412.337734902  -412.323385535  -412.323385535  -412.209110049
   301.000  -412.457354119  -412.323976095  -412.309682443  -412.309682443  -412.209466317
   301.500  -412.426411477  -412.291319863  -412.277293786  -412.277293786  -412.207735318
   302.000  -412.405241200  -412.268379687  -412.255274262  -412.255274262  -412.205683681
   302.500  -412.420794279  -412.282055313  -412.270723227  -412.270723227  -412.207526341
   303.000  -412.449418001  -412.308789842  -412.299709864  -412.299709864  -412.209274764
   303.500  -412.462632737  -412.320349396  -412.313314378  -412.313314378  -412.209035354
   304.000  -412.458612858  -412.315256095  -412.309451554  -412.309451554  -412.208342492
   304.500  -412.445118713  -412.301516363  -412.296018345  -412.301516363  -412.207829206
   305.000  -412.428034259  -412.283649921  -412.276937767  -412.283649921  -412.207658028
   305.500  -412.411894544  -412.267929978  -412.258543557  -412.267929978  -412.207534736
   306.000  -412.399077494  -412.255995561  -412.243754235  -412.255995561  -412.207491606
   306.500  -412.390473394  -412.248397253  -412.233510794  -412.248397253  -412.207510433
   307.000  -412.386101965  -412.244828584  -412.227731011  -412.244828584  -412.207533799
   307.500  -412.385841826  -412.244921513  -412.226186765  -412.244921513  -412.207526502
   308.000  -412.389798333  -412.248755810  -412.228967481  -412.248755810  -412.207494441
   308.500  -412.398227564  -412.256788390  -412.236420138  -412.256788390  -412.207469223
   309.000  -412.411208630  -412.269398429  -412.248765050  -412.269398429  -412.207490319
   309.500  -412.428148690  -412.286279922  -412.265544733  -412.286279922  -412.207611408
   310.000  -412.447029938  -412.305641033  -412.284838724  -412.305641033  -412.207918773
   310.500  -412.463227364  -412.323027322  -412.302073442  -412.323027322  -412.208524426
   311.000  -412.468326615  -412.330162795  -412.308850856  -412.330162795  -412.209368900
   311.500  -412.452442536  -412.317274509  -412.295301812  -412.317274509  -412.209554101
   312.000  -412.418548043  -412.287385368  -412.264478360  -412.287385368  -412.207529084
   312.500  -412.398410992  -412.272193679  -412.248318207  -412.272193679  -412.205923980
   313.000  -412.412976721  -412.292472357  -412.267842477  -412.292472357  -412.208077743
   313.500  -412.434103610  -412.319965681  -412.294680352  -412.319965681  -412.209418246
   314.000  -412.437953656  -412.330980332  -412.304570854  -412.330980332  -412.208898726
   314.500  -412.426468438  -412.328038719  -412.299013577  -412.328038719  -412.208173290
   315.000  -412.407864944  -412.319534687  -412.286821633  -412.319534687  -412.208009980
   315.500  -412.387251425  -412.308875863  -412.274351391  -412.308875863  -412.207835065
   316.000  -412.366878067  -412.297962451  -412.262882761  -412.297962451  -412.207745295
   316.500  -412.347965481  -412.288001871  -412.252699952  -412.288001871  -412.207677687
   317.000  -412.331643768  -412.279965442  -412.244325099  -412.279965442  -412.207613936
   317.500  -412.319058586  -412.274811783  -412.238470596  -412.274811783  -412.207558136
   318.000  -412.311217437  -412.273400070  -412.235858775  -412.273400070  -412.207518000
   318.500  -412.308810520  -412.276347216  -412.237054446  -412.276347216  -412.207504333
   319.000  -412.312018502  -412.283845577  -412.242285060  -412.283845577  -412.207538194
   319.500  -412.320227938  -412.295329637  -412.251171206  -412.295329637  -412.207691485
   320.000  -412.331727196  -412.308763594  -412.267144451  -412.308763594  -412.207614977
   320.500  -412.341817975  -412.320909310  -412.276926688  -412.320909310  -412.208145352
   321.000  -412.343284229  -412.323931370  -412.277381251  -412.323931370  -412.208906267
   321.500  -412.327030257  -412.308833932  -412.259594458  -412.308833932  -412.209189923
   322.000  -412.294064002  -412.276696766  -412.224752050  -412.276696766  -412.207483220
   322.500  -412.272555754  -412.255741772  -412.201192320  -412.255741772  -412.205488076
   323.000  -412.288778342  -412.272277568  -412.215294069  -412.272277568  -412.207226951
   323.500  -412.320060519  -412.303648948  -412.244395000  -412.303648948  -412.209016182
   324.000  -412.337370619  -412.320818404  -412.259426236  -412.320818404  -412.208848668
   324.500  -412.337814661  -412.320865961  -412.257473199  -412.320865961  -412.208160153
   325.000  -412.329189415  -412.311541043  -412.246343975  -412.311541043  -412.207668487
   325.500  -412.318215397  -412.299496446  -412.232782814  -412.299496446  -412.207401428
   326.000  -412.308868460  -412.288620480  -412.220776676  -412.288620480  -412.207265752
   326.500  -412.303309071  -412.280973507  -412.212455344  -412.280973507  -412.207200439
   327.000  -412.302674619  -412.277585205  -412.208863251  -412.277585205  -412.207175327
   327.500  -412.307482931  -412.278869341  -412.210354299  -412.278869341  -412.207177048
   328.000  -412.317805643  -412.284811725  -412.216783207  -412.284811725  -412.207200676
   328.500  -412.333320953  -412.295041356  -412.227599768  -412.295041356  -412.207247527
   329.000  -412.353289273  -412.308821912  -412.241879905  -412.308821912  -412.207324585
   329.500  -412.376451893  -412.324961256  -412.258270295  -412.324961256  -412.207451008
   330.000  -412.400787337  -412.341561100  -412.274764274  -412.341561100  -412.207671483
   330.500  -412.422710264  -412.357277207  -412.287126049  -412.357277207  -412.209771398
   331.000  -412.436867033  -412.363130927  -412.292024824  -412.363130927  -412.210425524
   331.500  -412.435005272  -412.352799045  -412.280413087  -412.352799045  -412.210893425
   332.000  -412.414859607  -412.324199404  -412.250358495  -412.324199404  -412.209728444
   332.500  -412.398112847  -412.299193972  -412.223896168  -412.299193972  -412.207459495
   333.000  -412.415374255  -412.308586723  -412.231979098  -412.308586723  -412.208567332
   333.500  -412.452017572  -412.337987119  -412.260277534  -412.337987119  -412.210701961
   334.000  -412.475118844  -412.354754094  -412.276104541  -412.354754094  -412.210753368
   334.500  -412.477809832  -412.352316721  -412.272771315  -412.352316721  -412.209996461
   335.000  -412.468008993  -412.338840138  -412.258307572  -412.338840138  -412.209410631
   335.500  -412.453503633  -412.322186915  -412.240552129  -412.322186915  -412.209147258
   336.000  -412.439392190  -412.305688976  -412.225314333  -412.305688976  -412.207501396
   336.500  -412.426672716  -412.294882552  -412.211960573  -412.294882552  -412.207457293
   337.000  -412.416898622  -412.288690107  -412.202844918  -412.288690107  -412.207461643
   337.500  -412.410384215  -412.287065698  -412.198203246  -412.287065698  -412.207488961
   338.000  -412.407080546  -412.289587994  -412.197850513  -412.289587994  -412.207525200
   338.500  -412.406762308  -412.295699340  -412.201391507  -412.295699340  -412.207557995
   339.000  -412.409225548  -412.304916639  -412.208459534  -412.304916639  -412.207575920
   339.500  -412.414462039  -412.317001413  -412.218909218  -412.317001413  -412.207588061
   340.000  -412.422494449  -412.331786888  -412.232644021  -412.331786888  -412.207664222
   340.500  -412.432326273  -412.348122196  -412.248545844  -412.348122196  -412.207954770
   341.000  -412.439897349  -412.361823663  -412.262412611  -412.361823663  -412.208599462
   341.500  -412.436717951  -412.364304545  -412.265589507  -412.364304545  -412.209389385
   342.000  -412.414484457  -412.347183494  -412.249604554  -412.347183494  -412.209152221
   342.500  -412.382143834  -412.319351117  -412.223276462  -412.319351117  -412.206901613
   343.000  -412.372549345  -412.313643871  -412.219396509  -412.313643871  -412.206285160
   343.500  -412.393551596  -412.337944404  -412.245771387  -412.337944404  -412.208573716
   344.000  -412.413545033  -412.360706209  -412.270719555  -412.360706209  -412.209421554
   344.500  -412.415190626  -412.364643679  -412.276829136  -412.364643679  -412.208848356
   345.000  -412.402825332  -412.354133678  -412.268402364  -412.354133678  -412.208194021
   345.500  -412.384755496  -412.337511996  -412.253749879  -412.337511996  -412.207804508
   346.000  -412.366502820  -412.320328963  -412.238422415  -412.320328963  -412.207613369
   346.500  -412.350915255  -412.305461169  -412.225307556  -412.305461169  -412.207531282
   347.000  -412.339246560  -412.294194177  -412.215700011  -412.294194177  -412.207506509
   347.500  -412.331896559  -412.286959289  -412.210036565  -412.286959289  -412.207503699
   348.000  -412.328940541  -412.283862244  -412.208423278  -412.283862244  -412.207491248
   348.500  -412.330609907  -412.285158490  -412.211117958  -412.285158490  -412.207449153
   349.000  -412.337559740  -412.291519278  -412.218802433  -412.291519278  -412.207400633
   349.500  -412.350466596  -412.303636317  -412.232183109  -412.303636317  -412.207435688
   350.000  -412.368712223  -412.320909288  -412.250675233  -412.320909288  -412.207675106
   350.500  -412.388677402  -412.339749626  -412.270696886  -412.339749626  -412.208213143
   351.000  -412.402635887  -412.352472205  -412.284562355  -412.352472205  -412.209030795
   351.500  -412.400008824  -412.348544739  -412.281740895  -412.348544739  -412.209595867
   352.000  -412.376802903  -412.324015371  -412.258294971  -412.324015371  -412.208426779
   352.500  -412.354232770  -412.300125021  -412.235490879  -412.300125021  -412.206101258
   353.000  -412.363518624  -412.308098177  -412.244553464  -412.308098177  -412.207087241
   353.500  -412.392306425  -412.335564580  -412.273053939  -412.335564580  -412.209100426
   354.000  -412.410303766  -412.352211528  -412.290598933  -412.352211528  -412.209141964
   354.500  -412.411556959  -412.352074435  -412.291171461  -412.352074435  -412.208460461
   355.000  -412.403294057  -412.342381826  -412.281987808  -412.342381826  -412.207978460
   355.500  -412.391845436  -412.329474705  -412.269405117  -412.329474705  -412.207760234
   356.000  -412.380279018  -412.316436164  -412.256539346  -412.316436164  -412.207676404
   356.500  -412.369803400  -412.304488838  -412.244653957  -412.304488838  -412.207631258
   357.000  -412.361080703  -412.294304572  -412.234465319  -412.294304572  -412.207577489
   357.500  -412.354901085  -412.286681345  -412.226813900  -412.286681345  -412.207507193
   358.000  -412.352277929  -412.282647280  -412.222756868  -412.282647280  -412.207446027
   358.500  -412.354075481  -412.283097022  -412.223192897  -412.283097022  -412.207428706
   359.000  -412.360504712  -412.288295074  -412.228352647  -412.288295074  -412.207474331
   359.500  -412.370838736  -412.297583334  -412.237515640  -412.297583334  -412.207596806
   360.000  -412.383189684  -412.309141741  -412.248792350  -412.309141741  -412.207853236
   360.500  -412.393784294  -412.319236527  -412.258414726  -412.319236527  -412.208352700
   361.000  -412.395811679  -412.321053472  -412.259587630  -412.321053472  -412.209088277
   361.500  -412.380838025  -412.306112446  -412.243899520  -412.306112446  -412.209334830
   362.000  -412.350750387  -412.276226549  -412.213257394  -412.276226549  -412.207594213
   362.500  -412.334164644  -412.259933315  -412.196290756  -412.259933315  -412.205790651
   363.000  -412.354842934  -412.280932361  -412.216735769  -412.280932361  -412.207671406
   363.500  -412.388198949  -412.314583748  -412.249904515  -412.314583748  -412.209292627
   364.000  -412.407269573  -412.333859747  -412.268709193  -412.333859747  -412.208989609
   364.500  -412.411245056  -412.337881861  -412.272271367  -412.337881861  -412.208301885
   365.000  -412.408047882  -412.334520608  -412.268517523  -412.334520608  -412.207897707
   365.500  -412.403121146  -412.329192886  -412.262944384  -412.329192886  -412.207727646
   366.000  -412.398891310  -412.324320622  -412.258046630  -412.324320622  -412.207644489
   366.500  -412.396529994  -412.321084441  -412.255048705  -412.321084441  -412.207586459
   367.000  -412.396809578  -412.320276004  -412.254746735  -412.320276004  -412.207561455
   367.500  -412.400036038  -412.322230947  -412.257434627  -412.322230947  -412.207579515
   368.000  -412.405939312  -412.326719428  -412.262803023  -412.326719428  -412.207616451
   368.500  -412.413990177  -412.333262246  -412.270265062  -412.333262246  -412.207643964
   369.000  -412.423766475  -412.341495760  -412.279336091  -412.341495760  -412.207672096
   369.500  -412.434791263  -412.351010544  -412.289480675  -412.351010544  -412.207764321
   370.000  -412.445630627  -412.360450568  -412.299218539  -412.360450568  -412.208034385
   370.500  -412.452372560  -412.365993927  -412.304608981  -412.365993927  -412.208604816
   371.000  -412.447481202  -412.360200818  -412.298116725  -412.360200818  -412.209325331
   371.500  -412.423664516  -412.335869756  -412.272496904  -412.335869756  -412.209074422
   372.000  -412.390515457  -412.302663485  -412.237447103  -412.302663485  -412.206750506
   372.500  -412.382363706  -412.294956629  -412.227414076  -412.294956629  -412.206108339
   373.000  -412.407339664  -412.320916564  -412.250534374  -412.320916564  -412.208581082
   373.500  -412.431158942  -412.346313803  -412.272418781  -412.346313803  -412.209474873
   374.000  -412.435129229  -412.352591349  -412.274375373  -412.352591349  -412.208813436
   374.500  -412.423758385  -412.345105101  -412.261678473  -412.345105101  -412.208047858
   375.000  -412.407082158  -412.332147882  -412.244198035  -412.332147882  -412.207489096
   375.500  -412.391101693  -412.319146933  -412.227104656  -412.319146933  -412.207284320
   376.000  -412.378287966  -412.309452595  -412.213117390  -412.309452595  -412.207215246
   376.500  -412.369800161  -412.304194682  -412.203471315  -412.304194682  -412.207242471
   377.000  -412.365392890  -412.303051286  -412.198033559  -412.303051286  -412.207325936
   377.500  -412.363982652  -412.304863715  -412.195864050  -412.304863715  -412.207392303
   378.000  -412.364697603  -412.308679441  -412.196249544  -412.308679441  -412.207400142
   378.500  -412.367490818  -412.314365630  -412.199288451  -412.314365630  -412.207372826
   379.000  -412.372823771  -412.322303883  -412.205541900  -412.322303883  -412.207377144
   379.500  -412.380680301  -412.332418402  -412.215021438  -412.332418402  -412.207509290
   380.000  -412.389176050  -412.342792496  -412.225797161  -412.342792496  -412.207896483
   380.500  -412.392948082  -412.348056656  -412.232415107  -412.348056656  -412.208612455
   381.000  -412.383092620  -412.339319664  -412.225883400  -412.339319664  -412.209214265
   381.500  -412.355528991  -412.312524389  -412.202076457  -412.312524389  -412.208156725
   382.000  -412.330909582  -412.288351306  -412.181643115  -412.288351306  -412.205762872
   382.500  -412.341662042  -412.299254209  -412.196956909  -412.299254209  -412.206862764
   383.000  -412.373400211  -412.330864217  -412.233417721  -412.330864217  -412.209202385
   383.500  -412.390668845  -412.347733973  -412.255269130  -412.347733973  -412.209296769
   384.000  -412.386127889  -412.342472531  -412.254545421  -412.342472531  -412.208564344
   384.500  -412.368778000  -412.324131615  -412.240708730  -412.324131615  -412.207845942
   385.000  -412.348584603  -412.302621852  -412.223258073  -412.302621852  -412.207420309
   385.500  -412.331828507  -412.284204968  -412.208369110  -412.284204968  -412.207241864
   386.000  -412.321255043  -412.271620524  -412.198753101  -412.271620524  -412.207246012
   386.500  -412.316859826  -412.264875046  -412.194427963  -412.264875046  -412.207340240
   387.000  -412.317203475  -412.262558834  -412.194015315  -412.262558834  -412.207424406
   387.500  -412.320890166  -412.263322511  -412.196196934  -412.263322511  -412.207446796
   388.000  -412.327391058  -412.266698695  -412.200526157  -412.266698695  -412.207419841
   388.500  -412.336927537  -412.272982553  -412.207305912  -412.272982553  -412.207394192
   389.000  -412.349741643  -412.282499215  -412.216859593  -412.282499215  -412.207440293
   389.500  -412.365049814  -412.294553770  -412.228488158  -412.294553770  -412.207655447
   390.000  -412.379682766  -412.306066527  -412.239114013  -412.306066527  -412.208158642
   390.500  -412.386780445  -412.310263584  -412.241982812  -412.310263584  -412.208912984
   391.000  -412.377704854  -412.298585292  -412.228584978  -412.298585292  -412.209107562
   391.500  -412.355121183  -412.273763279  -412.201740899  -412.273763279  -412.207271899
   392.000  -412.348367656  -412.265186738  -412.190951205  -412.265186738  -412.205739586
   392.500  -412.377227213  -412.292670753  -412.216104555  -412.292670753  -412.207896623
   393.000  -412.412883669  -412.327416238  -412.248392031  -412.327416238  -412.209453902
   393.500  -412.428606033  -412.342705301  -412.261042292  -412.342705301  -412.209066861
   394.000  -412.424942552  -412.339095868  -412.254566159  -412.339095868  -412.208249786
   394.500  -412.411930009  -412.326621461  -412.238973993  -412.326621461  -412.207655091
   395.000  -412.397920330  -412.313607443  -412.222602726  -412.313607443  -412.207352013
   395.500  -412.387421215  -412.304500198  -412.209958870  -412.304500198  -412.207290183
   396.000  -412.381548872  -412.300285770  -412.202156602  -412.300285770  -412.207371311
   396.500  -412.379548568  -412.299787244  -412.198366022  -412.299787244  -412.207576417
   397.000  -412.380993609  -412.300900898  -412.198336756  -412.300900898  -412.206818460
   397.500  -412.382762902  -412.305089911  -412.201581134  -412.305089911  -412.206836158
   398.000  -412.386382416  -412.311535975  -412.207289631  -412.311535975  -412.206802712
   398.500  -412.392440266  -412.320692254  -412.215842710  -412.320692254  -412.206806390
   399.000  -412.400944823  -412.332493065  -412.227128942  -412.332493065  -412.206923476
   399.500  -412.410274090  -412.345222806  -412.239476966  -412.345222806  -412.207259911
   400.000  -412.415781972  -412.354136474  -412.248254886  -412.354136474  -412.207905387
   400.500  -412.409252703  -412.350924164  -412.245298312  -412.350924164  -412.208583538
   401.000  -412.384612237  -412.329433827  -412.224590745  -412.329433827  -412.208008164
   401.500  -412.355778320  -412.303522912  -412.200104361  -412.303522912  -412.205652245
   402.000  -412.356015055  -412.306431698  -412.205123309  -412.306431698  -412.205776034
   402.500  -412.383535212  -412.336403666  -412.237763879  -412.336403666  -412.208198769
   403.000  -412.403630080  -412.358770107  -412.263099392  -412.358770107  -412.208746250
   403.500  -412.402657030  -412.359887508  -412.267243558  -412.359887508  -412.208047634
   404.000  -412.387177887  -412.346286782  -412.256554155  -412.346286782  -412.207335899
   404.500  -412.366609067  -412.327335756  -412.240303771  -412.327335756  -412.206873319
   405.000  -412.347653805  -412.309677400  -412.225114677  -412.309677400  -412.206626046
   405.500  -412.334037016  -412.296977522  -412.214691152  -412.296977522  -412.206560070
   406.000  -412.326850193  -412.290282629  -412.210153579  -412.290282629  -412.206618490
   406.500  -412.325346247  -412.288820895  -412.210810648  -412.288820895  -412.206706580
   407.000  -412.328269967  -412.291329272  -412.215460862  -412.291329272  -412.206754315
   407.500  -412.334879893  -412.297066863  -412.223386650  -412.297066863  -412.206756103
   408.000  -412.345087228  -412.305943783  -412.234480866  -412.305943783  -412.206750545
   408.500  -412.358923076  -412.317983358  -412.248715118  -412.317983358  -412.206795246
   409.000  -412.375698937  -412.332480735  -412.265315207  -412.332480735  -412.206964521
   409.500  -412.392939373  -412.346941075  -412.281714716  -412.346941075  -412.207354682
   410.000  -412.405196666  -412.355902124  -412.292395662  -412.355902124  -412.207999701
   410.500  -412.404360165  -412.351256033  -412.289226595  -412.351256033  -412.208484659
   411.000  -412.387002789  -412.329607054  -412.268832007  -412.329607054  -412.207565635
   411.500  -412.370140132  -412.308039241  -412.248347288  -412.308039241  -412.205552726
   412.000  -412.380919225  -412.313804984  -412.255055318  -412.313804984  -412.206215132
   412.500  -412.410759922  -412.338460348  -412.280481681  -412.338460348  -412.208149368
   413.000  -412.431130202  -412.353632827  -412.296205838  -412.353632827  -412.208421794
   413.500  -412.433294957  -412.350761060  -412.293655443  -412.350761060  -412.207861164
   414.000  -412.422623267  -412.335386944  -412.278399269  -412.335386944  -412.207356121
   414.500  -412.405735173  -412.314287033  -412.257253645  -412.314287033  -412.207018754
   415.000  -412.387573557  -412.292533751  -412.235324348  -412.292533751  -412.206759101
   415.500  -412.372093039  -412.274184516  -412.216687732  -412.274184516  -412.206558722
   416.000  -412.362318328  -412.262346685  -412.204461408  -412.262346685  -412.206474913
   416.500  -412.359482051  -412.258327211  -412.199961771  -412.258327211  -412.206528926
   417.000  -412.362734193  -412.261340528  -412.202418782  -412.261340528  -412.206648696
   417.500  -412.370168798  -412.269521145  -412.209985494  -412.269521145  -412.206746034
   418.000  -412.380142489  -412.281222959  -412.221028988  -412.281222959  -412.206795872
   418.500  -412.391736211  -412.295470930  -412.234572079  -412.295470930  -412.206832699
   419.000  -412.404321255  -412.311528046  -412.249856141  -412.311528046  -412.206919207
   419.500  -412.416658445  -412.328005030  -412.265451356  -412.328005030  -412.207141438
   420.000  -412.425708022  -412.341684196  -412.278087527  -412.341684196  -412.207599696
   420.500  -412.425565498  -412.346471286  -412.281616141  -412.346471286  -412.208235969
   421.000  -412.409509151  -412.335458474  -412.269088080  -412.335458474  -412.208282550
   421.500  -412.381912387  -412.312850235  -412.244692954  -412.312850235  -412.206547253
   422.000  -412.369880489  -412.305606674  -412.235400908  -412.305606674  -412.205313039
   422.500  -412.389324625  -412.329514467  -412.257006897  -412.329514467  -412.207279744
   423.000  -412.414163653  -412.358386842  -412.283314535  -412.358386842  -412.208653520
   423.500  -412.421224391  -412.368973245  -412.291070046  -412.368973245  -412.208322042
   424.000  -412.410989854  -412.361711723  -412.280738911  -412.361711723  -412.207639736
   424.500  -412.391721384  -412.344844286  -412.260616511  -412.344844286  -412.207169655
   425.000  -412.370002512  -412.324952318  -412.237343599  -412.324952318  -412.206889410
   425.500  -412.350018584  -412.306231305  -412.215161934  -412.306231305  -412.206694653
   426.000  -412.334700201  -412.291635008  -412.197050400  -412.291635008  -412.206556409
   426.500  -412.326051297  -412.283205554  -412.185059498  -412.283205554  -412.206513626
   427.000  -412.324630192  -412.281554696  -412.179806514  -412.281554696  -412.206585748
   427.500  -412.329336630  -412.285643295  -412.180270439  -412.285643295  -412.206715031
   428.000  -412.338232723  -412.293593491  -412.184612671  -412.293593491  -412.206818712
   428.500  -412.349720451  -412.303858024  -412.191348379  -412.303858024  -412.206866762
   429.000  -412.362999544  -412.315677442  -412.199797807  -412.315677442  -412.206902896
   429.500  -412.377455933  -412.328475259  -412.209471101  -412.328475259  -412.207034595
   430.000  -412.391125051  -412.340339626  -412.218539679  -412.340339626  -412.207418125
   430.500  -412.398648308  -412.346018097  -412.221832003  -412.346018097  -412.208145512
   431.000  -412.391083778  -412.336626756  -412.210608215  -412.336626756  -412.208748817
   431.500  -412.365255888  -412.308654671  -412.181606134  -412.308654671  -412.207529245
   432.000  -412.344449222  -412.285271934  -412.158107368  -412.285271934  -412.205032937
   432.500  -412.362217031  -412.300128804  -412.173785149  -412.300128804  -412.206319799
   433.000  -412.401846511  -412.336570644  -412.211914163  -412.336570644  -412.208623358
   433.500  -412.427806965  -412.359100816  -412.236848867  -412.359100816  -412.208637710
   434.000  -412.433433856  -412.361088317  -412.241813765  -412.361088317  -412.207861285
   434.500  -412.426994197  -412.350834519  -412.234993464  -412.350834519  -412.207300652
   435.000  -412.415935613  -412.335829688  -412.223766657  -412.335829688  -412.207017412
   435.500  -412.404336455  -412.320211597  -412.212147006  -412.320211597  -412.206865184
   436.000  -412.394468588  -412.306327746  -412.202341808  -412.306327746  -412.206745168
   436.500  -412.388087574  -412.296021467  -412.196045767  -412.296021467  -412.206647799
   437.000  -412.386552720  -412.290747163  -412.194576255  -412.290747163  -412.206617893
   437.500  -412.390227663  -412.290966133  -412.198294289  -412.290966133  -412.206671294
   438.000  -412.398281075  -412.295942638  -412.206414819  -412.295942638  -412.206757995
   438.500  -412.409364973  -412.304416892  -412.217672010  -412.304416892  -412.206829427
   439.000  -412.422280652  -412.315264045  -412.230956287  -412.315264045  -412.206919812
   439.500  -412.435517002  -412.327027756  -412.244827433  -412.327027756  -412.207156035
   440.000  -412.445552526  -412.336219694  -412.255805178  -412.336219694  -412.207691988
   440.500  -412.445107608  -412.335574285  -412.256626974  -412.335574285  -412.208476977
   441.000  -412.425309813  -412.316217817  -412.238428760  -412.316217817  -412.208609037
   441.500  -412.389987060  -412.281966395  -412.205053662  -412.281966395  -412.206569414
   442.000  -412.371128178  -412.264786737  -412.188505897  -412.264786737  -412.204999815
   442.500  -412.389189872  -412.285091699  -412.209211852  -412.285091699  -412.207167030
   443.000  -412.415580771  -412.314219687  -412.238484092  -412.314219687  -412.208568001
   443.500  -412.425646635  -412.327436464  -412.251557541  -412.327436464  -412.208150152
   444.000  -412.420475979  -412.325747219  -412.249429874  -412.325747219  -412.207469793
   444.500  -412.408208945  -412.317202393  -412.240165875  -412.317202393  -412.207081231
   445.000  -412.394256792  -412.307116102  -412.229101375  -412.307116102  -412.206930797
   445.500  -412.380973782  -412.297738298  -412.218502182  -412.297738298  -412.206877603
   446.000  -412.369398085  -412.289995827  -412.209298052  -412.289995827  -412.206821015
   446.500  -412.360627580  -412.284867926  -412.202459532  -412.284867926  -412.206729126
   447.000  -412.356199056  -412.283786659  -412.199417485  -412.283786659  -412.206645109
   447.500  -412.357405222  -412.287994651  -412.201441806  -412.287994651  -412.206633258
   448.000  -412.364451198  -412.297657012  -412.208733985  -412.297657012  -412.206699499
   448.500  -412.376348457  -412.311751440  -412.220325919  -412.311751440  -412.206812987
   449.000  -412.391314602  -412.328478976  -412.234488720  -412.328478976  -412.206987056
   449.500  -412.406639993  -412.345124216  -412.248579126  -412.345124216  -412.207308829
   450.000  -412.417613287  -412.356966848  -412.257946185  -412.356966848  -412.207900212
   450.500  -412.416356043  -412.356087930  -412.254752717  -412.356087930  -412.208675405
   451.000  -412.394773351  -412.334283944  -412.230944620  -412.334283944  -412.208595088
   451.500  -412.360309419  -412.299107834  -412.194321821  -412.299107834  -412.206218301
   452.000  -412.348597755  -412.286570623  -412.181077621  -412.286570623  -412.205053060
   452.500  -412.374637123  -412.311715434  -412.206286888  -412.311715434  -412.207574575
   453.000  -412.404555228  -412.340574992  -412.235884012  -412.340574992  -412.208720230
   453.500  -412.416321599  -412.351084939  -412.247657707  -412.351084939  -412.208131020
   454.000  -412.413564291  -412.346908600  -412.245136531  -412.346908600  -412.207426547
   454.500  -412.404840773  -412.336666902  -412.236824878  -412.336666902  -412.207057354
   455.000  -412.395145273  -412.325419306  -412.227678611  -412.325419306  -412.206930780
   455.500  -412.386247379  -412.314991369  -412.219425379  -412.314991369  -412.206897026
   456.000  -412.378643593  -412.305919292  -412.212517926  -412.305919292  -412.206843154
   456.500  -412.373141404  -412.299035893  -412.207719371  -412.299035893  -412.206719742
   457.000  -412.371527029  -412.296141443  -412.206780567  -412.296141443  -412.206570233
   457.500  -412.375895343  -412.299343739  -412.211774256  -412.299343739  -412.206508407
   458.000  -412.387065001  -412.309480081  -412.223517411  -412.309480081  -412.206603292
   458.500  -412.403613731  -412.325158256  -412.240601891  -412.325158256  -412.206818246
   459.000  -412.422352726  -412.343222809  -412.259858595  -412.343222809  -412.207103035
   459.500  -412.439021853  -412.359442474  -412.277033705  -412.359442474  -412.207515478
   460.000  -412.447720250  -412.367924949  -412.286212326  -412.367924949  -412.208168235
   460.500  -412.440172435  -412.360380601  -412.279096093  -412.360380601  -412.208800251
   461.000  -412.411441594  -412.331838526  -412.250746961  -412.331838526  -412.208030981
   461.500  -412.378855646  -412.299588356  -412.218534971  -412.299588356  -412.205419931
   462.000  -412.379219889  -412.300403312  -412.219302844  -412.300403312  -412.205696195
   462.500  -412.409154217  -412.330873678  -412.249603764  -412.330873678  -412.208189508
   463.000  -412.432625688  -412.354934021  -412.273258126  -412.354934021  -412.208614620
   463.500  -412.437229804  -412.360148798  -412.277755330  -412.360148798  -412.207901638
   464.000  -412.429637751  -412.353162001  -412.269741947  -412.353162001  -412.207299608
   464.500  -412.417573054  -412.341671971  -412.256982901  -412.341671971  -412.207004152
   465.000  -412.405163719  -412.329781613  -412.243683492  -412.329781613  -412.206899635
   465.500  -412.393924806  -412.318978901  -412.231448245  -412.318978901  -412.206880375
   466.000  -412.384156221  -412.309536160  -412.220657686  -412.309536160  -412.206887122
   466.500  -412.375829469  -412.301399753  -412.211339514  -412.301399753  -412.206879332
   467.000  -412.369213630  -412.294819927  -412.203782590  -412.294819927  -412.206821501
   467.500  -412.365365802  -412.290842399  -412.199029048  -412.290842399  -412.206712230
   468.000  -412.366047586  -412.291230094  -412.198802662  -412.291230094  -412.206622773
   468.500  -412.372635628  -412.297378803  -412.204446468  -412.297378803  -412.206656320
   469.000  -412.384623068  -412.308823933  -412.215445034  -412.308823933  -412.206873744
   469.500  -412.398748019  -412.322360868  -412.228557040  -412.322360868  -412.207310808
   470.000  -412.408640450  -412.331676646  -412.237447540  -412.331676646  -412.208011719
   470.500  -412.405024443  -412.327534216  -412.232872497  -412.327534216  -412.208715508
   471.000  -412.381421670  -412.303470951  -412.208376933  -412.303470951  -412.208128434
   471.500  -412.352366712  -412.274017894  -412.178515510  -412.274017894  -412.205604992
   472.000  -412.353865831  -412.275171695  -412.179310776  -412.275171695  -412.205599193
   472.500  -412.385981805  -412.306990428  -412.210817641  -412.306990428  -412.208117416
   473.000  -412.412761227  -412.333527660  -412.237053377  -412.333527660  -412.208702160
   473.500  -412.419650837  -412.340248739  -412.243443181  -412.340248739  -412.208000910
   474.000  -412.412997499  -412.333524737  -412.236336352  -412.333524737  -412.207317274
   474.500  -412.401714128  -412.322290669  -412.224669952  -412.322290669  -412.206910674
   475.000  -412.391630887  -412.312391047  -412.214313139  -412.312391047  -412.206718913
   475.500  -412.385584418  -412.306665855  -412.208146846  -412.306665855  -412.206693606
   476.000  -412.383962539  -412.305496536  -412.206598335  -412.305496536  -412.206790431
   476.500  -412.385375518  -412.307481839  -412.208303299  -412.307481839  -412.206920652
   477.000  -412.387960423  -412.310746162  -412.211405963  -412.310746162  -412.206984693
   477.500  -412.390822118  -412.314383962  -412.215002667  -412.314383962  -412.206938153
   478.000  -412.394673190  -412.319100357  -412.219792502  -412.319100357  -412.206824074
   478.500  -412.401173615  -412.326553131  -412.227430349  -412.326553131  -412.206767327
   479.000  -412.411103267  -412.337526350  -412.238707754  -412.337526350  -412.206924192
   479.500  -412.422154256  -412.349721749  -412.251342479  -412.349721749  -412.207419192
   480.000  -412.427394931  -412.356217649  -412.258431254  -412.356217649  -412.208259993
   480.500  -412.416252576  -412.346443485  -412.249426176  -412.346443485  -412.208892449
   481.000  -412.384691926  -412.316353818  -412.220319491  -412.316353818  -412.207614004
   481.500  -412.356827654  -412.290048414  -412.195275845  -412.290048414  -412.205037042
   482.000  -412.367290477  -412.302164200  -412.208979203  -412.302164200  -412.206406605
   482.500  -412.398406210  -412.335071307  -412.243747660  -412.335071307  -412.208730358
   483.000  -412.414190942  -412.352852486  -412.263528806  -412.352852486  -412.208682360
   483.500  -412.408892728  -412.349811698  -412.262484928  -412.349811698  -412.207807162
   484.000  -412.392474100  -412.335937872  -412.250489098  -412.335937872  -412.207092211
   484.500  -412.374853359  -412.321142711  -412.237363870  -412.321142711  -412.206675727
   485.000  -412.362124180  -412.311484253  -412.229089487  -412.311484253  -412.206568088
   485.500  -412.355946733  -412.308560072  -412.227187516  -412.308560072  -412.206705761
   486.000  -412.354425573  -412.310384446  -412.229608347  -412.310384446  -412.206909713
   486.500  -412.354624764  -412.313905470  -412.233271634  -412.313905470  -412.207031652
   487.000  -412.354757545  -412.317204303  -412.236290601  -412.317204303  -412.207038674
   487.500  -412.354771614  -412.320098564  -412.238575034  -412.320098564  -412.206965378
   488.000  -412.355876285  -412.323682471  -412.241364751  -412.323682471  -412.206870114
   488.500  -412.359606909  -412.329401854  -412.246276998  -412.329401854  -412.206853261
   489.000  -412.366309878  -412.337538942  -412.253770465  -412.337538942  -412.207066855
   489.500  -412.373028289  -412.345095455  -412.260999756  -412.345095455  -412.207652369
   490.000  -412.372023204  -412.344304558  -412.260316537  -412.344304558  -412.208465613
   490.500  -412.354432366  -412.326283662  -412.242909964  -412.326283662  -412.208428425
   491.000  -412.326599590  -412.297358992  -412.215133588  -412.297358992  -412.206272145
   491.500  -412.320921169  -412.289912650  -412.209336029  -412.289912650  -412.205374441
   492.000  -412.348756860  -412.315276131  -412.236749300  -412.315276131  -412.207806362
   492.500  -412.376975368  -412.340264659  -412.264040341  -412.340264659  -412.208861421
   493.000  -412.385239379  -412.344483804  -412.270662943  -412.344483804  -412.208170152
   493.500  -412.379097751  -412.333454377  -412.261999958  -412.333454377  -412.207285899
   494.000  -412.369832107  -412.318487483  -412.249236671  -412.318487483  -412.206807583
   494.500  -412.364018421  -412.306270070  -412.238944889  -412.306270070  -412.206736856
   495.000  -412.362580725  -412.297924695  -412.232157021  -412.297924695  -412.206836461
   495.500  -412.363839251  -412.292041808  -412.227416253  -412.292041808  -412.206903386
   496.000  -412.366420183  -412.287557591  -412.223660101  -412.287557591  -412.206891080
   496.500  -412.370101220  -412.284566639  -412.221024254  -412.284566639  -412.206836747
   497.000  -412.375374524  -412.283857971  -412.220359614  -412.283857971  -412.206777248
   497.500  -412.382912750  -412.286361517  -412.222663841  -412.286361517  -412.206728409
   498.000  -412.393295179  -412.292862884  -412.228782338  -412.292862884  -412.206704333
   498.500  -412.406761120  -412.303748273  -412.239148569  -412.303748273  -412.206748311
   499.000  -412.422558445  -412.318346846  -412.253127813  -412.318346846  -412.206960927
   499.500  -412.437560865  -412.333542314  -412.267635736  -412.333542314  -412.207484940
   500.000  -412.444619936  -412.342124592  -412.275493506  -412.342124592  -412.208316768
