     0.000  -412.508556286  -412.356755215  -412.278288173  -412.278288173  -412.230685532
     0.500  -412.506118766  -412.354995424  -412.275289940  -412.275289940  -412.230707534
     1.000  -412.500923381  -412.351683146  -412.271240896  -412.271240896  -412.230613145
     1.500  -412.494783894  -412.348524195  -412.267968499  -412.267968499  -412.230405937
     2.000  -412.491074040  -412.348762175  -412.268743285  -412.268743285  -412.230316312
     2.500  -412.491433569  -412.353887033  -412.274967877  -412.274967877  -412.230538911
     3.000  -412.493182794  -412.361030528  -412.283633366  -412.283633366  -412.230885502
     3.500  -412.491937605  -412.365582379  -412.289993469  -412.289993469  -412.230995162
     4.000  -412.486672638  -412.366267457  -412.292693560  -412.292693560  -412.230743844
     4.500  -412.481266315  -412.366726601  -412.295343894  -412.295343894  -412.230471062
     5.000  -412.479549121  -412.370613022  -412.301563357  -412.301563357  -412.230611564
     5.500  -412.479580809  -412.375901076  -412.309233074  -412.309233074  -412.230956129
     6.000  -412.476356521  -412.377574844  -412.313197092  -412.313197092  -412.231044357
     6.500  -412.468211403  -412.373985137  -412.311667882  -412.311667882  -412.230822193
     7.000  -412.458049798  -412.368040262  -412.307456912  -412.307456912  -412.230512877
     7.500  -412.450265645  -412.364117019  -412.304895647  -412.304895647  -412.230340262
     8.000  -412.447367046  -412.364693934  -412.306464354  -412.306464354  -412.230389156
     8.500  -412.448613819  -412.369001097  -412.311435352  -412.311435352  -412.230583783
     9.000  -412.451054142  -412.374062187  -412.316904914  -412.316904914  -412.230785939
     9.500  -412.451626034  -412.376798681  -412.319885776  -412.319885776  -412.230873494
    10.000  -412.449092148  -412.375963457  -412.319233589  -412.319233589  -412.230765893
    10.500  -412.445146463  -412.373247678  -412.316736132  -412.316736132  -412.230540334
    11.000  -412.443027927  -412.371891629  -412.315703247  -412.315703247  -412.230502883
    11.500  -412.443260209  -412.372420445  -412.316684525  -412.316684525  -412.230799815
    12.000  -412.441867299  -412.370854714  -412.315684989  -412.315684989  -412.231099231
    12.500  -412.434962024  -412.363297340  -412.308781112  -412.308781112  -412.231007713
    13.000  -412.424258017  -412.351452114  -412.297664691  -412.297664691  -412.230532032
    13.500  -412.416739503  -412.342316341  -412.289326479  -412.289326479  -412.230164787
    14.000  -412.417530303  -412.341081325  -412.288922805  -412.288922805  -412.230342139
    14.500  -412.423996030  -412.345244541  -412.293871442  -412.293871442  -412.230772083
    15.000  -412.429530036  -412.348370764  -412.297633008  -412.297633008  -412.230975957
    15.500  -412.430350798  -412.346844398  -412.296504565  -412.296504565  -412.230903330
    16.000  -412.426866049  -412.341203993  -412.290972857  -412.290972857  -412.230710445
    16.500  -412.421655349  -412.334118445  -412.283688732  -412.283688732  -412.230509465
    17.000  -412.417665025  -412.328591963  -412.277658716  -412.277658716  -412.230369407
    17.500  -412.416973688  -412.326740605  -412.275021243  -412.275021243  -412.230359137
    18.000  -412.419744725  -412.328758062  -412.276008885  -412.276008885  -412.230492328
    18.500  -412.424110895  -412.332805135  -412.278838766  -412.278838766  -412.230655457
    19.000  -412.427879296  -412.336713326  -412.281409827  -412.281409827  -412.230671161
    19.500  -412.430977886  -412.340423538  -412.283732454  -412.283732454  -412.230526499
    20.000  -412.435414272  -412.345940343  -412.287867742  -412.287867742  -412.230503616
    20.500  -412.441360126  -412.353411962  -412.293997800  -412.293997800  -412.230807343
    21.000  -412.444577182  -412.358546162  -412.297849949  -412.297849949  -412.231157872
    21.500  -412.440369106  -412.356548616  -412.294655735  -412.294655735  -412.231120949
    22.000  -412.429683895  -412.348220514  -412.285268853  -412.285268853  -412.230636071
    22.500  -412.419746869  -412.340610610  -412.276816322  -412.276816322  -412.230173866
    23.000  -412.417258278  -412.340260300  -412.275904967  -412.275904967  -412.230211530
    23.500  -412.421827018  -412.346678419  -412.282055741  -412.282055741  -412.230564643
    24.000  -412.428217337  -412.354593114  -412.289950316  -412.289950316  -412.230803646
    24.500  -412.432378990  -412.359950880  -412.295462831  -412.295462831  -412.230823849
    25.000  -412.433452257  -412.361890818  -412.297664119  -412.297664119  -412.230734834
    25.500  -412.432465314  -412.361427336  -412.297515119  -412.297515119  -412.230638004
    26.000  -412.430827567  -412.359942556  -412.296357835  -412.296357835  -412.230570587
    26.500  -412.429661416  -412.358524252  -412.295252868  -412.295252868  -412.230533788
    27.000  -412.429702550  -412.357874958  -412.294884948  -412.294884948  -412.230523420
    27.500  -412.431332081  -412.358349907  -412.295607239  -412.295607239  -412.230526704
    28.000  -412.434784146  -412.360169916  -412.297664212  -412.297664212  -412.230494754
    28.500  -412.440782215  -412.364063530  -412.301829224  -412.301829224  -412.230414525
    29.000  -412.450439772  -412.371173082  -412.309297372  -412.309297372  -412.230465196
    29.500  -412.462736728  -412.380528749  -412.319137140  -412.319137140  -412.230814610
    30.000  -412.472575490  -412.387095942  -412.326324536  -412.326324536  -412.231226271
    30.500  -412.474234225  -412.385210469  -412.325194060  -412.325194060  -412.231279259
    31.000  -412.467269471  -412.374467053  -412.315352602  -412.315352602  -412.230872204
    31.500  -412.457750623  -412.360963339  -412.302916228  -412.302916228  -412.230417819
    32.000  -412.452298791  -412.351375024  -412.294536701  -412.294536701  -412.230368970
    32.500  -412.451863997  -412.346763843  -412.291177112  -412.291177112  -412.230565021
    33.000  -412.453530888  -412.344378295  -412.289944836  -412.289944836  -412.230663963
    33.500  -412.455240895  -412.342345913  -412.288848603  -412.288848603  -412.230646314
    34.000  -412.456603582  -412.340458332  -412.287612249  -412.287612249  -412.230606977
    34.500  -412.457745213  -412.339003527  -412.286499371  -412.286499371  -412.230583750
    35.000  -412.458705893  -412.338150772  -412.285676898  -412.285676898  -412.230587172
    35.500  -412.459258787  -412.337763344  -412.285015602  -412.285015602  -412.230621458
    36.000  -412.458887335  -412.337372457  -412.284065206  -412.284065206  -412.230659887
    36.500  -412.457228095  -412.336621277  -412.282505337  -412.282505337  -412.230627626
    37.000  -412.455133945  -412.336333594  -412.281221384  -412.281221384  -412.230457026
    37.500  -412.455445441  -412.339293307  -412.283074087  -412.283074087  -412.230245959
    38.000  -412.461276717  -412.348541672  -412.291174811  -412.291174811  -412.230309578
    38.500  -412.471662261  -412.363030259  -412.304509935  -412.304509935  -412.230766604
    39.000  -412.480232558  -412.376290740  -412.316611491  -412.316611491  -412.231217990
    39.500  -412.480832751  -412.382032826  -412.321190316  -412.321190316  -412.231205352
    40.000  -412.473902312  -412.380507518  -412.318535107  -412.318535107  -412.230785121
    40.500  -412.465498211  -412.377545688  -412.314540489  -412.314540489  -412.230522561
    41.000  -412.459502416  -412.376805734  -412.312902435  -412.312902435  -412.230685339
    41.500  -412.453934429  -412.376111144  -412.311433265  -412.311433265  -412.230871931
    42.000  -412.446084425  -412.372580052  -412.307224581  -412.307224581  -412.230784883
    42.500  -412.436858479  -412.366964111  -412.301034954  -412.301034954  -412.230547739
    43.000  -412.429423429  -412.362307588  -412.295959594  -412.295959594  -412.230378735
    43.500  -412.426106235  -412.360868186  -412.294327805  -412.294327805  -412.230368727
    44.000  -412.426936176  -412.362666309  -412.296224103  -412.296224103  -412.230485240
    44.500  -412.430039101  -412.365872718  -412.299850378  -412.299850378  -412.230656826
    45.000  -412.432732678  -412.367886992  -412.302598369  -412.302598369  -412.230815398
    45.500  -412.432683822  -412.366480620  -412.302195022  -412.302195022  -412.230873244
    46.000  -412.429292489  -412.361170388  -412.298085562  -412.298085562  -412.230739179
    46.500  -412.424857568  -412.354378294  -412.292605855  -412.292605855  -412.230472488
    47.000  -412.423388465  -412.350239903  -412.289804378  -412.289804378  -412.230375287
    47.500  -412.426301690  -412.350299877  -412.291156168  -412.291156168  -412.230628160
    48.000  -412.430109055  -412.351197376  -412.293273019  -412.293273019  -412.230931276
    48.500  -412.430575165  -412.348818278  -412.292076928  -412.292076928  -412.230882016
    49.000  -412.428235808  -412.343812153  -412.288307183  -412.288307183  -412.230545310
    49.500  -412.427423112  -412.340626271  -412.286498971  -412.286498971  -412.230408234
    50.000  -412.429729175  -412.340979088  -412.288390999  -412.288390999  -412.230630758
    50.500  -412.431799769  -412.341643295  -412.290690705  -412.290690705  -412.230855701
    51.000  -412.430016981  -412.339095904  -412.289767800  -412.289767800  -412.230853093
    51.500  -412.424016848  -412.333007982  -412.285196631  -412.285196631  -412.230687141
    52.000  -412.416113560  -412.325665094  -412.279195271  -412.279195271  -412.230480884
    52.500  -412.409452810  -412.320134417  -412.274792565  -412.274792565  -412.230327820
    53.000  -412.406454654  -412.318732349  -412.274283206  -412.274283206  -412.230300049
    53.500  -412.407666944  -412.321899019  -412.278093350  -412.278093350  -412.230420019
    54.000  -412.411443297  -412.327891515  -412.284470703  -412.284470703  -412.230625146
    54.500  -412.414915628  -412.333762408  -412.290463122  -412.290463122  -412.230785529
    55.000  -412.415962895  -412.337327613  -412.293888183  -412.293888183  -412.230775835
    55.500  -412.414977000  -412.338927228  -412.295096188  -412.295096188  -412.230617885
    56.000  -412.414347504  -412.340902728  -412.296446184  -412.296446184  -412.230561540
    56.500  -412.414976922  -412.344102546  -412.298808906  -412.298808906  -412.230761027
    57.000  -412.414367855  -412.345961689  -412.299654930  -412.299654930  -412.230937814
    57.500  -412.410424354  -412.344298431  -412.296863469  -412.296863469  -412.230759174
    58.000  -412.405834147  -412.341703251  -412.293114598  -412.293114598  -412.230388028
    58.500  -412.405669535  -412.343159488  -412.293486136  -412.293486136  -412.230322619
    59.000  -412.410730874  -412.349408225  -412.298771990  -412.298771990  -412.230613760
    59.500  -412.416760684  -412.356165444  -412.304686902  -412.304686902  -412.230851337
    60.000  -412.419885919  -412.359545131  -412.307316402  -412.307316402  -412.230851026
    60.500  -412.419586173  -412.359007772  -412.306091562  -412.306091562  -412.230723170
    61.000  -412.417478452  -412.356136780  -412.302574689  -412.302574689  -412.230595191
    61.500  -412.415473199  -412.352797715  -412.298611435  -412.298611435  -412.230511227
    62.000  -412.414991947  -412.350364804  -412.295548085  -412.295548085  -412.230467650
    62.500  -412.416898856  -412.349665728  -412.294171150  -412.294171150  -412.230464095
    63.000  -412.421440760  -412.350940300  -412.294667655  -412.294667655  -412.230514152
    63.500  -412.428067336  -412.353680417  -412.296477045  -412.296477045  -412.230594802
    64.000  -412.435809167  -412.357021225  -412.298700175  -412.298700175  -412.230618360
    64.500  -412.444408618  -412.360869202  -412.301245030  -412.301245030  -412.230573452
    65.000  -412.454252001  -412.365810459  -412.304745350  -412.304745350  -412.230651473
    65.500  -412.463842765  -412.370553041  -412.307994911  -412.307994911  -412.230938450
    66.000  -412.468997081  -412.371091764  -412.307100329  -412.307100329  -412.231117447
    66.500  -412.467301632  -412.365141816  -412.299912852  -412.299912852  -412.230856563
    67.000  -412.462535952  -412.356559947  -412.290435292  -412.290435292  -412.230345196
    67.500  -412.461775979  -412.352479856  -412.285912477  -412.285912477  -412.230162995
    68.000  -412.467496795  -412.355455752  -412.288924803  -412.288924803  -412.230427431
    68.500  -412.475842004  -412.361740277  -412.295663443  -412.295663443  -412.230703001
    69.000  -412.482363303  -412.366990290  -412.301685902  -412.301685902  -412.230758141
    69.500  -412.485663727  -412.369877727  -412.305568581  -412.305568581  -412.230684496
    70.000  -412.486482945  -412.371159931  -412.307991216  -412.307991216  -412.230613500
    70.500  -412.485817844  -412.371804704  -412.309851400  -412.309851400  -412.230601123
    71.000  -412.484012287  -412.372086186  -412.311350011  -412.311350011  -412.230640500
    71.500  -412.480800465  -412.371629711  -412.312039115  -412.312039115  -412.230689490
    72.000  -412.475904800  -412.370011270  -412.311436102  -412.311436102  -412.230693404
    72.500  -412.469820739  -412.367555910  -412.309834464  -412.309834464  -412.230610070
    73.000  -412.464341910  -412.365884999  -412.308859216  -412.308859216  -412.230460075
    73.500  -412.462035138  -412.367415171  -412.310958753  -412.310958753  -412.230401230
    74.000  -412.463808378  -412.372936860  -412.316963102  -412.316963102  -412.230637753
    74.500  -412.466235448  -412.378927486  -412.323385349  -412.323385349  -412.231072818
    75.000  -412.463214032  -412.379187336  -412.324067915  -412.324067915  -412.231282280
    75.500  -412.452027951  -412.370889198  -412.316259140  -412.316259140  -412.230980604
    76.000  -412.437250672  -412.358491607  -412.304523017  -412.304523017  -412.230426229
    76.500  -412.426788536  -412.349814072  -412.296763373  -412.296763373  -412.230232827
    77.000  -412.423494731  -412.347681623  -412.295800481  -412.295800481  -412.230470871
    77.500  -412.424015227  -412.348767378  -412.298211591  -412.298211591  -412.230677677
    78.000  -412.424882102  -412.349654988  -412.300454791  -412.300454791  -412.230679085
    78.500  -412.425438837  -412.349740387  -412.301825146  -412.301825146  -412.230605365
    79.000  -412.426363312  -412.349747719  -412.302990404  -412.302990404  -412.230568578
    79.500  -412.427988181  -412.350051344  -412.304310055  -412.304310055  -412.230594169
    80.000  -412.429798795  -412.350174828  -412.305325113  -412.305325113  -412.230667446
    80.500  -412.430627339  -412.348981702  -412.304942350  -412.304942350  -412.230751152
    81.000  -412.429249435  -412.345263177  -412.302024560  -412.302024560  -412.230778673
    81.500  -412.425391666  -412.338732062  -412.296394685  -412.296394685  -412.230677819
    82.000  -412.420698837  -412.330977628  -412.289802625  -412.289802625  -412.230464770
    82.500  -412.418305957  -412.325029788  -412.285504578  -412.285504578  -412.230318399
    83.000  -412.420203707  -412.322734302  -412.285642328  -412.285642328  -412.230427890
    83.500  -412.424666331  -412.322233825  -412.288673350  -412.288673350  -412.230730595
    84.000  -412.427304622  -412.319157327  -412.290365052  -412.290365052  -412.230930164
    84.500  -412.425469608  -412.311136015  -412.288095054  -412.288095054  -412.230781408
    85.000  -412.421554305  -412.300951740  -412.284143779  -412.284143779  -412.230447012
    85.500  -412.420421683  -412.293883677  -412.283115125  -412.283115125  -412.230435928
    86.000  -412.423044285  -412.292008177  -412.285050305  -412.285050305  -412.230896032
    86.500  -412.425926218  -412.293742404  -412.285071049  -412.285071049  -412.230797798
    87.000  -412.426608095  -412.295001074  -412.282854734  -412.295001074  -412.230620661
    87.500  -412.423597229  -412.293651447  -412.274585365  -412.293651447  -412.230496511
    88.000  -412.420291530  -412.292444873  -412.266189117  -412.292444873  -412.230373190
    88.500  -412.418593794  -412.293092404  -412.259814540  -412.293092404  -412.230339658
    89.000  -412.419034578  -412.296083885  -412.256131288  -412.296083885  -412.230386708
    89.500  -412.420908027  -412.300722462  -412.254549892  -412.300722462  -412.230478466
    90.000  -412.422835945  -412.305652209  -412.253797130  -412.305652209  -412.230572274
    90.500  -412.423460923  -412.309528316  -412.252623094  -412.309528316  -412.230622774
    91.000  -412.421162272  -412.310451488  -412.256034142  -412.310451488  -412.229100020
    91.500  -412.418892282  -412.312028356  -412.254142821  -412.312028356  -412.229034993
    92.000  -412.416445222  -412.313608642  -412.252730248  -412.313608642  -412.229055255
    92.500  -412.413729479  -412.315033301  -412.251584504  -412.315033301  -412.229181320
    93.000  -412.409323896  -412.314826972  -412.249151893  -412.314826972  -412.229241427
    93.500  -412.402825812  -412.312574060  -412.244912885  -412.312574060  -412.229060677
    94.000  -412.397024031  -412.311108266  -412.241586783  -412.311108266  -412.228778539
    94.500  -412.395708708  -412.314315665  -412.242959849  -412.314315665  -412.228784471
    95.000  -412.398534981  -412.321974583  -412.248738618  -412.321974583  -412.229092016
    95.500  -412.400871484  -412.329578974  -412.254357062  -412.329578974  -412.229320444
    96.000  -412.398883565  -412.333402810  -412.256010625  -412.333402810  -412.229306787
    96.500  -412.392166746  -412.333115485  -412.253258080  -412.333115485  -412.229162952
    97.000  -412.382499171  -412.330509660  -412.247767384  -412.330509660  -412.229019096
    97.500  -412.371987980  -412.327605992  -412.241462351  -412.327605992  -412.228936055
    98.000  -412.362145567  -412.325647391  -412.235584617  -412.325647391  -412.228931982
    98.500  -412.353751688  -412.324780612  -412.230490352  -412.324780612  -412.229007377
    99.000  -412.347254362  -412.324102137  -412.225899529  -412.324102137  -412.229134290
    99.500  -412.343403443  -412.322260394  -412.221551557  -412.322260394  -412.229165057
   100.000  -412.342866991  -412.319240338  -412.217939262  -412.319240338  -412.229013976
   100.500  -412.345399249  -412.316894514  -412.216081408  -412.316894514  -412.228940064
   101.000  -412.349779243  -412.316101223  -412.215971379  -412.316101223  -412.229074193
   101.500  -412.353840392  -412.314731222  -412.215768288  -412.314731222  -412.228925381
   102.000  -412.352434210  -412.310212554  -412.211015899  -412.310212554  -412.229031661
   102.500  -412.345058288  -412.300913804  -412.201037568  -412.300913804  -412.228798470
   103.000  -412.335552137  -412.290680622  -412.189637795  -412.290680622  -412.228344552
   103.500  -412.330609321  -412.286140200  -412.183429531  -412.286140200  -412.228158997
   104.000  -412.333012267  -412.289947764  -412.185112045  -412.289947764  -412.228432854
   104.500  -412.339097671  -412.298225923  -412.190947483  -412.298225923  -412.228780213
   105.000  -412.343863543  -412.305618679  -412.195833222  -412.305618679  -412.228912768
   105.500  -412.345312370  -412.309601955  -412.197595958  -412.309601955  -412.228879528
   106.000  -412.344186395  -412.310238547  -412.196714284  -412.310238547  -412.228802850
   106.500  -412.342112318  -412.308492613  -412.194544231  -412.308492613  -412.228737656
   107.000  -412.340352943  -412.305299075  -412.192238487  -412.305299075  -412.228690009
   107.500  -412.339469417  -412.301386309  -412.190509087  -412.301386309  -412.228649461
   108.000  -412.339645749  -412.297431422  -412.189868154  -412.297431422  -412.228592359
   108.500  -412.341270421  -412.294407799  -412.191044053  -412.294407799  -412.228496697
   109.000  -412.345266332  -412.293811871  -412.195203314  -412.293811871  -412.228397100
   109.500  -412.352607018  -412.297097366  -412.203446899  -412.297097366  -412.228394729
   110.000  -412.362919485  -412.304230277  -412.215437343  -412.304230277  -412.228571408
   110.500  -412.373408867  -412.312613337  -412.228343231  -412.312613337  -412.228867927
   111.000  -412.379830269  -412.318077558  -412.237821918  -412.318077558  -412.229069526
   111.500  -412.379662974  -412.318086897  -412.241210883  -412.318086897  -412.228941416
   112.000  -412.375253787  -412.314916709  -412.240700823  -412.314916709  -412.228540848
   112.500  -412.372484343  -412.314349235  -412.242039304  -412.314349235  -412.228367831
   113.000  -412.373912327  -412.318829386  -412.247692959  -412.318829386  -412.228642815
   113.500  -412.375933361  -412.324625137  -412.253997799  -412.324625137  -412.228915746
   114.000  -412.374560855  -412.327580079  -412.256901695  -412.327580079  -412.228905769
   114.500  -412.369612597  -412.327252913  -412.256111238  -412.327252913  -412.228772305
   115.000  -412.363025882  -412.325187502  -412.253386402  -412.325187502  -412.228698682
   115.500  -412.356282345  -412.322351375  -412.249980411  -412.322351375  -412.228705901
   116.000  -412.349823107  -412.318668850  -412.246115325  -412.318668850  -412.228731393
   116.500  -412.343619870  -412.313826607  -412.241666214  -412.313826607  -412.228722156
   117.000  -412.337744377  -412.308040022  -412.236818343  -412.308040022  -412.228658057
   117.500  -412.332764232  -412.302377131  -412.232417679  -412.302377131  -412.228543801
   118.000  -412.329930316  -412.298661232  -412.230010215  -412.298661232  -412.228425773
   118.500  -412.330619482  -412.298694796  -412.231176022  -412.298694796  -412.228408725
   119.000  -412.334855078  -412.302721771  -412.236029979  -412.302721771  -412.228573512
   119.500  -412.340200687  -412.308352875  -412.242139188  -412.308352875  -412.228862368
   120.000  -412.342749016  -412.311513823  -412.245446253  -412.311513823  -412.229107635
   120.500  -412.341831606  -412.309459576  -412.241854223  -412.309459576  -412.228629289
   121.000  -412.335236903  -412.305106740  -412.236700059  -412.305106740  -412.228189200
   121.500  -412.331647261  -412.304273804  -412.234922720  -412.304273804  -412.227882889
   122.000  -412.335418051  -412.311183096  -412.240460077  -412.311183096  -412.228178855
   122.500  -412.342516772  -412.321656695  -412.248978035  -412.321656695  -412.228661645
   123.000  -412.345983503  -412.328468716  -412.253215938  -412.328468716  -412.228797606
   123.500  -412.343578629  -412.328868280  -412.250557372  -412.328868280  -412.228639157
   124.000  -412.337891952  -412.324585528  -412.243094058  -412.324585528  -412.228443836
   124.500  -412.332442022  -412.318360134  -412.233973614  -412.318360134  -412.228315233
   125.000  -412.328796710  -412.312023086  -412.225036695  -412.312023086  -412.228267794
   125.500  -412.326631138  -412.306245870  -412.216682805  -412.306245870  -412.228258829
   126.000  -412.325334029  -412.301230161  -412.208960963  -412.301230161  -412.228217009
   126.500  -412.325133513  -412.297681246  -412.202587338  -412.297681246  -412.228119245
   127.000  -412.327273443  -412.297104889  -412.199164824  -412.297104889  -412.228013791
   127.500  -412.333173979  -412.301039431  -412.200355491  -412.301039431  -412.228005132
   128.000  -412.342902705  -412.309538672  -412.206352677  -412.309538672  -412.228168517
   128.500  -412.354141845  -412.320125640  -412.214837848  -412.320125640  -412.228478009
   129.000  -412.362710294  -412.328287205  -412.221516443  -412.328287205  -412.228804542
   129.500  -412.364701081  -412.329607486  -412.222269283  -412.329607486  -412.228913916
   130.000  -412.360033133  -412.323396198  -412.216747037  -412.323396198  -412.228546186
   130.500  -412.355440463  -412.315880486  -412.211440443  -412.315880486  -412.227916528
   131.000  -412.360226057  -412.316186256  -412.215543542  -412.316186256  -412.227837634
   131.500  -412.375257723  -412.325382381  -412.229979444  -412.325382381  -412.228378665
   132.000  -412.392175431  -412.335546494  -412.246550085  -412.335546494  -412.228785621
   132.500  -412.403623337  -412.339824660  -412.258067685  -412.339824660  -412.228804978
   133.000  -412.407840097  -412.336912940  -412.262865852  -412.336912940  -412.228631247
   133.500  -412.406488944  -412.328842056  -412.262605266  -412.328842056  -412.228429756
   134.000  -412.402119493  -412.318435971  -412.259762708  -412.318435971  -412.228269350
   134.500  -412.396935439  -412.308090093  -412.256441654  -412.308090093  -412.228171212
   135.000  -412.392386407  -412.299371824  -412.254003325  -412.299371824  -412.228118162
   135.500  -412.389369178  -412.293222293  -412.253284535  -412.293222293  -412.228071269
   136.000  -412.388713138  -412.290442775  -412.255085596  -412.290442775  -412.228025182
   136.500  -412.391194088  -412.291705638  -412.260171232  -412.291705638  -412.228038537
   137.000  -412.396723169  -412.296716403  -412.268445907  -412.296716403  -412.228187697
   137.500  -412.403552591  -412.303153001  -412.278255560  -412.303153001  -412.228452595
   138.000  -412.408095607  -412.307657149  -412.285909236  -412.307657149  -412.228709149
   138.500  -412.406414981  -412.306823401  -412.287024458  -412.306823401  -412.228883131
   139.000  -412.397062471  -412.298951228  -412.280031581  -412.298951228  -412.228629776
   139.500  -412.384600955  -412.288814771  -412.269207954  -412.288814771  -412.227905445
   140.000  -412.378702561  -412.287552828  -412.263255672  -412.287552828  -412.227019463
   140.500  -412.383465791  -412.301090787  -412.267423232  -412.301090787  -412.228471522
   141.000  -412.392788079  -412.316325474  -412.279949374  -412.316325474  -412.228866231
   141.500  -412.398409518  -412.327520608  -412.289291821  -412.327520608  -412.228943533
   142.000  -412.397807479  -412.332408392  -412.292376779  -412.332408392  -412.228818395
   142.500  -412.392157640  -412.332136806  -412.290111183  -412.332136806  -412.228691169
   143.000  -412.383282824  -412.328426202  -412.284116455  -412.328426202  -412.228583799
   143.500  -412.372974793  -412.322947708  -412.276029749  -412.322947708  -412.228467774
   144.000  -412.363198968  -412.317560757  -412.267720443  -412.317560757  -412.228349937
   144.500  -412.355917973  -412.314155406  -412.261125900  -412.314155406  -412.228264330
   145.000  -412.352532528  -412.314096887  -412.257688330  -412.314096887  -412.228250769
   145.500  -412.353257848  -412.317592890  -412.257712762  -412.317592890  -412.228333193
   146.000  -412.356805072  -412.323361183  -412.260024769  -412.323361183  -412.228488386
   146.500  -412.360765389  -412.329000190  -412.262337617  -412.329000190  -412.228669648
   147.000  -412.362376177  -412.331731460  -412.262027882  -412.331731460  -412.228865752
   147.500  -412.359053735  -412.328240881  -412.259039834  -412.328240881  -412.228158569
   148.000  -412.349801797  -412.319073100  -412.247639128  -412.319073100  -412.228029362
   148.500  -412.337528471  -412.306326690  -412.233118084  -412.306326690  -412.227483096
   149.000  -412.330869830  -412.298600713  -412.224158020  -412.298600713  -412.226980340
   149.500  -412.336969313  -412.303008273  -412.227900606  -412.303008273  -412.227247458
   150.000  -412.352120777  -412.315839012  -412.240572768  -412.315839012  -412.227889161
   150.500  -412.366786711  -412.327576595  -412.252522369  -412.327576595  -412.228154455
   151.000  -412.376005037  -412.333288719  -412.258663286  -412.333288719  -412.228041011
   151.500  -412.380479593  -412.333705350  -412.259589550  -412.333705350  -412.227846276
   152.000  -412.382671333  -412.331308219  -412.257655481  -412.331308219  -412.227720014
   152.500  -412.384356658  -412.328674075  -412.254282334  -412.328674075  -412.228437574
   153.000  -412.386634913  -412.325370687  -412.251681495  -412.325370687  -412.228346167
   153.500  -412.390953177  -412.323721039  -412.250573892  -412.323721039  -412.228211387
   154.000  -412.399227573  -412.325743950  -412.252963357  -412.325743950  -412.228130472
   154.500  -412.412439704  -412.332548781  -412.259959002  -412.332548781  -412.228208367
   155.000  -412.429193787  -412.342893123  -412.270325345  -412.342893123  -412.228422237
   155.500  -412.446043799  -412.353504561  -412.280797704  -412.353504561  -412.228664669
   156.000  -412.459055883  -412.360633632  -412.287629078  -412.360633632  -412.228875725
   156.500  -412.464882754  -412.361114253  -412.287654044  -412.361114253  -412.229035877
   157.000  -412.461418426  -412.352999570  -412.278940378  -412.352999570  -412.229021038
   157.500  -412.449855027  -412.337597507  -412.262851034  -412.337597507  -412.228584247
   158.000  -412.437681145  -412.322458881  -412.247043142  -412.322458881  -412.227867912
   158.500  -412.435463632  -412.318179808  -412.242224711  -412.318179808  -412.227727097
   159.000  -412.445197542  -412.326793477  -412.250454348  -412.326793477  -412.228330499
   159.500  -412.458158336  -412.339634170  -412.262973320  -412.339634170  -412.228815823
   160.000  -412.466263709  -412.348663834  -412.271606012  -412.348663834  -412.228856071
   160.500  -412.467682495  -412.352043712  -412.274424163  -412.352043712  -412.228703824
   161.000  -412.464022275  -412.351313250  -412.272955969  -412.351313250  -412.228566355
   161.500  -412.457236523  -412.348311779  -412.269080255  -412.348311779  -412.228480308
   162.000  -412.448824534  -412.344402259  -412.264200818  -412.344402259  -412.228403581
   162.500  -412.440250225  -412.340912479  -412.259651277  -412.340912479  -412.228310090
   163.000  -412.433186204  -412.339384808  -412.256939481  -412.339384808  -412.228240715
   163.500  -412.428892577  -412.340938479  -412.257137506  -412.340938479  -412.228256541
   164.000  -412.427355949  -412.345388770  -412.260039399  -412.345388770  -412.228363321
   164.500  -412.427170850  -412.351129027  -412.264071350  -412.351129027  -412.228528382
   165.000  -412.426011308  -412.355621705  -412.266790567  -412.355621705  -412.228727453
   165.500  -412.421082015  -412.355876501  -412.265347981  -412.355876501  -412.228935934
   166.000  -412.409682798  -412.349032639  -412.257039675  -412.349032639  -412.229062669
   166.500  -412.390846598  -412.333997057  -412.240922177  -412.333997057  -412.228873474
   167.000  -412.368677119  -412.314779414  -412.221122769  -412.314779414  -412.228220951
   167.500  -412.353433850  -412.301576895  -412.207900863  -412.301576895  -412.227674381
   168.000  -412.352912995  -412.302172995  -412.209003965  -412.302172995  -412.227982233
   168.500  -412.362792557  -412.312295912  -412.220015250  -412.312295912  -412.228641863
   169.000  -412.372993248  -412.321974607  -412.230752841  -412.321974607  -412.228908834
   169.500  -412.378220637  -412.326072414  -412.235861726  -412.326072414  -412.228814142
   170.000  -412.378655097  -412.324989267  -412.235546533  -412.324989267  -412.228621695
   170.500  -412.376417997  -412.321128767  -412.232134343  -412.321128767  -412.228448766
   171.000  -412.373486449  -412.316940669  -412.228237200  -412.316940669  -412.228316345
   171.500  -412.371685939  -412.314023726  -412.226083887  -412.314023726  -412.228307589
   172.000  -412.372784296  -412.313056901  -412.225418001  -412.313056901  -412.228561659
   172.500  -412.374952002  -412.313399444  -412.226309579  -412.313399444  -412.228637417
   173.000  -412.377555028  -412.314283725  -412.227210342  -412.314283725  -412.228687445
   173.500  -412.379881390  -412.314991011  -412.227517400  -412.314991011  -412.228671473
   174.000  -412.382093850  -412.315671024  -412.227509266  -412.315671024  -412.228652784
   174.500  -412.384356844  -412.316484101  -412.227483450  -412.316484101  -412.228737393
   175.000  -412.385434575  -412.316203767  -412.226363358  -412.316203767  -412.228942824
   175.500  -412.382625246  -412.312145992  -412.221617027  -412.312145992  -412.229111065
   176.000  -412.374256472  -412.302652756  -412.211717696  -412.302652756  -412.228941369
   176.500  -412.363827707  -412.291222684  -412.200254311  -412.291222684  -412.228358231
   177.000  -412.360133905  -412.286636110  -412.196051564  -412.286636110  -412.228013828
   177.500  -412.367948462  -412.293658119  -412.203877240  -412.293658119  -412.228443059
   178.000  -412.381155840  -412.306185760  -412.217596146  -412.306185760  -412.229038691
   178.500  -412.390527472  -412.315010779  -412.227939516  -412.315010779  -412.229228354
   179.000  -412.392198207  -412.316269835  -412.230964156  -412.316269835  -412.229089959
   179.500  -412.387547020  -412.311313801  -412.227928339  -412.311313801  -412.228821178
   180.000  -412.380413531  -412.303925443  -412.222518220  -412.303925443  -412.228532806
   180.500  -412.375122347  -412.298350399  -412.218889998  -412.298350399  -412.228338524
   181.000  -412.374609673  -412.297433407  -412.219816888  -412.297433407  -412.228343355
   181.500  -412.378897573  -412.301105350  -412.225180181  -412.301105350  -412.228520390
   182.000  -412.385469118  -412.306776429  -412.232355475  -412.306776429  -412.228715121
   182.500  -412.391436862  -412.311523970  -412.238384901  -412.311523970  -412.228796828
   183.000  -412.395459820  -412.314023776  -412.241894277  -412.314023776  -412.228748310
   183.500  -412.398073878  -412.314882103  -412.243423279  -412.314882103  -412.228643001
   184.000  -412.400663218  -412.315593939  -412.244398344  -412.315593939  -412.228590860
   184.500  -412.403892149  -412.316952856  -412.245565982  -412.316952856  -412.228674958
   185.000  -412.406598087  -412.317919917  -412.245881047  -412.317919917  -412.228874231
   185.500  -412.406278762  -412.316090373  -412.242978138  -412.316090373  -412.229006051
   186.000  -412.401881834  -412.310469272  -412.235935203  -412.310469272  -412.228791613
   186.500  -412.397440432  -412.305107863  -412.228885384  -412.305107863  -412.228273506
   187.000  -412.400556483  -412.307613504  -412.229497654  -412.307613504  -412.228136485
   187.500  -412.412996115  -412.319783638  -412.239591874  -412.319783638  -412.228666851
   188.000  -412.427136176  -412.334057314  -412.251595742  -412.334057314  -412.229174794
   188.500  -412.434996184  -412.342510084  -412.257560478  -412.342510084  -412.229242842
   189.000  -412.434675146  -412.343260440  -412.255581997  -412.343260440  -412.229045255
   189.500  -412.428591158  -412.338712919  -412.248048892  -412.338712919  -412.228826233
   190.000  -412.419955599  -412.332043899  -412.238210733  -412.332043899  -412.228724864
   190.500  -412.411985864  -412.325416728  -412.228457440  -412.325416728  -412.229004829
   191.000  -412.407872429  -412.320228683  -412.222426885  -412.320228683  -412.228540710
   191.500  -412.405166818  -412.319692221  -412.221874897  -412.319692221  -412.228562681
   192.000  -412.405697149  -412.322687694  -412.225147145  -412.322687694  -412.228685237
   192.500  -412.407805162  -412.327362421  -412.230340614  -412.327362421  -412.228810858
   193.000  -412.409646191  -412.331755477  -412.235400584  -412.331755477  -412.228841621
   193.500  -412.410689679  -412.335214464  -412.239525340  -412.335214464  -412.228794980
   194.000  -412.411577732  -412.338223480  -412.243081823  -412.338223480  -412.228778120
   194.500  -412.412627952  -412.340925431  -412.246187153  -412.340925431  -412.228897117
   195.000  -412.412417247  -412.341752631  -412.247332761  -412.341752631  -412.229115524
   195.500  -412.408541507  -412.338215572  -412.244149319  -412.338215572  -412.229150254
   196.000  -412.401638113  -412.330926415  -412.237407813  -412.330926415  -412.228726930
   196.500  -412.398401352  -412.326610148  -412.233983951  -412.326610148  -412.228268689
   197.000  -412.405147054  -412.331680398  -412.240357654  -412.331680398  -412.228507552
   197.500  -412.418491139  -412.342936229  -412.253248801  -412.342936229  -412.229048298
   198.000  -412.430257987  -412.352439230  -412.264554857  -412.352439230  -412.229212535
   198.500  -412.436789213  -412.356772298  -412.270696669  -412.356772298  -412.229102079
   199.000  -412.438615465  -412.356670563  -412.272297707  -412.356670563  -412.229001792
   199.500  -412.436721264  -412.353266910  -412.270436024  -412.353266910  -412.228952978
   200.000  -412.431694423  -412.347238713  -412.265781157  -412.347238713  -412.228877124
   200.500  -412.424696630  -412.339779312  -412.259562444  -412.339779312  -412.228730268
   201.000  -412.418002920  -412.333153814  -412.254102147  -412.333153814  -412.228555134
   201.500  -412.414308455  -412.330017881  -412.252131303  -412.330017881  -412.228456677
   202.000  -412.415143624  -412.331852580  -412.255207678  -412.331852580  -412.228515896
   202.500  -412.419708815  -412.337808365  -412.262554506  -412.337808365  -412.228704512
   203.000  -412.425263086  -412.345095411  -412.271438088  -412.345095411  -412.228928643
   203.500  -412.428507782  -412.350357646  -412.278530807  -412.350357646  -412.229128151
   204.000  -412.426628157  -412.350685413  -412.280934772  -412.350685413  -412.229290735
   204.500  -412.418185489  -412.343446414  -412.277349052  -412.343446414  -412.228509073
   205.000  -412.403128896  -412.330679384  -412.267477697  -412.330679384  -412.227905270
   205.500  -412.387854218  -412.317980074  -412.256951026  -412.317980074  -412.227282597
   206.000  -412.381491096  -412.314159746  -412.255294148  -412.314159746  -412.227140344
   206.500  -412.386040230  -412.321208110  -412.264467700  -412.321208110  -412.227699749
   207.000  -412.393592756  -412.331250954  -412.276541011  -412.331250954  -412.228149698
   207.500  -412.396757164  -412.336937575  -412.284091034  -412.336937575  -412.228181947
   208.000  -412.393884827  -412.336635478  -412.285414686  -412.336635478  -412.228029697
   208.500  -412.386545039  -412.331900288  -412.282007559  -412.331900288  -412.227862603
   209.000  -412.376968692  -412.324929967  -412.276021662  -412.324929967  -412.227727170
   209.500  -412.367151309  -412.317680555  -412.269381736  -412.317680555  -412.227628910
   210.000  -412.358662571  -412.311687219  -412.263602257  -412.311687219  -412.227554820
   210.500  -412.352772301  -412.308196607  -412.259912936  -412.308196607  -412.227482431
   211.000  -412.350707076  -412.308424984  -412.259508217  -412.308424984  -412.227410587
   211.500  -412.353583075  -412.313486881  -412.263470385  -412.313486881  -412.227395573
   212.000  -412.361545124  -412.323525427  -412.271903863  -412.323525427  -412.227535177
   212.500  -412.372408096  -412.336343770  -412.282582883  -412.336343770  -412.227879185
   213.000  -412.381094759  -412.346834144  -412.290407991  -412.346834144  -412.228341596
   213.500  -412.381167458  -412.348504134  -412.288963218  -412.348504134  -412.228656922
   214.000  -412.369048974  -412.337696280  -412.274760169  -412.337696280  -412.228415196
   214.500  -412.349705642  -412.319279302  -412.252929164  -412.319279302  -412.227540344
   215.000  -412.336445681  -412.306466211  -412.236991235  -412.306466211  -412.226935205
   215.500  -412.338093205  -412.308010983  -412.235965997  -412.308010983  -412.227302283
   216.000  -412.349721775  -412.318944848  -412.245038321  -412.318944848  -412.227945948
   216.500  -412.361476714  -412.329242835  -412.254214179  -412.329242835  -412.228177184
   217.000  -412.367833553  -412.333607678  -412.258125833  -412.333607678  -412.228119761
   217.500  -412.369085199  -412.332576982  -412.256012136  -412.332576982  -412.228792515
   218.000  -412.366722590  -412.326713096  -412.251237489  -412.326713096  -412.228593447
   218.500  -412.364002151  -412.319689015  -412.245527137  -412.319689015  -412.228449305
   219.000  -412.363067163  -412.313646465  -412.240806656  -412.313646465  -412.228370965
   219.500  -412.365113714  -412.309838381  -412.238146310  -412.309838381  -412.228340384
   220.000  -412.370582755  -412.308830691  -412.237979215  -412.308830691  -412.228328411
   220.500  -412.379534977  -412.310878033  -412.240470874  -412.310878033  -412.228321356
   221.000  -412.391844088  -412.316097975  -412.245695971  -412.316097975  -412.228342721
   221.500  -412.406845868  -412.324098607  -412.253253195  -412.324098607  -412.228459476
   222.000  -412.422457507  -412.333066548  -412.261361936  -412.333066548  -412.228723936
   222.500  -412.434620469  -412.339182956  -412.266287673  -412.339182956  -412.229070903
   223.000  -412.438558803  -412.337864152  -412.263589939  -412.337864152  -412.229235181
   223.500  -412.432795325  -412.327782465  -412.252128956  -412.327782465  -412.228879054
   224.000  -412.423414898  -412.315146742  -412.238315524  -412.315146742  -412.228186217
   224.500  -412.420471548  -412.310125164  -412.232473939  -412.310125164  -412.228028645
   225.000  -412.426262290  -412.315127998  -412.237042752  -412.315127998  -412.228509684
   225.500  -412.433847289  -412.323306554  -412.245064434  -412.323306554  -412.228857181
   226.000  -412.437191373  -412.328647562  -412.250359547  -412.328647562  -412.228863189
   226.500  -412.435132054  -412.329904990  -412.251539034  -412.329904990  -412.228751077
   227.000  -412.428850714  -412.328076111  -412.249504289  -412.328076111  -412.228636110
   227.500  -412.420004931  -412.324566047  -412.245599999  -412.324566047  -412.228527753
   228.000  -412.410336885  -412.320832629  -412.241247296  -412.320832629  -412.228432490
   228.500  -412.401469276  -412.318214204  -412.237762121  -412.318214204  -412.228366171
   229.000  -412.394618999  -412.317666599  -412.236089903  -412.317666599  -412.228337019
   229.500  -412.390421977  -412.319606752  -412.236645979  -412.319606752  -412.228342711
   230.000  -412.388932543  -412.323922288  -412.239326753  -412.323922288  -412.228376731
   230.500  -412.389705182  -412.330056227  -412.243598807  -412.330056227  -412.228439194
   231.000  -412.391808493  -412.337016221  -412.248514091  -412.337016221  -412.228544299
   231.500  -412.393685376  -412.343224045  -412.252565169  -412.343224045  -412.228707707
   232.000  -412.393079475  -412.346427402  -412.253599324  -412.346427402  -412.228893786
   232.500  -412.387805890  -412.344453706  -412.249571285  -412.344453706  -412.228935866
   233.000  -412.378297050  -412.337739573  -412.241068309  -412.337739573  -412.228607753
   233.500  -412.370232629  -412.331952743  -412.233916298  -412.331952743  -412.228132590
   234.000  -412.370490269  -412.333949470  -412.235102292  -412.333949470  -412.228257191
   234.500  -412.377361537  -412.342003373  -412.242962791  -412.342003373  -412.228877097
   235.000  -412.382052464  -412.347303392  -412.248678261  -412.347303392  -412.229147461
   235.500  -412.379924227  -412.345184174  -412.247527105  -412.345184174  -412.228918196
   236.000  -412.373475654  -412.338110366  -412.241882011  -412.338110366  -412.228564851
   236.500  -412.367498069  -412.330845833  -412.236377236  -412.330845833  -412.228358876
   237.000  -412.364964893  -412.326362844  -412.233816394  -412.326362844  -412.228324945
   237.500  -412.366368917  -412.325188144  -412.234534001  -412.325188144  -412.228366184
   238.000  -412.370969354  -412.326651813  -412.237666108  -412.326651813  -412.228406718
   238.500  -412.377922842  -412.330011111  -412.242298775  -412.330011111  -412.228429770
   239.000  -412.386613888  -412.334771392  -412.247808672  -412.334771392  -412.228448372
   239.500  -412.396521221  -412.340540526  -412.253730518  -412.340540526  -412.228477896
   240.000  -412.407006518  -412.346813490  -412.259540871  -412.346813490  -412.228529203
   240.500  -412.417129844  -412.352848125  -412.264458850  -412.352848125  -412.228565124
   241.000  -412.425188601  -412.358298938  -412.267329441  -412.358298938  -412.229468613
   241.500  -412.430245702  -412.359589278  -412.267300131  -412.359589278  -412.229560526
   242.000  -412.430439057  -412.356082936  -412.262191023  -412.356082936  -412.229539335
   242.500  -412.426869507  -412.349014475  -412.253255168  -412.349014475  -412.229167973
   243.000  -412.425344975  -412.344194582  -412.246449810  -412.344194582  -412.228773696
   243.500  -412.431100936  -412.346854626  -412.247183852  -412.346854626  -412.229061568
   244.000  -412.440003679  -412.352887459  -412.251541127  -412.352887459  -412.229691086
   244.500  -412.442926457  -412.353233568  -412.250629200  -412.353233568  -412.229880712
   245.000  -412.436270534  -412.344414832  -412.241026764  -412.344414832  -412.229608230
   245.500  -412.423194810  -412.329787587  -412.225918917  -412.329787587  -412.229198104
   246.000  -412.409272767  -412.315169470  -412.210744846  -412.315169470  -412.228871553
   246.500  -412.398832755  -412.306066431  -412.200642177  -412.306066431  -412.229683922
   247.000  -412.394382926  -412.302335516  -412.196379744  -412.302335516  -412.229726873
   247.500  -412.395093125  -412.304347007  -412.197909476  -412.304347007  -412.229858436
   248.000  -412.399023400  -412.310097522  -412.203262735  -412.310097522  -412.230006237
   248.500  -412.403953473  -412.317290178  -412.210149875  -412.317290178  -412.230130341
   249.000  -412.408052374  -412.324013557  -412.216625230  -412.324013557  -412.230208200
   249.500  -412.410296531  -412.329158311  -412.221524788  -412.329158311  -412.230221693
   250.000  -412.410716632  -412.332665854  -412.224738510  -412.332665854  -412.230200337
   250.500  -412.409888697  -412.335024499  -412.226725394  -412.335024499  -412.230251867
   251.000  -412.407498350  -412.335835802  -412.227092985  -412.335835802  -412.230395956
   251.500  -412.402382420  -412.333861822  -412.224638929  -412.333861822  -412.230337816
   252.000  -412.396420843  -412.330924542  -412.221239658  -412.330924542  -412.229905074
   252.500  -412.395810693  -412.333196412  -412.223128481  -412.333196412  -412.229759830
   253.000  -412.402171468  -412.342315570  -412.232007540  -412.342315570  -412.230283850
   253.500  -412.407952792  -412.350774511  -412.240432308  -412.350774511  -412.230732365
   254.000  -412.405953258  -412.351396419  -412.241276980  -412.351396419  -412.230701013
   254.500  -412.395617952  -412.343610542  -412.233991508  -412.343610542  -412.230428336
   255.000  -412.380473656  -412.330894198  -412.222031106  -412.330894198  -412.230147975
   255.500  -412.364673194  -412.317334378  -412.209414991  -412.317334378  -412.229926213
   256.000  -412.351688031  -412.306334601  -412.199444327  -412.306334601  -412.229775445
   256.500  -412.343903633  -412.300219839  -412.194330661  -412.300219839  -412.229727247
   257.000  -412.342093306  -412.299717155  -412.194706290  -412.299717155  -412.229806577
   257.500  -412.345080716  -412.303623280  -412.199309609  -412.303623280  -412.229976507
   258.000  -412.350317294  -412.309385124  -412.205559859  -412.309385124  -412.230143340
   258.500  -412.355290140  -412.314507934  -412.210940882  -412.314507934  -412.230219886
   259.000  -412.358829137  -412.317858979  -412.214281211  -412.317858979  -412.230195564
   259.500  -412.361261728  -412.319809194  -412.215891204  -412.319809194  -412.230170595
   260.000  -412.363051678  -412.320802895  -412.216175802  -412.320802895  -412.230277425
   260.500  -412.363510916  -412.319548003  -412.214114590  -412.319548003  -412.230530837
   261.000  -412.360612084  -412.314333714  -412.208658983  -412.314333714  -412.230430273
   261.500  -412.354208648  -412.306943540  -412.200908558  -412.306943540  -412.230071938
   262.000  -412.351074331  -412.303185657  -412.196657921  -412.303185657  -412.229634925
   262.500  -412.357589854  -412.309180546  -412.202171838  -412.309180546  -412.229795373
   263.000  -412.371563939  -412.322565909  -412.215270877  -412.322565909  -412.230342963
   263.500  -412.384973328  -412.335149644  -412.227911726  -412.335149644  -412.230615016
   264.000  -412.393023304  -412.341975330  -412.235196702  -412.341975330  -412.230533089
   264.500  -412.396116508  -412.343302376  -412.237337851  -412.343302376  -412.230339979
   265.000  -412.396756552  -412.341511588  -412.236594898  -412.341511588  -412.230187275
   265.500  -412.397172297  -412.338730485  -412.234951889  -412.338730485  -412.230104081
   266.000  -412.398685527  -412.336202428  -412.233534280  -412.336202428  -412.230069742
   266.500  -412.401874197  -412.334473177  -412.232797687  -412.334473177  -412.230065181
   267.000  -412.406859405  -412.333690201  -412.232841498  -412.333690201  -412.230067377
   267.500  -412.413597968  -412.333928523  -412.233709027  -412.333928523  -412.230053583
   268.000  -412.422205828  -412.335511765  -412.235725889  -412.335511765  -412.230021535
   268.500  -412.432879370  -412.338929594  -412.239408763  -412.338929594  -412.230036024
   269.000  -412.444979780  -412.343889247  -412.244520522  -412.343889247  -412.230165573
   269.500  -412.456180355  -412.348420541  -412.249169403  -412.348420541  -412.230369285
   270.000  -412.463156571  -412.349514337  -412.250445276  -412.349514337  -412.230517367
   270.500  -412.463559899  -412.345048146  -412.246344528  -412.345048146  -412.230483227
   271.000  -412.457962201  -412.335705862  -412.237678472  -412.335705862  -412.230191320
   271.500  -412.450737471  -412.325899873  -412.228931980  -412.325899873  -412.229753615
   272.000  -412.448056745  -412.321845096  -412.226255424  -412.321845096  -412.229545877
   272.500  -412.452767107  -412.326455364  -412.232372344  -412.326455364  -412.229762255
   273.000  -412.461946767  -412.336850182  -412.244174931  -412.336850182  -412.230112508
   273.500  -412.470624649  -412.348018707  -412.256474630  -412.348018707  -412.230307740
   274.000  -412.475820757  -412.356839056  -412.266063873  -412.356839056  -412.230347840
   274.500  -412.476850459  -412.362406730  -412.272021466  -412.362406730  -412.230337038
   275.000  -412.473967959  -412.364714798  -412.274370553  -412.364714798  -412.230324983
   275.500  -412.467600607  -412.363925848  -412.273319926  -412.363925848  -412.230297379
   276.000  -412.458500898  -412.360550591  -412.269436210  -412.360550591  -412.230213673
   276.500  -412.448251892  -412.355972489  -412.264157896  -412.355972489  -412.230069081
   277.000  -412.439229602  -412.352420439  -412.259768608  -412.352420439  -412.229940430
   277.500  -412.433433325  -412.351802506  -412.258221737  -412.351802506  -412.229933072
   278.000  -412.431023546  -412.354236867  -412.259675088  -412.354236867  -412.230049344
   278.500  -412.430280640  -412.357999474  -412.262434268  -412.357999474  -412.230195128
   279.000  -412.428935791  -412.360833563  -412.264275723  -412.360833563  -412.230305550
   279.500  -412.425168202  -412.360936273  -412.263431995  -412.360936273  -412.230388165
   280.000  -412.417660748  -412.356997891  -412.258641136  -412.356997891  -412.230441203
   280.500  -412.405711002  -412.348308297  -412.249247151  -412.348308297  -412.230383824
   281.000  -412.390366168  -412.335873784  -412.236312243  -412.335873784  -412.230111389
   281.500  -412.375628659  -412.323623365  -412.223796507  -412.323623365  -412.229737628
   282.000  -412.366605215  -412.316615729  -412.216738817  -412.316615729  -412.229631452
   282.500  -412.364715994  -412.316292519  -412.216526599  -412.316292519  -412.229882508
   283.000  -412.366562216  -412.319318999  -412.219768157  -412.319318999  -412.230164447
   283.500  -412.368043039  -412.321667192  -412.222385434  -412.321667192  -412.230272089
   284.000  -412.367342180  -412.321583134  -412.222578939  -412.321583134  -412.230246741
   284.500  -412.364678988  -412.319330616  -412.220569617  -412.319330616  -412.230158380
   285.000  -412.361382044  -412.316262980  -412.217671200  -412.316262980  -412.230027530
   285.500  -412.359473257  -412.314410559  -412.215879439  -412.314410559  -412.229888608
   286.000  -412.361038249  -412.315854725  -412.217247289  -412.315854725  -412.229830366
   286.500  -412.366936641  -412.321442840  -412.222598489  -412.321442840  -412.229912559
   287.000  -412.375993675  -412.329983282  -412.230721012  -412.329983282  -412.230076969
   287.500  -412.385791582  -412.339040412  -412.239162675  -412.339040412  -412.230221277
   288.000  -412.394107207  -412.346374878  -412.245674365  -412.346374878  -412.230311125
   288.500  -412.399492741  -412.350526496  -412.248796405  -412.350526496  -412.230368350
   289.000  -412.401077944  -412.350617738  -412.247664247  -412.350617738  -412.230389910
   289.500  -412.398678449  -412.346461904  -412.242117228  -412.346461904  -412.230306075
   290.000  -412.393727027  -412.339493297  -412.233624741  -412.339493297  -412.230063240
   290.500  -412.389786852  -412.333277449  -412.225794376  -412.333277449  -412.229807767
   291.000  -412.390378512  -412.331332512  -412.222205354  -412.331332512  -412.229815748
   291.500  -412.395391855  -412.333541570  -412.222857673  -412.333541570  -412.230077514
   292.000  -412.401178659  -412.336262005  -412.224297114  -412.336262005  -412.230318313
   292.500  -412.404140612  -412.335926264  -412.223187976  -412.335926264  -412.230398221
   293.000  -412.402859140  -412.331179277  -412.218324829  -412.331179277  -412.230353701
   293.500  -412.397846164  -412.322618074  -412.210248977  -412.322618074  -412.230230738
   294.000  -412.390970717  -412.312197073  -412.200735473  -412.312197073  -412.230035500
   294.500  -412.385226998  -412.303002056  -412.192674063  -412.303002056  -412.229815046
   295.000  -412.383859134  -412.298394302  -412.189189389  -412.298394302  -412.229697977
   295.500  -412.388465882  -412.300125182  -412.191718741  -412.300125182  -412.229772298
   296.000  -412.397804901  -412.307111663  -412.198932888  -412.307111663  -412.229967884
   296.500  -412.408848628  -412.316439886  -412.207938671  -412.316439886  -412.230132246
   297.000  -412.418864726  -412.325532646  -412.216155555  -412.325532646  -412.230186080
   297.500  -412.426235437  -412.333074301  -412.222463919  -412.333074301  -412.230443538
   298.000  -412.429758951  -412.337073956  -412.227728460  -412.337073956  -412.230383038
   298.500  -412.429108604  -412.337287106  -412.230392396  -412.337287106  -412.230378811
   299.000  -412.424308393  -412.334013303  -412.229730866  -412.334013303  -412.230306918
   299.500  -412.416660386  -412.328637824  -412.226742462  -412.328637824  -412.230100204
   300.000  -412.409362317  -412.324366551  -412.224413231  -412.324366551  -412.229877056
   300.500  -412.405626518  -412.324366719  -412.225800522  -412.324366719  -412.229894013
   301.000  -412.405265450  -412.328343297  -412.230608538  -412.328343297  -412.230167372
   301.500  -412.404545289  -412.332350165  -412.235008742  -412.332350165  -412.230432225
   302.000  -412.399702675  -412.332358836  -412.235143003  -412.332358836  -412.230520326
   302.500  -412.389415018  -412.326818892  -412.229627298  -412.326818892  -412.230440553
   303.000  -412.374586411  -412.316731223  -412.219647360  -412.316731223  -412.230275980
   303.500  -412.357742418  -412.304634806  -412.207727030  -412.304634806  -412.230085524
   304.000  -412.342170308  -412.293528493  -412.196727028  -412.293528493  -412.229945922
   304.500  -412.330350256  -412.285673922  -412.188843553  -412.285673922  -412.229897453
   305.000  -412.323323940  -412.281988843  -412.185013133  -412.281988843  -412.229891385
   305.500  -412.321303072  -412.282625020  -412.185456320  -412.282625020  -412.229891501
   306.000  -412.324166177  -412.287449929  -412.190130762  -412.287449929  -412.229933513
   306.500  -412.331071427  -412.295649901  -412.198312512  -412.295649901  -412.230041110
   307.000  -412.340210535  -412.305473794  -412.208323160  -412.305473794  -412.230175365
   307.500  -412.349388297  -412.314799741  -412.218087440  -412.314799741  -412.230284196
   308.000  -412.356826197  -412.321927515  -412.225922773  -412.321927515  -412.230333305
   308.500  -412.361744784  -412.326151920  -412.231114166  -412.326151920  -412.230282505
   309.000  -412.364932630  -412.328322424  -412.234477249  -412.328322424  -412.230107262
   309.500  -412.368899006  -412.330986393  -412.238504104  -412.330986393  -412.229916472
   310.000  -412.376189784  -412.336698876  -412.245676258  -412.336698876  -412.229937531
   310.500  -412.386421211  -412.345060319  -412.255508966  -412.345060319  -412.230201695
   311.000  -412.395979661  -412.352427299  -412.264275699  -412.352427299  -412.230460768
   311.500  -412.401301164  -412.355203586  -412.268313544  -412.355203586  -412.230518703
   312.000  -412.401637051  -412.352613236  -412.266804027  -412.352613236  -412.230380937
   312.500  -412.399084121  -412.346735482  -412.261807171  -412.346735482  -412.230172566
   313.000  -412.396759085  -412.340680256  -412.256433437  -412.340680256  -412.230052058
   313.500  -412.396490573  -412.336281493  -412.252530626  -412.336281493  -412.230094904
   314.000  -412.397760323  -412.333037355  -412.249618907  -412.333037355  -412.230219402
   314.500  -412.398851199  -412.329261011  -412.246033469  -412.329261011  -412.230283468
   315.000  -412.398920726  -412.324153551  -412.240993472  -412.324153551  -412.230208591
   315.500  -412.399182743  -412.318987630  -412.235782189  -412.318987630  -412.230020947
   316.000  -412.402462468  -412.316663220  -412.233306365  -412.316663220  -412.229853060
   316.500  -412.411169501  -412.319684096  -412.236082368  -412.319684096  -412.229867502
   317.000  -412.424951829  -412.327815053  -412.243903589  -412.327815053  -412.230095418
   317.500  -412.440277279  -412.337657922  -412.253426066  -412.337657922  -412.230396931
   318.000  -412.452482403  -412.344687205  -412.260206953  -412.344687205  -412.230584351
   318.500  -412.458638894  -412.346101122  -412.261555623  -412.346101122  -412.230507466
   319.000  -412.459745777  -412.343013635  -412.258707279  -412.343013635  -412.230161897
   319.500  -412.460458867  -412.340219555  -412.256527590  -412.340219555  -412.229867071
   320.000  -412.464542210  -412.341706888  -412.258932814  -412.341706888  -412.229966938
   320.500  -412.470487659  -412.346282462  -412.264498286  -412.346282462  -412.230261610
   321.000  -412.474180456  -412.350070500  -412.269173860  -412.350070500  -412.230363754
   321.500  -412.474092078  -412.351566552  -412.271520382  -412.351566552  -412.230263061
   322.000  -412.471580650  -412.352019434  -412.272951677  -412.352019434  -412.230167854
   322.500  -412.468102151  -412.352738719  -412.274872991  -412.352738719  -412.230169214
   323.000  -412.463813795  -412.353729958  -412.277256163  -412.353729958  -412.230221680
   323.500  -412.458151722  -412.354246230  -412.279231395  -412.354246230  -412.230269022
   324.000  -412.450652156  -412.353596257  -412.279931884  -412.353596257  -412.230297106
   324.500  -412.441269950  -412.351447965  -412.278844513  -412.351447965  -412.230291864
   325.000  -412.430634860  -412.348092756  -412.276114929  -412.348092756  -412.230215489
   325.500  -412.420525482  -412.344946479  -412.273075690  -412.344946479  -412.230055178
   326.000  -412.413835142  -412.344570162  -412.272284841  -412.344570162  -412.229910864
   326.500  -412.412930162  -412.349088375  -412.275937072  -412.349088375  -412.229962064
   327.000  -412.417064896  -412.357650577  -412.283294309  -412.357650577  -412.230257382
   327.500  -412.421784426  -412.365825720  -412.290053395  -412.365825720  -412.230613486
   328.000  -412.421625813  -412.368263718  -412.290992673  -412.368263718  -412.230770522
   328.500  -412.414028445  -412.362551043  -412.283841579  -412.362551043  -412.230570196
   329.000  -412.401587947  -412.351435895  -412.271504685  -412.351435895  -412.230140137
   329.500  -412.390129800  -412.340885284  -412.260089460  -412.340885284  -412.229878057
   330.000  -412.383345410  -412.334715350  -412.253477987  -412.334715350  -412.229945047
   330.500  -412.380463638  -412.332252257  -412.250951635  -412.332252257  -412.230109011
   331.000  -412.379035386  -412.331099344  -412.249990970  -412.331099344  -412.230202072
   331.500  -412.377404623  -412.329604136  -412.248798685  -412.329604136  -412.230228406
   332.000  -412.374959230  -412.327115726  -412.246607418  -412.327115726  -412.230207682
   332.500  -412.371888658  -412.323761721  -412.243474898  -412.323761721  -412.230153993
   333.000  -412.368954520  -412.320231258  -412.240070511  -412.320231258  -412.230093953
   333.500  -412.367063674  -412.317368571  -412.237246224  -412.317368571  -412.230058062
   334.000  -412.366811414  -412.315723793  -412.235569457  -412.315723793  -412.230058631
   334.500  -412.368264698  -412.315349668  -412.235095005  -412.315349668  -412.230085186
   335.000  -412.371121159  -412.315960187  -412.235520488  -412.315960187  -412.230104278
   335.500  -412.375178641  -412.317402463  -412.236657956  -412.317402463  -412.230085462
   336.000  -412.380727935  -412.320046145  -412.238834039  -412.320046145  -412.230051899
   336.500  -412.388144288  -412.324376069  -412.242493422  -412.324376069  -412.230103995
   337.000  -412.396483118  -412.329587492  -412.246805938  -412.329587492  -412.230317771
   337.500  -412.402572105  -412.332669073  -412.248757621  -412.332669073  -412.230588459
   338.000  -412.402667763  -412.330037667  -412.244783802  -412.330037667  -412.230649933
   338.500  -412.396238836  -412.321294286  -412.234515949  -412.321294286  -412.230339443
   339.000  -412.387948605  -412.311207187  -412.222754564  -412.311207187  -412.229910838
   339.500  -412.383713401  -412.305917751  -412.215657763  -412.305917751  -412.229799949
   340.000  -412.384334290  -412.306794312  -412.214454250  -412.306794312  -412.230409567
   340.500  -412.387322665  -412.308946346  -412.214895809  -412.308946346  -412.230560905
   341.000  -412.388776870  -412.309497831  -412.213449264  -412.309497831  -412.230546848
   341.500  -412.388236524  -412.308139117  -412.209714377  -412.308139117  -412.230437009
   342.000  -412.386953356  -412.306139875  -412.204989125  -412.306139875  -412.230339613
   342.500  -412.386223417  -412.304803041  -412.200652961  -412.304803041  -412.230284547
   343.000  -412.386828118  -412.304912858  -412.197601456  -412.304912858  -412.230263524
   343.500  -412.389082878  -412.306779533  -412.196278743  -412.306779533  -412.230268102
   344.000  -412.392939558  -412.310340089  -412.196763524  -412.310340089  -412.230296036
   344.500  -412.398025218  -412.315197338  -412.198791921  -412.315197338  -412.230341430
   345.000  -412.403741598  -412.320721105  -412.201843526  -412.320721105  -412.230386844
   345.500  -412.409524822  -412.326311020  -412.205394706  -412.326311020  -412.230410827
   346.000  -412.415126928  -412.331689057  -412.209212579  -412.331689057  -412.230416618
   346.500  -412.420529956  -412.336823309  -412.213283510  -412.336823309  -412.230447143
   347.000  -412.425368906  -412.341348324  -412.217243324  -412.341348324  -412.230521418
   347.500  -412.428753480  -412.344384806  -412.220218142  -412.344384806  -412.230546192
   348.000  -412.430544682  -412.345812984  -412.222109533  -412.345812984  -412.230403221
   348.500  -412.432762266  -412.347672804  -412.224987081  -412.347672804  -412.230199730
   349.000  -412.437957826  -412.352535553  -412.231440444  -412.352535553  -412.230235659
   349.500  -412.445362458  -412.359658359  -412.240716065  -412.359658359  -412.230530276
   350.000  -412.450732151  -412.364837222  -412.248561567  -412.364837222  -412.230760277
   350.500  -412.450609566  -412.364667155  -412.251489500  -412.364667155  -412.230741623
   351.000  -412.445028236  -412.359234408  -412.249480668  -412.359234408  -412.230555629
   351.500  -412.436601762  -412.351189461  -412.245072471  -412.351189461  -412.230346996
   352.000  -412.428456570  -412.343670774  -412.241293340  -412.343670774  -412.230206059
   352.500  -412.422813685  -412.338886490  -412.240250830  -412.338886490  -412.230159881
   353.000  -412.420486599  -412.337621275  -412.242635960  -412.337621275  -412.230196090
   353.500  -412.421012962  -412.339374936  -412.247862683  -412.339374936  -412.230287272
   354.000  -412.423052633  -412.342767380  -412.254471304  -412.342767380  -412.230408199
   354.500  -412.424797950  -412.345954437  -412.260542588  -412.345954437  -412.230535746
   355.000  -412.424382779  -412.347041017  -412.264109428  -412.347041017  -412.230636700
   355.500  -412.420435922  -412.344637703  -412.263713932  -412.344637703  -412.230663721
   356.000  -412.412792757  -412.338572402  -412.259122983  -412.338572402  -412.230580083
   356.500  -412.402972296  -412.330364406  -412.251809802  -412.330364406  -412.230401965
   357.000  -412.393852334  -412.322887976  -412.244627508  -412.322887976  -412.230200895
   357.500  -412.388526224  -412.319213927  -412.240657601  -412.319213927  -412.230072961
   358.000  -412.388784523  -412.321082511  -412.241678545  -412.321082511  -412.230129699
   358.500  -412.393605212  -412.327404639  -412.246653975  -412.327404639  -412.230380557
   359.000  -412.399245965  -412.334377629  -412.251835719  -412.334377629  -412.230628932
   359.500  -412.401954229  -412.338212063  -412.253486845  -412.338212063  -412.230700105
   360.000  -412.400427132  -412.337591848  -412.250347257  -412.337591848  -412.230615042
   360.500  -412.395692000  -412.333548622  -412.243515118  -412.333548622  -412.230478831
   361.000  -412.389666323  -412.328016988  -412.235007551  -412.328016988  -412.230361386
   361.500  -412.384070322  -412.322746553  -412.226670796  -412.322746553  -412.230285587
   362.000  -412.380012622  -412.318884045  -412.219760233  -412.318884045  -412.230252725
   362.500  -412.377928165  -412.316907147  -412.214868693  -412.316907147  -412.230260567
   363.000  -412.377609324  -412.316650365  -412.211946859  -412.316650365  -412.230305792
   363.500  -412.378279910  -412.317374955  -412.210366310  -412.317374955  -412.230377468
   364.000  -412.378798964  -412.317969948  -412.209113286  -412.317969948  -412.230450014
   364.500  -412.378077319  -412.317367154  -412.207194362  -412.317367154  -412.230490188
   365.000  -412.375583607  -412.315046397  -412.204133200  -412.315046397  -412.230483838
   365.500  -412.371565128  -412.311256627  -412.200181993  -412.311256627  -412.230447286
   366.000  -412.366878507  -412.306847647  -412.196150840  -412.306847647  -412.230374282
   366.500  -412.363088573  -412.303371115  -412.193513215  -412.303371115  -412.230219937
   367.000  -412.362842579  -412.303457123  -412.194802141  -412.303457123  -412.230058371
   367.500  -412.368501496  -412.309448896  -412.202266427  -412.309448896  -412.230119936
   368.000  -412.379017368  -412.320283164  -412.214766525  -412.320283164  -412.230421792
   368.500  -412.389824795  -412.331381817  -412.227663615  -412.331381817  -412.230679581
   369.000  -412.396761225  -412.338568833  -412.236725879  -412.338568833  -412.230719300
   369.500  -412.398753785  -412.340752578  -412.240807249  -412.340752578  -412.230604050
   370.000  -412.397193017  -412.339296742  -412.241224471  -412.339296742  -412.230453579
   370.500  -412.394222189  -412.336308997  -412.240055726  -412.336308997  -412.230336344
   371.000  -412.391624012  -412.333529580  -412.239037289  -412.333529580  -412.230272112
   371.500  -412.390427173  -412.331941523  -412.239174094  -412.331941523  -412.230258751
   372.000  -412.390886685  -412.331756390  -412.240719501  -412.331756390  -412.230286136
   372.500  -412.392624112  -412.332560921  -412.243310795  -412.332560921  -412.230337589
   373.000  -412.394887084  -412.333582592  -412.246222052  -412.333582592  -412.230389356
   373.500  -412.396907722  -412.334053550  -412.248718015  -412.334053550  -412.230422623
   374.000  -412.398170901  -412.333476755  -412.250310409  -412.333476755  -412.230449136
   374.500  -412.398266362  -412.331459049  -412.250572227  -412.331459049  -412.230505530
   375.000  -412.396451504  -412.327273897  -412.248698508  -412.327273897  -412.230571415
   375.500  -412.392026031  -412.320262864  -412.243942954  -412.320262864  -412.230521450
   376.000  -412.386030238  -412.311518373  -412.237305349  -412.311518373  -412.230293077
   376.500  -412.381845666  -412.304474469  -412.232122873  -412.304474469  -412.230088862
   377.000  -412.382293725  -412.302011493  -412.231184789  -412.302011493  -412.230144834
   377.500  -412.386494959  -412.303319342  -412.233601104  -412.303319342  -412.230356400
   378.000  -412.391218857  -412.305241284  -412.236149249  -412.305241284  -412.230476738
   378.500  -412.394336488  -412.305713211  -412.236713425  -412.305713211  -412.230443830
   379.000  -412.395964040  -412.304895643  -412.235417481  -412.304895643  -412.230337697
   379.500  -412.397464415  -412.304171147  -412.233618629  -412.304171147  -412.230240363
   380.000  -412.400227453  -412.304926352  -412.232686789  -412.304926352  -412.230190460
   380.500  -412.405026084  -412.307913044  -412.233359600  -412.307913044  -412.230193874
   381.000  -412.411894716  -412.313118693  -412.235597185  -412.313118693  -412.230238807
   381.500  -412.420757450  -412.319893398  -412.238548927  -412.319893398  -412.230229981
   382.000  -412.429760758  -412.327597608  -412.242179177  -412.327597608  -412.230274354
   382.500  -412.438848996  -412.335620939  -412.245551704  -412.335620939  -412.230290545
   383.000  -412.447851982  -412.343812352  -412.248563122  -412.343812352  -412.230322318
   383.500  -412.456320598  -412.351747598  -412.250888296  -412.351747598  -412.230444079
   384.000  -412.462576576  -412.357761740  -412.251020689  -412.357761740  -412.230634499
   384.500  -412.464185735  -412.359409782  -412.246735078  -412.359409782  -412.230711377
   385.000  -412.460551257  -412.356053612  -412.237669921  -412.356053612  -412.230517061
   385.500  -412.454891082  -412.350833185  -412.227285372  -412.350833185  -412.230209411
   386.000  -412.451887570  -412.348222964  -412.220431066  -412.348222964  -412.230165821
   386.500  -412.453542479  -412.348657709  -412.219089405  -412.348657709  -412.229900403
   387.000  -412.455389749  -412.351050916  -412.222158440  -412.351050916  -412.230136812
   387.500  -412.455615031  -412.352686690  -412.225494703  -412.352686690  -412.230152186
   388.000  -412.453772278  -412.352867661  -412.228169433  -412.352867661  -412.230101391
   388.500  -412.450436014  -412.352078594  -412.230731802  -412.352078594  -412.230049547
   389.000  -412.446331876  -412.350985366  -412.233939745  -412.350985366  -412.230007777
   389.500  -412.441964394  -412.350134091  -412.238092193  -412.350134091  -412.229992491
   390.000  -412.437457228  -412.349719056  -412.242901380  -412.349719056  -412.230014613
   390.500  -412.432486630  -412.349439044  -412.247580927  -412.349439044  -412.230056994
   391.000  -412.426566331  -412.348754539  -412.251191788  -412.348754539  -412.230079501
   391.500  -412.419608629  -412.347435321  -412.253231459  -412.347435321  -412.230071219
   392.000  -412.412005725  -412.345642227  -412.253747855  -412.345642227  -412.230097787
   392.500  -412.403663412  -412.342991841  -412.252407494  -412.342991841  -412.230227118
   393.000  -412.393160444  -412.337759428  -412.247687697  -412.337759428  -412.230369361
   393.500  -412.379092157  -412.328277685  -412.238233480  -412.328277685  -412.230305551
   394.000  -412.363066538  -412.315960251  -412.225845451  -412.315960251  -412.229971483
   394.500  -412.350236696  -412.305851977  -412.215960353  -412.305851977  -412.229687800
   395.000  -412.344707219  -412.302030686  -412.212971531  -412.302030686  -412.229770959
   395.500  -412.345304443  -412.303360934  -412.215911582  -412.303360934  -412.230027709
   396.000  -412.348074294  -412.305964228  -412.220910676  -412.305964228  -412.230140480
   396.500  -412.350791143  -412.307705492  -412.225714323  -412.307705492  -412.230092586
   397.000  -412.353604432  -412.308830248  -412.230364276  -412.308830248  -412.230014443
   397.500  -412.357321499  -412.310247318  -412.235523727  -412.310247318  -412.229986514
   398.000  -412.362160167  -412.312284329  -412.241271288  -412.312284329  -412.230012943
   398.500  -412.367606578  -412.314544532  -412.246989868  -412.314544532  -412.230056004
   399.000  -412.372959694  -412.316442445  -412.251926945  -412.316442445  -412.230064535
   399.500  -412.378088323  -412.317950559  -412.255949904  -412.317950559  -412.230004307
   400.000  -412.383906687  -412.320063362  -412.260012460  -412.320063362  -412.229899022
   400.500  -412.391937291  -412.324359123  -412.265704262  -412.324359123  -412.229856388
   401.000  -412.402716336  -412.331407568  -412.273645536  -412.331407568  -412.229989854
   401.500  -412.414264871  -412.339248821  -412.281946626  -412.339248821  -412.230252333
   402.000  -412.422921609  -412.344227546  -412.287034245  -412.344227546  -412.230401345
   402.500  -412.426803119  -412.344460375  -412.287108459  -412.344460375  -412.230242205
   403.000  -412.428370527  -412.342411292  -412.284712723  -412.342411292  -412.229928131
   403.500  -412.432045730  -412.342529104  -412.284351990  -412.342529104  -412.229847579
   404.000  -412.438890033  -412.345942443  -412.287173456  -412.345942443  -412.230047525
   404.500  -412.445882510  -412.349736057  -412.290246160  -412.349736057  -412.230215183
   405.000  -412.450133927  -412.351145021  -412.290772986  -412.351145021  -412.230196656
   405.500  -412.451368727  -412.350012214  -412.288568678  -412.350012214  -412.230071652
   406.000  -412.451061259  -412.347912309  -412.285189446  -412.347912309  -412.229951438
   406.500  -412.450812967  -412.346525950  -412.282307805  -412.346525950  -412.229892991
   407.000  -412.451409050  -412.346698260  -412.280766928  -412.346698260  -412.229907984
   407.500  -412.452583669  -412.348205781  -412.280343477  -412.348205781  -412.229977625
   408.000  -412.453303504  -412.350036740  -412.280027541  -412.350036740  -412.230056733
   408.500  -412.452455408  -412.351074570  -412.278704456  -412.351074570  -412.230090356
   409.000  -412.449649480  -412.350894285  -412.275952680  -412.350894285  -412.230058142
   409.500  -412.445468790  -412.350009258  -412.272293668  -412.350009258  -412.230017779
   410.000  -412.440630984  -412.349031159  -412.268356192  -412.349031159  -412.230058724
   410.500  -412.434778495  -412.347465973  -412.263681592  -412.347465973  -412.230175493
   411.000  -412.426617417  -412.343859583  -412.256879569  -412.343859583  -412.230233462
   411.500  -412.415785220  -412.337676421  -412.247516323  -412.337676421  -412.230116642
   412.000  -412.404298413  -412.330763477  -412.237569137  -412.330763477  -412.229928925
   412.500  -412.394956522  -412.325773726  -412.229823846  -412.325773726  -412.229911112
   413.000  -412.388099377  -412.322939897  -412.224612431  -412.322939897  -412.230066071
   413.500  -412.381558577  -412.320020672  -412.219750481  -412.320020672  -412.230169640
   414.000  -412.373686028  -412.315314665  -412.213561365  -412.315314665  -412.230121172
   414.500  -412.364967480  -412.309257604  -412.206494769  -412.309257604  -412.229989472
   415.000  -412.357219745  -412.303616108  -412.200328723  -412.303616108  -412.229865764
   415.500  -412.352257457  -412.300158335  -412.196839302  -412.300158335  -412.229796884
   416.000  -412.351118370  -412.299886016  -412.197025000  -412.299886016  -412.229794440
   416.500  -412.353841115  -412.302815363  -412.200882499  -412.302815363  -412.229849711
   417.000  -412.359591009  -412.308105074  -412.207529524  -412.308105074  -412.229936496
   417.500  -412.367077064  -412.314472405  -412.215618818  -412.314472405  -412.230012343
   418.000  -412.375183425  -412.320826547  -412.223969505  -412.320826547  -412.230044633
   418.500  -412.383409683  -412.326711791  -412.232012463  -412.326711791  -412.230056415
   419.000  -412.391512355  -412.331954631  -412.239446321  -412.331954631  -412.230117456
   419.500  -412.398585289  -412.335746634  -412.245339405  -412.335746634  -412.230231617
   420.000  -412.403109343  -412.336689856  -412.248200553  -412.336689856  -412.230274158
   420.500  -412.404709300  -412.334540666  -412.247744240  -412.334540666  -412.230127253
   421.000  -412.405650881  -412.331691069  -412.246374995  -412.331691069  -412.229891162
   421.500  -412.409221958  -412.331544071  -412.247540200  -412.331544071  -412.229848931
   422.000  -412.415835252  -412.334622557  -412.251803961  -412.334622557  -412.230059408
   422.500  -412.422253150  -412.337801692  -412.256058485  -412.337801692  -412.230257119
   423.000  -412.425178081  -412.337902254  -412.257121354  -412.337902254  -412.230263755
   423.500  -412.423938293  -412.334392410  -412.254449973  -412.334392410  -412.230132421
   424.000  -412.420011674  -412.328864545  -412.249661589  -412.328864545  -412.230005758
   424.500  -412.415699494  -412.323169090  -412.244825936  -412.323169090  -412.229911131
   425.000  -412.412653794  -412.318709765  -412.241337856  -412.318709765  -412.229859463
   425.500  -412.411395879  -412.316252509  -412.239763668  -412.316252509  -412.229866452
   426.000  -412.411765451  -412.315749328  -412.239963114  -412.315749328  -412.229900666
   426.500  -412.413285779  -412.316775094  -412.241463146  -412.316775094  -412.229921331
   427.000  -412.415709866  -412.319117512  -412.244019748  -412.319117512  -412.229903316
   427.500  -412.419309272  -412.323075437  -412.247909376  -412.323075437  -412.229888777
   428.000  -412.424207846  -412.328791848  -412.253260047  -412.328791848  -412.229980323
   428.500  -412.429003071  -412.334870918  -412.258666923  -412.334870918  -412.230202379
   429.000  -412.430592735  -412.338198148  -412.261013099  -412.338198148  -412.230396147
   429.500  -412.426510553  -412.336270039  -412.257802326  -412.336270039  -412.230341152
   430.000  -412.417978863  -412.330245843  -412.250214626  -412.330245843  -412.230010298
   430.500  -412.410020089  -412.325070626  -412.243230475  -412.325070626  -412.229710910
   431.000  -412.407016659  -412.325055253  -412.241209992  -412.325055253  -412.229760641
   431.500  -412.408405402  -412.329584537  -412.243599747  -412.329584537  -412.230030735
   432.000  -412.410310203  -412.334745676  -412.246560236  -412.334745676  -412.230201419
   432.500  -412.409981521  -412.337754411  -412.247388466  -412.337754411  -412.230186251
   433.000  -412.407336390  -412.338487132  -412.246042805  -412.338487132  -412.230080100
   433.500  -412.403784438  -412.338306249  -412.243958677  -412.338306249  -412.229980892
   434.000  -412.400765367  -412.338603614  -412.242583391  -412.338603614  -412.229934919
   434.500  -412.398986956  -412.340041649  -412.242614016  -412.340041649  -412.229946390
   435.000  -412.398321895  -412.342452944  -412.243897890  -412.342452944  -412.229988288
   435.500  -412.398212706  -412.345244104  -412.245842632  -412.345244104  -412.230009938
   436.000  -412.398397377  -412.348122217  -412.248146721  -412.348122217  -412.229977943
   436.500  -412.399326750  -412.351509326  -412.251217156  -412.351509326  -412.229946959
   437.000  -412.401341406  -412.355719868  -412.255342020  -412.355719868  -412.230043181
   437.500  -412.403023840  -412.359309148  -412.259035480  -412.359309148  -412.230280496
   438.000  -412.401167278  -412.359041550  -412.259005178  -412.359041550  -412.230464870
   438.500  -412.393544461  -412.352659290  -412.252929441  -412.352659290  -412.230372717
   439.000  -412.381963629  -412.341941912  -412.242526621  -412.341941912  -412.230019580
   439.500  -412.371801478  -412.332246663  -412.233100800  -412.332246663  -412.229731856
   440.000  -412.367362768  -412.327872358  -412.228908283  -412.327872358  -412.229757219
   440.500  -412.368444263  -412.328619509  -412.229722615  -412.328619509  -412.229945170
   441.000  -412.372212731  -412.331652102  -412.232707781  -412.331652102  -412.230073282
   441.500  -412.376409618  -412.334692683  -412.235618122  -412.334692683  -412.230106764
   442.000  -412.380162103  -412.336839398  -412.237605543  -412.336839398  -412.230093551
   442.500  -412.383385178  -412.337995515  -412.238622492  -412.337995515  -412.230072504
   443.000  -412.386183085  -412.338279810  -412.238818229  -412.338279810  -412.230065434
   443.500  -412.388542346  -412.337692340  -412.238215765  -412.337692340  -412.230074022
   444.000  -412.390341687  -412.336102046  -412.236709016  -412.336102046  -412.230071378
   444.500  -412.391722888  -412.333630871  -412.234434330  -412.333630871  -412.230015938
   445.000  -412.393645142  -412.331220954  -412.232328580  -412.331220954  -412.229896488
   445.500  -412.397925094  -412.330690755  -412.232180773  -412.330690755  -412.229795288
   446.000  -412.405960167  -412.333472842  -412.235374933  -412.333472842  -412.229857564
   446.500  -412.416717336  -412.338614056  -412.240902801  -412.338614056  -412.230114198
   447.000  -412.426413127  -412.342460955  -412.245064733  -412.342460955  -412.230384337
   447.500  -412.431138637  -412.341279500  -412.244105372  -412.341279500  -412.230428936
   448.000  -412.430268329  -412.334650328  -412.237618127  -412.334650328  -412.230190718
   448.500  -412.427141978  -412.326135842  -412.229207216  -412.326135842  -412.229913819
   449.000  -412.425536680  -412.319742039  -412.222924560  -412.319742039  -412.229884027
   449.500  -412.425759753  -412.316002056  -412.219322388  -412.316002056  -412.230020115
   450.000  -412.425629632  -412.312940237  -412.216403643  -412.312940237  -412.230065557
   450.500  -412.423998340  -412.309575023  -412.213127763  -412.309575023  -412.229978527
   451.000  -412.421634077  -412.306762374  -412.210282627  -412.306762374  -412.229891957
   451.500  -412.419719926  -412.305540884  -412.209032973  -412.305540884  -412.229885417
   452.000  -412.418507916  -412.305985946  -412.209631190  -412.305985946  -412.229937662
   452.500  -412.417211689  -412.307286339  -412.211211216  -412.307286339  -412.230024273
   453.000  -412.414626160  -412.308167362  -412.212430639  -412.308167362  -412.230103186
   453.500  -412.409798483  -412.307548499  -412.212157365  -412.307548499  -412.230128254
   454.000  -412.402728086  -412.305257305  -412.210174137  -412.305257305  -412.230058118
   454.500  -412.394899379  -412.302571449  -412.207723490  -412.302571449  -412.229912539
   455.000  -412.388853417  -412.301803958  -412.207100389  -412.301803958  -412.229810112
   455.500  -412.386386117  -412.304538667  -412.209867986  -412.304538667  -412.229868970
   456.000  -412.386872074  -412.309984195  -412.215219143  -412.309984195  -412.230057588
   456.500  -412.387778368  -412.315467796  -412.220531467  -412.315467796  -412.230210090
   457.000  -412.387083086  -412.318847201  -412.223776889  -412.318847201  -412.230176868
   457.500  -412.385375314  -412.320625489  -412.225592858  -412.320625489  -412.229985728
   458.000  -412.385322748  -412.323425949  -412.228725434  -412.323425949  -412.229877376
   458.500  -412.388319976  -412.328648003  -412.234645289  -412.328648003  -412.230006818
   459.000  -412.392443535  -412.334412691  -412.241472975  -412.334412691  -412.230206230
   459.500  -412.394678970  -412.337769169  -412.246196748  -412.337769169  -412.230261497
   460.000  -412.393960165  -412.337715847  -412.247720498  -412.337715847  -412.230158306
   460.500  -412.391572988  -412.335592858  -412.247279815  -412.335592858  -412.230004336
   461.000  -412.389666354  -412.333591828  -412.246968551  -412.333591828  -412.229905145
   461.500  -412.389663524  -412.333172574  -412.248165496  -412.333172574  -412.229907374
   462.000  -412.391524637  -412.334333822  -412.250807881  -412.334333822  -412.229985130
   462.500  -412.394099439  -412.335971228  -412.253746713  -412.335971228  -412.230063868
   463.000  -412.396216641  -412.336967321  -412.255831412  -412.336967321  -412.230070301
   463.500  -412.397742973  -412.337246191  -412.256960783  -412.337246191  -412.229994411
   464.000  -412.399682236  -412.337865655  -412.258173631  -412.337865655  -412.229930117
   464.500  -412.402847510  -412.339681289  -412.260312973  -412.339681289  -412.229994971
   465.000  -412.406321185  -412.341799452  -412.262479943  -412.341799452  -412.230166395
   465.500  -412.407843622  -412.341960226  -412.262420301  -412.341960226  -412.230282287
   466.000  -412.406092159  -412.338818887  -412.258807608  -412.338818887  -412.230201502
   466.500  -412.402665393  -412.333936461  -412.253235656  -412.333936461  -412.229927499
   467.000  -412.401809486  -412.331525252  -412.249954945  -412.331525252  -412.229686740
   467.500  -412.407019259  -412.335068642  -412.252479413  -412.335068642  -412.229753273
   468.000  -412.417310175  -412.343610495  -412.259860547  -412.343610495  -412.230049204
   468.500  -412.428264833  -412.352800251  -412.267731463  -412.352800251  -412.230263974
   469.000  -412.436309953  -412.359163213  -412.272589275  -412.359163213  -412.230281540
   469.500  -412.440638335  -412.362018916  -412.273730997  -412.362018916  -412.230186524
   470.000  -412.442233575  -412.362478876  -412.272268482  -412.362478876  -412.230086449
   470.500  -412.442544926  -412.361887331  -412.269573447  -412.361887331  -412.230035230
   471.000  -412.442676830  -412.361037888  -412.266420366  -412.361037888  -412.230010551
   471.500  -412.442893588  -412.360222113  -412.263017241  -412.360222113  -412.230011262
   472.000  -412.443014218  -412.359374168  -412.259290310  -412.359374168  -412.230003672
   472.500  -412.443021416  -412.358529975  -412.255360714  -412.358529975  -412.229961051
   473.000  -412.443356868  -412.358148704  -412.251834819  -412.358148704  -412.229929882
   473.500  -412.444254619  -412.358456441  -412.249121915  -412.358456441  -412.230015592
   474.000  -412.444425975  -412.358120489  -412.246108355  -412.358120489  -412.230233736
   474.500  -412.441092950  -412.354208676  -412.240250987  -412.354208676  -412.230430390
   475.000  -412.432266870  -412.344670840  -412.230383022  -412.344670840  -412.230258774
   475.500  -412.419732333  -412.331893621  -412.218350991  -412.331893621  -412.229910542
   476.000  -412.409137691  -412.321375234  -412.208940438  -412.321375234  -412.229625091
   476.500  -412.404756068  -412.317328029  -412.206091981  -412.317328029  -412.229691675
   477.000  -412.405714592  -412.318886082  -412.208767133  -412.318886082  -412.229949845
   477.500  -412.408112053  -412.322168333  -412.212989931  -412.322168333  -412.230112150
   478.000  -412.409157928  -412.324394740  -412.215971917  -412.324394740  -412.230120627
   478.500  -412.408347710  -412.325052308  -412.217285738  -412.325052308  -412.230058460
   479.000  -412.406425580  -412.324853111  -412.217838105  -412.324853111  -412.229998498
   479.500  -412.404263864  -412.324620841  -412.218739621  -412.324620841  -412.229971335
   480.000  -412.402332422  -412.324759901  -412.220677134  -412.324759901  -412.229978549
   480.500  -412.400646519  -412.325185829  -412.223626994  -412.325185829  -412.230003196
   481.000  -412.398904686  -412.325521809  -412.226987170  -412.325521809  -412.230029857
   481.500  -412.396749062  -412.325383101  -412.230089580  -412.325383101  -412.230033892
   482.000  -412.394161676  -412.324738515  -412.232678077  -412.324738515  -412.230011046
   482.500  -412.391491783  -412.323919287  -412.234929113  -412.323919287  -412.230022189
   483.000  -412.388605564  -412.322765924  -412.236589803  -412.322765924  -412.230132140
   483.500  -412.384129428  -412.319868644  -412.236209020  -412.319868644  -412.230251428
   484.000  -412.376771847  -412.313889412  -412.232444817  -412.313889412  -412.230185129
   484.500  -412.367837220  -412.306081470  -412.226569194  -412.306081470  -412.229951994
   485.000  -412.360712393  -412.299790661  -412.221952374  -412.299790661  -412.229850815
   485.500  -412.356816545  -412.296423058  -412.220013315  -412.296423058  -412.229986477
   486.000  -412.354202095  -412.294047836  -412.218816194  -412.294047836  -412.230108507
   486.500  -412.350868597  -412.290697468  -412.216379056  -412.290697468  -412.230059246
   487.000  -412.347145296  -412.286733362  -412.213055839  -412.286733362  -412.229925760
   487.500  -412.344711841  -412.283860198  -412.210563256  -412.283860198  -412.229832839
   488.000  -412.344820303  -412.283350391  -412.210207219  -412.283350391  -412.229817000
   488.500  -412.347649763  -412.285404319  -412.212235898  -412.285404319  -412.229851219
   489.000  -412.352621287  -412.289467223  -412.216144393  -412.289467223  -412.229903286
   489.500  -412.358871037  -412.294701508  -412.221136025  -412.294701508  -412.229956041
   490.000  -412.365547228  -412.300280174  -412.226408696  -412.300280174  -412.229995131
   490.500  -412.372056185  -412.305629070  -412.231396406  -412.305629070  -412.229999773
   491.000  -412.378354916  -412.310716877  -412.236064067  -412.310716877  -412.229963183
   491.500  -412.384994216  -412.316097307  -412.240959366  -412.316097307  -412.229930518
   492.000  -412.392458487  -412.322250015  -412.246566349  -412.322250015  -412.229974114
   492.500  -412.400273734  -412.328688334  -412.252425934  -412.328688334  -412.230064583
   493.000  -412.407525679  -412.334476686  -412.257661220  -412.334476686  -412.230055526
   493.500  -412.414676726  -412.340051209  -412.262792217  -412.340051209  -412.229949948
   494.000  -412.423246841  -412.346912905  -412.269404700  -412.346912905  -412.229976251
   494.500  -412.432774283  -412.354604259  -412.277093090  -412.354604259  -412.230178221
   495.000  -412.440275694  -412.360170044  -412.282905199  -412.360170044  -412.230325095
   495.500  -412.443368890  -412.361265411  -412.284461699  -412.361265411  -412.230287704
   496.000  -412.442299040  -412.358165314  -412.281986290  -412.358165314  -412.230126116
   496.500  -412.439292544  -412.353114461  -412.277672202  -412.353114461  -412.229937357
   497.000  -412.437121373  -412.348899876  -412.274257865  -412.348899876  -412.229787072
   497.500  -412.438022242  -412.347781450  -412.273957674  -412.347781450  -412.229716057
   498.000  -412.443019799  -412.350824293  -412.277793312  -412.350824293  -412.229742393
   498.500  -412.451642509  -412.357615481  -412.285311672  -412.357615481  -412.229853238
   499.000  -412.462110800  -412.366449432  -412.294771726  -412.366449432  -412.230011452
   499.500  -412.471918574  -412.374898578  -412.303720170  -412.374898578  -412.230166472
   500.000  -412.478632661  -412.380606682  -412.309787574  -412.380606682  -412.230260422
