 N     7.0   -1.98940033   -0.09605606   -0.40276969   14.00307401
 N     7.0    1.81915993    2.24950461    0.04843247   14.00307401
 C     6.0   -0.66733650    2.32328155    0.00945437   12.00000000
 C     6.0    3.34015559    0.08471373    0.08235657   12.00000000
 C     6.0    2.24648000   -2.26094739   -0.13690557   12.00000000
 C     6.0   -0.63969914   -2.52150297    0.00837274   12.00000000
 O     8.0   -1.87464298   -4.46594327    0.22433708   15.99491464
 O     8.0   -2.06393086    4.37401971    0.16055522   15.99491464
 H     1.0   -4.22725069    0.06770207   -0.47705958    1.00782504
 H     1.0    2.64042705    3.91946664   -0.21142446    1.00782504
 H     1.0    5.45215463    0.34376349   -0.21688649    1.00782504
 H     1.0    3.10494884   -3.99812357    0.07316433    1.00782504
