 N     7.0   -1.89244353    0.06506889    0.15734310   14.00307401
 N     7.0    1.77379061    2.36222806    0.09143267   14.00307401
 C     6.0   -0.78104464    2.41187770   -0.03509071   12.00000000
 C     6.0    3.34606750    0.07118608   -0.03046502   12.00000000
 C     6.0    2.19744569   -2.40581692    0.09829189   12.00000000
 C     6.0   -0.57559074   -2.51496147   -0.13560382   12.00000000
 O     8.0   -1.74595753   -4.43243690   -0.00201186   15.99491464
 O     8.0   -2.15332830    4.14919800   -0.05984863   15.99491464
 H     1.0   -4.26486696    0.02549940   -0.19223981    1.00782504
 H     1.0    2.67861085    3.90739723   -0.20317099    1.00782504
 H     1.0    4.97703898    0.44062405   -0.34774223    1.00782504
 H     1.0    3.38030646   -4.13878292   -0.42708190    1.00782504
