    0.000220242   -0.000015223    0.000120721
   -0.000062425    0.000171975    0.000449128
    0.000258391   -0.000259750   -0.000323208
   -0.000514425   -0.000502684   -0.000149807
    0.000195281    0.000023146   -0.000331813
   -0.000090196   -0.000325271   -0.000095464
    0.000151875    0.000066403    0.000145969
   -0.000387817    0.000146491   -0.000026915
   -0.001561792    0.002653213   -0.000507434
    0.002009017    0.000544588    0.000308706
    0.002884505    0.002514631   -0.000403673
    0.000270124    0.001073134    0.001429509
