 N     7.0   -1.75498953   -0.01203436    0.14953971   14.00307401
 N     7.0    1.74518058    2.35274344    0.24639635   14.00307401
 C     6.0   -0.73309695    2.28046122    0.05683902   12.00000000
 C     6.0    3.16070378    0.08937987    0.05839948   12.00000000
 C     6.0    2.08203326   -2.21273884   -0.36685396   12.00000000
 C     6.0   -0.55809126   -2.34429904   -0.01826186   12.00000000
 O     8.0   -1.67350068   -4.45643751    0.04046814   15.99491464
 O     8.0   -2.17081982    4.05648279   -0.22291508   15.99491464
 H     1.0   -3.73144808   -0.19113001    0.47123954    1.00782504
 H     1.0    2.84146605    4.12658063   -0.16933456    1.00782504
 H     1.0    5.01659131    0.36489346    0.15251073    1.00782504
 H     1.0    3.15371616   -3.91162575    0.12034098    1.00782504
