    0.000290527   -0.000212814   -0.000175541
   -0.000469825   -0.000001341   -0.000115276
    0.000034778    0.000381329   -0.000146991
   -0.000300312   -0.000079690   -0.000044054
    0.000347642    0.000302842    0.000140883
   -0.000084092    0.000205645   -0.000285706
    0.000277536    0.000003768    0.000190460
   -0.000391364   -0.000215238    0.000248993
    0.001356229   -0.000392372   -0.000128567
   -0.000255915    0.000409773    0.000130412
    0.000916521   -0.001895565    0.000782233
    0.002603058   -0.000452997    0.000469113
