 N     7.0   -1.75129270   -0.08015374    0.08912230   14.00307401
 N     7.0    1.82886656    2.24999717    0.27564300   14.00307401
 C     6.0   -0.85113759    2.27973774    0.03997469   12.00000000
 C     6.0    3.17485398    0.23297841   -0.10236539   12.00000000
 C     6.0    2.04318307   -2.16364700   -0.24221502   12.00000000
 C     6.0   -0.64210245   -2.44968934    0.04722990   12.00000000
 O     8.0   -1.78898576   -4.48372006    0.04159528   15.99491464
 O     8.0   -1.99118215    4.16985809   -0.22149748   15.99491464
 H     1.0   -3.93906225   -0.13662502    0.27759404    1.00782504
 H     1.0    2.53800211    3.86656503    0.85616565    1.00782504
 H     1.0    5.67986620    0.40684185   -0.15035910    1.00782504
 H     1.0    3.45325695   -3.80140231   -0.07194390    1.00782504
