    0.000296758    0.000170872   -0.000342099
   -0.000163214   -0.000165862    0.000086900
   -0.000060623    0.000301483    0.000069495
   -0.000563070   -0.000158398    0.000288797
    0.000031981    0.000558449   -0.000495780
   -0.000473999    0.000217322    0.000552335
    0.000536787    0.000251391   -0.000041099
   -0.000078245   -0.000105852    0.000017360
   -0.000077536   -0.003383018    0.000166363
    0.001326840   -0.000441615   -0.001495043
    0.000732106   -0.005248215   -0.000152774
    0.001694158   -0.003417618   -0.000023355
