     0.000  -412.514055647  -412.319365975  -412.282650503  -412.282650503  -412.245139629
     0.500  -412.511899309  -412.313303279  -412.277990743  -412.277990743  -412.245063488
     1.000  -412.513891604  -412.312488946  -412.278474989  -412.278474989  -412.245179951
     1.500  -412.518314983  -412.315307871  -412.282401194  -412.282401194  -412.245358345
     2.000  -412.522414007  -412.319107302  -412.286995999  -412.286995999  -412.245468397
     2.500  -412.524375555  -412.322151339  -412.290385625  -412.290385625  -412.245488157
     3.000  -412.523801850  -412.324078106  -412.292078499  -412.292078499  -412.245455715
     3.500  -412.521207251  -412.325392206  -412.292479242  -412.292479242  -412.245405111
     4.000  -412.517508694  -412.326957326  -412.292385872  -412.292385872  -412.245345640
     4.500  -412.513819010  -412.329800864  -412.292795654  -412.292795654  -412.245279162
     5.000  -412.511326559  -412.335015177  -412.294801603  -412.294801603  -412.245225094
     5.500  -412.510917105  -412.343390599  -412.299242784  -412.299242784  -412.245224122
     6.000  -412.512519547  -412.354731351  -412.306100916  -412.306100916  -412.245298726
     6.500  -412.514699072  -412.367327767  -412.314152737  -412.314152737  -412.245436586
     7.000  -412.515017489  -412.378312600  -412.321189590  -412.321189590  -412.245605895
     7.500  -412.511004810  -412.384920457  -412.324713815  -412.324713815  -412.245725926
     8.000  -412.501362763  -412.385692948  -412.323142037  -412.323142037  -412.245709498
     8.500  -412.487006778  -412.381328220  -412.316997796  -412.316997796  -412.245532780
     9.000  -412.471188240  -412.374778664  -412.309127808  -412.309127808  -412.245299499
     9.500  -412.457807717  -412.369638832  -412.303076539  -412.303076539  -412.245195362
    10.000  -412.448747748  -412.367552476  -412.300457618  -412.300457618  -412.245275716
    10.500  -412.443087184  -412.367463987  -412.300177215  -412.300177215  -412.245406259
    11.000  -412.438939360  -412.367452222  -412.300261481  -412.300261481  -412.245461811
    11.500  -412.435322908  -412.366575616  -412.299707495  -412.299707495  -412.245437413
    12.000  -412.432410042  -412.365096267  -412.298709656  -412.298709656  -412.245385912
    12.500  -412.430838645  -412.363771099  -412.297954354  -412.297954354  -412.245348243
    13.000  -412.431097960  -412.363221845  -412.297995878  -412.297995878  -412.245336734
    13.500  -412.433316587  -412.363714641  -412.299040050  -412.299040050  -412.245341851
    14.000  -412.437370211  -412.365261085  -412.301053889  -412.301053889  -412.245346098
    14.500  -412.443110778  -412.367844701  -412.303996072  -412.303996072  -412.245342612
    15.000  -412.450440393  -412.371499927  -412.307890371  -412.307890371  -412.245352022
    15.500  -412.458995421  -412.376006160  -412.312511858  -412.312511858  -412.245412452
    16.000  -412.467623946  -412.380371393  -412.316870356  -412.316870356  -412.245531086
    16.500  -412.474364643  -412.382808988  -412.319191290  -412.319191290  -412.245642221
    17.000  -412.477452719  -412.381722144  -412.317920546  -412.317920546  -412.245640054
    17.500  -412.476862863  -412.377223511  -412.313251953  -412.313251953  -412.245475851
    18.000  -412.474917917  -412.371733018  -412.307718081  -412.307718081  -412.245255939
    18.500  -412.474661428  -412.368358958  -412.304546643  -412.304546643  -412.245182827
    19.000  -412.477018056  -412.368079951  -412.304806695  -412.304806695  -412.245311064
    19.500  -412.480035505  -412.369002392  -412.306638981  -412.306638981  -412.245482154
    20.000  -412.481059818  -412.368537724  -412.307424098  -412.307424098  -412.245549077
    20.500  -412.478918809  -412.365574955  -412.305962827  -412.305962827  -412.245503323
    21.000  -412.474209519  -412.360753569  -412.302766509  -412.302766509  -412.245406231
    21.500  -412.468444856  -412.355598672  -412.299217826  -412.299217826  -412.245312261
    22.000  -412.463197791  -412.351663516  -412.296733940  -412.296733940  -412.245248929
    22.500  -412.459599470  -412.350032509  -412.296293734  -412.296293734  -412.245228262
    23.000  -412.458109594  -412.351106342  -412.298230305  -412.298230305  -412.245251852
    23.500  -412.458463490  -412.354567171  -412.302196465  -412.302196465  -412.245312051
    24.000  -412.459801062  -412.359510328  -412.307289092  -412.307289092  -412.245391971
    24.500  -412.460936216  -412.364716410  -412.312308647  -412.312308647  -412.245475047
    25.000  -412.460645258  -412.368925561  -412.316025081  -412.316025081  -412.245549286
    25.500  -412.457896765  -412.371053454  -412.317393289  -412.317393289  -412.245593079
    26.000  -412.452226505  -412.370552533  -412.315915878  -412.315915878  -412.245561718
    26.500  -412.444338722  -412.368004997  -412.312243879  -412.312243879  -412.245443181
    27.000  -412.436155329  -412.365174552  -412.308220958  -412.308220958  -412.245331458
    27.500  -412.429401136  -412.363605174  -412.305473104  -412.305473104  -412.245349686
    28.000  -412.423916876  -412.362950549  -412.303725387  -412.303725387  -412.245470829
    28.500  -412.418018274  -412.361348853  -412.301173955  -412.301173955  -412.245554160
    29.000  -412.410448754  -412.357382326  -412.296456166  -412.296456166  -412.245527485
    29.500  -412.401508113  -412.351211241  -412.289791134  -412.289791134  -412.245424612
    30.000  -412.392678290  -412.344205122  -412.282604027  -412.282604027  -412.245309210
    30.500  -412.385722741  -412.338043770  -412.276610079  -412.276610079  -412.245221720
    31.000  -412.382055080  -412.334088473  -412.273170582  -412.273170582  -412.245174658
    31.500  -412.382526304  -412.333170289  -412.273067278  -412.273067278  -412.245162309
    32.000  -412.387431784  -412.335602603  -412.276525978  -412.276525978  -412.245182867
    32.500  -412.396497318  -412.341172606  -412.283220724  -412.283220724  -412.245245769
    33.000  -412.408711904  -412.348981809  -412.292138069  -412.292138069  -412.245362859
    33.500  -412.422183592  -412.357304079  -412.301455233  -412.301455233  -412.245519007
    34.000  -412.434413717  -412.363852691  -412.308826167  -412.308826167  -412.245655986
    34.500  -412.443205944  -412.366673120  -412.312284579  -412.312284579  -412.245692274
    35.000  -412.447883671  -412.365340305  -412.311441954  -412.311441954  -412.245578567
    35.500  -412.449963412  -412.361617000  -412.308131650  -412.308131650  -412.245366738
    36.000  -412.452292876  -412.358585152  -412.305519002  -412.305519002  -412.245222296
    36.500  -412.456678230  -412.358274265  -412.305698171  -412.305698171  -412.245274971
    37.000  -412.462140472  -412.359912914  -412.307920537  -412.307920537  -412.245451547
    37.500  -412.465920282  -412.360910078  -412.309589633  -412.309589633  -412.245576865
    38.000  -412.465959718  -412.359314847  -412.308733147  -412.308733147  -412.245572476
    38.500  -412.462143734  -412.355043544  -412.305244424  -412.305244424  -412.245479661
    39.000  -412.455823706  -412.349408640  -412.300409017  -412.300409017  -412.245368280
    39.500  -412.448785647  -412.344101693  -412.295888453  -412.295888453  -412.245284255
    40.000  -412.442512796  -412.340473163  -412.292995887  -412.292995887  -412.245243287
    40.500  -412.437886788  -412.339251520  -412.292412549  -412.292412549  -412.245241940
    41.000  -412.435197020  -412.340567263  -412.294210708  -412.294210708  -412.245267216
    41.500  -412.434311884  -412.344134489  -412.298038331  -412.298038331  -412.245305298
    42.000  -412.434872065  -412.349450032  -412.303325166  -412.303325166  -412.245352150
    42.500  -412.436344926  -412.355848946  -412.309349499  -412.309349499  -412.245418201
    43.000  -412.437891944  -412.362369074  -412.315119442  -412.315119442  -412.245507884
    43.500  -412.438386372  -412.367763891  -412.319395937  -412.319395937  -412.245575171
    44.000  -412.437120037  -412.371201950  -412.321401054  -412.321401054  -412.245537131
    44.500  -412.434889307  -412.373352205  -412.321897081  -412.321897081  -412.245397025
    45.000  -412.433757243  -412.376154960  -412.322939536  -412.322939536  -412.245320915
    45.500  -412.434725909  -412.380509577  -412.325535719  -412.325535719  -412.245434208
    46.000  -412.436104859  -412.384653077  -412.328003683  -412.328003683  -412.245620559
    46.500  -412.435090258  -412.385736017  -412.327551851  -412.327551851  -412.245701873
    47.000  -412.430299387  -412.382345722  -412.322815632  -412.322815632  -412.245642266
    47.500  -412.422450336  -412.375177823  -412.314535931  -412.314535931  -412.245505122
    48.000  -412.413526943  -412.366194819  -412.304717074  -412.304717074  -412.245358483
    48.500  -412.405757353  -412.357604656  -412.295594294  -412.295594294  -412.245244058
    49.000  -412.400940209  -412.351190327  -412.288951883  -412.288951883  -412.245181532
    49.500  -412.400094977  -412.347965074  -412.285775405  -412.285775405  -412.245177917
    50.000  -412.403331125  -412.348050074  -412.286128537  -412.286128537  -412.245229679
    50.500  -412.409895323  -412.350727456  -412.289214940  -412.289214940  -412.245322179
    51.000  -412.418410700  -412.354686707  -412.293633344  -412.293633344  -412.245427002
    51.500  -412.427314980  -412.358458612  -412.297832087  -412.297832087  -412.245509985
    52.000  -412.435394562  -412.360939392  -412.300651309  -412.300651309  -412.245544513
    52.500  -412.442215355  -412.361804879  -412.301755906  -412.301755906  -412.245515072
    53.000  -412.448391581  -412.361765282  -412.301898825  -412.301898825  -412.245406472
    53.500  -412.455711674  -412.362687419  -412.303037502  -412.303037502  -412.245255029
    54.000  -412.466357299  -412.366833097  -412.307534975  -412.307534975  -412.245221929
    54.500  -412.480535218  -412.374522609  -412.315777750  -412.315777750  -412.245412380
    55.000  -412.495162330  -412.382837573  -412.324850697  -412.324850697  -412.245654599
    55.500  -412.506264024  -412.388009400  -412.330936903  -412.330936903  -412.245742956
    56.000  -412.511962005  -412.388376557  -412.332312843  -412.332312843  -412.245678321
    56.500  -412.512738041  -412.384622047  -412.329611017  -412.329611017  -412.245556930
    57.000  -412.510151486  -412.378480762  -412.324525996  -412.324525996  -412.245439110
    57.500  -412.505883732  -412.371782850  -412.318842438  -412.318842438  -412.245343486
    58.000  -412.501368841  -412.366081206  -412.314052898  -412.314052898  -412.245277313
    58.500  -412.497632191  -412.362481780  -412.311192540  -412.311192540  -412.245248282
    59.000  -412.495152138  -412.361492171  -412.310704755  -412.310704755  -412.245263290
    59.500  -412.493754801  -412.362911721  -412.312344282  -412.312344282  -412.245323860
    60.000  -412.492600985  -412.365818451  -412.315171284  -412.315171284  -412.245422785
    60.500  -412.490314870  -412.368702099  -412.317685321  -412.317685321  -412.245542232
    61.000  -412.485306388  -412.369797985  -412.318146606  -412.318146606  -412.245646885
    61.500  -412.476354403  -412.367679673  -412.315161077  -412.315161077  -412.245679370
    62.000  -412.463501399  -412.362155819  -412.308574629  -412.308574629  -412.245571891
    62.500  -412.448971808  -412.355192370  -412.300397358  -412.300397358  -412.245325624
    63.000  -412.436898429  -412.350648905  -412.294538162  -412.294538162  -412.245123453
    63.500  -412.430514625  -412.351490086  -412.294006000  -412.294006000  -412.245202958
    64.000  -412.428892786  -412.356544727  -412.297658018  -412.297658018  -412.245496176
    64.500  -412.427891954  -412.361461489  -412.301165262  -412.301165262  -412.245695339
    65.000  -412.424424348  -412.362973776  -412.301306914  -412.301306914  -412.245660746
    65.500  -412.418664973  -412.361112339  -412.298199534  -412.298199534  -412.245487928
    66.000  -412.412907245  -412.358069586  -412.294149324  -412.294149324  -412.245321378
    66.500  -412.409497277  -412.356138575  -412.291559151  -412.291559151  -412.245235328
    67.000  -412.409681344  -412.356557501  -412.291738337  -412.291738337  -412.245227827
    67.500  -412.413559092  -412.359454065  -412.294827100  -412.294827100  -412.245266100
    68.000  -412.420519586  -412.364279055  -412.300227823  -412.300227823  -412.245324580
    68.500  -412.429613708  -412.370178875  -412.306990685  -412.306990685  -412.245392508
    69.000  -412.439717531  -412.376166134  -412.314005021  -412.314005021  -412.245466255
    69.500  -412.449587229  -412.381181242  -412.320082867  -412.320082867  -412.245543106
    70.000  -412.457901008  -412.384129454  -412.324018635  -412.324018635  -412.245619300
    70.500  -412.463349165  -412.383956473  -412.324678235  -412.324678235  -412.245677717
    71.000  -412.464947504  -412.379934764  -412.321295707  -412.321295707  -412.245670545
    71.500  -412.462776234  -412.372374493  -412.314183927  -412.314183927  -412.245541505
    72.000  -412.458721278  -412.363346480  -412.305447677  -412.305447677  -412.245321785
    72.500  -412.455891314  -412.356102330  -412.298387422  -412.298387422  -412.245172778
    73.000  -412.456323100  -412.352803139  -412.295200143  -412.295200143  -412.245217178
    73.500  -412.459252691  -412.352805939  -412.295260235  -412.295260235  -412.245386876
    74.000  -412.462017007  -412.353563004  -412.296025012  -412.296025012  -412.245526403
    74.500  -412.462314021  -412.352860843  -412.295283515  -412.295283515  -412.245550457
    75.000  -412.459589700  -412.350181685  -412.292523389  -412.292523389  -412.245466749
    75.500  -412.455025521  -412.346682064  -412.288905325  -412.288905325  -412.245332499
    76.000  -412.450673283  -412.344331674  -412.286402488  -412.286402488  -412.245221930
    76.500  -412.448299820  -412.344777193  -412.286663428  -412.286663428  -412.245191661
    77.000  -412.448512453  -412.348486493  -412.290157871  -412.290157871  -412.245244732
    77.500  -412.450687055  -412.354689213  -412.296115762  -412.296115762  -412.245333312
    78.000  -412.453645004  -412.362056985  -412.303205476  -412.303205476  -412.245405446
    78.500  -412.456413458  -412.369462082  -412.310293541  -412.310293541  -412.245444265
    79.000  -412.458492062  -412.376241282  -412.316714863  -412.316714863  -412.245467986
    79.500  -412.459605071  -412.381954183  -412.322034414  -412.322034414  -412.245498508
    80.000  -412.459371114  -412.386055130  -412.325731610  -412.325731610  -412.245532589
    80.500  -412.457332776  -412.387934391  -412.327241946  -412.327241946  -412.245544950
    81.000  -412.453313252  -412.387286236  -412.326316452  -412.326316452  -412.245523868
    81.500  -412.447620840  -412.384323996  -412.323221916  -412.323221916  -412.245482247
    82.000  -412.440949408  -412.379684096  -412.318624972  -412.318624972  -412.245424801
    82.500  -412.434315624  -412.374360049  -412.313511795  -412.313511795  -412.245350177
    83.000  -412.428973265  -412.369604501  -412.309094019  -412.309094019  -412.245293032
    83.500  -412.425852768  -412.366354425  -412.306250425  -412.306250425  -412.245303156
    84.000  -412.424872134  -412.364528055  -412.304842141  -412.304842141  -412.245376269
    84.500  -412.425021249  -412.363098595  -412.303797634  -412.303797634  -412.245451380
    85.000  -412.425249043  -412.360974236  -412.301998815  -412.301998815  -412.245471117
    85.500  -412.425335598  -412.357872461  -412.299150859  -412.299150859  -412.245418800
    86.000  -412.426142483  -412.354582037  -412.296041772  -412.296041772  -412.245324963
    86.500  -412.429132164  -412.352505976  -412.294079251  -412.294079251  -412.245251227
    87.000  -412.435413693  -412.352733454  -412.294366822  -412.294366822  -412.245247588
    87.500  -412.444978143  -412.355295033  -412.296970211  -412.296970211  -412.245309894
    88.000  -412.456719831  -412.359182600  -412.300958953  -412.300958953  -412.245391274
    88.500  -412.469091055  -412.362966165  -412.305069584  -412.305069584  -412.245445087
    89.000  -412.480814767  -412.365437170  -412.308414175  -412.308414175  -412.245438278
    89.500  -412.491314850  -412.365921609  -412.310929743  -412.310929743  -412.245373262
    90.000  -412.500589105  -412.364240010  -412.313247123  -412.313247123  -412.245347152
    90.500  -412.508393898  -412.360678369  -412.315485979  -412.315485979  -412.245453686
    91.000  -412.513794559  -412.355323448  -412.316403948  -412.316403948  -412.245562547
    91.500  -412.515772513  -412.347399724  -412.314603510  -412.314603510  -412.245600501
    92.000  -412.514150929  -412.336685788  -412.309721667  -412.309721667  -412.245536456
    92.500  -412.510152395  -412.324489223  -412.302884208  -412.302884208  -412.245405849
    93.000  -412.505888914  -412.313120410  -412.296148381  -412.296148381  -412.245298915
    93.500  -412.503049161  -412.304498674  -412.291187101  -412.291187101  -412.245285491
    94.000  -412.501874837  -412.299043045  -412.288284572  -412.288284572  -412.245352781
    94.500  -412.501318138  -412.295759045  -412.286505325  -412.286505325  -412.245430067
    95.000  -412.500136942  -412.293359255  -412.284719245  -412.284719245  -412.245457267
    95.500  -412.497954892  -412.291449456  -412.282524991  -412.282524991  -412.245414007
    96.000  -412.495583977  -412.290889841  -412.280565464  -412.280565464  -412.245328480
    96.500  -412.494392049  -412.293038228  -412.280062242  -412.280062242  -412.245282464
    97.000  -412.495032214  -412.298407793  -412.281631883  -412.281631883  -412.245340803
    97.500  -412.496621049  -412.305885463  -412.284408253  -412.284408253  -412.245463909
    98.000  -412.497374558  -412.313405301  -412.286627192  -412.286627192  -412.245535260
    98.500  -412.496282577  -412.319642573  -412.287285629  -412.287285629  -412.245479190
    99.000  -412.494159870  -412.325091279  -412.287184776  -412.287184776  -412.245354506
    99.500  -412.492784389  -412.331243688  -412.288055314  -412.288055314  -412.245305898
   100.000  -412.492888867  -412.338628788  -412.290528287  -412.290528287  -412.245392402
   100.500  -412.493375795  -412.346109169  -412.293291808  -412.293291808  -412.245554594
   101.000  -412.491228897  -412.360982706  -412.289415044  -412.289415044  -412.238302015
   101.500  -412.487999639  -412.364516845  -412.293405669  -412.293405669  -412.238307938
   102.000  -412.482420040  -412.366361619  -412.295911054  -412.295911054  -412.238259237
   102.500  -412.475540868  -412.367322711  -412.297651210  -412.297651210  -412.238192050
   103.000  -412.468719496  -412.368495959  -412.299635684  -412.299635684  -412.238156439
   103.500  -412.462826237  -412.370492054  -412.302394832  -412.302394832  -412.238194769
   104.000  -412.457643513  -412.372845404  -412.305398965  -412.305398965  -412.238287551
   104.500  -412.452151531  -412.374308751  -412.307365835  -412.307365835  -412.238354907
   105.000  -412.445641878  -412.373973757  -412.307391361  -412.307391361  -412.238336599
   105.500  -412.438537123  -412.372105423  -412.305782540  -412.305782540  -412.238261434
   106.000  -412.431957112  -412.369721006  -412.303626894  -412.303626894  -412.238222256
   106.500  -412.426422145  -412.367301731  -412.301484227  -412.301484227  -412.238268871
   107.000  -412.421198589  -412.364133551  -412.298708853  -412.298708853  -412.238338064
   107.500  -412.415233463  -412.359226366  -412.294356092  -412.294356092  -412.238318184
   108.000  -412.408746202  -412.352884848  -412.288748510  -412.288748510  -412.238184672
   108.500  -412.403573017  -412.347040385  -412.283805243  -412.283805243  -412.238041811
   109.000  -412.401707613  -412.343785302  -412.281574752  -412.281574752  -412.238000480
   109.500  -412.403709340  -412.343783856  -412.282651714  -412.282651714  -412.238054200
   110.000  -412.408713048  -412.346279907  -412.286198742  -412.286198742  -412.238123991
   110.500  -412.415507256  -412.350172983  -412.291042513  -412.291042513  -412.238166300
   111.000  -412.423223210  -412.354696670  -412.296370104  -412.296370104  -412.238187866
   111.500  -412.431311640  -412.359392904  -412.301706057  -412.301706057  -412.238205148
   112.000  -412.439328750  -412.363891459  -412.306689645  -412.306689645  -412.238222857
   112.500  -412.446859384  -412.367836717  -412.310991763  -412.310991763  -412.238237633
   113.000  -412.453555889  -412.370926829  -412.314350679  -412.314350679  -412.238248577
   113.500  -412.459164860  -412.372951334  -412.316596600  -412.316596600  -412.238256835
   114.000  -412.463492356  -412.373759120  -412.317622433  -412.317622433  -412.238268038
   114.500  -412.466328885  -412.373193177  -412.317303858  -412.317303858  -412.238281727
   115.000  -412.467426000  -412.371066054  -412.315479571  -412.315479571  -412.238289603
   115.500  -412.466607257  -412.367274942  -412.312059404  -412.312059404  -412.238281569
   116.000  -412.463886056  -412.361917753  -412.307151694  -412.307151694  -412.238260779
   116.500  -412.459458806  -412.355287864  -412.301057802  -412.301057802  -412.238223948
   117.000  -412.453763568  -412.347924251  -412.294332885  -412.294332885  -412.238158972
   117.500  -412.447658938  -412.340785275  -412.287945869  -412.287945869  -412.238073902
   118.000  -412.442290970  -412.335106922  -412.283131261  -412.283131261  -412.238010316
   118.500  -412.438530573  -412.331837186  -412.280808472  -412.280808472  -412.237996822
   119.000  -412.436561165  -412.331220254  -412.281163682  -412.281163682  -412.238022625
   119.500  -412.436004490  -412.332913618  -412.283775173  -412.283775173  -412.238063445
   120.000  -412.436268009  -412.336325253  -412.287964074  -412.287964074  -412.238107925
   120.500  -412.436735698  -412.340788614  -412.292990212  -412.292990212  -412.238155057
   121.000  -412.436825345  -412.345616846  -412.298111275  -412.298111275  -412.238195926
   121.500  -412.436114071  -412.350222848  -412.302716841  -412.302716841  -412.238215576
   122.000  -412.434552334  -412.354350561  -412.306548189  -412.306548189  -412.238204274
   122.500  -412.432540211  -412.358163107  -412.309793554  -412.309793554  -412.238182503
   123.000  -412.430601727  -412.361944870  -412.312775103  -412.312775103  -412.238189009
   123.500  -412.428780761  -412.365511581  -412.315371250  -412.315371250  -412.238245395
   124.000  -412.426361265  -412.367950773  -412.316746458  -412.316746458  -412.238317610
   124.500  -412.422347281  -412.368106822  -412.315844321  -412.315844321  -412.238344879
   125.000  -412.416344815  -412.365465965  -412.312265723  -412.312265723  -412.238295593
   125.500  -412.409028680  -412.360620837  -412.306723837  -412.306723837  -412.238197621
   126.000  -412.401782376  -412.354908039  -412.300656821  -412.300656821  -412.238110664
   126.500  -412.395867976  -412.349571900  -412.295369375  -412.295369375  -412.238075735
   127.000  -412.391850579  -412.345182237  -412.291429716  -412.291429716  -412.238087780
   127.500  -412.389635548  -412.341663212  -412.288701139  -412.288701139  -412.238117038
   128.000  -412.388880380  -412.338701012  -412.286760104  -412.286760104  -412.238138211
   128.500  -412.389346050  -412.336094907  -412.285270881  -412.285270881  -412.238144714
   129.000  -412.390992967  -412.333855298  -412.284105991  -412.284105991  -412.238142018
   129.500  -412.393900047  -412.332127484  -412.283287848  -412.283287848  -412.238135439
   130.000  -412.398188239  -412.331116333  -412.282924264  -412.282924264  -412.238122470
   130.500  -412.404044550  -412.331112182  -412.283239356  -412.283239356  -412.238098109
   131.000  -412.411777433  -412.332545774  -412.284627044  -412.284627044  -412.238068711
   131.500  -412.421698701  -412.335871149  -412.287528961  -412.287528961  -412.238059808
   132.000  -412.433743978  -412.341186212  -412.292049472  -412.292049472  -412.238097806
   132.500  -412.447104380  -412.347863806  -412.297582338  -412.297582338  -412.238179899
   133.000  -412.460285100  -412.354606693  -412.302865675  -412.302865675  -412.238272517
   133.500  -412.471625343  -412.359961089  -412.306493024  -412.306493024  -412.238334580
   134.000  -412.479918895  -412.362923050  -412.307530459  -412.307530459  -412.238342323
   134.500  -412.484833943  -412.363345653  -412.305910739  -412.305910739  -412.238288324
   135.000  -412.487001303  -412.362011218  -412.302512207  -412.302512207  -412.238193419
   135.500  -412.487712291  -412.360323308  -412.298831379  -412.298831379  -412.238098979
   136.000  -412.488258230  -412.359644371  -412.296321259  -412.296321259  -412.238051959
   136.500  -412.489263039  -412.360638760  -412.295707439  -412.295707439  -412.238066174
   137.000  -412.490490809  -412.363091490  -412.296781336  -412.296781336  -412.238116398
   137.500  -412.491223601  -412.366284192  -412.298769772  -412.298769772  -412.238165159
   138.000  -412.490783710  -412.369489846  -412.300892978  -412.300892978  -412.238192968
   138.500  -412.488813395  -412.372234146  -412.302686380  -412.302686380  -412.238199339
   139.000  -412.485328881  -412.374358145  -412.304042944  -412.304042944  -412.238188389
   139.500  -412.480710110  -412.376022219  -412.305156987  -412.305156987  -412.238166594
   140.000  -412.475588345  -412.377599504  -412.306393944  -412.306393944  -412.238153969
   140.500  -412.470513136  -412.379349018  -412.307975670  -412.307975670  -412.238172158
   141.000  -412.465594668  -412.381077115  -412.309671369  -412.309671369  -412.238213209
   141.500  -412.460584803  -412.382246055  -412.310927512  -412.310927512  -412.238235911
   142.000  -412.455398931  -412.382523537  -412.311436422  -412.311436422  -412.238215002
   142.500  -412.450463805  -412.382153003  -412.311501424  -412.311501424  -412.238169398
   143.000  -412.446479561  -412.381719559  -412.311789553  -412.311789553  -412.238138997
   143.500  -412.443906501  -412.381632846  -412.312785627  -412.312785627  -412.238141233
   144.000  -412.442743234  -412.381885320  -412.314531728  -412.314531728  -412.238160785
   144.500  -412.442755883  -412.382265760  -412.316825023  -412.316825023  -412.238171889
   145.000  -412.443844123  -412.382714991  -412.319566630  -412.319566630  -412.238167413
   145.500  -412.446117059  -412.383401587  -412.322840263  -412.322840263  -412.238169714
   146.000  -412.449545159  -412.384381446  -412.326580538  -412.326580538  -412.238208248
   146.500  -412.453516242  -412.385159055  -412.330154768  -412.330154768  -412.238284662
   147.000  -412.456819717  -412.384674026  -412.332365044  -412.332365044  -412.238360361
   147.500  -412.458210105  -412.381847503  -412.332018385  -412.332018385  -412.238387560
   148.000  -412.457138947  -412.376301159  -412.328648842  -412.328648842  -412.238343027
   148.500  -412.454106648  -412.368689353  -412.322857961  -412.322857961  -412.238250164
   149.000  -412.450333482  -412.360364897  -412.315970937  -412.315970937  -412.238165939
   149.500  -412.446920807  -412.352536491  -412.309194928  -412.309194928  -412.238136538
   150.000  -412.444199348  -412.345627340  -412.302965919  -412.302965919  -412.238148521
   150.500  -412.441900031  -412.339449312  -412.297124917  -412.297124917  -412.238150285
   151.000  -412.439873260  -412.333932249  -412.291642160  -412.291642160  -412.238113488
   151.500  -412.438499509  -412.329538614  -412.287028182  -412.287028182  -412.238058481
   152.000  -412.438409088  -412.326986040  -412.284052199  -412.284052199  -412.238027322
   152.500  -412.439901157  -412.326665757  -412.283148233  -412.283148233  -412.238041010
   153.000  -412.442619431  -412.328311559  -412.284087886  -412.284087886  -412.238091065
   153.500  -412.445694150  -412.331133665  -412.286107334  -412.286107334  -412.238148059
   154.000  -412.448171450  -412.334234043  -412.288333136  -412.288333136  -412.238184861
   154.500  -412.449457486  -412.337042678  -412.290211464  -412.290211464  -412.238185019
   155.000  -412.449562394  -412.339554907  -412.291748993  -412.291748993  -412.238153934
   155.500  -412.449012195  -412.342245160  -412.293423220  -412.293423220  -412.238119407
   156.000  -412.448421844  -412.345646022  -412.295763956  -412.295763956  -412.238114388
   156.500  -412.448009131  -412.349870009  -412.298878990  -412.298878990  -412.238145013
   157.000  -412.447486792  -412.354506683  -412.302355956  -412.302355956  -412.238187961
   157.500  -412.446361346  -412.358922667  -412.305563082  -412.305563082  -412.238228972
   158.000  -412.444128342  -412.362456427  -412.307842962  -412.307842962  -412.238280407
   158.500  -412.440142600  -412.364290754  -412.308384458  -412.308384458  -412.238342913
   159.000  -412.433651121  -412.363493321  -412.306264815  -412.306264815  -412.238380210
   159.500  -412.424301445  -412.359535181  -412.300974132  -412.300974132  -412.238355512
   160.000  -412.412653531  -412.352816374  -412.292942759  -412.292942759  -412.238270324
   160.500  -412.400158803  -412.344657305  -412.283529374  -412.283529374  -412.238155876
   161.000  -412.388695624  -412.336839804  -412.274559258  -412.274559258  -412.238043320
   161.500  -412.380091333  -412.331130797  -412.267839056  -412.267839056  -412.237950852
   162.000  -412.375808583  -412.328960772  -412.264835133  -412.264835133  -412.237896763
   162.500  -412.376655739  -412.331126005  -412.266375717  -412.266375717  -412.237903699
   163.000  -412.382475220  -412.337467110  -412.272329046  -412.272329046  -412.237980875
   163.500  -412.392038130  -412.346757467  -412.281490507  -412.281490507  -412.238108389
   164.000  -412.403378742  -412.357032682  -412.291904124  -412.291904124  -412.238239716
   164.500  -412.414498307  -412.366294497  -412.301563631  -412.301563631  -412.238325330
   165.000  -412.424123656  -412.373272944  -412.309167943  -412.309167943  -412.238334802
   165.500  -412.432128338  -412.377858335  -412.314558842  -412.314558842  -412.238279680
   166.000  -412.439321656  -412.380903925  -412.318529454  -412.318529454  -412.238213411
   166.500  -412.446607630  -412.383396841  -412.322012332  -412.322012332  -412.238199533
   167.000  -412.454050139  -412.385527127  -412.325158883  -412.325158883  -412.238254232
   167.500  -412.460640799  -412.386443591  -412.327108022  -412.327108022  -412.238328621
   168.000  -412.465036990  -412.384972533  -412.326700814  -412.326700814  -412.238354841
   168.500  -412.466580273  -412.380617037  -412.323469282  -412.323469282  -412.238311169
   169.000  -412.465669962  -412.373921206  -412.317981159  -412.317981159  -412.238231571
   169.500  -412.463316170  -412.366020588  -412.311374120  -412.311374120  -412.238163198
   170.000  -412.460473633  -412.357981189  -412.304678303  -412.304678303  -412.238122052
   170.500  -412.457771744  -412.350530642  -412.298548718  -412.298548718  -412.238093750
   171.000  -412.455687899  -412.344231919  -412.293444638  -412.293444638  -412.238060272
   171.500  -412.454774918  -412.339708942  -412.289874177  -412.289874177  -412.238023629
   172.000  -412.455621113  -412.337606424  -412.288370541  -412.288370541  -412.238003070
   172.500  -412.458530346  -412.338268675  -412.289202391  -412.289202391  -412.238024116
   173.000  -412.463185264  -412.341405421  -412.292043877  -412.292043877  -412.238087733
   173.500  -412.468621210  -412.346062394  -412.295964708  -412.295964708  -412.238165375
   174.000  -412.473687658  -412.351080797  -412.299876622  -412.299876622  -412.238208490
   174.500  -412.477763756  -412.355808570  -412.303229145  -412.303229145  -412.238189734
   175.000  -412.481137606  -412.360477618  -412.306364177  -412.306364177  -412.238140339
   175.500  -412.484548474  -412.365748946  -412.310035342  -412.310035342  -412.238130194
   176.000  -412.488172143  -412.371702581  -412.314393940  -412.314393940  -412.238196387
   176.500  -412.491111275  -412.377338728  -412.318482439  -412.318482439  -412.238295190
   177.000  -412.491981013  -412.381163211  -412.320836952  -412.320836952  -412.238358660
   177.500  -412.489898938  -412.382181516  -412.320477603  -412.320477603  -412.238361350
   178.000  -412.484878014  -412.380286465  -412.317306222  -412.317306222  -412.238327578
   178.500  -412.477536346  -412.375968232  -412.311811041  -412.311811041  -412.238282684
   179.000  -412.468725406  -412.369946834  -412.304701462  -412.304701462  -412.238230298
   179.500  -412.459440783  -412.363086625  -412.296826268  -412.296826268  -412.238165780
   180.000  -412.450850672  -412.356437192  -412.289216218  -412.289216218  -412.238093531
   180.500  -412.444208851  -412.351154435  -412.283008280  -412.283008280  -412.238028027
   181.000  -412.440624395  -412.348279960  -412.279223930  -412.279223930  -412.237987277
   181.500  -412.440777894  -412.348461951  -412.278489115  -412.278489115  -412.237988558
   182.000  -412.444652587  -412.351687402  -412.280769369  -412.280769369  -412.238042312
   182.500  -412.451395184  -412.357141733  -412.285235006  -412.285235006  -412.238137646
   183.000  -412.459506435  -412.363398455  -412.290453653  -412.290453653  -412.238236166
   183.500  -412.467391064  -412.368962821  -412.294943734  -412.294943734  -412.238300964
   184.000  -412.473897750  -412.372808106  -412.297707346  -412.297707346  -412.238324398
   184.500  -412.478464036  -412.374514411  -412.298364312  -412.298364312  -412.238315905
   185.000  -412.481013427  -412.374156647  -412.297039782  -412.297039782  -412.238275877
   185.500  -412.481943758  -412.372288265  -412.294345068  -412.294345068  -412.238205701
   186.000  -412.482076201  -412.369885577  -412.291320686  -412.291320686  -412.238131402
   186.500  -412.482282491  -412.367972528  -412.289051060  -412.289051060  -412.238088293
   187.000  -412.482991332  -412.367119921  -412.288153991  -412.288153991  -412.238088663
   187.500  -412.484027507  -412.367273196  -412.288600174  -412.288600174  -412.238113016
   188.000  -412.484889791  -412.368011979  -412.289979717  -412.289979717  -412.238136209
   188.500  -412.485130059  -412.368918850  -412.291874585  -412.291874585  -412.238151160
   189.000  -412.484489070  -412.369715592  -412.293990814  -412.293990814  -412.238166685
   189.500  -412.482783166  -412.370157246  -412.296049147  -412.296049147  -412.238192408
   190.000  -412.479780379  -412.369923653  -412.297665578  -412.297665578  -412.238222737
   190.500  -412.475272889  -412.368703014  -412.298436657  -412.298436657  -412.238237230
   191.000  -412.469360811  -412.366486143  -412.298237469  -412.298237469  -412.238213505
   191.500  -412.462723041  -412.363842827  -412.297515443  -412.297515443  -412.238155331
   192.000  -412.456505057  -412.361816015  -412.297197286  -412.297197286  -412.238105008
   192.500  -412.451644688  -412.361248478  -412.298037566  -412.298037566  -412.238120141
   193.000  -412.448056793  -412.361971122  -412.299808010  -412.299808010  -412.238210197
   193.500  -412.444507953  -412.362670252  -412.301177354  -412.301177354  -412.238315159
   194.000  -412.439536516  -412.361805643  -412.300615678  -412.300615678  -412.238346882
   194.500  -412.432717048  -412.358866324  -412.297658967  -412.297658967  -412.238273602
   195.000  -412.425155862  -412.354872102  -412.293392903  -412.293392903  -412.238144179
   195.500  -412.418768454  -412.351655744  -412.289733556  -412.289733556  -412.238049372
   196.000  -412.414975879  -412.350570728  -412.288115877  -412.288115877  -412.238038831
   196.500  -412.413951677  -412.351738731  -412.288738672  -412.288738672  -412.238089311
   197.000  -412.414933246  -412.354358595  -412.290865590  -412.290865590  -412.238144126
   197.500  -412.417035339  -412.357511036  -412.293631714  -412.293631714  -412.238171720
   198.000  -412.419741729  -412.360641957  -412.296530349  -412.296530349  -412.238179789
   198.500  -412.422843626  -412.363500731  -412.299347093  -412.299347093  -412.238190933
   199.000  -412.426126790  -412.365830033  -412.301849576  -412.301849576  -412.238219425
   199.500  -412.429181952  -412.367186395  -412.303599811  -412.303599811  -412.238255908
   200.000  -412.431537870  -412.367084795  -412.304100231  -412.304100231  -412.238270911
   200.500  -412.433089449  -412.365438800  -412.303232670  -412.303232670  -412.238233051
   201.000  -412.434496772  -412.362967195  -412.301674523  -412.301674523  -412.238147950
   201.500  -412.437026280  -412.361037555  -412.300749763  -412.300749763  -412.238077768
   202.000  -412.441598532  -412.360708562  -412.301482466  -412.301482466  -412.238098893
   202.500  -412.447716722  -412.361647944  -412.303517633  -412.303517633  -412.238214989
   203.000  -412.453448750  -412.362097511  -412.305093999  -412.305093999  -412.238340243
   203.500  -412.456711660  -412.360141612  -412.304304430  -412.304304430  -412.238377529
   204.000  -412.456715959  -412.355138135  -412.300520189  -412.300520189  -412.238303323
   204.500  -412.454376870  -412.348127887  -412.294778437  -412.294778437  -412.238168491
   205.000  -412.451582407  -412.341105634  -412.289044206  -412.289044206  -412.238049900
   205.500  -412.450059388  -412.335896298  -412.285074329  -412.285074329  -412.237994573
   206.000  -412.450610050  -412.333389489  -412.283674153  -412.283674153  -412.238006248
   206.500  -412.453029844  -412.333447362  -412.284622884  -412.284622884  -412.238056343
   207.000  -412.456515134  -412.335290227  -412.287072892  -412.287072892  -412.238111593
   207.500  -412.460149128  -412.337934393  -412.290022445  -412.290022445  -412.238156841
   208.000  -412.463167663  -412.340248205  -412.292667957  -412.292667957  -412.238034906
   208.500  -412.464803805  -412.335035520  -412.300019740  -412.300019740  -412.242456569
   209.000  -412.465619604  -412.332915356  -412.302072449  -412.302072449  -412.242222891
   209.500  -412.465923088  -412.331085942  -412.302845273  -412.302845273  -412.242169561
   210.000  -412.466144293  -412.329600588  -412.303251594  -412.303251594  -412.242158507
   210.500  -412.466419647  -412.328539608  -412.303527749  -412.303527749  -412.242179749
   211.000  -412.466491336  -412.327621810  -412.303460993  -412.303460993  -412.242198384
   211.500  -412.466137679  -412.326596797  -412.302869515  -412.302869515  -412.242181022
   212.000  -412.465599023  -412.325677304  -412.302036896  -412.302036896  -412.242144087
   212.500  -412.465357778  -412.325333657  -412.301484021  -412.301484021  -412.242130862
   213.000  -412.465560409  -412.325724938  -412.301385673  -412.301385673  -412.242151345
   213.500  -412.465866565  -412.326545458  -412.301424312  -412.301424312  -412.242180397
   214.000  -412.465798461  -412.327361448  -412.301145331  -412.301145331  -412.242193949
   214.500  -412.465111534  -412.327963860  -412.300331981  -412.300331981  -412.242179901
   215.000  -412.463990376  -412.328547735  -412.299200553  -412.299200553  -412.242137332
   215.500  -412.463035191  -412.329685893  -412.298390002  -412.298390002  -412.242087944
   216.000  -412.462915230  -412.331975098  -412.298623848  -412.298623848  -412.242068483
   216.500  -412.463832972  -412.335503637  -412.300179573  -412.300179573  -412.242096625
   217.000  -412.465294976  -412.339655563  -412.302645280  -412.302645280  -412.242150086
   217.500  -412.466459331  -412.343508869  -412.305240837  -412.305240837  -412.242189508
   218.000  -412.466728039  -412.346457681  -412.307392619  -412.307392619  -412.242193829
   218.500  -412.466032289  -412.348461241  -412.309020824  -412.309020824  -412.242181751
   219.000  -412.464563514  -412.349741901  -412.310272959  -412.310272959  -412.242190879
   219.500  -412.462235780  -412.350225050  -412.310989864  -412.310989864  -412.242239720
   220.000  -412.458448435  -412.349316179  -412.310475003  -412.310475003  -412.242297829
   220.500  -412.452507843  -412.346312640  -412.307932188  -412.307932188  -412.242309954
   221.000  -412.444435647  -412.341233278  -412.303287653  -412.303287653  -412.242234641
   221.500  -412.435514104  -412.335343864  -412.297746366  -412.297746366  -412.242095236
   222.000  -412.427908291  -412.330794326  -412.293415855  -412.293415855  -412.241979976
   222.500  -412.423350847  -412.329281479  -412.291986722  -412.291986722  -412.241981652
   223.000  -412.421850834  -412.330773536  -412.293429998  -412.293429998  -412.242099469
   223.500  -412.421689634  -412.333488108  -412.295985389  -412.295985389  -412.242249256
   224.000  -412.420657179  -412.335140541  -412.297384674  -412.297384674  -412.242342970
   224.500  -412.417351494  -412.334236294  -412.296156179  -412.296156179  -412.242348503
   225.000  -412.411728701  -412.330634099  -412.292179757  -412.292179757  -412.242275485
   225.500  -412.404967677  -412.325420079  -412.286567989  -412.286567989  -412.242158210
   226.000  -412.398926291  -412.320382851  -412.281135666  -412.281135666  -412.242044629
   226.500  -412.395378915  -412.317265922  -412.277649784  -412.277649784  -412.241978111
   227.000  -412.395358863  -412.317118813  -412.277170499  -412.277170499  -412.241970853
   227.500  -412.398947723  -412.320082870  -412.279831681  -412.279831681  -412.242010274
   228.000  -412.405441064  -412.325542438  -412.284992167  -412.284992167  -412.242082660
   228.500  -412.413591305  -412.332348228  -412.291463811  -412.291463811  -412.242171173
   229.000  -412.421914495  -412.339111773  -412.297814594  -412.297814594  -412.242246206
   229.500  -412.429176672  -412.344678895  -412.302852222  -412.302852222  -412.242274200
   230.000  -412.434901952  -412.348641740  -412.306140809  -412.306140809  -412.242237512
   230.500  -412.439627737  -412.351590585  -412.308256384  -412.308256384  -412.242148820
   231.000  -412.444671877  -412.354895361  -412.310559916  -412.310559916  -412.242055861
   231.500  -412.451391208  -412.359962965  -412.314453064  -412.314453064  -412.242020945
   232.000  -412.460258273  -412.367324925  -412.320456555  -412.320456555  -412.242075188
   232.500  -412.470396458  -412.376162591  -412.327747387  -412.327747387  -412.242196056
   233.000  -412.479914395  -412.384640906  -412.334493255  -412.334493255  -412.242326122
   233.500  -412.486753638  -412.390740597  -412.338697281  -412.338697281  -412.242416542
   234.000  -412.489459265  -412.393026358  -412.338962525  -412.338962525  -412.242442766
   234.500  -412.487608647  -412.391067052  -412.334912352  -412.334912352  -412.242395009
   235.000  -412.481988267  -412.385620037  -412.327364271  -412.327364271  -412.242273197
   235.500  -412.474551213  -412.378593240  -412.318287771  -412.318287771  -412.242107812
   236.000  -412.467868559  -412.372512856  -412.310268365  -412.310268365  -412.241974421
   236.500  -412.463963031  -412.369368675  -412.305350897  -412.305350897  -412.241949605
   237.000  -412.463176748  -412.369489390  -412.303916637  -412.303916637  -412.242041023
   237.500  -412.464075399  -412.371442900  -412.304579765  -412.304579765  -412.242178524
   238.000  -412.464488444  -412.373065667  -412.305214886  -412.305214886  -412.242279560
   238.500  -412.462790770  -412.372730525  -412.304221071  -412.304221071  -412.242299995
   239.000  -412.458637322  -412.370074994  -412.301245502  -412.301245502  -412.242239458
   239.500  -412.452994165  -412.366029964  -412.297208374  -412.297208374  -412.242134631
   240.000  -412.447556491  -412.362243672  -412.293721316  -412.293721316  -412.242046524
   240.500  -412.443804760  -412.360144245  -412.292150701  -412.292150701  -412.242020489
   241.000  -412.442310214  -412.360250527  -412.292935261  -412.292935261  -412.242052607
   241.500  -412.442739932  -412.362179548  -412.295607223  -412.295607223  -412.242114691
   242.000  -412.444227500  -412.365010586  -412.299181501  -412.299181501  -412.242191265
   242.500  -412.445640184  -412.367550381  -412.302432492  -412.302432492  -412.242268998
   243.000  -412.445826397  -412.368576359  -412.304140325  -412.304140325  -412.242323723
   243.500  -412.443992513  -412.367217123  -412.303464256  -412.303464256  -412.242331470
   244.000  -412.440078384  -412.363331202  -412.300311884  -412.300311884  -412.242279856
   244.500  -412.434953764  -412.357714371  -412.295531032  -412.295531032  -412.242173913
   245.000  -412.430313039  -412.352003341  -412.290801479  -412.290801479  -412.242047822
   245.500  -412.428114901  -412.348129067  -412.288074417  -412.288074417  -412.241963934
   246.000  -412.429621880  -412.347369546  -412.288617766  -412.288617766  -412.241977621
   246.500  -412.434578678  -412.349539449  -412.292205504  -412.292205504  -412.242088211
   247.000  -412.441219431  -412.352997170  -412.297139055  -412.297139055  -412.242233937
   247.500  -412.447197630  -412.355566872  -412.301180995  -412.301180995  -412.242333263
   248.000  -412.450819688  -412.355743970  -412.302782956  -412.302782956  -412.242335141
   248.500  -412.451852326  -412.353482939  -412.301875459  -412.301875459  -412.242243783
   249.000  -412.451475939  -412.350131517  -412.299798893  -412.299798893  -412.242124898
   249.500  -412.451323123  -412.347470228  -412.298324605  -412.298324605  -412.242062295
   250.000  -412.452274963  -412.346508130  -412.298437587  -412.298437587  -412.242077530
   250.500  -412.454121755  -412.347143079  -412.299991295  -412.299991295  -412.242120144
   251.000  -412.456220032  -412.348805999  -412.302364398  -412.302364398  -412.242148966
   251.500  -412.458076780  -412.351033454  -412.305054065  -412.305054065  -412.242173578
   252.000  -412.459286661  -412.353402407  -412.307620519  -412.307620519  -412.242209203
   252.500  -412.459337942  -412.355342508  -412.309507282  -412.309507282  -412.242243144
   253.000  -412.457793123  -412.356331435  -412.310224418  -412.310224418  -412.242249454
   253.500  -412.454638693  -412.356254357  -412.309699309  -412.309699309  -412.242223400
   254.000  -412.450360269  -412.355489061  -412.308345086  -412.308345086  -412.242184066
   254.500  -412.445668265  -412.354631986  -412.306783339  -412.306783339  -412.242152917
   255.000  -412.441188190  -412.354194782  -412.305534597  -412.305534597  -412.242132731
   255.500  -412.437382061  -412.354524846  -412.304947471  -412.304947471  -412.242119940
   256.000  -412.434549845  -412.355814392  -412.305217504  -412.305217504  -412.242126412
   256.500  -412.432657261  -412.357934862  -412.306229859  -412.306229859  -412.242164884
   257.000  -412.431177822  -412.360284230  -412.307415106  -412.307415106  -412.242215658
   257.500  -412.429405556  -412.362098055  -412.308057101  -412.308057101  -412.242233026
   258.000  -412.427097788  -412.363082813  -412.307918112  -412.307918112  -412.242205534
   258.500  -412.424625250  -412.363555566  -412.307366051  -412.307366051  -412.242184534
   259.000  -412.422279366  -412.363744983  -412.306662330  -412.306662330  -412.242218222
   259.500  -412.419626196  -412.363145833  -412.305311560  -412.305311560  -412.242279135
   260.000  -412.415879620  -412.360892955  -412.302443621  -412.302443621  -412.242296713
   260.500  -412.410881229  -412.356747248  -412.297810694  -412.297810694  -412.242238869
   261.000  -412.405562020  -412.351562354  -412.292265274  -412.292265274  -412.242138076
   261.500  -412.401476712  -412.346829815  -412.287308203  -412.287308203  -412.242053929
   262.000  -412.399932045  -412.343815865  -412.284223086  -412.284223086  -412.242020665
   262.500  -412.401454741  -412.343035507  -412.283545424  -412.283545424  -412.242032768
   263.000  -412.405829202  -412.344291986  -412.285095556  -412.285095556  -412.242072731
   263.500  -412.412345797  -412.346924860  -412.288222212  -412.288222212  -412.242131200
   264.000  -412.419973317  -412.349982475  -412.291974838  -412.291974838  -412.242198095
   264.500  -412.427549140  -412.352411722  -412.295295991  -412.295295991  -412.242252888
   265.000  -412.434099594  -412.353374133  -412.297346706  -412.297346706  -412.242272060
   265.500  -412.439206505  -412.352606074  -412.297872140  -412.297872140  -412.242239168
   266.000  -412.443250893  -412.350653984  -412.297439647  -412.297439647  -412.242156123
   266.500  -412.447349308  -412.348806006  -412.297368190  -412.297368190  -412.242055488
   267.000  -412.452838824  -412.348574963  -412.299198098  -412.299198098  -412.241995922
   267.500  -412.460397221  -412.350825399  -412.303796842  -412.303796842  -412.242029627
   268.000  -412.469316635  -412.355041625  -412.310609404  -412.310609404  -412.242153651
   268.500  -412.477580046  -412.359397313  -412.317724175  -412.317724175  -412.242303363
   269.000  -412.482821925  -412.361690838  -412.322827945  -412.322827945  -412.242405223
   269.500  -412.483425255  -412.360425453  -412.324312841  -412.324312841  -412.242424763
   270.000  -412.479083584  -412.355357468  -412.321846747  -412.321846747  -412.242362812
   270.500  -412.470808548  -412.347504571  -412.316391320  -412.316391320  -412.242238401
   271.000  -412.460613287  -412.338841826  -412.309892866  -412.309892866  -412.242089362
   271.500  -412.450894667  -412.331699803  -412.304667198  -412.304667198  -412.241972895
   272.000  -412.443539370  -412.327881797  -412.302509035  -412.302509035  -412.241941135
   272.500  -412.439158958  -412.327905587  -412.303920917  -412.303920917  -412.242000103
   273.000  -412.436984685  -412.330899412  -412.308007583  -412.308007583  -412.242110177
   273.500  -412.435451937  -412.335176804  -412.313053230  -412.313053230  -412.242222202
   274.000  -412.432955525  -412.338987148  -412.317276233  -412.317276233  -412.242304299
   274.500  -412.428380473  -412.341031243  -412.319358573  -412.319358573  -412.242338650
   275.000  -412.421408515  -412.340769898  -412.318760111  -412.318760111  -412.242311067
   275.500  -412.412706202  -412.338619072  -412.315922407  -412.315922407  -412.242223564
   276.000  -412.403814512  -412.335865584  -412.312185805  -412.312185805  -412.242116591
   276.500  -412.396482547  -412.334034251  -412.309152491  -412.309152491  -412.242054880
   277.000  -412.391699988  -412.333953346  -412.307739943  -412.307739943  -412.242072077
   277.500  -412.389205637  -412.335274405  -412.307689281  -412.307689281  -412.242144124
   278.000  -412.387836748  -412.336818078  -412.307898209  -412.307898209  -412.242220628
   278.500  -412.386291045  -412.337312871  -412.307157247  -412.307157247  -412.242265472
   279.000  -412.383722620  -412.335971749  -412.304718823  -412.304718823  -412.242265876
   279.500  -412.379978176  -412.332709116  -412.300516264  -412.300516264  -412.242226047
   280.000  -412.375564194  -412.328101800  -412.295120379  -412.295120379  -412.242156848
   280.500  -412.371468949  -412.323204821  -412.289561029  -412.289561029  -412.242076695
   281.000  -412.368859729  -412.319251502  -412.285029613  -412.285029613  -412.242012779
   281.500  -412.368650324  -412.317222502  -412.282457558  -412.282457558  -412.241994017
   282.000  -412.371062661  -412.317412469  -412.282093979  -412.282093979  -412.242031876
   282.500  -412.375462598  -412.319270760  -412.283356227  -412.283356227  -412.242106652
   283.000  -412.380645254  -412.321687659  -412.285126834  -412.285126834  -412.242178558
   283.500  -412.385429128  -412.323581345  -412.286347222  -412.286347222  -412.242210606
   284.000  -412.389225380  -412.324459732  -412.286576348  -412.286576348  -412.242187251
   284.500  -412.392282131  -412.324655539  -412.286213633  -412.286213633  -412.242128015
   285.000  -412.395386223  -412.325023126  -412.286178747  -412.286178747  -412.242084882
   285.500  -412.399112079  -412.326190952  -412.287142016  -412.287142016  -412.242096943
   286.000  -412.403263832  -412.328005752  -412.288959365  -412.288959365  -412.242145606
   286.500  -412.407119074  -412.329780116  -412.290920622  -412.290920622  -412.242180276
   287.000  -412.410125446  -412.330988938  -412.292459233  -412.292459233  -412.242181893
   287.500  -412.412197293  -412.331567974  -412.293464077  -412.293464077  -412.242171354
   288.000  -412.413459266  -412.331659218  -412.294034509  -412.294034509  -412.242168559
   288.500  -412.413971457  -412.331338172  -412.294209059  -412.294209059  -412.242168821
   289.000  -412.413773721  -412.330657110  -412.294006842  -412.294006842  -412.242157418
   289.500  -412.413078940  -412.329837406  -412.293616017  -412.293616017  -412.242129259
   290.000  -412.412341133  -412.329336108  -412.293458628  -412.293458628  -412.242093462
   290.500  -412.412113738  -412.329705272  -412.294050367  -412.294050367  -412.242069532
   291.000  -412.412756036  -412.331299244  -412.295710874  -412.295710874  -412.242078831
   291.500  -412.414129576  -412.333970628  -412.298264107  -412.298264107  -412.242128064
   292.000  -412.415527056  -412.336994883  -412.300967586  -412.300967586  -412.242194747
   292.500  -412.416018134  -412.339410945  -412.302857150  -412.302857150  -412.242235610
   293.000  -412.415084520  -412.340649859  -412.303376246  -412.303376246  -412.242217691
   293.500  -412.413069569  -412.340986362  -412.302825763  -412.302825763  -412.242154383
   294.000  -412.410960059  -412.341323154  -412.302142297  -412.302142297  -412.242105176
   294.500  -412.409520821  -412.342337084  -412.302037552  -412.302037552  -412.242120931
   295.000  -412.408587616  -412.343775960  -412.302292208  -412.302292208  -412.242185351
   295.500  -412.407297512  -412.344690316  -412.301990848  -412.301990848  -412.242234218
   296.000  -412.405006221  -412.344346947  -412.300443126  -412.300443126  -412.242219996
   296.500  -412.401992292  -412.342931624  -412.297890608  -412.297890608  -412.242143955
   297.000  -412.399443917  -412.341539042  -412.295493734  -412.295493734  -412.242049990
   297.500  -412.398803601  -412.341528717  -412.294673269  -412.294673269  -412.241997842
   298.000  -412.400893238  -412.343657722  -412.296227533  -412.296227533  -412.242021924
   298.500  -412.405425518  -412.347601545  -412.299836755  -412.299836755  -412.242102293
   299.000  -412.411293342  -412.352239513  -412.304347311  -412.304347311  -412.242182499
   299.500  -412.417384150  -412.356465087  -412.308588334  -412.308588334  -412.242214403
   300.000  -412.423274885  -412.359870445  -412.312073601  -412.312073601  -412.242192630
   300.500  -412.429292470  -412.362803901  -412.315076894  -412.315076894  -412.242159868
   301.000  -412.435895980  -412.365749422  -412.318026624  -412.318026624  -412.242168381
   301.500  -412.442947829  -412.368599827  -412.320789171  -412.320789171  -412.242220952
   302.000  -412.449695433  -412.370645502  -412.322651763  -412.322651763  -412.242264770
   302.500  -412.455481084  -412.371293029  -412.323032071  -412.323032071  -412.242264858
   303.000  -412.460208428  -412.370540662  -412.321941090  -412.321941090  -412.242248466
   303.500  -412.463979383  -412.368628325  -412.319620641  -412.319620641  -412.242255093
   304.000  -412.466566661  -412.365507939  -412.316012984  -412.316012984  -412.242276799
   304.500  -412.467514473  -412.360937558  -412.310860714  -412.310860714  -412.242275975
   305.000  -412.466663382  -412.354985592  -412.304228309  -412.304228309  -412.242235672
   305.500  -412.464432183  -412.348291813  -412.296772525  -412.296772525  -412.242168106
   306.000  -412.461676013  -412.341900894  -412.289583980  -412.289583980  -412.242096235
   306.500  -412.459386346  -412.336946469  -412.283858614  -412.283858614  -412.242033284
   307.000  -412.458492016  -412.334437346  -412.280673143  -412.280673143  -412.241983283
   307.500  -412.459768743  -412.335175166  -412.280881143  -412.280881143  -412.241956361
   308.000  -412.463628719  -412.339551070  -412.284906136  -412.284906136  -412.241986442
   308.500  -412.469594530  -412.347043367  -412.292237219  -412.292237219  -412.242107328
   309.000  -412.475853734  -412.355781581  -412.301000752  -412.301000752  -412.242292800
   309.500  -412.479719323  -412.363003853  -412.308420179  -412.308420179  -412.242441008
   310.000  -412.479143766  -412.366555518  -412.312316569  -412.312316569  -412.242449301
   310.500  -412.474192700  -412.366348105  -412.312573199  -412.312573199  -412.242311941
   311.000  -412.467083294  -412.364406396  -412.311183999  -412.311183999  -412.242143099
   311.500  -412.460498516  -412.363203467  -412.310594205  -412.310594205  -412.242080179
   312.000  -412.455594659  -412.363696358  -412.311734290  -412.311734290  -412.242150195
   312.500  -412.451553028  -412.364889226  -412.313585176  -412.313585176  -412.242263636
   313.000  -412.446810888  -412.365068476  -412.314413622  -412.314413622  -412.242321660
   313.500  -412.440515552  -412.363253135  -412.313227210  -412.313227210  -412.242293632
   314.000  -412.433044904  -412.359717582  -412.310299478  -412.310299478  -412.242210665
   314.500  -412.425611644  -412.355598686  -412.306773948  -412.306773948  -412.242122300
   315.000  -412.419539567  -412.352175374  -412.303937379  -412.303937379  -412.242067203
   315.500  -412.415681884  -412.350282230  -412.302625552  -412.302625552  -412.242061402
   316.000  -412.414159899  -412.350041463  -412.302956793  -412.302956793  -412.242099639
   316.500  -412.414465749  -412.350953623  -412.304421140  -412.304421140  -412.242153656
   317.000  -412.415881459  -412.352310410  -412.306300359  -412.306300359  -412.242184601
   317.500  -412.418041877  -412.353754065  -412.308229508  -412.308229508  -412.242170817
   318.000  -412.421204346  -412.355553440  -412.310469050  -412.310469050  -412.242143405
   318.500  -412.425751896  -412.358121339  -412.313416019  -412.313416019  -412.242173890
   319.000  -412.431194910  -412.361033897  -412.316615960  -412.316615960  -412.242283222
   319.500  -412.435913695  -412.362776778  -412.318516305  -412.318516305  -412.242391634
   320.000  -412.438298416  -412.361874419  -412.317603770  -412.317603770  -412.242400255
   320.500  -412.438156187  -412.358276684  -412.313801035  -412.313801035  -412.242295809
   321.000  -412.436923874  -412.353552362  -412.308663205  -412.308663205  -412.242158461
   321.500  -412.436501389  -412.349715023  -412.304204030  -412.304204030  -412.242093926
   322.000  -412.437711994  -412.347677010  -412.301357445  -412.301357445  -412.242136269
   322.500  -412.439818626  -412.346768025  -412.299491825  -412.299491825  -412.242211530
   323.000  -412.441550625  -412.345764068  -412.297431710  -412.297431710  -412.242231745
   323.500  -412.442381925  -412.344172564  -412.294729859  -412.294729859  -412.242184154
   324.000  -412.442800224  -412.342509596  -412.291931869  -412.291931869  -412.242113293
   324.500  -412.443695117  -412.341693770  -412.289971661  -412.289971661  -412.242067482
   325.000  -412.445652472  -412.342340971  -412.289465779  -412.289465779  -412.242068328
   325.500  -412.448597527  -412.344405264  -412.290362383  -412.290362383  -412.242114773
   326.000  -412.451808537  -412.347183793  -412.291949613  -412.291949613  -412.242189613
   326.500  -412.454182220  -412.349576018  -412.293122332  -412.293122332  -412.242263488
   327.000  -412.454727457  -412.350567354  -412.292864442  -412.292864442  -412.242290380
   327.500  -412.453236430  -412.349901328  -412.290928646  -412.290928646  -412.242231602
   328.000  -412.450812148  -412.348609389  -412.288364735  -412.288364735  -412.242101501
   328.500  -412.449529549  -412.348690740  -412.287205402  -412.287205402  -412.241998763
   329.000  -412.450942814  -412.351641365  -412.288992446  -412.288992446  -412.242030772
   329.500  -412.454546983  -412.356931482  -412.293246793  -412.293246793  -412.242194836
   330.000  -412.457845923  -412.362071411  -412.297519243  -412.297519243  -412.242372124
   330.500  -412.458118002  -412.364359229  -412.299124755  -412.299124755  -412.242432420
   331.000  -412.454379470  -412.362822725  -412.297082195  -412.297082195  -412.242330387
   331.500  -412.448079349  -412.358898835  -412.292805860  -412.292805860  -412.242138565
   332.000  -412.442043058  -412.355379163  -412.289062359  -412.289062359  -412.241991632
   332.500  -412.438501010  -412.354443276  -412.288024875  -412.288024875  -412.241968186
   333.000  -412.437925814  -412.356511678  -412.290120061  -412.290120061  -412.242029109
   333.500  -412.439480957  -412.360694696  -412.294480860  -412.294480860  -412.242098576
   334.000  -412.442104492  -412.365879151  -412.300015509  -412.300015509  -412.242141500
   334.500  -412.445073065  -412.371284473  -412.305963613  -412.305963613  -412.242168575
   335.000  -412.447922632  -412.376383727  -412.311809837  -412.311809837  -412.242201958
   335.500  -412.450154423  -412.380607617  -412.316990812  -412.316990812  -412.242253357
   336.000  -412.451079170  -412.383191207  -412.320744200  -412.320744200  -412.242312501
   336.500  -412.449992223  -412.383348450  -412.322286765  -412.322286765  -412.242343017
   337.000  -412.446709471  -412.380808667  -412.321356403  -412.321356403  -412.242300160
   337.500  -412.442188694  -412.376443241  -412.318831437  -412.318831437  -412.242175082
   338.000  -412.438533761  -412.372278357  -412.316740391  -412.316740391  -412.242045788
   338.500  -412.437794106  -412.370317443  -412.317057393  -412.317057393  -412.242033057
   339.000  -412.440201822  -412.370798462  -412.319954670  -412.319954670  -412.242175859
   339.500  -412.443657090  -412.371693951  -412.323294929  -412.323294929  -412.242369743
   340.000  -412.445207743  -412.370176563  -412.324127137  -412.324127137  -412.242476067
   340.500  -412.443122661  -412.364670186  -412.320753727  -412.320753727  -412.242429258
   341.000  -412.437934207  -412.355857476  -412.313765113  -412.313765113  -412.242256530
   341.500  -412.432106211  -412.346333992  -412.305684862  -412.305684862  -412.242045947
   342.000  -412.428685485  -412.339249578  -412.299617967  -412.299617967  -412.241914615
   342.500  -412.429579924  -412.336592899  -412.297526767  -412.297526767  -412.241928871
   343.000  -412.434570357  -412.338207673  -412.299252667  -412.299252667  -412.242051564
   343.500  -412.441795298  -412.342280910  -412.303002014  -412.303002014  -412.242190982
   344.000  -412.449045134  -412.346637559  -412.306638006  -412.306638006  -412.242288420
   344.500  -412.454678589  -412.349657987  -412.308591299  -412.308591299  -412.242335913
   345.000  -412.457832716  -412.350489575  -412.308067129  -412.308067129  -412.242341881
   345.500  -412.458348681  -412.348971892  -412.304971861  -412.304971861  -412.242307637
   346.000  -412.456754030  -412.345620488  -412.299893945  -412.299893945  -412.242232988
   346.500  -412.454212103  -412.341575585  -412.294056579  -412.294056579  -412.242138315
   347.000  -412.452196485  -412.338284367  -412.288988851  -412.288988851  -412.242056886
   347.500  -412.451969154  -412.336986463  -412.286006941  -412.286006941  -412.242012192
   348.000  -412.454189542  -412.338333932  -412.285825151  -412.285825151  -412.242017131
   348.500  -412.458689967  -412.342179301  -412.288335244  -412.288335244  -412.242080115
   349.000  -412.464381900  -412.347487371  -412.292515976  -412.292515976  -412.242182727
   349.500  -412.469607159  -412.352682129  -412.296768583  -412.296768583  -412.242270769
   350.000  -412.472955153  -412.356438935  -412.299721276  -412.299721276  -412.242297931
   350.500  -412.473981840  -412.358378206  -412.300937032  -412.300937032  -412.242252372
   351.000  -412.473410295  -412.359245071  -412.301109154  -412.301109154  -412.242153520
   351.500  -412.472794359  -412.360576709  -412.301734691  -412.301734691  -412.242052009
   352.000  -412.473705013  -412.363895513  -412.304309775  -412.304309775  -412.242018911
   352.500  -412.476649872  -412.369641343  -412.309272078  -412.309272078  -412.242095223
   353.000  -412.480510196  -412.376619629  -412.315449139  -412.315449139  -412.242237922
   353.500  -412.483163694  -412.382627057  -412.320683845  -412.320683845  -412.242357799
   354.000  -412.482799474  -412.385768080  -412.323136279  -412.323136279  -412.242394681
   354.500  -412.478848462  -412.385383454  -412.322203522  -412.322203522  -412.242345062
   355.000  -412.472084758  -412.382154117  -412.318611530  -412.318611530  -412.242246851
   355.500  -412.464054379  -412.377532584  -412.313840351  -412.313840351  -412.242160994
   356.000  -412.456168314  -412.372842816  -412.309213823  -412.309213823  -412.242131328
   356.500  -412.449060228  -412.368640778  -412.305260385  -412.305260385  -412.242142551
   357.000  -412.442779097  -412.364908840  -412.301916461  -412.301916461  -412.242139871
   357.500  -412.437519164  -412.361786604  -412.299273979  -412.299273979  -412.242101921
   358.000  -412.433892917  -412.359851334  -412.297874394  -412.297874394  -412.242067677
   358.500  -412.432387923  -412.359581244  -412.298178806  -412.298178806  -412.242082178
   359.000  -412.432742248  -412.360737365  -412.299943146  -412.299943146  -412.242142320
   359.500  -412.433980178  -412.362390177  -412.302237716  -412.302237716  -412.242213980
   360.000  -412.434919553  -412.363414852  -412.303930518  -412.303930518  -412.242270685
   360.500  -412.434616825  -412.362921809  -412.304113356  -412.304113356  -412.242296279
   361.000  -412.432676281  -412.360557487  -412.302399213  -412.302399213  -412.242269521
   361.500  -412.429558271  -412.356812720  -412.299233413  -412.299233413  -412.242181332
   362.000  -412.426623746  -412.353071868  -412.295954820  -412.295954820  -412.242076112
   362.500  -412.425423557  -412.350912211  -412.294104730  -412.294104730  -412.242037831
   363.000  -412.426502105  -412.350912468  -412.294245819  -412.294245819  -412.242096496
   363.500  -412.428980421  -412.352236265  -412.295553920  -412.295553920  -412.242183069
   364.000  -412.431523935  -412.353589901  -412.296771841  -412.296771841  -412.242214358
   364.500  -412.433522474  -412.354396456  -412.297373101  -412.297373101  -412.242187821
   365.000  -412.435182072  -412.354885568  -412.297637911  -412.297637911  -412.242163388
   365.500  -412.436732271  -412.355307957  -412.297850343  -412.297850343  -412.242179071
   366.000  -412.437895409  -412.355406207  -412.297764373  -412.297764373  -412.242211873
   366.500  -412.438208604  -412.354736973  -412.296924451  -412.296924451  -412.242209733
   367.000  -412.437754432  -412.353391230  -412.295400482  -412.295400482  -412.242147374
   367.500  -412.437514484  -412.352344852  -412.294147598  -412.294147598  -412.242051121
   368.000  -412.438951400  -412.353042101  -412.294600417  -412.294600417  -412.241984951
   368.500  -412.443052421  -412.356448955  -412.297729166  -412.297729166  -412.242000634
   369.000  -412.449563271  -412.362297698  -412.303281364  -412.303281364  -412.242096286
   369.500  -412.457002498  -412.369104987  -412.309794968  -412.309794968  -412.242227898
   370.000  -412.463321273  -412.374831191  -412.315248570  -412.315248570  -412.242347683
   370.500  -412.466664720  -412.377635203  -412.317812028  -412.317812028  -412.242421075
   371.000  -412.465965945  -412.376463530  -412.316430937  -412.316430937  -412.242417176
   371.500  -412.461433955  -412.371533126  -412.311309889  -412.311309889  -412.242314476
   372.000  -412.454798495  -412.364571270  -412.304159100  -412.304159100  -412.242143299
   372.500  -412.448747125  -412.358251493  -412.297639257  -412.297639257  -412.242004980
   373.000  -412.445405832  -412.354676266  -412.293853076  -412.293853076  -412.241987702
   373.500  -412.445073435  -412.354115463  -412.293086968  -412.293086968  -412.242070483
   374.000  -412.446491954  -412.355280215  -412.294076659  -412.294076659  -412.242168011
   374.500  -412.448072492  -412.356552309  -412.295225260  -412.295225260  -412.242229715
   375.000  -412.448729565  -412.356821097  -412.295429261  -412.295429261  -412.242251787
   375.500  -412.448027941  -412.355631970  -412.294226686  -412.294226686  -412.242243589
   376.000  -412.446076814  -412.353082974  -412.291697901  -412.291697901  -412.242207933
   376.500  -412.443476181  -412.349768141  -412.288418589  -412.288418589  -412.242142738
   377.000  -412.441308692  -412.346774262  -412.285458743  -412.285458743  -412.242054588
   377.500  -412.440978051  -412.345519552  -412.284226621  -412.284226621  -412.241975253
   378.000  -412.443683679  -412.347235712  -412.285950548  -412.285950548  -412.241954658
   378.500  -412.449669543  -412.352219867  -412.290932789  -412.290932789  -412.242021978
   379.000  -412.457812785  -412.359422909  -412.298137367  -412.298137367  -412.242153399
   379.500  -412.465991659  -412.366807973  -412.305547409  -412.305547409  -412.242291717
   380.000  -412.471965308  -412.372214513  -412.311025852  -412.311025852  -412.242389132
   380.500  -412.474165006  -412.374132355  -412.313084855  -412.313084855  -412.242418140
   381.000  -412.472191437  -412.372187387  -412.311365925  -412.311365925  -412.242357410
   381.500  -412.467143850  -412.367464238  -412.306959589  -412.306959589  -412.242202086
   382.000  -412.461584519  -412.362479501  -412.302376625  -412.302376625  -412.242011268
   382.500  -412.458532908  -412.360192323  -412.300559510  -412.300559510  -412.241912846
   383.000  -412.459548672  -412.362110468  -412.302995387  -412.302995387  -412.241991519
   383.500  -412.463531889  -412.367105469  -412.308535858  -412.308535858  -412.242180888
   384.000  -412.467659910  -412.372349725  -412.314335660  -412.314335660  -412.242338893
   384.500  -412.469451203  -412.375367567  -412.317903830  -412.317903830  -412.242389606
   385.000  -412.467981483  -412.375238565  -412.318306320  -412.318306320  -412.242350297
   385.500  -412.463743093  -412.372448939  -412.316015167  -412.316015167  -412.242276642
   386.000  -412.457855407  -412.368098996  -412.312113957  -412.312113957  -412.242214272
   386.500  -412.451373956  -412.363212464  -412.307604138  -412.307604138  -412.242174836
   387.000  -412.445086083  -412.358530598  -412.303199187  -412.303199187  -412.242139262
   387.500  -412.439736775  -412.354742949  -412.299555860  -412.299555860  -412.242090950
   388.000  -412.436195187  -412.352657743  -412.297456911  -412.297456911  -412.242052411
   388.500  -412.435099823  -412.352865487  -412.297476972  -412.297476972  -412.242066658
   389.000  -412.436246005  -412.355131998  -412.299387993  -412.299387993  -412.242141991
   389.500  -412.438498287  -412.358317989  -412.302072324  -412.302072324  -412.242231596
   390.000  -412.440465704  -412.361034667  -412.304183912  -412.304183912  -412.242285313
   390.500  -412.441267211  -412.362401795  -412.304891274  -412.304891274  -412.242289013
   391.000  -412.440788272  -412.362290247  -412.304116945  -412.304116945  -412.242255511
   391.500  -412.439540543  -412.361189352  -412.302387838  -412.302387838  -412.242191507
   392.000  -412.438527505  -412.360071338  -412.300700355  -412.300700355  -412.242107732
   392.500  -412.439008997  -412.360166112  -412.300292198  -412.300292198  -412.242049878
   393.000  -412.441802713  -412.362261029  -412.301958883  -412.301958883  -412.242070664
   393.500  -412.446572455  -412.365996954  -412.305356050  -412.305356050  -412.242151607
   394.000  -412.452081964  -412.370125122  -412.309261296  -412.309261296  -412.242219840
   394.500  -412.457195370  -412.373510282  -412.312572284  -412.312572284  -412.242238842
   395.000  -412.461438975  -412.375696479  -412.314858326  -412.314858326  -412.242230999
   395.500  -412.464746166  -412.376653643  -412.316098531  -412.316098531  -412.242231256
   396.000  -412.466992493  -412.376312101  -412.316210356  -412.316210356  -412.242248563
   396.500  -412.467862159  -412.374422782  -412.314914775  -412.314914775  -412.242266114
   397.000  -412.467092591  -412.370793292  -412.311979486  -412.311979486  -412.242255711
   397.500  -412.464882031  -412.365689002  -412.307628219  -412.307628219  -412.242196169
   398.000  -412.462158836  -412.360100652  -412.302819137  -412.302819137  -412.242098771
   398.500  -412.460363357  -412.355535135  -412.299040987  -412.299040987  -412.242015883
   399.000  -412.460661697  -412.353239491  -412.297539678  -412.297539678  -412.242003814
   399.500  -412.463128930  -412.353392974  -412.298505997  -412.298505997  -412.242072327
   400.000  -412.466611017  -412.354960477  -412.300919192  -412.300919192  -412.242183976
   400.500  -412.469287186  -412.356241760  -412.303082187  -412.303082187  -412.242288130
   401.000  -412.469470490  -412.355649862  -412.303398049  -412.303398049  -412.242340512
   401.500  -412.466344338  -412.352434137  -412.301088187  -412.301088187  -412.242307357
   402.000  -412.460462311  -412.347172589  -412.296695936  -412.296695936  -412.242189467
   402.500  -412.453700250  -412.341723441  -412.292044255  -412.292044255  -412.242040706
   403.000  -412.448392977  -412.338374982  -412.289394861  -412.289394861  -412.241948179
   403.500  -412.446031893  -412.338555297  -412.290162496  -412.290162496  -412.241961411
   404.000  -412.446512559  -412.342093687  -412.294174624  -412.294174624  -412.242052949
   404.500  -412.448492544  -412.347581887  -412.300028328  -412.300028328  -412.242159911
   405.000  -412.450314474  -412.353297977  -412.306006164  -412.306006164  -412.242241412
   405.500  -412.450672368  -412.357865748  -412.310734041  -412.310734041  -412.242290316
   406.000  -412.448791187  -412.360431285  -412.313359285  -412.313359285  -412.242311630
   406.500  -412.444406044  -412.360639026  -412.313528706  -412.313528706  -412.242299875
   407.000  -412.437846212  -412.358715499  -412.311475669  -412.311475669  -412.242238257
   407.500  -412.430241051  -412.355676922  -412.308228090  -412.308228090  -412.242123371
   408.000  -412.423482123  -412.353301072  -412.305579008  -412.305579008  -412.242000320
   408.500  -412.419502214  -412.353417914  -412.305373048  -412.305373048  -412.241952790
   409.000  -412.419051150  -412.356703896  -412.308298098  -412.308298098  -412.242029480
   409.500  -412.421020869  -412.362014722  -412.313215656  -412.313215656  -412.242186405
   410.000  -412.423065318  -412.367001658  -412.317779690  -412.317779690  -412.242332491
   410.500  -412.422931294  -412.369426285  -412.319752736  -412.319752736  -412.242406481
   411.000  -412.419416189  -412.368102194  -412.317951080  -412.317951080  -412.242396149
   411.500  -412.412628539  -412.363143618  -412.312493417  -412.312493417  -412.242312404
   412.000  -412.403837598  -412.355814721  -412.304649136  -412.304649136  -412.242178174
   412.500  -412.395088067  -412.348145914  -412.296454526  -412.296454526  -412.242040335
   413.000  -412.388477092  -412.342220290  -412.289987973  -412.289987973  -412.241961227
   413.500  -412.385213704  -412.339229256  -412.286437096  -412.286437096  -412.241977958
   414.000  -412.385105051  -412.338964903  -412.285586341  -412.285586341  -412.242059725
   414.500  -412.386981871  -412.340241303  -412.286248687  -412.286248687  -412.242140258
   415.000  -412.389648543  -412.341848911  -412.287220992  -412.287220992  -412.242175281
   415.500  -412.392546219  -412.343216133  -412.287954689  -412.287954689  -412.242162223
   416.000  -412.395839853  -412.344501463  -412.288642598  -412.288642598  -412.242121306
   416.500  -412.400124255  -412.346302391  -412.289923760  -412.289923760  -412.242084422
   417.000  -412.405949038  -412.349181236  -412.292397227  -412.292397227  -412.242084043
   417.500  -412.413344793  -412.353191831  -412.296139108  -412.296139108  -412.242128548
   418.000  -412.421731734  -412.357785370  -412.300600326  -412.300600326  -412.242180018
   418.500  -412.430463775  -412.362353621  -412.305148444  -412.305148444  -412.242184267
   419.000  -412.439534333  -412.366938034  -412.309787446  -412.309787446  -412.242142172
   419.500  -412.449484565  -412.372153487  -412.315096596  -412.315096596  -412.242127108
   420.000  -412.460345184  -412.378148354  -412.321208012  -412.321208012  -412.242198746
   420.500  -412.470819209  -412.383793985  -412.327005868  -412.327005868  -412.242323307
   421.000  -412.478789301  -412.387175154  -412.330606990  -412.330606990  -412.242414640
   421.500  -412.482598608  -412.386839141  -412.330589260  -412.330589260  -412.242420061
   422.000  -412.481918590  -412.382632534  -412.326802534  -412.326802534  -412.242340964
   422.500  -412.477777307  -412.375708444  -412.320370708  -412.320370708  -412.242220933
   423.000  -412.471919709  -412.367880526  -412.313049754  -412.313049754  -412.242123169
   423.500  -412.465840906  -412.360662622  -412.306290365  -412.306290365  -412.242092709
   424.000  -412.460107888  -412.354603735  -412.300592714  -412.300592714  -412.242116369
   424.500  -412.454506995  -412.349454944  -412.295684387  -412.295684387  -412.242137963
   425.000  -412.448821734  -412.344955576  -412.291308461  -412.291308461  -412.242115508
   425.500  -412.443440830  -412.341446049  -412.287824128  -412.287824128  -412.242057635
   426.000  -412.439236216  -412.339738753  -412.286070810  -412.286070810  -412.242017010
   426.500  -412.436841042  -412.340392760  -412.286620824  -412.286620824  -412.242039217
   427.000  -412.435990212  -412.343045444  -412.289112379  -412.289112379  -412.242126190
   427.500  -412.435520946  -412.346408980  -412.292242288  -412.292242288  -412.242236015
   428.000  -412.433994702  -412.348886201  -412.294398209  -412.294398209  -412.242316436
   428.500  -412.430498835  -412.349376127  -412.294477984  -412.294477984  -412.242320887
   429.000  -412.425345644  -412.347979340  -412.292607387  -412.292607387  -412.242218812
   429.500  -412.420414249  -412.346363725  -412.290512167  -412.290512167  -412.242044435
   430.000  -412.418498285  -412.347140260  -412.290882110  -412.290882110  -412.241929880
   430.500  -412.421307565  -412.351895730  -412.295394840  -412.295394840  -412.242006546
   431.000  -412.427700008  -412.359435589  -412.302931723  -412.302931723  -412.242228228
   431.500  -412.434372787  -412.366466077  -412.310243906  -412.310243906  -412.242418310
   432.000  -412.438390263  -412.370098369  -412.314447767  -412.314447767  -412.242464370
   432.500  -412.438905140  -412.369551324  -412.314728738  -412.314728738  -412.242381943
   433.000  -412.437014267  -412.365998982  -412.312203767  -412.312203767  -412.242257881
   433.500  -412.434501956  -412.361316028  -412.308678960  -412.308678960  -412.242173446
   434.000  -412.432605037  -412.356844839  -412.305436361  -412.305436361  -412.242150701
   434.500  -412.431638943  -412.353022512  -412.302866859  -412.302866859  -412.242154977
   435.000  -412.431447833  -412.349825022  -412.300912203  -412.300912203  -412.242155107
   435.500  -412.431862271  -412.347219797  -412.299508423  -412.299508423  -412.242154176
   436.000  -412.432712933  -412.345175281  -412.298589052  -412.298589052  -412.242161957
   436.500  -412.433730087  -412.343555893  -412.297978584  -412.297978584  -412.242172086
   437.000  -412.434629202  -412.342200528  -412.297478702  -412.297478702  -412.242178226
   437.500  -412.435219229  -412.341018861  -412.296968362  -412.296968362  -412.242187583
   438.000  -412.435315589  -412.339893756  -412.296313781  -412.296313781  -412.242214162
   438.500  -412.434595193  -412.338527412  -412.295210119  -412.295210119  -412.242247963
   439.000  -412.432775464  -412.336618830  -412.293358012  -412.293358012  -412.242239118
   439.500  -412.430333766  -412.334584518  -412.291177906  -412.291177906  -412.242133440
   440.000  -412.429146540  -412.334214328  -412.290461183  -412.290461183  -412.241975699
   440.500  -412.431661180  -412.337870555  -412.293566600  -412.293566600  -412.241935070
   441.000  -412.438472066  -412.346095784  -412.301028407  -412.301028407  -412.242105950
   441.500  -412.447057761  -412.356360978  -412.310308770  -412.310308770  -412.242351971
   442.000  -412.453683206  -412.364949151  -412.317688087  -412.317688087  -412.242476562
   442.500  -412.456260299  -412.369780184  -412.321096797  -412.321096797  -412.242421329
   443.000  -412.455346290  -412.371388863  -412.321095077  -412.321095077  -412.242262248
   443.500  -412.453103619  -412.371872468  -412.319830546  -412.319830546  -412.242127247
   444.000  -412.451454923  -412.373064014  -412.319193787  -412.319193787  -412.242100676
   444.500  -412.450812246  -412.375262035  -412.319557160  -412.319557160  -412.242171406
   445.000  -412.450211597  -412.377385236  -412.319907687  -412.319907687  -412.242255941
   445.500  -412.448458916  -412.378122447  -412.319001070  -412.319001070  -412.242286329
   446.000  -412.445130292  -412.376946211  -412.316364461  -412.316364461  -412.242251122
   446.500  -412.440757696  -412.374301021  -412.312489691  -412.312489691  -412.242185925
   447.000  -412.436342378  -412.371124242  -412.308341891  -412.308341891  -412.242135227
   447.500  -412.432680953  -412.368166977  -412.304687963  -412.304687963  -412.242130073
   448.000  -412.429928606  -412.365559424  -412.301648177  -412.301648177  -412.242168838
   448.500  -412.427591684  -412.362793313  -412.298697361  -412.298697361  -412.242228112
   449.000  -412.424934843  -412.359131270  -412.295062959  -412.295062959  -412.242260612
   449.500  -412.421681855  -412.354300811  -412.290434598  -412.290434598  -412.242215606
   450.000  -412.418731085  -412.349211731  -412.285681750  -412.285681750  -412.242084566
   450.500  -412.418162026  -412.345969620  -412.282869205  -412.282869205  -412.241957264
   451.000  -412.421840550  -412.346493111  -412.283884188  -412.283884188  -412.241967789
   451.500  -412.429556398  -412.350668567  -412.288586999  -412.288586999  -412.242118706
   452.000  -412.438964338  -412.356290710  -412.294765733  -412.294765733  -412.242270966
   452.500  -412.447543976  -412.361013468  -412.300070940  -412.300070940  -412.242314993
   453.000  -412.454216979  -412.363942196  -412.303611193  -412.303611193  -412.242269676
   453.500  -412.459238456  -412.365510774  -412.305813642  -412.305813642  -412.242213968
   454.000  -412.463122731  -412.366393285  -412.307343559  -412.307343559  -412.242199734
   454.500  -412.465908180  -412.366765927  -412.308364500  -412.308364500  -412.242212608
   455.000  -412.467292642  -412.366432865  -412.308681156  -412.308681156  -412.242213442
   455.500  -412.467173809  -412.365367365  -412.308271527  -412.308271527  -412.242185944
   456.000  -412.465874189  -412.363932548  -412.307509208  -412.307509208  -412.242147483
   456.500  -412.463923516  -412.362663312  -412.306935629  -412.306935629  -412.242119100
   457.000  -412.461754954  -412.361967422  -412.306955868  -412.306955868  -412.242108620
   457.500  -412.459568811  -412.361992312  -412.307706316  -412.307706316  -412.242117318
   458.000  -412.457307348  -412.362606124  -412.309033120  -412.309033120  -412.242147304
   458.500  -412.454622652  -412.363368422  -412.310467192  -412.310467192  -412.242201684
   459.000  -412.450863591  -412.363519679  -412.311211871  -412.311211871  -412.242271618
   459.500  -412.445242048  -412.362143156  -412.310311032  -412.310311032  -412.242325249
   460.000  -412.437340286  -412.358670165  -412.307157177  -412.307157177  -412.242308759
   460.500  -412.427860224  -412.353630312  -412.302253383  -412.302253383  -412.242191651
   461.000  -412.418928065  -412.348973015  -412.297542615  -412.297542615  -412.242039583
   461.500  -412.412992790  -412.346997809  -412.295342810  -412.295342810  -412.242001107
   462.000  -412.410715742  -412.348274048  -412.296256473  -412.296256473  -412.242131759
   462.500  -412.410251563  -412.350925859  -412.298441547  -412.298441547  -412.242298402
   463.000  -412.409121609  -412.352477005  -412.299449360  -412.299449360  -412.242347603
   463.500  -412.406424862  -412.352031305  -412.298404992  -412.298404992  -412.242274339
   464.000  -412.403015870  -412.350425380  -412.296178518  -412.296178518  -412.242181423
   464.500  -412.400123176  -412.348852426  -412.294006842  -412.294006842  -412.242140421
   465.000  -412.398298793  -412.347813218  -412.292443576  -412.292443576  -412.242142324
   465.500  -412.397497993  -412.347208758  -412.291429203  -412.291429203  -412.242143902
   466.000  -412.397682096  -412.346942911  -412.290884709  -412.290884709  -412.242123404
   466.500  -412.399160259  -412.347272892  -412.291052318  -412.291052318  -412.242087850
   467.000  -412.402498477  -412.348723070  -412.292414651  -412.292414651  -412.242056931
   467.500  -412.408213172  -412.351785215  -412.295406576  -412.295406576  -412.242048054
   468.000  -412.416487332  -412.356638535  -412.300148837  -412.300148837  -412.242069229
   468.500  -412.427020748  -412.363000041  -412.306314649  -412.306314649  -412.242121233
   469.000  -412.439023391  -412.370114783  -412.313124532  -412.313124532  -412.242198476
   469.500  -412.451295021  -412.376830132  -412.319429453  -412.319429453  -412.242294587
   470.000  -412.462375804  -412.381744905  -412.323850836  -412.323850836  -412.242388965
   470.500  -412.470904668  -412.383569037  -412.325135852  -412.325135852  -412.242430215
   471.000  -412.476404234  -412.381912945  -412.322934014  -412.322934014  -412.242353874
   471.500  -412.480095388  -412.378112729  -412.318616373  -412.318616373  -412.242184743
   472.000  -412.484387082  -412.374735661  -412.314772245  -412.314772245  -412.242076101
   472.500  -412.490709222  -412.373424460  -412.313052916  -412.313052916  -412.242120389
   473.000  -412.498264154  -412.373639073  -412.312909431  -412.312909431  -412.242217050
   473.500  -412.505339890  -412.373944733  -412.312874158  -412.312874158  -412.242258355
   474.000  -412.510875028  -412.373545154  -412.312094499  -412.312094499  -412.242256156
   474.500  -412.514484611  -412.372290408  -412.310352904  -412.310352904  -412.242248340
   475.000  -412.516000904  -412.370204948  -412.307616353  -412.307616353  -412.242231457
   475.500  -412.515485666  -412.367494880  -412.304058587  -412.304058587  -412.242191068
   476.000  -412.513395441  -412.364701432  -412.300230204  -412.300230204  -412.242135150
   476.500  -412.510484111  -412.362607171  -412.296954176  -412.296954176  -412.242081592
   477.000  -412.507532289  -412.361962664  -412.295052671  -412.295052671  -412.242043933
   477.500  -412.505141357  -412.363289288  -412.295137502  -412.295137502  -412.242024392
   478.000  -412.503677077  -412.366829579  -412.297552265  -412.297552265  -412.242022311
   478.500  -412.503259171  -412.372541310  -412.302353099  -412.302353099  -412.242047038
   479.000  -412.503628650  -412.379974158  -412.309158543  -412.309158543  -412.242118201
   479.500  -412.503889816  -412.388017364  -412.316874292  -412.316874292  -412.242244127
   480.000  -412.502436314  -412.394830936  -412.323616286  -412.323616286  -412.242392339
   480.500  -412.497467743  -412.398361661  -412.327240124  -412.327240124  -412.242488335
   481.000  -412.488066091  -412.397418766  -412.326448340  -412.326448340  -412.242462831
   481.500  -412.475132960  -412.392616721  -412.321766978  -412.321766978  -412.242321252
   482.000  -412.461191345  -412.386200606  -412.315399007  -412.315399007  -412.242167806
   482.500  -412.448825408  -412.380525754  -412.309714757  -412.309714757  -412.242106102
   483.000  -412.439186237  -412.376597942  -412.305783100  -412.305783100  -412.242120856
   483.500  -412.432119228  -412.374207589  -412.303482326  -412.303482326  -412.242139115
   484.000  -412.427159012  -412.372901392  -412.302446741  -412.302446741  -412.242150984
   484.500  -412.423797528  -412.372216672  -412.302291389  -412.302291389  -412.242184097
   485.000  -412.421248826  -412.371421555  -412.302343715  -412.302343715  -412.242228672
   485.500  -412.418627346  -412.369678252  -412.301802819  -412.301802819  -412.242253020
   486.000  -412.415421785  -412.366512216  -412.300196930  -412.300196930  -412.242241639
   486.500  -412.411740365  -412.362057229  -412.297625279  -412.297625279  -412.242198415
   487.000  -412.408256193  -412.357008078  -412.294711311  -412.294711311  -412.242135324
   487.500  -412.405988548  -412.352410705  -412.292402132  -412.292402132  -412.242073383
   488.000  -412.405930173  -412.349303095  -412.291623401  -412.291623401  -412.242041706
   488.500  -412.408589219  -412.348269733  -412.292845345  -412.292845345  -412.242055314
   489.000  -412.413738814  -412.349197663  -412.295856212  -412.295856212  -412.242101599
   489.500  -412.420587760  -412.351446278  -412.299940436  -412.299940436  -412.242156129
   490.000  -412.428140756  -412.354192418  -412.304231429  -412.304231429  -412.242211162
   490.500  -412.435368283  -412.356583521  -412.307859630  -412.307859630  -412.242271956
   491.000  -412.441218627  -412.357725653  -412.309932312  -412.309932312  -412.242325879
   491.500  -412.444850632  -412.356906961  -412.309747111  -412.309747111  -412.242332105
   492.000  -412.446225304  -412.354185661  -412.307368757  -412.307368757  -412.242258481
   492.500  -412.446464254  -412.350761832  -412.304004768  -412.304004768  -412.242145061
   493.000  -412.447226877  -412.348370070  -412.301398969  -412.301398969  -412.242079533
   493.500  -412.449475264  -412.348058450  -412.300615765  -412.300615765  -412.242091639
   494.000  -412.453050730  -412.349751047  -412.301600227  -412.301600227  -412.242133449
   494.500  -412.457241200  -412.352801855  -412.303736430  -412.303736430  -412.242179992
   495.000  -412.461168495  -412.356371603  -412.306220074  -412.306220074  -412.242237131
   495.500  -412.463794647  -412.359433088  -412.308067519  -412.308067519  -412.242285314
   496.000  -412.464247049  -412.361092715  -412.308436017  -412.308436017  -412.242290899
   496.500  -412.462312824  -412.361087045  -412.307111840  -412.307111840  -412.242253050
   497.000  -412.458479767  -412.359818357  -412.304543909  -412.304543909  -412.242202572
   497.500  -412.453529499  -412.357955813  -412.301434133  -412.301434133  -412.242161771
   498.000  -412.448204681  -412.356109377  -412.298408023  -412.298408023  -412.242127577
   498.500  -412.443192685  -412.354820337  -412.296010618  -412.296010618  -412.242093594
   499.000  -412.439181692  -412.354621022  -412.294769647  -412.294769647  -412.242068931
   499.500  -412.436702949  -412.355880272  -412.295051527  -412.295051527  -412.242074347
   500.000  -412.435840618  -412.358519644  -412.296775599  -412.296775599  -412.242117791
