 N     7.0   -1.97366791   -0.12813751    0.01560687   14.00307401
 N     7.0    1.85224553    2.33736637   -0.15217626   14.00307401
 C     6.0   -0.84017205    2.26147814   -0.04207526   12.00000000
 C     6.0    3.30846758    0.20597104    0.02186360   12.00000000
 C     6.0    2.23594256   -2.22999498    0.06636447   12.00000000
 C     6.0   -0.61272311   -2.56400849    0.07294528   12.00000000
 O     8.0   -1.77571815   -4.47473602   -0.04754540   15.99491464
 O     8.0   -2.07956772    4.30402130    0.09181643   15.99491464
 H     1.0   -4.03249300   -0.11493700   -0.70996723    1.00782504
 H     1.0    2.64907455    3.70012243    0.23683711    1.00782504
 H     1.0    5.19251489    0.56392262   -0.12646367    1.00782504
 H     1.0    3.39220514   -3.96644706    0.26554601    1.00782504
