    0.000095028    0.000108457   -0.000225137
   -0.000038200    0.000065255    0.000047190
    0.000070546   -0.000377151   -0.000180833
   -0.000089848   -0.000075009    0.000088480
    0.000150908   -0.000188454   -0.000052563
    0.000085044   -0.000306807    0.000020881
    0.000147606    0.000402617    0.000170138
   -0.000267518    0.000139298   -0.000006454
    0.000112475    0.001426456    0.001296774
    0.000857723    0.001968475    0.002058595
   -0.000104038   -0.003676851   -0.000143134
   -0.002397014    0.000573330   -0.001679403
