     0.000  -412.500764169  -412.304297443  -412.267667901  -412.267667901  -412.226069057
     0.500  -412.515838529  -412.316892708  -412.283212093  -412.283212093  -412.226962551
     1.000  -412.527871464  -412.327361669  -412.296392886  -412.296392886  -412.227249226
     1.500  -412.531006313  -412.329955224  -412.301143722  -412.301143722  -412.227093852
     2.000  -412.526309221  -412.325818212  -412.298417933  -412.298417933  -412.226890008
     2.500  -412.516430297  -412.317632548  -412.290808605  -412.290808605  -412.226758590
     3.000  -412.503527867  -412.307530096  -412.280430072  -412.280430072  -412.226627433
     3.500  -412.490083975  -412.297909642  -412.269703803  -412.269703803  -412.226383126
     4.000  -412.480170366  -412.292715022  -412.262623291  -412.262623291  -412.226106874
     4.500  -412.477940109  -412.295952315  -412.263259252  -412.263259252  -412.226093137
     5.000  -412.483622955  -412.307712149  -412.271761256  -412.271761256  -412.226384036
     5.500  -412.493014911  -412.323676695  -412.283840602  -412.283840602  -412.226679810
     6.000  -412.501535309  -412.339212332  -412.294807361  -412.294807361  -412.226828162
     6.500  -412.506659918  -412.351968997  -412.302005376  -412.302005376  -412.226923453
     7.000  -412.506770566  -412.360797951  -412.303935167  -412.303935167  -412.226998737
     7.500  -412.499865170  -412.362852390  -412.299623086  -412.299623086  -412.227060623
     8.000  -412.484659146  -412.355351060  -412.288645716  -412.288645716  -412.226992163
     8.500  -412.465030883  -412.342592759  -412.274396167  -412.274396167  -412.226275805
     9.000  -412.452887570  -412.336857369  -412.268282898  -412.268282898  -412.225688944
     9.500  -412.456808777  -412.346711352  -412.278506040  -412.278506040  -412.226221318
    10.000  -412.469789479  -412.365041460  -412.297675134  -412.297675134  -412.227046083
    10.500  -412.479489172  -412.379422499  -412.313089888  -412.313089888  -412.227312722
    11.000  -412.480556189  -412.384457987  -412.319145554  -412.319145554  -412.227219256
    11.500  -412.473442777  -412.380594005  -412.316175280  -412.316175280  -412.227051029
    12.000  -412.460501094  -412.370201693  -412.306531264  -412.306531264  -412.226826825
    12.500  -412.445337567  -412.356919812  -412.293905915  -412.293905915  -412.226484140
    13.000  -412.433242566  -412.346075371  -412.283733060  -412.283733060  -412.226140642
    13.500  -412.429170220  -412.342673298  -412.281133818  -412.281133818  -412.226091642
    14.000  -412.433700889  -412.347377166  -412.286842490  -412.286842490  -412.226368165
    14.500  -412.442686471  -412.356155572  -412.296828032  -412.296828032  -412.226651983
    15.000  -412.451562621  -412.364574274  -412.306602329  -412.306602329  -412.226757526
    15.500  -412.458201287  -412.370619941  -412.314079309  -412.314079309  -412.226770608
    16.000  -412.462010227  -412.373780720  -412.318680934  -412.318680934  -412.226842185
    16.500  -412.461889194  -412.373004401  -412.319296815  -412.319296815  -412.227036115
    17.000  -412.455444032  -412.365915618  -412.313511112  -412.313511112  -412.227224294
    17.500  -412.441149085  -412.350991588  -412.299782536  -412.299782536  -412.227007100
    18.000  -412.423818231  -412.333049566  -412.282929368  -412.282929368  -412.226190072
    18.500  -412.415675405  -412.324331895  -412.275193473  -412.275193473  -412.225754827
    19.000  -412.422680076  -412.330829602  -412.282506967  -412.282506967  -412.226441582
    19.500  -412.435484521  -412.343221288  -412.295420231  -412.295420231  -412.227162386
    20.000  -412.442933195  -412.350367844  -412.302658562  -412.302658562  -412.227276979
    20.500  -412.441918962  -412.349176012  -412.301057912  -412.301057912  -412.227106025
    21.000  -412.434307261  -412.341525238  -412.292515556  -412.292515556  -412.226868166
    21.500  -412.423734580  -412.331058773  -412.280772106  -412.280772106  -412.226526569
    22.000  -412.415497296  -412.323067715  -412.271260972  -412.271260972  -412.226156952
    22.500  -412.414972650  -412.322924805  -412.269489382  -412.269489382  -412.226059119
    23.000  -412.423458080  -412.331944832  -412.276843855  -412.276843855  -412.226311746
    23.500  -412.437144937  -412.346362398  -412.289559498  -412.289559498  -412.226617181
    24.000  -412.451129841  -412.361322905  -412.302750942  -412.302750942  -412.226762061
    24.500  -412.462642101  -412.374085763  -412.313657336  -412.313657336  -412.226798581
    25.000  -412.470635580  -412.383606806  -412.321241782  -412.321241782  -412.226866708
    25.500  -412.473914427  -412.388666915  -412.324320509  -412.324320509  -412.227042915
    26.000  -412.470188252  -412.386931870  -412.320623003  -412.320623003  -412.227225228
    26.500  -412.457886108  -412.376766453  -412.308611279  -412.308611279  -412.227035906
    27.000  -412.441428603  -412.362499576  -412.292749699  -412.292749699  -412.226238340
    27.500  -412.432975642  -412.356172148  -412.285218130  -412.285218130  -412.225740967
    28.000  -412.439380318  -412.364505835  -412.292814214  -412.292814214  -412.226404669
    28.500  -412.451543190  -412.378286830  -412.306293431  -412.306293431  -412.227199527
    29.000  -412.457255449  -412.385224962  -412.313266671  -412.313266671  -412.227351491
    29.500  -412.452794521  -412.381538812  -412.309856178  -412.309856178  -412.227142815
    30.000  -412.440485497  -412.369503326  -412.298280516  -412.298280516  -412.226864066
    30.500  -412.424550917  -412.353295557  -412.282705957  -412.282705957  -412.226534550
    31.000  -412.410235196  -412.338124950  -412.268362916  -412.268362916  -412.226182092
    31.500  -412.402873461  -412.329318157  -412.260594916  -412.260594916  -412.226030085
    32.000  -412.404680207  -412.329121381  -412.261626422  -412.261626422  -412.226204825
    32.500  -412.413116356  -412.335072230  -412.268920366  -412.268920366  -412.226486226
    33.000  -412.423842790  -412.342936317  -412.278137755  -412.278137755  -412.226646138
    33.500  -412.434043015  -412.350010851  -412.286470760  -412.286470760  -412.226685804
    34.000  -412.442694906  -412.355380335  -412.292922769  -412.292922769  -412.226713718
    34.500  -412.449136430  -412.358482425  -412.296879768  -412.296879768  -412.226817634
    35.000  -412.451838164  -412.357879875  -412.296899220  -412.296899220  -412.227004247
    35.500  -412.448516397  -412.351368545  -412.290848219  -412.290848219  -412.227096393
    36.000  -412.438992875  -412.338831035  -412.278778964  -412.278778964  -412.226712142
    36.500  -412.430136242  -412.327183158  -412.267845035  -412.267845035  -412.225896706
    37.000  -412.433664965  -412.328219031  -412.270017289  -412.270017289  -412.225756800
    37.500  -412.451268764  -412.343776564  -412.287110996  -412.287110996  -412.226616927
    38.000  -412.470640039  -412.361743489  -412.306809037  -412.306809037  -412.227320377
    38.500  -412.480422610  -412.370939594  -412.317682992  -412.317682992  -412.227425141
    39.000  -412.477771802  -412.368610500  -412.316839094  -412.316839094  -412.227208133
    39.500  -412.465505038  -412.357566653  -412.307094011  -412.307094011  -412.226827082
    40.000  -412.449486990  -412.343596323  -412.294336912  -412.294336912  -412.226368346
    40.500  -412.436683740  -412.333567093  -412.285542353  -412.285542353  -412.226108885
    41.000  -412.431031013  -412.331330782  -412.284601747  -412.284601747  -412.226242798
    41.500  -412.430848386  -412.335147702  -412.289711345  -412.289711345  -412.226528765
    42.000  -412.432023051  -412.340841001  -412.296559584  -412.296559584  -412.226670519
    42.500  -412.432238580  -412.345987586  -412.302578872  -412.302578872  -412.226661790
    43.000  -412.431424549  -412.350357753  -412.307425748  -412.307425748  -412.226636582
    43.500  -412.429957874  -412.354132706  -412.311213181  -412.311213181  -412.226697457
    44.000  -412.427121000  -412.356391098  -412.312996599  -412.312996599  -412.226884258
    44.500  -412.420587110  -412.354619642  -412.310281960  -412.310281960  -412.227134151
    45.000  -412.407679295  -412.345989248  -412.300303569  -412.300303569  -412.227151299
    45.500  -412.389880093  -412.331874488  -412.284547515  -412.284547515  -412.226525551
    46.000  -412.377530944  -412.322552412  -412.273439429  -412.273439429  -412.225722913
    46.500  -412.381818476  -412.329176240  -412.278275529  -412.278275529  -412.226045770
    47.000  -412.398148123  -412.347130835  -412.294527225  -412.294527225  -412.227053887
    47.500  -412.411607532  -412.361491198  -412.307305281  -412.307305281  -412.227513365
    48.000  -412.413877955  -412.363933652  -412.308323560  -412.308323560  -412.227373816
    48.500  -412.405949349  -412.355435972  -412.298633593  -412.298633593  -412.226945020
    49.000  -412.394028202  -412.342171692  -412.284503943  -412.284503943  -412.226420375
    49.500  -412.385948955  -412.331923352  -412.273781353  -412.273781353  -412.226104590
    50.000  -412.386491343  -412.329425924  -412.271167384  -412.271167384  -412.226199039
    50.500  -412.394600059  -412.333621274  -412.275451805  -412.275451805  -412.226464998
    51.000  -412.406448555  -412.340738558  -412.282647815  -412.282647815  -412.226605409
    51.500  -412.419626755  -412.348484833  -412.290255050  -412.290255050  -412.226601638
    52.000  -412.433733628  -412.356628423  -412.297890199  -412.297890199  -412.226575603
    52.500  -412.448750837  -412.365358279  -412.305662363  -412.305662363  -412.226633815
    53.000  -412.463481828  -412.373702839  -412.312593853  -412.312593853  -412.226830578
    53.500  -412.474851349  -412.378803470  -412.315890952  -412.315890952  -412.227136247
    54.000  -412.478670827  -412.376654557  -412.311686854  -412.311686854  -412.227326396
    54.500  -412.473366251  -412.365812218  -412.298749362  -412.298749362  -412.226934779
    55.000  -412.466141794  -412.353555756  -412.284623833  -412.284623833  -412.225987313
    55.500  -412.470614500  -412.353546091  -412.283228268  -412.283228268  -412.225822294
    56.000  -412.488780115  -412.367828990  -412.296762269  -412.296762269  -412.226791084
    56.500  -412.506729130  -412.382566236  -412.311407723  -412.311407723  -412.227488026
    57.000  -412.512907638  -412.386277837  -412.315617365  -412.315617365  -412.227451506
    57.500  -412.506456073  -412.378152119  -412.308479602  -412.308479602  -412.227020268
    58.000  -412.493362198  -412.364200839  -412.295868334  -412.295868334  -412.226493155
    58.500  -412.481418920  -412.352218891  -412.285418001  -412.285418001  -412.226201874
    59.000  -412.475047545  -412.346611115  -412.281373927  -412.281373927  -412.226314182
    59.500  -412.472934590  -412.346034729  -412.282254537  -412.282254537  -412.226558464
    60.000  -412.471570808  -412.346934965  -412.284405033  -412.284405033  -412.226644169
    60.500  -412.469402093  -412.347692995  -412.286148631  -412.286148631  -412.226582213
    61.000  -412.467056750  -412.348859851  -412.288005631  -412.288005631  -412.226506143
    61.500  -412.465560848  -412.351375990  -412.290900693  -412.290900693  -412.226499465
    62.000  -412.465039116  -412.355267420  -412.294857601  -412.294857601  -412.226596641
    62.500  -412.464170766  -412.359096483  -412.298449209  -412.298449209  -412.226814377
    63.000  -412.460094189  -412.359858004  -412.298706715  -412.298706715  -412.227090712
    63.500  -412.449719585  -412.354291358  -412.292443232  -412.292443232  -412.227125411
    64.000  -412.434282068  -412.343444995  -412.280822085  -412.280822085  -412.226521691
    64.500  -412.423766981  -412.337123424  -412.273786060  -412.273786060  -412.225797846
    65.000  -412.428308825  -412.345311922  -412.281424063  -412.281424063  -412.226201314
    65.500  -412.442371678  -412.362364455  -412.298117971  -412.298117971  -412.227181529
    66.000  -412.451669767  -412.373915291  -412.309481418  -412.309481418  -412.227507250
    66.500  -412.450135146  -412.373829504  -412.309391336  -412.309391336  -412.227150028
    67.000  -412.441991198  -412.366269820  -412.302078810  -412.302078810  -412.226577694
    67.500  -412.435102850  -412.359057656  -412.295454958  -412.295454958  -412.226261375
    68.000  -412.433924062  -412.356645572  -412.294007500  -412.294007500  -412.226370349
    68.500  -412.436997514  -412.357632997  -412.296271614  -412.296271614  -412.226613721
    69.000  -412.440698797  -412.358503821  -412.298591528  -412.298591528  -412.226703397
    69.500  -412.443340025  -412.357712227  -412.299260243  -412.299260243  -412.226632461
    70.000  -412.445579004  -412.356079002  -412.298954836  -412.298954836  -412.226516343
    70.500  -412.448850280  -412.355216231  -412.299176542  -412.299176542  -412.226450514
    71.000  -412.453912971  -412.356078670  -412.300798524  -412.300798524  -412.226488486
    71.500  -412.460010819  -412.358117177  -412.303221306  -412.303221306  -412.226655842
    72.000  -412.464550436  -412.358948327  -412.304044460  -412.304044460  -412.226939063
    72.500  -412.463562953  -412.354803663  -412.299521874  -412.299521874  -412.227193949
    73.000  -412.454270401  -412.343081736  -412.287124631  -412.287124631  -412.227026813
    73.500  -412.440678141  -412.327930052  -412.271127294  -412.271127294  -412.226206782
    74.000  -412.435135075  -412.321796996  -412.264140897  -412.264140897  -412.225721590
    74.500  -412.444133043  -412.331223512  -412.272847651  -412.272847651  -412.226474490
    75.000  -412.457213188  -412.345741335  -412.286857833  -412.286857833  -412.227304395
    75.500  -412.461706165  -412.352611770  -412.293470796  -412.293470796  -412.227306637
    76.000  -412.456251485  -412.350349773  -412.291240362  -412.291240362  -412.226775762
    76.500  -412.447818341  -412.345767825  -412.287008197  -412.287008197  -412.226308144
    77.000  -412.442966368  -412.345272042  -412.287157453  -412.287157453  -412.226289972
    77.500  -412.442216934  -412.349256938  -412.291977075  -412.291977075  -412.226554682
    78.000  -412.442028519  -412.354069622  -412.297653422  -412.297653422  -412.226722763
    78.500  -412.439936924  -412.357123185  -412.301439213  -412.301439213  -412.226694006
    79.000  -412.436272189  -412.358602400  -412.303397733  -412.303397733  -412.226574331
    79.500  -412.432819109  -412.360132241  -412.305084346  -412.305084346  -412.226472069
    80.000  -412.431190328  -412.363168858  -412.307931063  -412.307931063  -412.226449695
    80.500  -412.431823227  -412.368012040  -412.312248680  -412.312248680  -412.226544733
    81.000  -412.433416030  -412.373248421  -412.316666612  -412.316666612  -412.226775900
    81.500  -412.432804555  -412.375630511  -412.318008149  -412.318008149  -412.227085740
    82.000  -412.426158630  -412.371267407  -412.312491395  -412.312491395  -412.227208873
    82.500  -412.413160299  -412.359798822  -412.299901147  -412.299901147  -412.226725987
    83.000  -412.402093546  -412.349481191  -412.288654576  -412.288654576  -412.225952478
    83.500  -412.403831312  -412.351172348  -412.289732577  -412.289732577  -412.226181769
    84.000  -412.415199377  -412.361693571  -412.299983439  -412.299983439  -412.227175821
    84.500  -412.422151584  -412.366998990  -412.305306013  -412.305306013  -412.227551029
    85.000  -412.418309174  -412.360710724  -412.299251003  -412.299251003  -412.227100411
    85.500  -412.409296984  -412.348457344  -412.287397418  -412.287397418  -412.226443057
    86.000  -412.404115867  -412.339267961  -412.278728279  -412.278728279  -412.226233676
    86.500  -412.405709599  -412.336164273  -412.276195545  -412.276195545  -412.226488206
    87.000  -412.410402200  -412.335607943  -412.276165204  -412.276165204  -412.226717647
    87.500  -412.414384380  -412.333971263  -412.274917099  -412.274917099  -412.226700249
    88.000  -412.417239108  -412.331035057  -412.272172167  -412.272172167  -412.226543479
    88.500  -412.420797946  -412.328827898  -412.269930860  -412.269930860  -412.226385251
    89.000  -412.427130778  -412.329606035  -412.270442343  -412.270442343  -412.226297727
    89.500  -412.437353262  -412.334656974  -412.274996563  -412.274996563  -412.226319275
    90.000  -412.450986829  -412.343662274  -412.283279861  -412.283279861  -412.226480449
    90.500  -412.465528914  -412.354258817  -412.292954367  -412.292954367  -412.226787070
    91.000  -412.476592530  -412.362171458  -412.299806611  -412.299806611  -412.227125225
    91.500  -412.480008826  -412.363313868  -412.299846952  -412.299846952  -412.227137077
    92.000  -412.477042856  -412.359005452  -412.294510681  -412.294510681  -412.226524612
    92.500  -412.477226464  -412.358811207  -412.293464721  -412.293464721  -412.226045861
    93.000  -412.487065698  -412.369247591  -412.303284185  -412.303284185  -412.226691962
    93.500  -412.497872303  -412.381597344  -412.315268866  -412.315268866  -412.227498948
    94.000  -412.498073036  -412.384203027  -412.317784024  -412.317784024  -412.227392061
    94.500  -412.488287171  -412.377549867  -412.311377502  -412.311377502  -412.226713370
    95.000  -412.477510051  -412.370484890  -412.304962181  -412.304962181  -412.226334533
    95.500  -412.471029893  -412.368179795  -412.303693394  -412.303693394  -412.226507066
    96.000  -412.466527886  -412.368240448  -412.305054113  -412.305054113  -412.226758689
    96.500  -412.460109460  -412.366703465  -412.304909462  -412.304909462  -412.226789275
    97.000  -412.450867718  -412.362560168  -412.302103851  -412.302103851  -412.226675711
    97.500  -412.440255405  -412.357117571  -412.297849626  -412.297849626  -412.226548817
    98.000  -412.430217288  -412.352140431  -412.293862015  -412.293862015  -412.226461176
    98.500  -412.422263510  -412.348943415  -412.291435935  -412.291435935  -412.226422815
    99.000  -412.417198062  -412.348138258  -412.291182866  -412.291182866  -412.226452754
    99.500  -412.414789863  -412.349321912  -412.292717089  -412.292717089  -412.226595843
   100.000  -412.413185221  -412.350504658  -412.294090302  -412.294090302  -412.226870024
   100.500  -412.408966100  -412.348182318  -412.291866806  -412.291866806  -412.227102908
   101.000  -412.400058727  -412.340249440  -412.284044423  -412.284044423  -412.226861189
   101.500  -412.391418450  -412.331682888  -412.275729299  -412.275729299  -412.226160942
   102.000  -412.393096677  -412.332594563  -412.277147606  -412.277147606  -412.226190203
   102.500  -412.404596120  -412.342556781  -412.287907560  -412.287907560  -412.227115788
   103.000  -412.413277402  -412.348982255  -412.295368731  -412.295368731  -412.227467046
   103.500  -412.413351685  -412.346107395  -412.293693781  -412.293693781  -412.226922350
   104.000  -412.411346579  -412.340478611  -412.289357167  -412.289357167  -412.226397407
   104.500  -412.414128708  -412.339016842  -412.289174587  -412.289174587  -412.226456291
   105.000  -412.420833917  -412.340975515  -412.292254436  -412.292254436  -412.226706580
   105.500  -412.427482860  -412.342542790  -412.294644343  -412.294644343  -412.226745221
   106.000  -412.432737916  -412.342558640  -412.295102314  -412.295102314  -412.226617878
   106.500  -412.437831534  -412.342417509  -412.295004059  -412.295004059  -412.226482283
   107.000  -412.444401763  -412.343897962  -412.296151051  -412.296151051  -412.226411677
   107.500  -412.453283934  -412.347956482  -412.299541793  -412.299541793  -412.226414737
   108.000  -412.464276342  -412.354501699  -412.305126063  -412.305126063  -412.226485277
   108.500  -412.476199590  -412.362455000  -412.311858953  -412.311858953  -412.226628102
   109.000  -412.486873424  -412.369728433  -412.317680452  -412.317680452  -412.226850112
   109.500  -412.493198744  -412.373304229  -412.319607779  -412.319607779  -412.227083283
   110.000  -412.492471538  -412.370538396  -412.315068230  -412.315068230  -412.227065711
   110.500  -412.486156732  -412.362921450  -412.305684741  -412.305684741  -412.226565605
   111.000  -412.482015979  -412.358198307  -412.299380548  -412.299380548  -412.226196920
   111.500  -412.485103460  -412.361389675  -412.301305654  -412.301305654  -412.226737768
   112.000  -412.488478357  -412.365529301  -412.304497608  -412.304497608  -412.227296022
   112.500  -412.484433284  -412.362889875  -412.301139812  -412.301139812  -412.227029488
   113.000  -412.475710831  -412.356182494  -412.293844934  -412.293844934  -412.226573936
   113.500  -412.467940163  -412.350990068  -412.288133899  -412.288133899  -412.226577077
   114.000  -412.460950204  -412.347093237  -412.283747020  -412.283747020  -412.226746093
   114.500  -412.452030160  -412.341726798  -412.277886261  -412.277886261  -412.226716867
   115.000  -412.441071996  -412.334706930  -412.270345667  -412.270345667  -412.226537152
   115.500  -412.430379993  -412.328231827  -412.263320170  -412.263320170  -412.226360626
   116.000  -412.422522449  -412.324745155  -412.259258539  -412.259258539  -412.226257808
   116.500  -412.419132522  -412.325749739  -412.259669830  -412.259669830  -412.226235534
   117.000  -412.420673598  -412.331581790  -412.264893370  -412.264893370  -412.226284627
   117.500  -412.426523288  -412.341499080  -412.274185783  -412.274185783  -412.226404251
   118.000  -412.435000663  -412.353708387  -412.285750572  -412.285750572  -412.226606226
   118.500  -412.443286676  -412.365285276  -412.296663488  -412.296663488  -412.226887200
   119.000  -412.447705903  -412.372456606  -412.303166985  -412.303166985  -412.227134165
   119.500  -412.445701887  -412.372582382  -412.302666474  -412.302666474  -412.227037062
   120.000  -412.440063973  -412.368395145  -412.297980704  -412.297980704  -412.226482202
   120.500  -412.439193212  -412.368277912  -412.297610690  -412.297610690  -412.226284426
   121.000  -412.445984400  -412.375143176  -412.304587014  -412.304587014  -412.226876527
   121.500  -412.452935656  -412.381521856  -412.311539801  -412.311539801  -412.227164585
   122.000  -412.455472417  -412.382880435  -412.314006656  -412.314006656  -412.226896720
   122.500  -412.455920021  -412.381609347  -412.314392935  -412.314392935  -412.226811635
   123.000  -412.454773055  -412.378310507  -412.313221488  -412.313221488  -412.226939486
   123.500  -412.449789254  -412.370880335  -412.308236876  -412.308236876  -412.226908339
   124.000  -412.440806813  -412.359296820  -412.299252293  -412.299252293  -412.226698751
   124.500  -412.430429350  -412.346282752  -412.288852948  -412.288852948  -412.226469544
   125.000  -412.421872814  -412.335148733  -412.280244360  -412.280244360  -412.226313979
   125.500  -412.417445896  -412.328280167  -412.275726199  -412.275726199  -412.226250536
   126.000  -412.418122062  -412.326716800  -412.276259800  -412.276259800  -412.226274313
   126.500  -412.423541864  -412.330159922  -412.281470770  -412.281470770  -412.226386380
   127.000  -412.432000542  -412.336960026  -412.289641762  -412.289641762  -412.226599707
   127.500  -412.440349361  -412.344015083  -412.297621998  -412.297621998  -412.226915707
   128.000  -412.444223885  -412.346994455  -412.301069175  -412.301069175  -412.227236487
   128.500  -412.439933399  -412.342223068  -412.296350517  -412.296350517  -412.227225894
   129.000  -412.429417764  -412.331636778  -412.285511043  -412.285511043  -412.226566256
   129.500  -412.423313034  -412.325845877  -412.279317639  -412.279317639  -412.225997883
   130.000  -412.429757394  -412.332943286  -412.286006725  -412.286006725  -412.226531787
   130.500  -412.442038680  -412.346158951  -412.298892331  -412.298892331  -412.227139354
   131.000  -412.451091321  -412.356371770  -412.308889860  -412.308889860  -412.227044065
   131.500  -412.456287693  -412.362921153  -412.315340242  -412.315340242  -412.226940010
   132.000  -412.457949978  -412.366133530  -412.318512764  -412.318512764  -412.227058773
   132.500  -412.453905047  -412.363850695  -412.316144928  -412.316144928  -412.227047254
   133.000  -412.443777976  -412.355673469  -412.307735439  -412.307735439  -412.226832087
   133.500  -412.430355220  -412.344292377  -412.295911673  -412.295911673  -412.226564048
   134.000  -412.417585319  -412.333495787  -412.284445506  -412.284445506  -412.226350616
   134.500  -412.408845912  -412.326472056  -412.276536561  -412.276536561  -412.226220057
   135.000  -412.406312033  -412.325212534  -412.274201613  -412.274201613  -412.226173221
   135.500  -412.410828272  -412.330412177  -412.278161969  -412.278161969  -412.226216037
   136.000  -412.421791705  -412.341374545  -412.287735080  -412.287735080  -412.226365908
   136.500  -412.436886474  -412.355746689  -412.300585133  -412.300585133  -412.226650454
   137.000  -412.451804264  -412.369239947  -412.312451582  -412.312451582  -412.227063924
   137.500  -412.460613219  -412.375988490  -412.317530960  -412.317530960  -412.227459836
   138.000  -412.458322962  -412.371089347  -412.311044674  -412.311044674  -412.227449088
   138.500  -412.446522420  -412.356231398  -412.294841509  -412.294841509  -412.226756186
   139.000  -412.436052033  -412.342367389  -412.280016265  -412.280016265  -412.226091559
   139.500  -412.436728953  -412.339452389  -412.276597684  -412.276597684  -412.226226812
   140.000  -412.447206084  -412.346306837  -412.283411012  -412.283411012  -412.226601341
   140.500  -412.461118447  -412.356766142  -412.294227290  -412.294227290  -412.226896427
   141.000  -412.472512458  -412.365100085  -412.303172610  -412.303172610  -412.227139550
   141.500  -412.476641600  -412.366776085  -412.305532436  -412.305532436  -412.227150331
   142.000  -412.472334790  -412.360783871  -412.300143071  -412.300143071  -412.226929114
   142.500  -412.462125257  -412.349738878  -412.289543009  -412.289543009  -412.226640862
   143.000  -412.449990565  -412.337631197  -412.277706040  -412.277706040  -412.226400016
   143.500  -412.439525334  -412.328015352  -412.268204246  -412.268204246  -412.226238653
   144.000  -412.433274379  -412.323361840  -412.263536595  -412.263536595  -412.226152362
   144.500  -412.432679196  -412.325018842  -412.265075534  -412.265075534  -412.226133551
   145.000  -412.438122326  -412.333267481  -412.273119216  -412.273119216  -412.226188104
   145.500  -412.448818357  -412.347221338  -412.286791034  -412.286791034  -412.226340565
   146.000  -412.462471974  -412.364488625  -412.303707132  -412.303707132  -412.226628229
   146.500  -412.474839600  -412.380734370  -412.319548216  -412.319548216  -412.227059074
   147.000  -412.479914900  -412.389862757  -412.328254909  -412.328254909  -412.227487908
   147.500  -412.472510333  -412.386592708  -412.324620476  -412.324620476  -412.227488802
   148.000  -412.454353414  -412.372550330  -412.310384545  -412.310384545  -412.226743342
   148.500  -412.437229396  -412.359410276  -412.297348689  -412.297348689  -412.225989473
   149.000  -412.432267894  -412.358188806  -412.296603591  -412.296603591  -412.226141351
   149.500  -412.437812740  -412.367137804  -412.306362624  -412.306362624  -412.226775044
   150.000  -412.444227648  -412.376577934  -412.316809917  -412.316809917  -412.227223876
   150.500  -412.443766440  -412.378775427  -412.320043614  -412.320043614  -412.227271205
   151.000  -412.434494085  -412.371840115  -412.314043435  -412.314043435  -412.227047517
   151.500  -412.418859063  -412.358269959  -412.301242547  -412.301242547  -412.226757454
   152.000  -412.400785587  -412.342025594  -412.285589466  -412.285589466  -412.226506025
   152.500  -412.383937338  -412.326785568  -412.270779987  -412.270779987  -412.226318077
   153.000  -412.371173193  -412.315403118  -412.259691048  -412.259691048  -412.226192247
   153.500  -412.364464507  -412.309829960  -412.254290946  -412.254290946  -412.226127073
   154.000  -412.364853496  -412.311085311  -412.255602548  -412.255602548  -412.226130375
   154.500  -412.372290965  -412.319101104  -412.263553114  -412.263553114  -412.226226627
   155.000  -412.385279955  -412.332373956  -412.276626408  -412.276626408  -412.226454480
   155.500  -412.400373521  -412.347458783  -412.291371033  -412.291371033  -412.226842211
   156.000  -412.412011336  -412.358797233  -412.302246520  -412.302246520  -412.227307589
   156.500  -412.414209456  -412.360391869  -412.303324658  -412.303324658  -412.227493518
   157.000  -412.405987291  -412.351211529  -412.293721675  -412.293721675  -412.226939670
   157.500  -412.396853692  -412.340665840  -412.283055035  -412.283055035  -412.226057554
   158.000  -412.399920740  -412.341733240  -412.284481593  -412.284481593  -412.225991536
   158.500  -412.416673555  -412.355780387  -412.299405725  -412.299405725  -412.226675098
   159.000  -412.437055774  -412.372705111  -412.317586614  -412.317586614  -412.227277466
   159.500  -412.451074990  -412.382555540  -412.328829738  -412.328829738  -412.227381332
   160.000  -412.455644205  -412.382335869  -412.329905357  -412.329905357  -412.227127523
   160.500  -412.453295685  -412.374681177  -412.323296941  -412.323296941  -412.226821306
   161.000  -412.447954182  -412.363614446  -412.312970244  -412.312970244  -412.226605317
   161.500  -412.442606060  -412.352230420  -412.302017010  -412.302017010  -412.226472010
   162.000  -412.439117645  -412.342516083  -412.292454353  -412.292454353  -412.226382306
   162.500  -412.438708442  -412.335835858  -412.285675865  -412.285675865  -412.226316957
   163.000  -412.442214904  -412.333198381  -412.282699563  -412.282699563  -412.226280541
   163.500  -412.449999985  -412.335158599  -412.284070839  -412.284070839  -412.226297645
   164.000  -412.461595823  -412.341456262  -412.289498311  -412.289498311  -412.226406175
   164.500  -412.475156645  -412.350451446  -412.297310224  -412.297310224  -412.226652598
   165.000  -412.486878125  -412.358520729  -412.303883021  -412.303883021  -412.227053000
   165.500  -412.491083301  -412.360115221  -412.303735642  -412.303735642  -412.227466533
   166.000  -412.482840195  -412.350359040  -412.292147549  -412.292147549  -412.227434134
   166.500  -412.464693921  -412.331782487  -412.271875112  -412.271875112  -412.226534742
   167.000  -412.451014477  -412.318695537  -412.257464714  -412.257464714  -412.225590078
   167.500  -412.455329149  -412.324551542  -412.262517665  -412.262517665  -412.225967104
   168.000  -412.472555841  -412.344197477  -412.281855392  -412.281855392  -412.227054352
   168.500  -412.486634360  -412.361499434  -412.299151027  -412.299151027  -412.227558321
   169.000  -412.488625795  -412.367409424  -412.305110888  -412.305110888  -412.227343836
   169.500  -412.480226748  -412.363460305  -412.301077339  -412.301077339  -412.226894033
   170.000  -412.467471955  -412.355484469  -412.292774473  -412.292774473  -412.226550985
   170.500  -412.455443247  -412.348351776  -412.285034450  -412.285034450  -412.226390126
   171.000  -412.446724111  -412.344451814  -412.280258179  -412.280258179  -412.226349304
   171.500  -412.442091711  -412.344400153  -412.279097376  -412.279097376  -412.226347189
   172.000  -412.441643958  -412.348169239  -412.281574112  -412.281574112  -412.226343464
   172.500  -412.445403389  -412.355691063  -412.287676968  -412.287676968  -412.226346303
   173.000  -412.453224781  -412.366762147  -412.297261704  -412.297261704  -412.226396818
   173.500  -412.464206824  -412.380451423  -412.309459048  -412.309459048  -412.226553906
   174.000  -412.475869429  -412.394271828  -412.321850943  -412.321850943  -412.226872373
   174.500  -412.483523982  -412.403542724  -412.329842773  -412.329842773  -412.227328387
   175.000  -412.481066175  -412.402170703  -412.327460284  -412.327460284  -412.227641284
   175.500  -412.465601494  -412.387262065  -412.311976965  -412.311976965  -412.227207310
   176.000  -412.445494813  -412.367165693  -412.291947256  -412.291947256  -412.225985671
   176.500  -412.438621540  -412.359743552  -412.285399788  -412.285399788  -412.225572708
   177.000  -412.450609273  -412.370644021  -412.297996724  -412.297996724  -412.226661317
   177.500  -412.466162232  -412.384650562  -412.314342628  -412.314342628  -412.227628771
   178.000  -412.469905982  -412.386513901  -412.318906866  -412.318906866  -412.227659878
   178.500  -412.459407824  -412.373936468  -412.309122661  -412.309122661  -412.227174806
   179.000  -412.440714400  -412.353083510  -412.290952931  -412.290952931  -412.226649162
   179.500  -412.421315648  -412.331541892  -412.271853668  -412.271853668  -412.226290955
   180.000  -412.406575128  -412.314760032  -412.257202766  -412.257202766  -412.226133797
   180.500  -412.398941725  -412.305271986  -412.249498232  -412.249498232  -412.226118472
   181.000  -412.398648783  -412.303398267  -412.249055198  -412.249055198  -412.226166877
   181.500  -412.404860416  -412.308387782  -412.255124066  -412.255124066  -412.226231308
   182.000  -412.416401486  -412.319135593  -412.266604241  -412.266604241  -412.226320018
   182.500  -412.431713799  -412.334127841  -412.281981566  -412.281981566  -412.226482840
   183.000  -412.448192477  -412.350767962  -412.298664430  -412.298664430  -412.226780957
   183.500  -412.461447739  -412.364632806  -412.312253298  -412.312253298  -412.227213966
   184.000  -412.465660598  -412.369823718  -412.316921397  -412.316921397  -412.227567143
   184.500  -412.457215743  -412.362602646  -412.309078023  -412.309078023  -412.227297497
   185.000  -412.442219190  -412.348929650  -412.294906410  -412.294906410  -412.226155379
   185.500  -412.437848359  -412.345851306  -412.291684205  -412.291684205  -412.225471803
   186.000  -412.453379524  -412.362573086  -412.308714947  -412.308714947  -412.226429146
   186.500  -412.475539184  -412.385813767  -412.332621369  -412.332621369  -412.227587441
   187.000  -412.486608381  -412.397872807  -412.345496062  -412.345496062  -412.227792799
   187.500  -412.481455026  -412.393615614  -412.342023670  -412.342023670  -412.227401905
   188.000  -412.464521151  -412.377446225  -412.326504747  -412.326504747  -412.226917961
   188.500  -412.442640611  -412.356137015  -412.305674048  -412.305674048  -412.226523399
   189.000  -412.421786623  -412.335596546  -412.285440016  -412.285440016  -412.226248161
   189.500  -412.406251044  -412.320065274  -412.270053963  -412.270053963  -412.226099642
   190.000  -412.398375928  -412.311856718  -412.261844021  -412.261844021  -412.226077600
   190.500  -412.398551358  -412.311360835  -412.261200916  -412.261200916  -412.226149746
   191.000  -412.405640490  -412.317463762  -412.267007621  -412.267007621  -412.226277048
   191.500  -412.417566937  -412.328130360  -412.277220081  -412.277220081  -412.226449297
   192.000  -412.431537037  -412.340619992  -412.289088299  -412.289088299  -412.226693993
   192.500  -412.443776976  -412.351218587  -412.298899032  -412.298899032  -412.227032024
   193.000  -412.449464349  -412.355159343  -412.301928151  -412.301928151  -412.227377166
   193.500  -412.444432297  -412.348318784  -412.294147524  -412.294147524  -412.227403060
   194.000  -412.430079810  -412.332119549  -412.277137500  -412.277137500  -412.226703807
   194.500  -412.418242369  -412.318416606  -412.262924951  -412.262924951  -412.225642732
   195.000  -412.424367593  -412.322712224  -412.267094216  -412.267094216  -412.225649777
   195.500  -412.448203288  -412.344872992  -412.289436303  -412.289436303  -412.226845829
   196.000  -412.472480307  -412.367794373  -412.312660348  -412.312660348  -412.227637671
   196.500  -412.483840100  -412.378278654  -412.323386326  -412.323386326  -412.227553261
   197.000  -412.481327809  -412.375484331  -412.320668646  -412.320668646  -412.227128598
   197.500  -412.470090874  -412.364611006  -412.309678986  -412.309678986  -412.226739487
   198.000  -412.455627735  -412.351154225  -412.295934386  -412.295934386  -412.226462720
   198.500  -412.442133026  -412.339266690  -412.283630263  -412.283630263  -412.226274016
   199.000  -412.432576235  -412.331855921  -412.275713984  -412.275713984  -412.226157179
   199.500  -412.428814372  -412.330713501  -412.274007722  -412.274007722  -412.226123070
   200.000  -412.431402898  -412.336340718  -412.279029211  -412.279029211  -412.226184118
   200.500  -412.439410587  -412.347771292  -412.289813911  -412.289813911  -412.226337487
   201.000  -412.450467062  -412.362612879  -412.303962226  -412.303962226  -412.226579382
   201.500  -412.460889236  -412.377158826  -412.317755808  -412.317755808  -412.226916358
   202.000  -412.465772514  -412.386454073  -412.326241920  -412.326241920  -412.227321919
   202.500  -412.459759954  -412.385042111  -412.324004944  -412.324004944  -412.227608701
   203.000  -412.440191335  -412.370108155  -412.308338578  -412.308338578  -412.227364811
   203.500  -412.412843686  -412.347249432  -412.285016114  -412.285016114  -412.226383735
   204.000  -412.393403771  -412.332007549  -412.269763917  -412.269763917  -412.225513499
   204.500  -412.394367338  -412.336815452  -412.275098957  -412.275098957  -412.226002110
   205.000  -412.408767638  -412.354711559  -412.293972489  -412.293972489  -412.227191279
   205.500  -412.418915366  -412.368019149  -412.308504835  -412.308504835  -412.227643794
   206.000  -412.416151869  -412.368058397  -412.309808857  -412.309808857  -412.227356460
   206.500  -412.402949071  -412.357244188  -412.300162098  -412.300162098  -412.226900852
   207.000  -412.385367968  -412.341563047  -412.285489719  -412.285489719  -412.226551985
   207.500  -412.368551380  -412.326084238  -412.270849882  -412.270849882  -412.226331676
   208.000  -412.355941305  -412.314182734  -412.259634940  -412.259634940  -412.226195128
   208.500  -412.349751518  -412.308017749  -412.254022696  -412.254022696  -412.226110792
   209.000  -412.351352022  -412.308916336  -412.255352538  -412.255352538  -412.226081525
   209.500  -412.361218437  -412.317327759  -412.264067356  -412.264067356  -412.226132604
   210.000  -412.378546180  -412.332438465  -412.279334167  -412.279334167  -412.226297690
   210.500  -412.400777933  -412.351700256  -412.298579000  -412.298579000  -412.226604027
   211.000  -412.423288146  -412.370513110  -412.317185250  -412.317185250  -412.227049176
   211.500  -412.439670871  -412.382505398  -412.328796215  -412.328796215  -412.227521574
   212.000  -412.443831329  -412.381613870  -412.327421183  -412.327421183  -412.227673292
   212.500  -412.435307674  -412.367398140  -412.312767183  -412.312767183  -412.227054786
   213.000  -412.424857529  -412.350640538  -412.295812242  -412.295812242  -412.225932225
   213.500  -412.428964844  -412.347892733  -412.293269316  -412.293269316  -412.225688784
   214.000  -412.450706894  -412.362377159  -412.308397419  -412.308397419  -412.226765442
   214.500  -412.474482142  -412.378708782  -412.325721793  -412.325721793  -412.227647827
   215.000  -412.485788008  -412.382641614  -412.330861969  -412.330861969  -412.227598483
   215.500  -412.482925699  -412.372746167  -412.322265905  -412.322265905  -412.227123608
   216.000  -412.471451746  -412.354841875  -412.305650073  -412.305650073  -412.226685972
   216.500  -412.457349687  -412.335154701  -412.287141002  -412.287141002  -412.226405843
   217.000  -412.444728930  -412.318008756  -412.270949540  -412.270949540  -412.226251027
   217.500  -412.435976515  -412.305965032  -412.259518924  -412.259518924  -412.226171405
   218.000  -412.432390858  -412.300449750  -412.254160785  -412.254160785  -412.226135801
   218.500  -412.434573855  -412.302140710  -412.255466942  -412.255466942  -412.226141844
   219.000  -412.442438136  -412.310969386  -412.263331912  -412.263331912  -412.226211913
   219.500  -412.454868565  -412.325784915  -412.276630388  -412.276630388  -412.226384007
   220.000  -412.469203100  -412.343829711  -412.292703827  -412.292703827  -412.226691835
   220.500  -412.480902299  -412.360410616  -412.307020475  -412.307020475  -412.227107704
   221.000  -412.484266878  -412.369602757  -412.313872384  -412.313872384  -412.227452328
   221.500  -412.475431067  -412.367242562  -412.309337458  -412.309337458  -412.227379870
   222.000  -412.457297395  -412.355881756  -412.296199315  -412.296199315  -412.226706115
   222.500  -412.441423714  -412.346730670  -412.285835084  -412.285835084  -412.225899108
   223.000  -412.440256565  -412.351959150  -412.290468624  -412.290468624  -412.225959237
   223.500  -412.452995356  -412.370589241  -412.309044743  -412.309044743  -412.226962977
   224.000  -412.465113220  -412.387989511  -412.326772151  -412.326772151  -412.227616751
   224.500  -412.465614150  -412.393094035  -412.332421998  -412.332421998  -412.227467395
   225.000  -412.454801976  -412.386155054  -412.326134670  -412.326134670  -412.227011640
   225.500  -412.438413667  -412.372878865  -412.313560527  -412.313560527  -412.226628844
   226.000  -412.421863597  -412.358676326  -412.300087144  -412.300087144  -412.226402571
   226.500  -412.408533013  -412.346953339  -412.289104858  -412.289104858  -412.226295941
   227.000  -412.400071091  -412.339404918  -412.282286283  -412.282286283  -412.226259477
   227.500  -412.397056129  -412.336672372  -412.280233105  -412.280233105  -412.226263367
   228.000  -412.399420449  -412.338757373  -412.282893170  -412.282893170  -412.226305027
   228.500  -412.406484847  -412.345054039  -412.289598931  -412.289598931  -412.226407849
   229.000  -412.416651806  -412.354039134  -412.298763170  -412.298763170  -412.226603912
   229.500  -412.426998425  -412.362860643  -412.307488429  -412.307488429  -412.226900357
   230.000  -412.433369614  -412.367422461  -412.311671059  -412.311671059  -412.227207645
   230.500  -412.431937539  -412.363931904  -412.307576538  -412.307576538  -412.227303084
   231.000  -412.422448791  -412.352139241  -412.295092874  -412.295092874  -412.227017915
   231.500  -412.410323645  -412.337458318  -412.279814568  -412.279814568  -412.226488249
   232.000  -412.404419434  -412.328773443  -412.270777076  -412.270777076  -412.226022416
   232.500  -412.411527614  -412.332964327  -412.274908646  -412.274908646  -412.226197758
   233.000  -412.428345314  -412.346848268  -412.288960957  -412.288960957  -412.227003068
   233.500  -412.442633636  -412.358288751  -412.300655678  -412.300655678  -412.227417618
   234.000  -412.446744682  -412.359696999  -412.302269061  -412.302269061  -412.227204898
   234.500  -412.442152295  -412.352568011  -412.295210555  -412.295210555  -412.226800348
   235.000  -412.434032582  -412.342079064  -412.284626926  -412.284626926  -412.226485394
   235.500  -412.426861790  -412.332705839  -412.274994658  -412.274994658  -412.226307970
   236.000  -412.423287322  -412.327107791  -412.268985680  -412.268985680  -412.226232593
   236.500  -412.424436417  -412.326441935  -412.267773103  -412.267773103  -412.226221939
   237.000  -412.430417054  -412.330863095  -412.271522949  -412.271522949  -412.226256709
   237.500  -412.440608747  -412.339806383  -412.279674266  -412.279674266  -412.226338074
   238.000  -412.453675049  -412.351984275  -412.290938618  -412.290938618  -412.226483190
   238.500  -412.467364054  -412.365168483  -412.303094532  -412.303094532  -412.226710298
   239.000  -412.478369377  -412.376038537  -412.312846150  -412.312846150  -412.226992729
   239.500  -412.482873792  -412.380711081  -412.316389542  -412.316389542  -412.227205242
   240.000  -412.478541775  -412.376740190  -412.311418285  -412.311418285  -412.227134827
   240.500  -412.467401634  -412.366016908  -412.300026005  -412.300026005  -412.226716460
   241.000  -412.456434193  -412.355400789  -412.289263277  -412.289263277  -412.226202166
   241.500  -412.453561783  -412.352736654  -412.287068126  -412.287068126  -412.226062525
   242.000  -412.460590204  -412.359802178  -412.295148507  -412.295148507  -412.226606815
   242.500  -412.469642872  -412.368730697  -412.305426322  -412.305426322  -412.227219356
   243.000  -412.471402173  -412.370238009  -412.308371066  -412.308371066  -412.227267791
   243.500  -412.463969663  -412.362471489  -412.301937242  -412.301937242  -412.226934275
   244.000  -412.451337953  -412.349469974  -412.290053822  -412.290053822  -412.226575835
   244.500  -412.438476347  -412.336247060  -412.277684954  -412.277684954  -412.226335190
   245.000  -412.428928568  -412.326388982  -412.268402858  -412.268402858  -412.226212553
   245.500  -412.424558849  -412.321803048  -412.264116080  -412.264116080  -412.226172395
   246.000  -412.425977658  -412.323146802  -412.265485145  -412.265485145  -412.226185906
   246.500  -412.432938052  -412.330221131  -412.272314142  -412.272314142  -412.226242200
   247.000  -412.444490051  -412.342122188  -412.283706272  -412.283706272  -412.226350799
   247.500  -412.458871916  -412.357123878  -412.297952149  -412.297952149  -412.226533532
   248.000  -412.473254445  -412.372412656  -412.312277105  -412.312277105  -412.226799452
   248.500  -412.483757491  -412.384094253  -412.322860697  -412.322860697  -412.227090301
   249.000  -412.486512596  -412.388249159  -412.325899822  -412.325899822  -412.227236764
   249.500  -412.480173756  -412.383445134  -412.320124774  -412.320124774  -412.227073588
   250.000  -412.468107303  -412.372956467  -412.308981993  -412.308981993  -412.226669294
   250.500  -412.457327809  -412.363743711  -412.299567237  -412.299567237  -412.226237093
   251.000  -412.454844915  -412.362833235  -412.298962304  -412.298962304  -412.226159169
   251.500  -412.461442749  -412.371083655  -412.307989171  -412.307989171  -412.226772850
   252.000  -412.468034509  -412.379497964  -412.317537795  -412.317537795  -412.227361043
   252.500  -412.465271324  -412.378788053  -412.318176731  -412.318176731  -412.227327044
   253.000  -412.452261512  -412.368078210  -412.308897775  -412.308897775  -412.226943077
   253.500  -412.433841110  -412.352179518  -412.294405600  -412.294405600  -412.226570947
   254.000  -412.415382091  -412.336411705  -412.279933334  -412.279933334  -412.226333270
   254.500  -412.400590068  -412.324414170  -412.269044149  -412.269044149  -412.226219853
   255.000  -412.391384782  -412.318038128  -412.263516747  -412.263516747  -412.226193180
   255.500  -412.388347231  -412.317801994  -412.263799134  -412.263799134  -412.226226361
   256.000  -412.391084804  -412.323260982  -412.269382822  -412.269382822  -412.226312439
   256.500  -412.398346694  -412.333122563  -412.278924453  -412.278924453  -412.226463189
   257.000  -412.407894862  -412.345111889  -412.290124954  -412.290124954  -412.226696522
   257.500  -412.416360488  -412.355817368  -412.299597215  -412.299597215  -412.226991933
   258.000  -412.419777152  -412.361212854  -412.303413305  -412.303413305  -412.227219534
   258.500  -412.415669385  -412.358736974  -412.299204103  -412.299204103  -412.227172824
   259.000  -412.405905925  -412.350150371  -412.289002096  -412.289002096  -412.226813016
   259.500  -412.397045478  -412.341902370  -412.279536871  -412.279536871  -412.226315389
   260.000  -412.397379626  -412.342198408  -412.279194520  -412.279194520  -412.226024688
   260.500  -412.410815316  -412.354881581  -412.291839943  -412.291839943  -412.226511336
   261.000  -412.429885412  -412.372427629  -412.309826194  -412.309826194  -412.227284490
   261.500  -412.442647295  -412.382842337  -412.320967124  -412.320967124  -412.227460030
   262.000  -412.444888066  -412.381881529  -412.320840481  -412.320840481  -412.227151172
   262.500  -412.439885973  -412.372826182  -412.312602820  -412.312602820  -412.226773523
   263.000  -412.432717488  -412.360797845  -412.301303638  -412.301303638  -412.226503992
   263.500  -412.427247816  -412.349753428  -412.290865180  -412.290865180  -412.226350826
   264.000  -412.425677602  -412.342031428  -412.283616743  -412.283616743  -412.226281750
   264.500  -412.428894386  -412.338702001  -412.280631881  -412.280631881  -412.226271585
   265.000  -412.436820665  -412.339906000  -412.282059873  -412.282059873  -412.226311281
   265.500  -412.448570487  -412.344997253  -412.287260045  -412.287260045  -412.226405825
   266.000  -412.462420280  -412.352494496  -412.294750818  -412.294750818  -412.226568895
   266.500  -412.475700239  -412.359951016  -412.302082225  -412.302082225  -412.226801571
   267.000  -412.484938579  -412.364075865  -412.305972634  -412.305972634  -412.227044969
   267.500  -412.486911164  -412.361774044  -412.303369472  -412.303369472  -412.227147780
   268.000  -412.480890461  -412.352398489  -412.293711749  -412.293711749  -412.226971273
   268.500  -412.470484820  -412.339583559  -412.280770145  -412.280770145  -412.226558831
   269.000  -412.462905303  -412.330503020  -412.271876565  -412.271876565  -412.226094170
   269.500  -412.465425845  -412.332379060  -412.274337609  -412.274337609  -412.226089427
   270.000  -412.477720396  -412.344888666  -412.287773352  -412.287773352  -412.226787255
   270.500  -412.489446125  -412.357749901  -412.301712597  -412.301712597  -412.227322925
   271.000  -412.491708249  -412.362116349  -412.307072424  -412.307072424  -412.227245223
   271.500  -412.484172764  -412.357640398  -412.303332920  -412.303332920  -412.226890691
   272.000  -412.471276265  -412.348677967  -412.294796671  -412.294796671  -412.226572378
   272.500  -412.457569433  -412.339652659  -412.285924915  -412.285924915  -412.226372175
   273.000  -412.446129835  -412.333490015  -412.279715931  -412.279715931  -412.226270170
   273.500  -412.438647727  -412.331716705  -412.277760160  -412.277760160  -412.226236254
   274.000  -412.435798587  -412.334844702  -412.280601835  -412.280601835  -412.226256125
   274.500  -412.437430896  -412.342567409  -412.287931086  -412.287931086  -412.226331162
   275.000  -412.442523866  -412.353717822  -412.298558969  -412.298558969  -412.226475946
   275.500  -412.449007367  -412.366093815  -412.310254038  -412.310254038  -412.226701969
   276.000  -412.453695843  -412.376389147  -412.319692127  -412.319692127  -412.226980633
   276.500  -412.452883710  -412.380783160  -412.323068732  -412.323068732  -412.227192648
   277.000  -412.444219551  -412.376808496  -412.317992773  -412.317992773  -412.227162878
   277.500  -412.429152465  -412.365806997  -412.305948609  -412.305948609  -412.226853198
   278.000  -412.413416708  -412.353441782  -412.292778043  -412.292778043  -412.226379347
   278.500  -412.405032945  -412.347722978  -412.286649444  -412.286649444  -412.226026104
   279.000  -412.408952709  -412.353651695  -412.292636189  -412.292636189  -412.226420302
   279.500  -412.419087607  -412.365214330  -412.304688768  -412.304688768  -412.227187977
   280.000  -412.423689809  -412.370728865  -412.311017024  -412.311017024  -412.227385789
   280.500  -412.418233295  -412.365711013  -412.307021840  -412.307021840  -412.227069165
   281.000  -412.406063276  -412.353527414  -412.295984649  -412.295984649  -412.226676534
   281.500  -412.392517455  -412.339528455  -412.283197064  -412.283197064  -412.226406510
   282.000  -412.381609250  -412.327743563  -412.272639348  -412.272639348  -412.226265520
   282.500  -412.375555905  -412.320412940  -412.266506239  -412.266506239  -412.226213247
   283.000  -412.375222644  -412.318437122  -412.265647740  -412.265647740  -412.226221723
   283.500  -412.380491240  -412.321747002  -412.269939656  -412.269939656  -412.226286694
   284.000  -412.390329075  -412.329371225  -412.278355461  -412.278355461  -412.226421187
   284.500  -412.402649355  -412.339290817  -412.288828841  -412.288828841  -412.226636973
   285.000  -412.414255756  -412.348372173  -412.298202964  -412.298202964  -412.226906661
   285.500  -412.421453643  -412.352961246  -412.302844683  -412.302844683  -412.227113468
   286.000  -412.421912113  -412.350731306  -412.300511722  -412.300511722  -412.227093734
   286.500  -412.416898887  -412.342921641  -412.292586437  -412.292586437  -412.226852361
   287.000  -412.411101173  -412.334189570  -412.283879869  -412.283879869  -412.226522429
   287.500  -412.410706590  -412.330729190  -412.280686868  -412.280686868  -412.226143335
   288.000  -412.421336610  -412.338207487  -412.288688278  -412.288688278  -412.226270731
   288.500  -412.440420532  -412.354106595  -412.305292267  -412.305292267  -412.227048734
   289.000  -412.456288537  -412.366789617  -412.318736836  -412.318736836  -412.227479026
   289.500  -412.461241925  -412.368576386  -412.321225498  -412.321225498  -412.227275200
   290.000  -412.456697027  -412.360901966  -412.314124833  -412.314124833  -412.226859457
   290.500  -412.448014559  -412.349158018  -412.302798839  -412.302798839  -412.226527262
   291.000  -412.439927910  -412.338127407  -412.292021494  -412.292021494  -412.226339647
   291.500  -412.435239136  -412.330680492  -412.284654651  -412.284654651  -412.226262828
   292.000  -412.435123791  -412.328076197  -412.281934077  -412.281934077  -412.226253687
   292.500  -412.439707290  -412.330530630  -412.284032846  -412.284032846  -412.226291155
   293.000  -412.448365900  -412.337508455  -412.290358439  -412.290358439  -412.226381162
   293.500  -412.459663148  -412.347650278  -412.299492059  -412.299492059  -412.226543908
   294.000  -412.471115509  -412.358527754  -412.308964492  -412.308964492  -412.226783654
   294.500  -412.479259109  -412.366701083  -412.315341251  -412.315341251  -412.227039016
   295.000  -412.480728379  -412.368787137  -412.315316224  -412.315316224  -412.227159937
   295.500  -412.474449936  -412.363655943  -412.307919636  -412.307919636  -412.227043000
   296.000  -412.463020160  -412.353826260  -412.295881901  -412.295881901  -412.226771381
   296.500  -412.451750851  -412.344542009  -412.284638044  -412.284638044  -412.226356484
   297.000  -412.447798587  -412.342921373  -412.281411790  -412.281411790  -412.226045150
   297.500  -412.455288625  -412.353072320  -412.290307025  -412.290307025  -412.226520543
   298.000  -412.467092199  -412.367843767  -412.304080987  -412.304080987  -412.227251928
   298.500  -412.471879368  -412.375856372  -412.311239084  -412.311239084  -412.227399702
   299.000  -412.465900955  -412.373274827  -412.307864640  -412.307864640  -412.227106278
   299.500  -412.452396198  -412.363218627  -412.297051222  -412.297051222  -412.226741502
   300.000  -412.436470820  -412.350658555  -412.283781977  -412.283781977  -412.226454039
   300.500  -412.422484606  -412.339825837  -412.272318702  -412.272318702  -412.226264239
   301.000  -412.413427627  -412.333608563  -412.265582415  -412.265582415  -412.226169464
   301.500  -412.410826801  -412.333471656  -412.265061446  -412.265061446  -412.226166312
   302.000  -412.414745111  -412.339459287  -412.270811500  -412.270811500  -412.226249332
   302.500  -412.423862597  -412.350271307  -412.281530686  -412.281530686  -412.226415547
   303.000  -412.435570374  -412.363346688  -412.294645829  -412.294645829  -412.226665182
   303.500  -412.446090884  -412.374968518  -412.306429689  -412.306429689  -412.226970541
   304.000  -412.451110881  -412.380881973  -412.312634780  -412.312634780  -412.227212478
   304.500  -412.447715636  -412.378215788  -412.310432428  -412.310432428  -412.227201995
   305.000  -412.437011274  -412.368102637  -412.301035172  -412.301035172  -412.226914595
   305.500  -412.424309407  -412.355879311  -412.289866361  -412.289866361  -412.226522799
   306.000  -412.416610325  -412.348592033  -412.284012804  -412.284012804  -412.226144377
   306.500  -412.419528225  -412.351923014  -412.289118675  -412.289118675  -412.226283797
   307.000  -412.430367892  -412.363247803  -412.302446711  -412.302446711  -412.226992658
   307.500  -412.438366573  -412.371852639  -412.313129884  -412.313129884  -412.227362710
   308.000  -412.436709892  -412.370939924  -412.314225957  -412.314225957  -412.227180344
   308.500  -412.426635405  -412.361732474  -412.306853567  -412.306853567  -412.226831736
   309.000  -412.412646260  -412.348694747  -412.295420791  -412.295420791  -412.226558259
   309.500  -412.398716063  -412.335749656  -412.283829702  -412.283829702  -412.226389806
   310.000  -412.387464393  -412.325464945  -412.274647870  -412.274647870  -412.226288449
   310.500  -412.380525192  -412.319430082  -412.269472593  -412.269472593  -412.226227658
   311.000  -412.378869070  -412.318584900  -412.269252127  -412.269252127  -412.226213276
   311.500  -412.382694937  -412.323113282  -412.274180265  -412.274180265  -412.226276659
   312.000  -412.390985412  -412.331996610  -412.283256567  -412.283256567  -412.226449030
   312.500  -412.401131979  -412.342631533  -412.293909601  -412.293909601  -412.226719975
   313.000  -412.409217728  -412.351096779  -412.302282669  -412.302282669  -412.226998416
   313.500  -412.411539394  -412.353657778  -412.304746874  -412.304746874  -412.227113407
   314.000  -412.407109388  -412.349258557  -412.300385999  -412.300385999  -412.226975118
   314.500  -412.398797163  -412.340674374  -412.292112864  -412.292112864  -412.226712631
   315.000  -412.391687275  -412.332902569  -412.285001963  -412.285001963  -412.226369001
   315.500  -412.391762833  -412.331874167  -412.284971868  -412.284971868  -412.226153411
   316.000  -412.401778441  -412.340323971  -412.294670200  -412.294670200  -412.226603512
   316.500  -412.415012630  -412.351520960  -412.307236391  -412.307236391  -412.227198806
   317.000  -412.422184781  -412.356179158  -412.313252928  -412.313252928  -412.227245973
   317.500  -412.421174197  -412.352186717  -412.310514484  -412.310514484  -412.226930773
   318.000  -412.415574692  -412.343166134  -412.302606033  -412.302606033  -412.226610460
   318.500  -412.409720006  -412.333499884  -412.293915037  -412.293915037  -412.226409745
   319.000  -412.406475685  -412.326108734  -412.287406535  -412.287406535  -412.226313692
   319.500  -412.407202316  -412.322402428  -412.284567166  -412.284567166  -412.226280329
   320.000  -412.412282879  -412.322793768  -412.285919375  -412.285919375  -412.226283326
   320.500  -412.421483756  -412.327048545  -412.291374858  -412.291374858  -412.226322914
   321.000  -412.433964397  -412.334297906  -412.300229298  -412.300229298  -412.226425953
   321.500  -412.447971187  -412.342773237  -412.310816502  -412.310816502  -412.226626608
   322.000  -412.460531674  -412.349570622  -412.320145243  -412.320145243  -412.226906911
   322.500  -412.467940140  -412.351142308  -412.324378875  -412.324378875  -412.227124118
   323.000  -412.467840013  -412.345281875  -412.321013962  -412.321013962  -412.227074734
   323.500  -412.461831106  -412.333659242  -412.311598960  -412.311598960  -412.226767184
   324.000  -412.455159602  -412.321549899  -412.301463428  -412.301463428  -412.226426498
   324.500  -412.453478623  -412.314656209  -412.296443807  -412.296443807  -412.226235870
   325.000  -412.459401601  -412.315699453  -412.299328651  -412.299328651  -412.226505905
   325.500  -412.468576326  -412.320479764  -412.305820900  -412.305820900  -412.227039626
   326.000  -412.472849648  -412.321008100  -412.307710772  -412.307710772  -412.227191643
   326.500  -412.468936296  -412.314126708  -412.301654268  -412.301654268  -412.226930499
   327.000  -412.459652023  -412.302725215  -412.290462413  -412.290462413  -412.226587356
   327.500  -412.449614313  -412.291461714  -412.278757820  -412.278757820  -412.226355318
   328.000  -412.442237463  -412.283778336  -412.269920006  -412.269920006  -412.226255435
   328.500  -412.439119549  -412.281271809  -412.265487237  -412.265487237  -412.226245120
   329.000  -412.440491535  -412.284124149  -412.265647280  -412.265647280  -412.226284850
   329.500  -412.445756115  -412.291653250  -412.269792339  -412.291653250  -412.226357926
   330.000  -412.453934824  -412.309040932  -412.277349484  -412.309040932  -412.226536760
   330.500  -412.461576444  -412.328251209  -412.284884044  -412.328251209  -412.226767636
   331.000  -412.465603314  -412.345754366  -412.290150766  -412.345754366  -412.227146917
   331.500  -412.462818079  -412.356606079  -412.290682131  -412.356606079  -412.227464351
   332.000  -412.451124168  -412.357116631  -412.283725113  -412.357116631  -412.227429360
   332.500  -412.432066871  -412.348738243  -412.269669130  -412.348738243  -412.227042154
   333.000  -412.412318481  -412.338302692  -412.254571250  -412.338302692  -412.226511934
   333.500  -412.400452823  -412.334488543  -412.246820037  -412.334488543  -412.226218604
   334.000  -412.400410441  -412.341350714  -412.250339183  -412.341350714  -412.226649281
   334.500  -412.405275211  -412.352060204  -412.258226610  -412.352060204  -412.227439840
   335.000  -412.402786239  -412.353688019  -412.264033163  -412.353688019  -412.226561673
   335.500  -412.388992531  -412.343971108  -412.254515555  -412.343971108  -412.226215924
   336.000  -412.367302939  -412.325635805  -412.236452120  -412.325635805  -412.225758093
   336.500  -412.343984728  -412.304989713  -412.215918733  -412.304989713  -412.225405779
   337.000  -412.324250627  -412.287268792  -412.198063956  -412.287268792  -412.225202820
   337.500  -412.311255024  -412.275645156  -412.186062088  -412.275645156  -412.225130090
   338.000  -412.306182102  -412.271327105  -412.181139237  -412.271327105  -412.225151610
   338.500  -412.308724209  -412.274035651  -412.183023068  -412.274035651  -412.225230711
   339.000  -412.317641529  -412.282556223  -412.190500088  -412.282556223  -412.225347213
   339.500  -412.331081186  -412.295056763  -412.201734460  -412.295056763  -412.225513433
   340.000  -412.346479672  -412.308986850  -412.214197072  -412.308986850  -412.225759939
   340.500  -412.360249052  -412.320768374  -412.224393173  -412.320768374  -412.226093032
   341.000  -412.368004707  -412.326017815  -412.228181285  -412.326017815  -412.226387598
   341.500  -412.366797383  -412.321767970  -412.223021064  -412.321767970  -412.226304870
   342.000  -412.360022645  -412.311374599  -412.212586935  -412.311374599  -412.225552047
   342.500  -412.360788503  -412.308415814  -412.209736677  -412.308415814  -412.225825370
   343.000  -412.380287765  -412.323049855  -412.226771817  -412.323049855  -412.226153127
   343.500  -412.414135386  -412.351500457  -412.257688089  -412.351500457  -412.227413852
   344.000  -412.443529478  -412.375002291  -412.283567590  -412.375002291  -412.228023948
   344.500  -412.457237753  -412.382369853  -412.293091541  -412.382369853  -412.227773291
   345.000  -412.456697515  -412.375103501  -412.287681829  -412.375103501  -412.227271422
   345.500  -412.448300194  -412.359672979  -412.273798409  -412.359672979  -412.226858681
   346.000  -412.437930517  -412.342054601  -412.257486426  -412.342054601  -412.226590354
   346.500  -412.429637746  -412.326372747  -412.243085625  -412.326372747  -412.226445546
   347.000  -412.425865884  -412.314917972  -412.233649614  -412.314917972  -412.226492236
   347.500  -412.428185314  -412.305361990  -412.234983267  -412.305361990  -412.226981506
   348.000  -412.435198573  -412.303908646  -412.246604259  -412.303908646  -412.228195637
   348.500  -412.446093516  -412.310959008  -412.260718835  -412.310959008  -412.228450852
   349.000  -412.458624437  -412.321858802  -412.275966630  -412.321858802  -412.228707138
   349.500  -412.469166599  -412.332673695  -412.288857161  -412.332673695  -412.229058967
   350.000  -412.472760649  -412.338340346  -412.294480312  -412.338340346  -412.229491379
   350.500  -412.463958454  -412.333294442  -412.287436017  -412.333294442  -412.229771136
   351.000  -412.440788492  -412.315423930  -412.265847689  -412.315423930  -412.229348305
   351.500  -412.412244882  -412.293641328  -412.238886702  -412.293641328  -412.228011686
   352.000  -412.398636276  -412.288396842  -412.227077633  -412.288396842  -412.227236217
   352.500  -412.410115584  -412.310142398  -412.240884953  -412.310142398  -412.228490069
   353.000  -412.430969201  -412.341623511  -412.265889651  -412.341623511  -412.229896213
   353.500  -412.441441105  -412.361187237  -412.281991176  -412.361187237  -412.229997348
   354.000  -412.436274931  -412.364006844  -412.282338391  -412.364006844  -412.229520064
   354.500  -412.420526874  -412.355307136  -412.271377320  -412.355307136  -412.229023876
   355.000  -412.400980208  -412.341865166  -412.255723752  -412.341865166  -412.228683569
   355.500  -412.382719556  -412.328750179  -412.240476548  -412.328750179  -412.228473064
   356.000  -412.368999872  -412.319241770  -412.228980818  -412.319241770  -412.228343650
   356.500  -412.361815660  -412.315388794  -412.223347869  -412.315388794  -412.228276357
   357.000  -412.362113641  -412.318215822  -412.224634847  -412.318215822  -412.228286969
   357.500  -412.369574120  -412.327491259  -412.232617297  -412.327491259  -412.228398124
   358.000  -412.382304869  -412.341413757  -412.245485391  -412.341413757  -412.228622987
   358.500  -412.396687897  -412.356453254  -412.259700240  -412.356453254  -412.228973135
   359.000  -412.407328342  -412.367297198  -412.269954100  -412.367297198  -412.229448386
   359.500  -412.407415308  -412.367203118  -412.269547837  -412.367203118  -412.229920607
   360.000  -412.391217553  -412.350491120  -412.252895704  -412.350491120  -412.229931298
   360.500  -412.361099098  -412.319551240  -412.222545692  -412.319551240  -412.228880679
   361.000  -412.334458081  -412.291792455  -412.196091848  -412.291792455  -412.227435774
   361.500  -412.331933149  -412.287865144  -412.194326641  -412.287865144  -412.227654860
   362.000  -412.350621944  -412.304902494  -412.214387865  -412.304902494  -412.229109399
   362.500  -412.369373890  -412.321819644  -412.235041278  -412.321819644  -412.229779521
   363.000  -412.375845883  -412.326353779  -412.243783723  -412.326353779  -412.229529465
   363.500  -412.371320307  -412.319868123  -412.241709532  -412.319868123  -412.229047287
   364.000  -412.361868312  -412.308493943  -412.234706746  -412.308493943  -412.228674801
   364.500  -412.352769068  -412.297548846  -412.227880303  -412.297548846  -412.228455142
   365.000  -412.347372263  -412.290389320  -412.224427727  -412.290389320  -412.228335059
   365.500  -412.347610863  -412.288932538  -412.226151214  -412.288932538  -412.228267029
   366.000  -412.354615328  -412.294272035  -412.234085039  -412.294272035  -412.228237853
   366.500  -412.368835171  -412.306815046  -412.248622573  -412.306815046  -412.228278689
   367.000  -412.389559926  -412.325817082  -412.269039763  -412.325817082  -412.228442306
   367.500  -412.414185326  -412.348654885  -412.292761872  -412.348654885  -412.228762982
   368.000  -412.437789408  -412.370401763  -412.314928368  -412.370401763  -412.229235327
   368.500  -412.453443615  -412.384121990  -412.328696385  -412.384121990  -412.229769917
   369.000  -412.454010039  -412.382646549  -412.327030245  -412.382646549  -412.230065771
   369.500  -412.437105923  -412.363516686  -412.307672216  -412.363516686  -412.229570198
   370.000  -412.412616599  -412.336494535  -412.280673101  -412.336494535  -412.228223682
   370.500  -412.401120261  -412.322006890  -412.266838986  -412.322006890  -412.227612937
   371.000  -412.411339321  -412.328615776  -412.275197642  -412.328615776  -412.228734729
   371.500  -412.427832167  -412.340734071  -412.290692877  -412.340734071  -412.229772157
   372.000  -412.433979577  -412.341774876  -412.297034204  -412.341774876  -412.229705375
   372.500  -412.427450399  -412.330010923  -412.291667694  -412.330010923  -412.229155606
   373.000  -412.413830226  -412.311875031  -412.279429133  -412.311875031  -412.228709428
   373.500  -412.398923883  -412.293533474  -412.265611304  -412.293533474  -412.228463269
   374.000  -412.386417418  -412.278650246  -412.253777272  -412.278650246  -412.228354522
   374.500  -412.378147079  -412.268927422  -412.245828191  -412.268927422  -412.228322042
   375.000  -412.374835017  -412.264951983  -412.242592761  -412.264951983  -412.228318816
   375.500  -412.376706153  -412.266881829  -412.244354083  -412.266881829  -412.228314697
   376.000  -412.383879488  -412.274866192  -412.251200250  -412.274866192  -412.228315684
   376.500  -412.396242634  -412.288900302  -412.262907795  -412.288900302  -412.228392763
   377.000  -412.412459242  -412.307767496  -412.278004425  -412.307767496  -412.228658590
   377.500  -412.428523084  -412.327518501  -412.292402630  -412.327518501  -412.229152272
   378.000  -412.437544626  -412.341205191  -412.299272354  -412.341205191  -412.229697866
   378.500  -412.432879531  -412.341929207  -412.292292261  -412.341929207  -412.229828080
   379.000  -412.415402325  -412.329971254  -412.273013894  -412.329971254  -412.229017992
   379.500  -412.399552187  -412.319028539  -412.256502042  -412.319028539  -412.227848281
   380.000  -412.402203256  -412.325676908  -412.259588161  -412.325676908  -412.228131656
   380.500  -412.419305944  -412.345954996  -412.277751588  -412.345954996  -412.229378166
   381.000  -412.432336476  -412.361489289  -412.292000242  -412.361489289  -412.229824095
   381.500  -412.432218884  -412.363316426  -412.292926789  -412.363316426  -412.229473242
   382.000  -412.421950797  -412.354521526  -412.283321008  -412.354521526  -412.228978071
   382.500  -412.407931167  -412.341587925  -412.269466166  -412.341587925  -412.228639887
   383.000  -412.394945868  -412.329391015  -412.256103016  -412.329391015  -412.228477464
   383.500  -412.385393803  -412.320417015  -412.245640317  -412.320417015  -412.228424913
   384.000  -412.380056675  -412.315519346  -412.238909242  -412.315519346  -412.228425012
   384.500  -412.378904052  -412.314713639  -412.235950132  -412.314713639  -412.228451981
   385.000  -412.381486299  -412.317572025  -412.236386824  -412.317572025  -412.228504373
   385.500  -412.386972895  -412.323271187  -412.239447276  -412.323271187  -412.228593704
   386.000  -412.394001674  -412.330451443  -412.243807482  -412.330451443  -412.228739421
   386.500  -412.400418063  -412.336963269  -412.247337468  -412.336963269  -412.228969794
   387.000  -412.402988015  -412.339578690  -412.246844329  -412.339578690  -412.229281580
   387.500  -412.397789824  -412.334379061  -412.238505627  -412.334379061  -412.229495813
   388.000  -412.383315197  -412.319854055  -412.221006772  -412.319854055  -412.229134554
   388.500  -412.366970801  -412.303406568  -412.202045564  -412.303406568  -412.228061849
   389.000  -412.364696832  -412.300982785  -412.197885117  -412.300982785  -412.227683753
   389.500  -412.381429451  -412.317539437  -412.213694455  -412.317539437  -412.228779585
   390.000  -412.401747034  -412.337685251  -412.234106647  -412.337685251  -412.229673172
   390.500  -412.411113043  -412.346910358  -412.244494966  -412.346910358  -412.229613398
   391.000  -412.408160219  -412.343856981  -412.243323077  -412.343856981  -412.229149216
   391.500  -412.398558607  -412.334189780  -412.236050895  -412.334189780  -412.228730715
   392.000  -412.388210870  -412.323793569  -412.228356885  -412.323793569  -412.228479636
   392.500  -412.380885973  -412.316418718  -412.223796075  -412.316418718  -412.228376810
   393.000  -412.378211887  -412.313677155  -412.223813773  -412.313677155  -412.228368402
   393.500  -412.380351654  -412.315722176  -412.228430522  -412.315722176  -412.228410767
   394.000  -412.386639372  -412.321880436  -412.236887638  -412.321880436  -412.228484162
   394.500  -412.395885206  -412.330956357  -412.247944459  -412.330956357  -412.228593750
   395.000  -412.406347214  -412.341201909  -412.259841703  -412.341201909  -412.228753731
   395.500  -412.415594101  -412.350177641  -412.270152262  -412.350177641  -412.228965728
   396.000  -412.420591988  -412.354834295  -412.275856511  -412.354834295  -412.229197076
   396.500  -412.418345522  -412.352144517  -412.273981587  -412.352144517  -412.229359104
   397.000  -412.407417414  -412.340619872  -412.263120987  -412.340619872  -412.229263357
   397.500  -412.390899995  -412.323281845  -412.246415794  -412.323281845  -412.228638219
   398.000  -412.379432011  -412.310694061  -412.234568616  -412.310694061  -412.227839448
   398.500  -412.384394333  -412.314178987  -412.239002262  -412.314178987  -412.228138327
   399.000  -412.401516818  -412.329449619  -412.255399900  -412.329449619  -412.229202940
   399.500  -412.415241138  -412.340973591  -412.268079995  -412.340973591  -412.229620793
   400.000  -412.417532166  -412.340784151  -412.268890439  -412.340784151  -412.229359176
   400.500  -412.410508389  -412.331075589  -412.259928435  -412.331075589  -412.228938172
   401.000  -412.399635047  -412.317395142  -412.246745769  -412.317395142  -412.228608919
   401.500  -412.389636131  -412.304539800  -412.234246796  -412.304539800  -412.228402208
   402.000  -412.383565903  -412.295656444  -412.225698441  -412.295656444  -412.228298813
   402.500  -412.382913004  -412.292362866  -412.222789042  -412.292362866  -412.228278114
   403.000  -412.387847380  -412.294998069  -412.225851528  -412.294998069  -412.228324593
   403.500  -412.397471043  -412.302846350  -412.234115994  -412.302846350  -412.228427862
   404.000  -412.410026627  -412.314311225  -412.245927394  -412.314311225  -412.228582900
   404.500  -412.423059733  -412.327049638  -412.258913585  -412.327049638  -412.228776342
   405.000  -412.433745907  -412.338280482  -412.270319863  -412.338280482  -412.228960479
   405.500  -412.439667256  -412.345558823  -412.277782839  -412.345558823  -412.229076224
   406.000  -412.439627191  -412.347603377  -412.280133967  -412.347603377  -412.229147272
   406.500  -412.433392781  -412.344068791  -412.277114593  -412.344068791  -412.229188644
   407.000  -412.421974478  -412.335859635  -412.269631671  -412.335859635  -412.228870501
   407.500  -412.411581426  -412.329099053  -412.263715518  -412.329099053  -412.228219713
   408.000  -412.411364076  -412.332859988  -412.268293932  -412.332859988  -412.228352895
   408.500  -412.419259085  -412.344997254  -412.281076715  -412.344997254  -412.229164677
   409.000  -412.423398052  -412.353564243  -412.290012274  -412.353564243  -412.229484814
   409.500  -412.417524186  -412.352236042  -412.288717767  -412.352236042  -412.229252263
   410.000  -412.403608928  -412.342923623  -412.279083328  -412.342923623  -412.228903078
   410.500  -412.386245825  -412.330157787  -412.265631868  -412.330157787  -412.228639579
   411.000  -412.369317401  -412.317748723  -412.252168085  -412.317748723  -412.228473965
   411.500  -412.355440571  -412.308231997  -412.241216581  -412.308231997  -412.228379207
   412.000  -412.346189127  -412.303097663  -412.234257973  -412.303097663  -412.228348305
   412.500  -412.342124754  -412.302834089  -412.231780643  -412.302834089  -412.228396260
   413.000  -412.342574198  -412.306716818  -412.233084180  -412.306716818  -412.228532635
   413.500  -412.345540606  -412.312724183  -412.236207153  -412.312724183  -412.228728992
   414.000  -412.348235909  -412.318063131  -412.238465725  -412.318063131  -412.228894421
   414.500  -412.348541083  -412.320614999  -412.237910672  -412.320614999  -412.228899352
   415.000  -412.346809616  -412.320730393  -412.235114814  -412.320730393  -412.228754941
   415.500  -412.345402165  -412.320764242  -412.232674825  -412.320764242  -412.228781796
   416.000  -412.344367149  -412.320767293  -412.230838098  -412.320767293  -412.229107394
   416.500  -412.340384890  -412.317433448  -412.226414702  -412.317433448  -412.229073021
   417.000  -412.335239544  -412.312563452  -412.221254299  -412.312563452  -412.228372248
   417.500  -412.338408253  -412.315638664  -412.224861260  -412.315638664  -412.228198699
   418.000  -412.351822678  -412.328573521  -412.239141537  -412.328573521  -412.228929084
   418.500  -412.365247838  -412.341089960  -412.253759526  -412.341089960  -412.229372087
   419.000  -412.371209547  -412.345646749  -412.261064075  -412.345646749  -412.229220187
   419.500  -412.370626384  -412.343075936  -412.261739431  -412.343075936  -412.228892999
   420.000  -412.367756747  -412.337535219  -412.259771910  -412.337535219  -412.228645545
   420.500  -412.366219558  -412.332537152  -412.258480231  -412.332537152  -412.228515367
   421.000  -412.368076461  -412.330042222  -412.259621455  -412.330042222  -412.228471436
   421.500  -412.374096792  -412.330741314  -412.263682643  -412.330741314  -412.228489038
   422.000  -412.384063273  -412.334379781  -412.270233248  -412.334379781  -412.228561300
   422.500  -412.396866380  -412.339869937  -412.278056462  -412.339869937  -412.228685056
   423.000  -412.410615871  -412.345410270  -412.285290454  -412.345410270  -412.228824422
   423.500  -412.423255585  -412.349093674  -412.290047976  -412.349093674  -412.228899390
   424.000  -412.433702938  -412.350034085  -412.291534096  -412.350034085  -412.228889488
   424.500  -412.441996779  -412.348506791  -412.290158994  -412.348506791  -412.228977825
   425.000  -412.446859253  -412.343520675  -412.285059826  -412.343520675  -412.229304772
   425.500  -412.444462130  -412.331601691  -412.272843770  -412.331601691  -412.229393207
   426.000  -412.435237627  -412.313598564  -412.254392801  -412.313598564  -412.228603299
   426.500  -412.430856679  -412.301622838  -412.241822215  -412.301622838  -412.227858773
   427.000  -412.440787658  -412.305572163  -412.244923740  -412.305572163  -412.228454981
   427.500  -412.456508694  -412.317290528  -412.255285242  -412.317290528  -412.229228313
   428.000  -412.465708952  -412.324634612  -412.260605126  -412.324634612  -412.229251137
   428.500  -412.466207863  -412.325277057  -412.258745787  -412.325277057  -412.228918005
   429.000  -412.461945232  -412.322922156  -412.253620367  -412.322922156  -412.228631331
   429.500  -412.456840621  -412.321384228  -412.248978880  -412.321384228  -412.228491306
   430.000  -412.452926317  -412.322631162  -412.246622183  -412.322631162  -412.228471718
   430.500  -412.450655028  -412.326930848  -412.246832715  -412.326930848  -412.228523061
   431.000  -412.449564639  -412.333488266  -412.249060142  -412.333488266  -412.228605322
   431.500  -412.448802297  -412.341033103  -412.252371823  -412.341033103  -412.228687114
   432.000  -412.447522519  -412.348305625  -412.255771328  -412.348305625  -412.228740729
   432.500  -412.445266796  -412.354494658  -412.258585739  -412.354494658  -412.228743482
   433.000  -412.442230651  -412.359530235  -412.260795758  -412.359530235  -412.228726621
   433.500  -412.438718456  -412.363542438  -412.262541166  -412.363542438  -412.228835625
   434.000  -412.433182988  -412.364895478  -412.262169344  -412.364895478  -412.229197056
   434.500  -412.420996709  -412.358937255  -412.254990814  -412.358937255  -412.229555998
   435.000  -412.398648999  -412.342166490  -412.237458297  -412.342166490  -412.229243901
   435.500  -412.372578985  -412.321039103  -412.215992959  -412.321039103  -412.228216385
   436.000  -412.357678342  -412.310466599  -412.205479479  -412.310466599  -412.227957875
   436.500  -412.357514045  -412.314040786  -412.209478549  -412.314040786  -412.228805002
   437.000  -412.360058974  -412.319768599  -412.215955043  -412.319768599  -412.229295612
   437.500  -412.356494598  -412.318872764  -412.216091923  -412.318872764  -412.229119651
   438.000  -412.347536363  -412.312115378  -412.210621670  -412.312115378  -412.228776609
   438.500  -412.337332846  -412.303695882  -412.203722761  -412.303695882  -412.228543257
   439.000  -412.329035557  -412.296820090  -412.198580652  -412.296820090  -412.228450040
   439.500  -412.323922055  -412.292820147  -412.196502682  -412.292820147  -412.228456868
   440.000  -412.321825553  -412.291580097  -412.197341701  -412.291580097  -412.228524337
   440.500  -412.321717028  -412.292113782  -412.200075444  -412.292113782  -412.228614015
   441.000  -412.322342415  -412.293198516  -412.203443444  -412.293198516  -412.228667388
   441.500  -412.323139896  -412.294290621  -412.206864733  -412.294290621  -412.228611969
   442.000  -412.325214744  -412.296500759  -412.211413031  -412.296500759  -412.228457688
   442.500  -412.330939048  -412.302196700  -412.219416922  -412.302196700  -412.228421834
   443.000  -412.340767433  -412.311825070  -412.231278985  -412.311825070  -412.228765552
   443.500  -412.349902507  -412.320580749  -412.242148281  -412.320580749  -412.229368429
   444.000  -412.350471394  -412.320583323  -412.244105565  -412.320583323  -412.229649011
   444.500  -412.340128116  -412.309475460  -412.234769131  -412.309475460  -412.229007267
   445.000  -412.329512340  -412.297879820  -412.224750258  -412.297879820  -412.227994719
   445.500  -412.332822087  -412.299970447  -412.228215128  -412.299970447  -412.228187572
   446.000  -412.347546720  -412.313205810  -412.242608335  -412.313205810  -412.229086087
   446.500  -412.360412366  -412.324275000  -412.254600877  -412.324275000  -412.229338545
   447.000  -412.365800593  -412.327520244  -412.258521573  -412.327520244  -412.229046073
   447.500  -412.366507891  -412.325699184  -412.257124771  -412.325699184  -412.228703942
   448.000  -412.367029912  -412.323271601  -412.254876471  -412.323271601  -412.228505519
   448.500  -412.370210442  -412.323050511  -412.254601471  -412.323050511  -412.228454453
   449.000  -412.376828649  -412.325790194  -412.257066808  -412.325790194  -412.228512071
   449.500  -412.386066195  -412.330653568  -412.261445915  -412.330653568  -412.228638374
   450.000  -412.396144076  -412.335848116  -412.265955081  -412.335848116  -412.228774075
   450.500  -412.405305959  -412.339608910  -412.268840125  -412.339608910  -412.228814951
   451.000  -412.413377699  -412.341756933  -412.269941627  -412.341756933  -412.228670787
   451.500  -412.422814247  -412.344753144  -412.271751996  -412.344753144  -412.228475775
   452.000  -412.436437650  -412.351453778  -412.277171291  -412.351453778  -412.228613650
   452.500  -412.452187032  -412.359884297  -412.284282524  -412.359884297  -412.229193370
   453.000  -412.462004139  -412.362129111  -412.285268204  -412.362129111  -412.229747455
   453.500  -412.458874637  -412.351345728  -412.273490509  -412.351345728  -412.229580656
   454.000  -412.446823781  -412.331705769  -412.253559554  -412.331705769  -412.228530219
   454.500  -412.441368169  -412.318766009  -412.241871913  -412.318766009  -412.228018176
   455.000  -412.450297354  -412.316027082  -412.250245046  -412.316027082  -412.226513665
   455.500  -412.456810019  -412.331066938  -412.255066518  -412.331066938  -412.228489455
   456.000  -412.456453591  -412.335104466  -412.257884243  -412.335104466  -412.228412594
   456.500  -412.447490782  -412.331352358  -412.252756561  -412.331352358  -412.228049387
   457.000  -412.434413264  -412.324173414  -412.243734591  -412.324173414  -412.227732747
   457.500  -412.421960947  -412.317980838  -412.235332069  -412.317980838  -412.227558233
   458.000  -412.413052575  -412.315341803  -412.230305462  -412.315341803  -412.227522934
   458.500  -412.408552597  -412.316810344  -412.229384207  -412.316810344  -412.227600382
   459.000  -412.407607614  -412.321294224  -412.231611800  -412.321294224  -412.227741194
   459.500  -412.408493049  -412.326898189  -412.235214495  -412.326898189  -412.227835150
   460.000  -412.410308449  -412.332612809  -412.239302281  -412.332612809  -412.227743883
   460.500  -412.414782960  -412.340113371  -412.245661695  -412.340113371  -412.227521691
   461.000  -412.425073718  -412.352561158  -412.257524505  -412.352561158  -412.227566272
   461.500  -412.440251897  -412.369094075  -412.274024548  -412.369094075  -412.228106425
   462.000  -412.452490085  -412.382008578  -412.287378309  -412.382008578  -412.228757939
   462.500  -412.452651052  -412.382314922  -412.288502930  -412.382314922  -412.228927466
   463.000  -412.439196887  -412.368614206  -412.275948850  -412.368614206  -412.228241877
   463.500  -412.422815471  -412.351703857  -412.260518549  -412.351703857  -412.227297135
   464.000  -412.416657288  -412.344822838  -412.255442236  -412.344822838  -412.227433937
   464.500  -412.419018894  -412.346342496  -412.259004257  -412.346342496  -412.228203716
   465.000  -412.418678716  -412.345110427  -412.259886396  -412.345110427  -412.228414945
   465.500  -412.411017347  -412.336566258  -412.253343529  -412.336566258  -412.228115667
   466.000  -412.399145210  -412.323859545  -412.242371823  -412.323859545  -412.227751816
   466.500  -412.387926053  -412.311870186  -412.231751045  -412.311870186  -412.227529678
   467.000  -412.380557030  -412.303790294  -412.224634512  -412.303790294  -412.227479376
   467.500  -412.377834288  -412.300396488  -412.221819086  -412.300396488  -412.227566010
   468.000  -412.378625674  -412.300529138  -412.222213737  -412.300529138  -412.227701859
   468.500  -412.381249025  -412.302475034  -412.224203110  -412.302475034  -412.227732420
   469.000  -412.385717849  -412.306215587  -412.227877688  -412.306215587  -412.227543036
   469.500  -412.395020564  -412.314716949  -412.236294136  -412.314716949  -412.227336354
   470.000  -412.411935325  -412.330760260  -412.252281462  -412.330760260  -412.227537386
   470.500  -412.433352859  -412.351279960  -412.272763791  -412.351279960  -412.228131138
   471.000  -412.450566060  -412.367644772  -412.289058242  -412.367644772  -412.228684648
   471.500  -412.455503630  -412.371862696  -412.293119234  -412.371862696  -412.228854082
   472.000  -412.446463652  -412.362294823  -412.283279095  -412.362294823  -412.228350738
   472.500  -412.432029484  -412.347570646  -412.268167191  -412.347570646  -412.227351012
   473.000  -412.426727851  -412.342255326  -412.262363664  -412.342255326  -412.227101274
   473.500  -412.434041338  -412.349867058  -412.269398436  -412.349867058  -412.227896503
   474.000  -412.442705644  -412.359170528  -412.278042095  -412.359170528  -412.228455959
   474.500  -412.443265846  -412.360727953  -412.278864866  -412.360727953  -412.228380090
   475.000  -412.435222270  -412.354041326  -412.271379114  -412.354041326  -412.228074591
   475.500  -412.422279038  -412.342797303  -412.259276442  -412.342797303  -412.227828469
   476.000  -412.407898892  -412.330417868  -412.245973074  -412.330417868  -412.227712360
   476.500  -412.393910652  -412.318662882  -412.233219370  -412.318662882  -412.227704102
   477.000  -412.380715497  -412.307834336  -412.221321175  -412.307834336  -412.227733004
   477.500  -412.368348328  -412.297842250  -412.210229923  -412.297842250  -412.227679230
   478.000  -412.358169533  -412.289910825  -412.201265154  -412.289910825  -412.227460984
   478.500  -412.353733495  -412.287468456  -412.197995206  -412.287468456  -412.227242255
   479.000  -412.358182520  -412.293567087  -412.203597425  -412.293567087  -412.227371998
   479.500  -412.369539843  -412.306188447  -412.216102102  -412.306188447  -412.227880265
   480.000  -412.380389034  -412.317917175  -412.228056683  -412.317917175  -412.228437407
   480.500  -412.382632413  -412.320681813  -412.231300162  -412.320681813  -412.228738278
   481.000  -412.372609555  -412.310860283  -412.222098798  -412.310860283  -412.228456507
   481.500  -412.355963133  -412.294142142  -412.206020605  -412.294142142  -412.227479480
   482.000  -412.347497186  -412.285387201  -412.197796567  -412.285387201  -412.226835896
   482.500  -412.356229003  -412.293677469  -412.206372455  -412.293677469  -412.227406527
   483.000  -412.374209622  -412.311150290  -412.223752125  -412.311150290  -412.228139753
   483.500  -412.387978205  -412.327405805  -412.239006630  -412.327405805  -412.229522030
   484.000  -412.397093330  -412.335993985  -412.247774018  -412.335993985  -412.229332016
   484.500  -412.401208029  -412.339636400  -412.250769755  -412.339636400  -412.229140301
   485.000  -412.402640869  -412.340723099  -412.250358048  -412.340723099  -412.229037262
   485.500  -412.402787431  -412.340674936  -412.247998868  -412.340674936  -412.229024249
   486.000  -412.401897298  -412.339750479  -412.244026350  -412.339750479  -412.229067929
   486.500  -412.399551370  -412.337535531  -412.238122431  -412.337535531  -412.229090895
   487.000  -412.395824889  -412.334113426  -412.230477952  -412.334113426  -412.228981618
   487.500  -412.392774182  -412.331552718  -412.223278827  -412.331552718  -412.228734541
   488.000  -412.394168543  -412.333636374  -412.220438403  -412.333636374  -412.228616061
   488.500  -412.401623270  -412.341990154  -412.223728562  -412.341990154  -412.228904929
   489.000  -412.410919585  -412.352394097  -412.229089630  -412.352394097  -412.229465999
   489.500  -412.413933045  -412.356697159  -412.228540703  -412.356697159  -412.229948803
   490.000  -412.404003916  -412.348179729  -412.215537151  -412.348179729  -412.230015186
   490.500  -412.381457019  -412.327078623  -412.190491451  -412.327078623  -412.229334666
   491.000  -412.357418660  -412.304419607  -412.164595304  -412.304419607  -412.228372942
   491.500  -412.345678208  -412.293895616  -412.151665958  -412.293895616  -412.228432879
   492.000  -412.345833600  -412.295024990  -412.151265286  -412.295024990  -412.229169711
   492.500  -412.347352749  -412.297222171  -412.152777167  -412.297222171  -412.229406515
   493.000  -412.345320582  -412.295550756  -412.151206704  -412.295550756  -412.229180587
   493.500  -412.341712244  -412.291997576  -412.148484963  -412.291997576  -412.228928380
   494.000  -412.339643891  -412.289718834  -412.147720755  -412.289718834  -412.228808830
   494.500  -412.340655223  -412.290314008  -412.150465419  -412.290314008  -412.228802111
   495.000  -412.344714457  -412.293820752  -412.156697909  -412.293820752  -412.228866401
   495.500  -412.350802442  -412.299289970  -412.165392578  -412.299289970  -412.228963779
   496.000  -412.357566218  -412.305431740  -412.175165789  -412.305431740  -412.229019657
   496.500  -412.364476139  -412.311764124  -412.185429070  -412.311764124  -412.228927122
   497.000  -412.373202934  -412.319982372  -412.197766746  -412.319982372  -412.228712566
   497.500  -412.386853039  -412.333192884  -412.215178082  -412.333192884  -412.228694535
   498.000  -412.405473846  -412.351427320  -412.237593839  -412.351427320  -412.229125091
   498.500  -412.422864186  -412.368466362  -412.258696826  -412.368466362  -412.229750465
   499.000  -412.430227377  -412.375497758  -412.269577534  -412.375497758  -412.230084781
   499.500  -412.423466180  -412.368408057  -412.266026247  -412.368408057  -412.229719771
   500.000  -412.408902390  -412.353496690  -412.254246646  -412.353496690  -412.228791316
