 N     7.0   -1.88570716   -0.09631122   -0.13052293   14.00307401
 N     7.0    1.76950044    2.24352277   -0.07677407   14.00307401
 C     6.0   -0.91459024    2.27494410    0.10880184   12.00000000
 C     6.0    3.27813374    0.25587966    0.01360792   12.00000000
 C     6.0    2.28403175   -2.13787691    0.05792918   12.00000000
 C     6.0   -0.59385162   -2.53891698   -0.08827382   12.00000000
 O     8.0   -1.82995852   -4.54228374    0.04056174   15.99491464
 O     8.0   -2.00959505    4.28752507    0.03013089   15.99491464
 H     1.0   -4.16915383   -0.44014105    0.52993192    1.00782504
 H     1.0    2.71755297    3.99995959   -0.10695328    1.00782504
 H     1.0    5.45109148    0.44037231    0.20560617    1.00782504
 H     1.0    3.40597672   -3.71782242    0.10925775    1.00782504
