    0.000063940    0.000221032    0.000040222
   -0.000067075    0.000128806    0.000079271
    0.000113419   -0.000108571   -0.000037559
    0.000746170   -0.000425012    0.000027903
    0.000064534   -0.000202650   -0.000161185
   -0.000481084   -0.000099612    0.000060324
   -0.000286582    0.000017588    0.000059172
    0.000251771    0.000189693   -0.000018833
   -0.001094442    0.000809514   -0.000912433
   -0.002651703    0.000048682    0.000034073
   -0.000375493    0.001990484    0.000056404
   -0.000776120   -0.001214352   -0.000227024
