    0.000654169    0.000282224    0.000157681
   -0.000309817    0.000035041    0.000162799
    0.000050134   -0.000750018    0.000532846
   -0.000353186   -0.000031531   -0.000481821
    0.000332504   -0.000027224    0.000428969
    0.000099412   -0.000142147   -0.000314124
   -0.000043562    0.000233947    0.000006550
   -0.000524685    0.000322986   -0.000208744
   -0.000628521    0.000524495   -0.001180744
    0.002216743    0.000563683   -0.001633007
    0.000982873   -0.001540271    0.001210422
    0.000148526   -0.001498711   -0.000976869
