 N     7.0   -1.77331177   -0.08685866   -0.08091673   14.00307401
 N     7.0    1.74196017    2.26339729   -0.14413468   14.00307401
 C     6.0   -0.79375930    2.34389738   -0.01959591   12.00000000
 C     6.0    3.18882962    0.11810710   -0.09711498   12.00000000
 C     6.0    2.16334632   -2.21244153    0.26606677   12.00000000
 C     6.0   -0.50930911   -2.45558961    0.16863225   12.00000000
 O     8.0   -1.79621779   -4.40807477   -0.17346891   15.99491464
 O     8.0   -2.13623330    4.17840558    0.11567883   15.99491464
 H     1.0   -3.43984320   -0.21154266    0.28466872    1.00782504
 H     1.0    2.58134823    3.91344305   -0.28550993    1.00782504
 H     1.0    5.28303944    0.41820978   -0.16326708    1.00782504
 H     1.0    3.31255663   -3.88628906    0.37062229    1.00782504
