    0.000189450    0.000165947   -0.000001511
   -0.000081240   -0.000009881   -0.000206181
    0.000380481    0.000211630    0.000212913
   -0.000364931   -0.000272255    0.000311996
    0.000263659   -0.000081694   -0.000028432
    0.000134528   -0.000517642   -0.000137119
   -0.000396783    0.000114520    0.000031410
   -0.000267131    0.000017452    0.000007032
   -0.000417379   -0.000054734   -0.000559931
    0.002796446    0.001522222   -0.000855077
    0.002600064    0.001781396   -0.000680304
   -0.000758179   -0.000165928   -0.000118499
