     0.000  -412.507796091  -412.347678749  -412.275146304  -412.275146304  -412.206513276
     0.500  -412.519491663  -412.362898006  -412.291771116  -412.291771116  -412.207236361
     1.000  -412.520723272  -412.379850165  -412.295100753  -412.295100753  -412.201107631
     1.500  -412.511315656  -412.375881518  -412.295986664  -412.295986664  -412.200895152
     2.000  -412.493131650  -412.364679032  -412.289049687  -412.289049687  -412.200585396
     2.500  -412.471186127  -412.350986215  -412.278807917  -412.278807917  -412.200295597
     3.000  -412.450388064  -412.339325237  -412.269685666  -412.269685666  -412.200104656
     3.500  -412.434194198  -412.332709083  -412.264685086  -412.264685086  -412.200053882
     4.000  -412.423897721  -412.331977874  -412.264697236  -412.264697236  -412.200120776
     4.500  -412.418866216  -412.336065298  -412.268757756  -412.268757756  -412.200249770
     5.000  -412.417343495  -412.342831639  -412.274865375  -412.274865375  -412.200399239
     5.500  -412.417088124  -412.349720146  -412.280649570  -412.280649570  -412.200563473
     6.000  -412.415580361  -412.353986639  -412.283589539  -412.283589539  -412.200743206
     6.500  -412.410210015  -412.352885792  -412.281195424  -412.281195424  -412.200875994
     7.000  -412.399489246  -412.344868035  -412.272182476  -412.272182476  -412.200758631
     7.500  -412.386028507  -412.332516329  -412.259400983  -412.259400983  -412.200202813
     8.000  -412.378577666  -412.324560244  -412.251805467  -412.251805467  -412.199548482
     8.500  -412.386509419  -412.330351264  -412.258845556  -412.258845556  -412.199602431
     9.000  -412.409067974  -412.349145565  -412.279647760  -412.279647760  -412.200365426
     9.500  -412.435370854  -412.370152482  -412.303072855  -412.303072855  -412.200999401
    10.000  -412.455479437  -412.383631379  -412.318957260  -412.318957260  -412.201132755
    10.500  -412.466275144  -412.386762946  -412.324123981  -412.324123981  -412.200967151
    11.000  -412.469296933  -412.381445437  -412.320248819  -412.320248819  -412.200734782
    11.500  -412.467462827  -412.370967769  -412.310522643  -412.310522643  -412.200514851
    12.000  -412.463736423  -412.358634216  -412.298236863  -412.298236863  -412.200307780
    12.500  -412.460955764  -412.347574588  -412.286555522  -412.286555522  -412.200127701
    13.000  -412.461521403  -412.340436650  -412.278190778  -412.278190778  -412.200029008
    13.500  -412.466586837  -412.338589168  -412.274604333  -412.274604333  -412.200055041
    14.000  -412.475417055  -412.341482859  -412.275383514  -412.275383514  -412.200194438
    14.500  -412.485536239  -412.346792320  -412.278389401  -412.278389401  -412.200407873
    15.000  -412.493378475  -412.351054865  -412.280383959  -412.280383959  -412.200660150
    15.500  -412.495026362  -412.350400870  -412.277746141  -412.277746141  -412.200876386
    16.000  -412.487648137  -412.341996555  -412.267892808  -412.267892808  -412.200852251
    16.500  -412.472601655  -412.327163100  -412.252376920  -412.252376920  -412.200351144
    17.000  -412.458227308  -412.314199188  -412.239669796  -412.239669796  -412.199607368
    17.500  -412.455529999  -412.314097083  -412.240815404  -412.240815404  -412.199472008
    18.000  -412.466469554  -412.328855579  -412.257684489  -412.257684489  -412.200166378
    18.500  -412.481167109  -412.348669370  -412.280176679  -412.280176679  -412.200851771
    19.000  -412.489088238  -412.363055138  -412.297430214  -412.297430214  -412.201016196
    19.500  -412.486912708  -412.368659668  -412.305722821  -412.305722821  -412.200842091
    20.000  -412.476808271  -412.367496524  -412.306766058  -412.306766058  -412.200610622
    20.500  -412.462411304  -412.362923208  -412.303705084  -412.303705084  -412.200437474
    21.000  -412.446855705  -412.357692101  -412.299159472  -412.299159472  -412.200321334
    21.500  -412.432528288  -412.353737316  -412.295005435  -412.295005435  -412.200237171
    22.000  -412.421271836  -412.352426123  -412.292623598  -412.292623598  -412.200184925
    22.500  -412.414269614  -412.354496739  -412.292853444  -412.292853444  -412.200193866
    23.000  -412.411550080  -412.359622919  -412.295574677  -412.295574677  -412.200291603
    23.500  -412.411565908  -412.366031663  -412.299330080  -412.299330080  -412.200480098
    24.000  -412.411251928  -412.370565173  -412.301356921  -412.301356921  -412.200729586
    24.500  -412.406724679  -412.369342918  -412.298194079  -412.298194079  -412.200942699
    25.000  -412.395134713  -412.359555904  -412.287416466  -412.287416466  -412.200885363
    25.500  -412.378304783  -412.343052998  -412.271163364  -412.271163364  -412.200315274
    26.000  -412.365559327  -412.329136856  -412.258880435  -412.258880435  -412.199557225
    26.500  -412.368131705  -412.328969728  -412.261654572  -412.261654572  -412.199550389
    27.000  -412.386426572  -412.342875933  -412.279464493  -412.279464493  -412.200369233
    27.500  -412.409011185  -412.359396833  -412.300311123  -412.300311123  -412.201042622
    28.000  -412.425398236  -412.368133065  -412.313255449  -412.313255449  -412.201129384
    28.500  -412.433007358  -412.366738201  -412.315572383  -412.315572383  -412.200879407
    29.000  -412.434430697  -412.358159879  -412.310042480  -412.310042480  -412.200584823
    29.500  -412.433274331  -412.346418035  -412.300689439  -412.300689439  -412.200365583
    30.000  -412.432245321  -412.334620865  -412.290727047  -412.290727047  -412.200231301
    30.500  -412.432914567  -412.324668934  -412.282212719  -412.282212719  -412.200152385
    31.000  -412.436121289  -412.317623784  -412.276388022  -412.276388022  -412.200094603
    31.500  -412.442416739  -412.314119385  -412.274104974  -412.274104974  -412.200051941
    32.000  -412.452092969  -412.314392818  -412.275867405  -412.275867405  -412.200071423
    32.500  -412.464485720  -412.317717782  -412.281149840  -412.281149840  -412.200243526
    33.000  -412.476932168  -412.321672241  -412.287288505  -412.287288505  -412.200588131
    33.500  -412.484697001  -412.321967479  -412.289420201  -412.289420201  -412.200954653
    34.000  -412.482978680  -412.313968745  -412.282713303  -412.282713303  -412.201072349
    34.500  -412.470957001  -412.296785756  -412.266483949  -412.266483949  -412.200666751
    35.000  -412.455446310  -412.277117519  -412.247765832  -412.247765832  -412.199894409
    35.500  -412.447830079  -412.266266550  -412.238133755  -412.238133755  -412.199571169
    36.000  -412.452665893  -412.268783135  -412.242183456  -412.242183456  -412.200101007
    36.500  -412.462470044  -412.277250880  -412.252280739  -412.252280739  -412.200746716
    37.000  -412.467397408  -412.281927271  -412.258335908  -412.258335908  -412.200892225
    37.500  -412.464269767  -412.279715147  -412.256944616  -412.256944616  -412.200664954
    38.000  -412.455690559  -412.273242548  -412.250547676  -412.250547676  -412.200368818
    38.500  -412.445802356  -412.266618307  -412.243187659  -412.243187659  -412.200153634
    39.000  -412.437829464  -412.262993315  -412.238034553  -412.238034553  -412.200045932
    39.500  -412.433469307  -412.263973720  -412.236758153  -412.236758153  -412.200029498
    40.000  -412.433043948  -412.269801636  -412.239665977  -412.239665977  -412.200081275
    40.500  -412.435830329  -412.279781274  -412.246021973  -412.246021973  -412.200187840
    41.000  -412.440463872  -412.293077884  -412.254235053  -412.254235053  -412.200358507
    41.500  -412.445841825  -412.308584890  -412.262364097  -412.262364097  -412.200367852
    42.000  -412.450801200  -412.322741150  -412.270240739  -412.270240739  -412.200410680
    42.500  -412.453378445  -412.333070441  -412.276784875  -412.276784875  -412.200686253
    43.000  -412.451032945  -412.337972354  -412.278577652  -412.278577652  -412.200919394
    43.500  -412.441598252  -412.335537944  -412.273150622  -412.273150622  -412.200856900
    44.000  -412.427261436  -412.327943168  -412.262733905  -412.262733905  -412.200312890
    44.500  -412.416681450  -412.323775685  -412.256100544  -412.256100544  -412.199761981
    45.000  -412.417711553  -412.330807302  -412.261155872  -412.261155872  -412.200008644
    45.500  -412.426805777  -412.345404579  -412.274284643  -412.274284643  -412.200745656
    46.000  -412.433097303  -412.356600987  -412.284445727  -412.284445727  -412.201066879
    46.500  -412.430808951  -412.358509651  -412.285652514  -412.285652514  -412.200870532
    47.000  -412.421815463  -412.352900433  -412.279603817  -412.279603817  -412.200512723
    47.500  -412.411012198  -412.344586620  -412.271087003  -412.271087003  -412.200221189
    48.000  -412.402722090  -412.337846206  -412.264386678  -412.264386678  -412.200049424
    48.500  -412.399600528  -412.335333157  -412.262171832  -412.262171832  -412.199982342
    49.000  -412.402699406  -412.338140613  -412.265540863  -412.265540863  -412.199998718
    49.500  -412.411736678  -412.346065298  -412.274274339  -412.274274339  -412.200088097
    50.000  -412.425260392  -412.357765790  -412.286990297  -412.286990297  -412.200249416
    50.500  -412.440707638  -412.370814095  -412.301199848  -412.301199848  -412.200481263
    51.000  -412.454492376  -412.381770296  -412.313399751  -412.313399751  -412.200766796
    51.500  -412.462408568  -412.386571943  -412.319473189  -412.319473189  -412.201036612
    52.000  -412.460841329  -412.381725131  -412.315903579  -412.315903579  -412.201135049
    52.500  -412.449197280  -412.366721187  -412.302195625  -412.302195625  -412.200860075
    53.000  -412.432596893  -412.346728687  -412.283565927  -412.283565927  -412.200218001
    53.500  -412.421093054  -412.331833959  -412.270150564  -412.270150564  -412.199703515
    54.000  -412.422169091  -412.329573948  -412.269498512  -412.269498512  -412.199909028
    54.500  -412.432747757  -412.336956994  -412.278562868  -412.278562868  -412.200604564
    55.000  -412.442419071  -412.343681671  -412.286933191  -412.286933191  -412.201026215
    55.500  -412.444022450  -412.342691707  -412.287424750  -412.287424750  -412.200942043
    56.000  -412.437687955  -412.334203183  -412.280137480  -412.280137480  -412.200619650
    56.500  -412.427591265  -412.322453378  -412.269215590  -412.269215590  -412.200310367
    57.000  -412.418189866  -412.311940507  -412.259096134  -412.259096134  -412.200104583
    57.500  -412.412603827  -412.305809715  -412.252898383  -412.252898383  -412.200000623
    58.000  -412.412450207  -412.305694594  -412.252261528  -412.252261528  -412.199973036
    58.500  -412.418121625  -412.312002555  -412.257626168  -412.257626168  -412.200006517
    59.000  -412.428998920  -412.324129304  -412.268437361  -412.268437361  -412.200103317
    59.500  -412.443448226  -412.340451632  -412.283125269  -412.283125269  -412.200277672
    60.000  -412.458677156  -412.358165973  -412.298940781  -412.298940781  -412.200538888
    60.500  -412.470733215  -412.373264387  -412.311934271  -412.311934271  -412.200852320
    61.000  -412.475223070  -412.381225487  -412.317663520  -412.317663520  -412.201083877
    61.500  -412.469445110  -412.379136317  -412.313336314  -412.313336314  -412.201007571
    62.000  -412.455507249  -412.368817337  -412.300951046  -412.300951046  -412.200534348
    62.500  -412.441031870  -412.357578714  -412.288028526  -412.288028526  -412.200002358
    63.000  -412.434017933  -412.353142464  -412.282474949  -412.282474949  -412.199906110
    63.500  -412.435959188  -412.356806105  -412.285687073  -412.285687073  -412.200279193
    64.000  -412.441397403  -412.363004331  -412.292093346  -412.292093346  -412.200692995
    64.500  -412.443887107  -412.365258315  -412.295126415  -412.295126415  -412.200823491
    65.000  -412.440843350  -412.361004057  -412.292091156  -412.292091156  -412.200700789
    65.500  -412.433541468  -412.351581561  -412.284185523  -412.284185523  -412.200488780
    66.000  -412.424868989  -412.339981886  -412.274267712  -412.274267712  -412.200297701
    66.500  -412.417605866  -412.329129353  -412.265139731  -412.265139731  -412.200161530
    67.000  -412.413769708  -412.321224278  -412.258892347  -412.258892347  -412.200077486
    67.500  -412.414557285  -412.317679217  -412.256841287  -412.256841287  -412.200038815
    68.000  -412.420402695  -412.319168136  -412.259577514  -412.259577514  -412.200050723
    68.500  -412.430890740  -412.325528479  -412.266873503  -412.266873503  -412.200132557
    69.000  -412.444481206  -412.335466212  -412.277405019  -412.277405019  -412.200308934
    69.500  -412.458235321  -412.346268347  -412.288471674  -412.288471674  -412.200573140
    70.000  -412.468066786  -412.354026557  -412.296245851  -412.296245851  -412.200832249
    70.500  -412.470324996  -412.355198740  -412.297342273  -412.297342273  -412.200872473
    71.000  -412.464935093  -412.349730351  -412.291925988  -412.291925988  -412.200520578
    71.500  -412.457445166  -412.343114835  -412.285700587  -412.285700587  -412.200032797
    72.000  -412.454930386  -412.342329035  -412.285757098  -412.285757098  -412.200004349
    72.500  -412.457940904  -412.347818040  -412.292504421  -412.292504421  -412.200463335
    73.000  -412.460090440  -412.353092926  -412.299303110  -412.299303110  -412.200827595
    73.500  -412.455830874  -412.352497777  -412.300307224  -412.300307224  -412.200818012
    74.000  -412.444774828  -412.345526539  -412.294843988  -412.294843988  -412.200608484
    74.500  -412.429733002  -412.334866723  -412.285475011  -412.285475011  -412.200402812
    75.000  -412.413785297  -412.323481045  -412.275074988  -412.275074988  -412.200259484
    75.500  -412.399212122  -412.313544276  -412.265761230  -412.265761230  -412.200162083
    76.000  -412.387599328  -412.306553217  -412.258994563  -412.258994563  -412.200095480
    76.500  -412.380023708  -412.303513682  -412.255762885  -412.255762885  -412.200061855
    77.000  -412.377006166  -412.304895899  -412.256535813  -412.256535813  -412.200073115
    77.500  -412.378337943  -412.310453136  -412.261083575  -412.261083575  -412.200143909
    78.000  -412.382880215  -412.319015709  -412.268269015  -412.268269015  -412.200285845
    78.500  -412.388440429  -412.328356741  -412.275917493  -412.275917493  -412.200490779
    79.000  -412.392005339  -412.335420257  -412.281047658  -412.281047658  -412.200689654
    79.500  -412.390908439  -412.337486244  -412.281040078  -412.281040078  -412.200719019
    80.000  -412.385230255  -412.334574029  -412.276039831  -412.276039831  -412.200423630
    80.500  -412.379677030  -412.331330954  -412.270832049  -412.270832049  -412.199965550
    81.000  -412.380827592  -412.334295105  -412.272076631  -412.272076631  -412.199860706
    81.500  -412.390045595  -412.344818052  -412.281203764  -412.281203764  -412.200278470
    82.000  -412.401312999  -412.356894751  -412.292233671  -412.292233671  -412.200738459
    82.500  -412.407661473  -412.363577677  -412.298209082  -412.298209082  -412.200846492
    83.000  -412.406937444  -412.362727877  -412.296963127  -412.296963127  -412.200667520
    83.500  -412.401363710  -412.356571076  -412.290686855  -412.290686855  -412.200432540
    84.000  -412.394343759  -412.348507234  -412.282736373  -412.282736373  -412.200281377
    84.500  -412.388283899  -412.340941061  -412.275463081  -412.275463081  -412.200228806
    85.000  -412.384206823  -412.334902509  -412.269835542  -412.269835542  -412.200226939
    85.500  -412.382340099  -412.330637851  -412.266039379  -412.266039379  -412.200231692
    86.000  -412.382736319  -412.328230210  -412.264102844  -412.264102844  -412.200229525
    86.500  -412.385478286  -412.327804250  -412.264105986  -412.264105986  -412.200235448
    87.000  -412.390477068  -412.329320911  -412.265978773  -412.265978773  -412.200278878
    87.500  -412.397080702  -412.332184635  -412.269109749  -412.269109749  -412.200376938
    88.000  -412.403899967  -412.335058955  -412.272173532  -412.272173532  -412.200494407
    88.500  -412.409430312  -412.336485501  -412.273753959  -412.273753959  -412.200518168
    89.000  -412.413678331  -412.336501786  -412.273973178  -412.273973178  -412.200343560
    89.500  -412.419451605  -412.337947231  -412.275776226  -412.275776226  -412.200064600
    90.000  -412.430712501  -412.344826177  -412.283274218  -412.283274218  -412.200011589
    90.500  -412.447903753  -412.357651543  -412.297045935  -412.297045935  -412.200368042
    91.000  -412.465569821  -412.371059988  -412.311739560  -412.311739560  -412.200833376
    91.500  -412.476512862  -412.377954490  -412.320220524  -412.320220524  -412.201010672
    92.000  -412.477455942  -412.375146847  -412.319240105  -412.319240105  -412.200862454
    92.500  -412.470010766  -412.364317484  -412.310414871  -412.310414871  -412.200572714
    93.000  -412.458207976  -412.349540129  -412.297768417  -412.297768417  -412.200305504
    93.500  -412.445994851  -412.334790778  -412.285236783  -412.285236783  -412.200139362
    94.000  -412.435936624  -412.322665954  -412.275370015  -412.275370015  -412.200079737
    94.500  -412.429038709  -412.314218697  -412.269146860  -412.269146860  -412.200091810
    95.000  -412.425208339  -412.309422981  -412.266424845  -412.266424845  -412.200142191
    95.500  -412.423730678  -412.307631849  -412.266414108  -412.266414108  -412.200225591
    96.000  -412.423387926  -412.307677600  -412.267802949  -412.267802949  -412.200352765
    96.500  -412.422367327  -412.307759184  -412.268684309  -412.268684309  -412.200516226
    97.000  -412.418515395  -412.305693657  -412.266825077  -412.266825077  -412.200638338
    97.500  -412.410584214  -412.300154775  -412.260932884  -412.260932884  -412.200572169
    98.000  -412.400285032  -412.292729681  -412.252722910  -412.252722910  -412.200248822
    98.500  -412.392915396  -412.288559798  -412.247541272  -412.247541272  -412.199882024
    99.000  -412.394048866  -412.293064327  -412.251020076  -412.251020076  -412.199824600
    99.500  -412.404522790  -412.306962058  -412.264007100  -412.264007100  -412.200166762
   100.000  -412.419211581  -412.325052862  -412.281305223  -412.281305223  -412.200623963
   100.500  -412.431122046  -412.340287572  -412.295780365  -412.295780365  -412.200855911
   101.000  -412.436329687  -412.348674549  -412.303352400  -412.303352400  -412.200808502
   101.500  -412.435132467  -412.350412860  -412.304175526  -412.304175526  -412.200616004
   102.000  -412.430284361  -412.348128669  -412.300890894  -412.300890894  -412.200400010
   102.500  -412.425120204  -412.345016556  -412.296749807  -412.296749807  -412.200227455
   103.000  -412.422381237  -412.343696927  -412.294445338  -412.294445338  -412.200143095
   103.500  -412.423448368  -412.345477838  -412.295350424  -412.295350424  -412.200168638
   104.000  -412.427996519  -412.350030601  -412.299174421  -412.299174421  -412.200283080
   104.500  -412.434293308  -412.355689751  -412.304257960  -412.304257960  -412.200438384
   105.000  -412.439917596  -412.360159683  -412.308284172  -412.308284172  -412.200595729
   105.500  -412.442415344  -412.361146136  -412.308923928  -412.308923928  -412.200727466
   106.000  -412.439849682  -412.356879557  -412.304380486  -412.304380486  -412.200777875
   106.500  -412.431749225  -412.347034904  -412.294333360  -412.294333360  -412.200645498
   107.000  -412.420529461  -412.334136931  -412.281353534  -412.281353534  -412.200294610
   107.500  -412.411683880  -412.323760602  -412.271083423  -412.271083423  -412.199926969
   108.000  -412.410653402  -412.321430319  -412.269092258  -412.269092258  -412.199843531
   108.500  -412.418505701  -412.328322521  -412.276544426  -412.276544426  -412.200108419
   109.000  -412.430987148  -412.340307238  -412.289249813  -412.289249813  -412.200518259
   109.500  -412.441590152  -412.350981165  -412.300726822  -412.300726822  -412.200788681
   110.000  -412.445755857  -412.355839075  -412.306402787  -412.306402787  -412.200807711
   110.500  -412.442682980  -412.354076317  -412.305423877  -412.305423877  -412.200666169
   111.000  -412.434220467  -412.347486391  -412.299550913  -412.299550913  -412.200486917
   111.500  -412.423082154  -412.338693102  -412.291379861  -412.291379861  -412.200327790
   112.000  -412.411879566  -412.330191320  -412.283378075  -412.283378075  -412.200193807
   112.500  -412.402899884  -412.324137397  -412.277677642  -412.277677642  -412.200085234
   113.000  -412.397993740  -412.322248479  -412.275977438  -412.275977438  -412.200030388
   113.500  -412.398082271  -412.325323599  -412.279071300  -412.279071300  -412.200080878
   114.000  -412.402400844  -412.332499121  -412.286105255  -412.286105255  -412.200261442
   114.500  -412.408191934  -412.340945720  -412.294273477  -412.294273477  -412.200525488
   115.000  -412.411471567  -412.346627216  -412.299578461  -412.299578461  -412.200756587
   115.500  -412.408848651  -412.346111097  -412.298642306  -412.298642306  -412.200802063
   116.000  -412.399805367  -412.338840236  -412.290978929  -412.290978929  -412.200564471
   116.500  -412.387958176  -412.328394515  -412.280244567  -412.280244567  -412.200168706
   117.000  -412.379057777  -412.320492552  -412.272215460  -412.272215460  -412.199964976
   117.500  -412.376064582  -412.318071919  -412.269842736  -412.269842736  -412.200134769
   118.000  -412.376665859  -412.318806191  -412.270762098  -412.270762098  -412.200432469
   118.500  -412.376507080  -412.318337183  -412.270541634  -412.270541634  -412.200557906
   119.000  -412.373439725  -412.314523956  -412.266957421  -412.266957421  -412.200482671
   119.500  -412.368244424  -412.308165402  -412.260739432  -412.260739432  -412.200330159
   120.000  -412.363018355  -412.301385709  -412.253967148  -412.253967148  -412.200197805
   120.500  -412.359701239  -412.296157943  -412.248594982  -412.248594982  -412.200120373
   121.000  -412.359466122  -412.293692833  -412.245837048  -412.245837048  -412.200096612
   121.500  -412.362682396  -412.294400937  -412.246121801  -412.246121801  -412.200112266
   122.000  -412.369111323  -412.298086582  -412.249279304  -412.249279304  -412.200150863
   122.500  -412.378154413  -412.304195868  -412.254782424  -412.254782424  -412.200201092
   123.000  -412.389021936  -412.311982729  -412.261910270  -412.261910270  -412.200266799
   123.500  -412.400670713  -412.320447828  -412.269690470  -412.269690470  -412.200366898
   124.000  -412.411571958  -412.328108559  -412.276674345  -412.276674345  -412.200494815
   124.500  -412.419890376  -412.333184117  -412.281129834  -412.281129834  -412.200564499
   125.000  -412.424761778  -412.334872384  -412.282320928  -412.282320928  -412.200454769
   125.500  -412.427856861  -412.334918275  -412.282064558  -412.282064558  -412.200214501
   126.000  -412.432465023  -412.336700501  -412.283788734  -412.283788734  -412.200140955
   126.500  -412.439445899  -412.341185211  -412.288455512  -412.288455512  -412.200380273
   127.000  -412.445376377  -412.345061880  -412.292689267  -412.292689267  -412.200656321
   127.500  -412.446188097  -412.344363526  -412.292419552  -412.292419552  -412.200701540
   128.000  -412.440952525  -412.338234760  -412.286689077  -412.286689077  -412.200545507
   128.500  -412.431759882  -412.328808286  -412.277554954  -412.277554954  -412.200334272
   129.000  -412.421705789  -412.319198934  -412.268088903  -412.268088903  -412.200162331
   129.500  -412.413419477  -412.312041355  -412.260907666  -412.260907666  -412.200058372
   130.000  -412.408538339  -412.308969263  -412.257641341  -412.257641341  -412.200020879
   130.500  -412.407677623  -412.310579217  -412.258892165  -412.258892165  -412.200044063
   131.000  -412.410514539  -412.316503421  -412.264305474  -412.264305474  -412.200125062
   131.500  -412.415852496  -412.325455575  -412.272624862  -412.272624862  -412.200261311
   132.000  -412.421720719  -412.335321947  -412.281786900  -412.281786900  -412.200435086
   132.500  -412.425711677  -412.343498761  -412.289265051  -412.289265051  -412.200596220
   133.000  -412.425783437  -412.347719558  -412.292892390  -412.292892390  -412.200661753
   133.500  -412.421458480  -412.347287664  -412.292088367  -412.292088367  -412.200565993
   134.000  -412.414670085  -412.343968606  -412.288733083  -412.288733083  -412.200332300
   134.500  -412.409283809  -412.341532600  -412.286689847  -412.286689847  -412.200097078
   135.000  -412.408891104  -412.343553901  -412.289575610  -412.289575610  -412.200101386
   135.500  -412.413332328  -412.349903639  -412.297231867  -412.297231867  -412.200454567
   136.000  -412.417484828  -412.355506581  -412.304481295  -412.304481295  -412.200830315
   136.500  -412.415779815  -412.354826213  -412.305637403  -412.305637403  -412.200885218
   137.000  -412.407059808  -412.346720025  -412.299391015  -412.299391015  -412.200664218
   137.500  -412.394343618  -412.334197127  -412.288600047  -412.288600047  -412.200375776
   138.000  -412.381942522  -412.321547217  -412.277430530  -412.277430530  -412.200152012
   138.500  -412.373369316  -412.312251190  -412.269280775  -412.269280775  -412.200029846
   139.000  -412.370617047  -412.308279325  -412.266075120  -412.266075120  -412.200001008
   139.500  -412.374184840  -412.310123714  -412.268294521  -412.268294521  -412.200048980
   140.000  -412.383291966  -412.317020636  -412.275192749  -412.275192749  -412.200164125
   140.500  -412.396043502  -412.327115559  -412.284959100  -412.284959100  -412.200342074
   141.000  -412.409582126  -412.337609208  -412.294863362  -412.294863362  -412.200562076
   141.500  -412.420544747  -412.345200381  -412.301703049  -412.301703049  -412.200752852
   142.000  -412.426260145  -412.347269090  -412.302990104  -412.302990104  -412.200796925
   142.500  -412.426446441  -412.343562181  -412.298636633  -412.298636633  -412.200651356
   143.000  -412.423687801  -412.336665856  -412.291413546  -412.291413546  -412.200431486
   143.500  -412.421774816  -412.330359058  -412.285292172  -412.285292172  -412.200209130
   144.000  -412.424326012  -412.328239107  -412.284079516  -412.284079516  -412.200052442
   144.500  -412.433105719  -412.332044866  -412.289780602  -412.289780602  -412.200234733
   145.000  -412.444614040  -412.338262386  -412.299208603  -412.299208603  -412.200654078
   145.500  -412.451817966  -412.340004716  -412.305633699  -412.305633699  -412.200891663
   146.000  -412.450391855  -412.333514098  -412.304679810  -412.304679810  -412.200855891
   146.500  -412.440920144  -412.320228021  -412.296300099  -412.296300099  -412.200666381
   147.000  -412.426850046  -412.304208784  -412.283170651  -412.283170651  -412.200430235
   147.500  -412.412115584  -412.289495323  -412.268938999  -412.268938999  -412.200194827
   148.000  -412.399928124  -412.278822486  -412.257217497  -412.257217497  -412.200022011
   148.500  -412.392338233  -412.273584499  -412.250665263  -412.250665263  -412.199953623
   149.000  -412.390055251  -412.274044651  -412.250358547  -412.250358547  -412.200001691
   149.500  -412.392291758  -412.279223452  -412.255567465  -412.255567465  -412.200173686
   150.000  -412.396690986  -412.286769409  -412.263713389  -412.263713389  -412.200450628
   150.500  -412.399782621  -412.293371146  -412.270840959  -412.270840959  -412.200725864
   151.000  -412.398670619  -412.296347871  -412.273403723  -412.296347871  -412.200793371
   151.500  -412.392444491  -412.298444271  -412.271227922  -412.298444271  -412.200658658
   152.000  -412.384025616  -412.300527391  -412.265070850  -412.300527391  -412.200522116
   152.500  -412.377968755  -412.305735352  -412.260583494  -412.305735352  -412.200522251
   153.000  -412.377231752  -412.315225690  -412.261775705  -412.315225690  -412.200519903
   153.500  -412.382229554  -412.328586168  -412.269167111  -412.328586168  -412.200770307
   154.000  -412.388324960  -412.341355288  -412.277541299  -412.341355288  -412.201109047
   154.500  -412.389457226  -412.347746494  -412.280476672  -412.347746494  -412.201116177
   155.000  -412.384095417  -412.346436842  -412.276389278  -412.346436842  -412.200886447
   155.500  -412.374578839  -412.339941398  -412.267717272  -412.339941398  -412.200648703
   156.000  -412.363933703  -412.331443707  -412.257612762  -412.331443707  -412.200474402
   156.500  -412.354536331  -412.323455507  -412.248537149  -412.323455507  -412.200353196
   157.000  -412.348055866  -412.317758445  -412.242180512  -412.317758445  -412.200281040
   157.500  -412.345455291  -412.315405116  -412.239469888  -412.315405116  -412.200269542
   158.000  -412.346784541  -412.316521302  -412.240376362  -412.316521302  -412.200338244
   158.500  -412.350908558  -412.320037543  -412.243670910  -412.320037543  -412.200500449
   159.000  -412.355373239  -412.323561341  -412.246816949  -412.323561341  -412.200738888
   159.500  -412.356834089  -412.323804751  -412.246426655  -412.323804751  -412.200950736
   160.000  -412.352754992  -412.318279924  -412.239982137  -412.318279924  -412.200941500
   160.500  -412.344113474  -412.307998158  -412.228549294  -412.307998158  -412.200657812
   161.000  -412.335685767  -412.297756476  -412.217044729  -412.297756476  -412.200418120
   161.500  -412.331610029  -412.291713564  -412.209754496  -412.291713564  -412.200382420
   162.000  -412.332953648  -412.290970114  -412.207854650  -412.290970114  -412.200391705
   162.500  -412.339028434  -412.294888425  -412.210700015  -412.294888425  -412.200611865
   163.000  -412.345956118  -412.299641292  -412.214400648  -412.299641292  -412.200940079
   163.500  -412.348514020  -412.300045476  -412.213695159  -412.300045476  -412.200968984
   164.000  -412.345573025  -412.294989498  -412.207430859  -412.294989498  -412.200702491
   164.500  -412.340431028  -412.287769374  -412.198922456  -412.287769374  -412.200412445
   165.000  -412.337121047  -412.282403766  -412.192265544  -412.282403766  -412.200267808
   165.500  -412.337798562  -412.281035523  -412.189707574  -412.281035523  -412.200256142
   166.000  -412.342722216  -412.283912520  -412.191616102  -412.283912520  -412.200286755
   166.500  -412.351426751  -412.290563931  -412.197627486  -412.290563931  -412.200317182
   167.000  -412.363337807  -412.300414303  -412.207240125  -412.300414303  -412.200376017
   167.500  -412.377423624  -412.312436802  -412.219452856  -412.312436802  -412.200510403
   168.000  -412.391617495  -412.324567637  -412.232184321  -412.324567637  -412.200720709
   168.500  -412.402931748  -412.333818281  -412.242391269  -412.333818281  -412.200919651
   169.000  -412.408904984  -412.337704305  -412.247524281  -412.337704305  -412.200939535
   169.500  -412.409942045  -412.336582348  -412.247880227  -412.336582348  -412.200731547
   170.000  -412.409602697  -412.333947763  -412.246905165  -412.333947763  -412.200578419
   170.500  -412.410645081  -412.332509820  -412.247260182  -412.332509820  -412.200630907
   171.000  -412.413083142  -412.332258470  -412.248890617  -412.332258470  -412.200581355
   171.500  -412.417507682  -412.333779843  -412.252357712  -412.333779843  -412.200542606
   172.000  -412.423761901  -412.336889972  -412.257513736  -412.336889972  -412.200820575
   172.500  -412.427620992  -412.337270439  -412.260216078  -412.337270439  -412.201094373
   173.000  -412.424966480  -412.330546371  -412.256629228  -412.330546371  -412.201082247
   173.500  -412.416205045  -412.316435351  -412.248070029  -412.316435351  -412.200892353
   174.000  -412.405041534  -412.298818942  -412.239337830  -412.298818942  -412.200252212
   174.500  -412.395588111  -412.284707377  -412.232443381  -412.284707377  -412.200090580
   175.000  -412.390890024  -412.277132624  -412.229447789  -412.277132624  -412.200081789
   175.500  -412.391607090  -412.276319776  -412.231077291  -412.276319776  -412.200173708
   176.000  -412.396503979  -412.280924153  -412.236220276  -412.280924153  -412.200294596
   176.500  -412.403684325  -412.289069922  -412.243100444  -412.289069922  -412.200405358
   177.000  -412.411331320  -412.298997025  -412.249998601  -412.298997025  -412.200519360
   177.500  -412.417665489  -412.308994380  -412.255199612  -412.308994380  -412.200638761
   178.000  -412.420994350  -412.317461228  -412.257068225  -412.317461228  -412.200708352
   178.500  -412.420709461  -412.323706546  -412.255281457  -412.323706546  -412.200718721
   179.000  -412.418199996  -412.328098591  -412.252197148  -412.328098591  -412.200726512
   179.500  -412.415359307  -412.331214178  -412.250300683  -412.331214178  -412.200709425
   180.000  -412.412822347  -412.333646823  -412.249650564  -412.333646823  -412.200625533
   180.500  -412.411832825  -412.336882655  -412.250946574  -412.336882655  -412.200471460
   181.000  -412.413993478  -412.342655705  -412.255502190  -412.342655705  -412.200612404
   181.500  -412.416779626  -412.348516766  -412.260632420  -412.348516766  -412.200961629
   182.000  -412.414706355  -412.349036120  -412.260753637  -412.349036120  -412.201109123
   182.500  -412.404894467  -412.341375705  -412.252918574  -412.341375705  -412.200996197
   183.000  -412.388450956  -412.326667690  -412.238181400  -412.326667690  -412.200769913
   183.500  -412.368614413  -412.308159708  -412.219731602  -412.308159708  -412.200517201
   184.000  -412.349311704  -412.289776100  -412.201450226  -412.289776100  -412.200271368
   184.500  -412.334398720  -412.275369390  -412.187154729  -412.275369390  -412.200095130
   185.000  -412.326598356  -412.267670453  -412.179550420  -412.267670453  -412.200069638
   185.500  -412.326303217  -412.267102779  -412.179042263  -412.267102779  -412.200207008
   186.000  -412.331420008  -412.271628675  -412.183585728  -412.271628675  -412.200426712
   186.500  -412.338578248  -412.277947852  -412.189890071  -412.277947852  -412.200622778
   187.000  -412.344808106  -412.283158361  -412.195085635  -412.283158361  -412.200705347
   187.500  -412.348971148  -412.286170206  -412.198142002  -412.286170206  -412.200630853
   188.000  -412.352301885  -412.288236653  -412.200397270  -412.288236653  -412.200506088
   188.500  -412.357225650  -412.290152302  -412.206942535  -412.290152302  -412.199229943
   189.000  -412.362733205  -412.294637559  -412.212912636  -412.294637559  -412.199149495
   189.500  -412.369417933  -412.300209921  -412.218710105  -412.300209921  -412.199042185
   190.000  -412.378432290  -412.308189292  -412.226975027  -412.308189292  -412.198971503
   190.500  -412.390284716  -412.319092296  -412.238218331  -412.319092296  -412.199236723
   191.000  -412.400949186  -412.328870422  -412.248389642  -412.328870422  -412.199534969
   191.500  -412.405771284  -412.332816725  -412.252796911  -412.332816725  -412.199556104
   192.000  -412.403921122  -412.330017261  -412.250576235  -412.330017261  -412.199375977
   192.500  -412.397786451  -412.322741541  -412.244095665  -412.322741541  -412.199166996
   193.000  -412.391398117  -412.314584920  -412.237140777  -412.314584920  -412.199591044
   193.500  -412.386115539  -412.307060184  -412.232646641  -412.307060184  -412.199461062
   194.000  -412.384873601  -412.302984450  -412.232579424  -412.302984450  -412.199365607
   194.500  -412.389201720  -412.303914871  -412.238467808  -412.303914871  -412.199343725
   195.000  -412.399159382  -412.310144575  -412.250183772  -412.310144575  -412.199464054
   195.500  -412.412522377  -412.319804729  -412.265205214  -412.319804729  -412.199714990
   196.000  -412.425282606  -412.329199879  -412.279291509  -412.329199879  -412.199946706
   196.500  -412.433917895  -412.335011726  -412.288818091  -412.335011726  -412.199993655
   197.000  -412.437657473  -412.336575915  -412.293005748  -412.336575915  -412.199895883
   197.500  -412.437787418  -412.335243039  -412.293181015  -412.335243039  -412.199898067
   198.000  -412.434605112  -412.331383087  -412.289721965  -412.331383087  -412.199953200
   198.500  -412.428194090  -412.325193996  -412.282841687  -412.325193996  -412.199704136
   199.000  -412.422476231  -412.320733478  -412.276636875  -412.320733478  -412.199355643
   199.500  -412.422015459  -412.322657750  -412.275872248  -412.322657750  -412.199492734
   200.000  -412.424814086  -412.328825470  -412.278826047  -412.328825470  -412.199912208
   200.500  -412.425087696  -412.332904583  -412.280075440  -412.332904583  -412.200066371
   201.000  -412.420354894  -412.331860505  -412.277220505  -412.331860505  -412.199912236
   201.500  -412.412219195  -412.327156550  -412.271541354  -412.327156550  -412.199689245
   202.000  -412.403553982  -412.321712564  -412.265535083  -412.321712564  -412.199533390
   202.500  -412.396539361  -412.317755970  -412.261108270  -412.317755970  -412.199469235
   203.000  -412.392148438  -412.316277914  -412.259051742  -412.316277914  -412.199475181
   203.500  -412.390369603  -412.317262925  -412.259224098  -412.317262925  -412.199521521
   204.000  -412.390625559  -412.320113627  -412.260955683  -412.320113627  -412.199588369
   204.500  -412.392054997  -412.323941739  -412.263319841  -412.323941739  -412.199680027
   205.000  -412.393515596  -412.327579222  -412.265149149  -412.327579222  -412.199785296
   205.500  -412.393861593  -412.329865228  -412.265317929  -412.329865228  -412.199810181
   206.000  -412.393217598  -412.330920665  -412.264025489  -412.330920665  -412.199699575
   206.500  -412.393278053  -412.332452272  -412.263075238  -412.332452272  -412.199719769
   207.000  -412.393694298  -412.334143673  -412.262235686  -412.334143673  -412.200029509
   207.500  -412.390486447  -412.332069169  -412.257623097  -412.332069169  -412.200140967
   208.000  -412.382277190  -412.324910061  -412.247926531  -412.324910061  -412.199822399
   208.500  -412.373110941  -412.316755384  -412.237225298  -412.316755384  -412.199603177
   209.000  -412.365776678  -412.310419745  -412.228315432  -412.310419745  -412.199735147
   209.500  -412.358342020  -412.303982085  -412.219269590  -412.303982085  -412.199867127
   210.000  -412.348539892  -412.295182468  -412.207854257  -412.295182468  -412.199796442
   210.500  -412.336922729  -412.284574385  -412.194709777  -412.284574385  -412.199613109
   211.000  -412.325916452  -412.274581851  -412.182392595  -412.274581851  -412.199439452
   211.500  -412.318034975  -412.267711646  -412.173566625  -412.267711646  -412.199332518
   212.000  -412.314900617  -412.265575215  -412.169988454  -412.265575215  -412.199309971
   212.500  -412.316881114  -412.268531620  -412.172112234  -412.268531620  -412.199378189
   213.000  -412.322986686  -412.275585256  -412.178967187  -412.275585256  -412.199533084
   213.500  -412.330974080  -412.284491938  -412.188256374  -412.284491938  -412.199749073
   214.000  -412.337839834  -412.292245919  -412.196861572  -412.292245919  -412.199955808
   214.500  -412.341013585  -412.296265336  -412.202062466  -412.296265336  -412.200015442
   215.000  -412.340440091  -412.296468356  -412.203653377  -412.296468356  -412.199790905
   215.500  -412.340143625  -412.296843694  -412.205543599  -412.296843694  -412.199471903
   216.000  -412.344890378  -412.302136404  -412.212438888  -412.302136404  -412.199603078
   216.500  -412.353009503  -412.310693085  -412.222656397  -412.310693085  -412.200052321
   217.000  -412.358323089  -412.316389676  -412.230033184  -412.316389676  -412.200088203
   217.500  -412.359574147  -412.318030361  -412.233332111  -412.318030361  -412.199780976
   218.000  -412.360137189  -412.319028211  -412.235935615  -412.319028211  -412.199677174
   218.500  -412.361175311  -412.320547878  -412.238997992  -412.320547878  -412.199766073
   219.000  -412.361288008  -412.321158693  -412.241097289  -412.321158693  -412.199769522
   219.500  -412.360111556  -412.320443766  -412.241844318  -412.320443766  -412.199654401
   220.000  -412.359067926  -412.319762102  -412.242629926  -412.319762102  -412.199524373
   220.500  -412.360006940  -412.320894594  -412.245262286  -412.320894594  -412.199443834
   221.000  -412.364149482  -412.324995993  -412.250899227  -412.324995993  -412.199429507
   221.500  -412.371739443  -412.332245578  -412.259696406  -412.332245578  -412.199482667
   222.000  -412.381975709  -412.341780760  -412.270738753  -412.341780760  -412.199607445
   222.500  -412.392970695  -412.351654753  -412.282002612  -412.351654753  -412.199803979
   223.000  -412.401838727  -412.358923432  -412.290456260  -412.358923432  -412.200036748
   223.500  -412.405374376  -412.360320333  -412.292752354  -412.360320333  -412.200192561
   224.000  -412.401842667  -412.354044817  -412.287049459  -412.354044817  -412.200103838
   224.500  -412.393264984  -412.342048449  -412.275309835  -412.342048449  -412.199764686
   225.000  -412.385125903  -412.329755940  -412.263019411  -412.329755940  -412.199493956
   225.500  -412.381805441  -412.321537137  -412.254609695  -412.321537137  -412.199513399
   226.000  -412.383437186  -412.317602337  -412.250332467  -412.317602337  -412.199628537
   226.500  -412.388030554  -412.316141845  -412.248399763  -412.316141845  -412.199748757
   227.000  -412.392970955  -412.314802613  -412.246496769  -412.314802613  -412.199923153
   227.500  -412.394952915  -412.310590969  -412.241706825  -412.310590969  -412.200010085
   228.000  -412.391972503  -412.301823985  -412.232489575  -412.301823985  -412.199905297
   228.500  -412.384869101  -412.289634501  -412.220179257  -412.289634501  -412.199692577
   229.000  -412.376346351  -412.276958042  -412.207887451  -412.276958042  -412.199484924
   229.500  -412.369302925  -412.266860054  -412.198661039  -412.266860054  -412.199337935
   230.000  -412.365862582  -412.261575902  -412.194449839  -412.261575902  -412.199269570
   230.500  -412.367014081  -412.262148657  -412.195884323  -412.262148657  -412.199285624
   231.000  -412.372510701  -412.268315349  -412.202350213  -412.268315349  -412.199384179
   231.500  -412.380894401  -412.278531799  -412.212081531  -412.278531799  -412.199554335
   232.000  -412.389696233  -412.290178817  -412.222368207  -412.290178817  -412.199762553
   232.500  -412.396002923  -412.300137169  -412.230122648  -412.300137169  -412.199938767
   233.000  -412.397534546  -412.305880307  -412.232965230  -412.305880307  -412.199999067
   233.500  -412.393836805  -412.306693923  -412.230435823  -412.306693923  -412.199923650
   234.000  -412.386528849  -412.303957855  -412.224256459  -412.303957855  -412.199775440
   234.500  -412.378441849  -412.300311406  -412.217449856  -412.300311406  -412.199580874
   235.000  -412.373025928  -412.299060560  -412.213653399  -412.299060560  -412.199381386
   235.500  -412.373281557  -412.303111526  -412.215921886  -412.303111526  -412.199390821
   236.000  -412.378848932  -412.312066929  -412.223800876  -412.312066929  -412.199671133
   236.500  -412.385402640  -412.321618410  -412.232824916  -412.321618410  -412.199937818
   237.000  -412.388605932  -412.327463116  -412.238553357  -412.327463116  -412.199975260
   237.500  -412.387388087  -412.328455590  -412.239866490  -412.328455590  -412.200057088
   238.000  -412.383147833  -412.325056739  -412.242909029  -412.325056739  -412.198820017
   238.500  -412.378702371  -412.322243693  -412.241682922  -412.322243693  -412.198699470
   239.000  -412.375462974  -412.320446729  -412.241428862  -412.320446729  -412.198641760
   239.500  -412.374235076  -412.320524026  -412.242988051  -412.320524026  -412.198639942
   240.000  -412.374915974  -412.322496476  -412.246430148  -412.322496476  -412.198682027
   240.500  -412.376854079  -412.325683981  -412.250978308  -412.325683981  -412.198760880
   241.000  -412.378822667  -412.328867746  -412.255408766  -412.328867746  -412.198850440
   241.500  -412.379474447  -412.330702847  -412.258408971  -412.330702847  -412.198909917
   242.000  -412.377944680  -412.330309215  -412.259161510  -412.330309215  -412.198923180
   242.500  -412.374070088  -412.327490908  -412.257549479  -412.327490908  -412.198932424
   243.000  -412.367912224  -412.322264730  -412.253658255  -412.322264730  -412.198947036
   243.500  -412.359748051  -412.314866551  -412.247750400  -412.314866551  -412.198868416
   244.000  -412.351067033  -412.307050325  -412.241544469  -412.307050325  -412.198843002
   244.500  -412.344974538  -412.301240406  -412.237428219  -412.301240406  -412.198750482
   245.000  -412.342699281  -412.298992950  -412.236827863  -412.298992950  -412.198810460
   245.500  -412.343323242  -412.299393333  -412.238732148  -412.299393333  -412.198920063
   246.000  -412.344977969  -412.300592414  -412.241218470  -412.300592414  -412.198994901
   246.500  -412.346233764  -412.301194799  -412.242846864  -412.301194799  -412.198998180
   247.000  -412.346760401  -412.300907489  -412.243304659  -412.300907489  -412.198931222
   247.500  -412.347321270  -412.300524485  -412.243379995  -412.300524485  -412.198840086
   248.000  -412.349114897  -412.301260108  -412.244290114  -412.301260108  -412.198780554
   248.500  -412.352938447  -412.303914302  -412.246845300  -412.303914302  -412.198785323
   249.000  -412.358674109  -412.308363096  -412.250943082  -412.308363096  -412.198857324
   249.500  -412.365229831  -412.313507155  -412.255518421  -412.313507155  -412.198974247
   250.000  -412.370905243  -412.317641833  -412.258912522  -412.317641833  -412.199084419
   250.500  -412.375366719  -412.320900501  -412.260830012  -412.320900501  -412.200780657
   251.000  -412.375955693  -412.319612890  -412.258946490  -412.319612890  -412.200721805
   251.500  -412.374792782  -412.316486578  -412.255231924  -412.316486578  -412.200650793
   252.000  -412.373158964  -412.312820717  -412.251049171  -412.312820717  -412.200626122
   252.500  -412.371795945  -412.309391050  -412.247214210  -412.309391050  -412.200596308
   253.000  -412.371278478  -412.306818378  -412.244361190  -412.306818378  -412.200621906
   253.500  -412.371101485  -412.304642513  -412.242020950  -412.304642513  -412.200793732
   254.000  -412.368758572  -412.300385361  -412.237694762  -412.300385361  -412.200927047
   254.500  -412.362319341  -412.292123198  -412.229433276  -412.292123198  -412.200813330
   255.000  -412.353335671  -412.281397809  -412.218750999  -412.281397809  -412.200523153
   255.500  -412.345932233  -412.272326350  -412.209727662  -412.272326350  -412.200291682
   256.000  -412.343467029  -412.268282891  -412.205672857  -412.268282891  -412.200251092
   256.500  -412.346549488  -412.269926200  -412.207140632  -412.269926200  -412.200333253
   257.000  -412.353865479  -412.276012699  -412.212755546  -412.276012699  -412.200421172
   257.500  -412.363844526  -412.285037122  -412.220902260  -412.285037122  -412.200489764
   258.000  -412.375164463  -412.295713315  -412.230263253  -412.295713315  -412.200580020
   258.500  -412.386294689  -412.306507365  -412.239372476  -412.306507365  -412.200713495
   259.000  -412.395274706  -412.315416796  -412.246373321  -412.315416796  -412.200842071
   259.500  -412.400466606  -412.320731204  -412.249732863  -412.320731204  -412.200863653
   260.000  -412.401983805  -412.322473504  -412.249641602  -412.322473504  -412.200730040
   260.500  -412.402218452  -412.322946544  -412.248527628  -412.322946544  -412.200550020
   261.000  -412.404272734  -412.325181737  -412.249490370  -412.325181737  -412.200440894
   261.500  -412.410209918  -412.331198765  -412.254558219  -412.331198765  -412.200408995
   262.000  -412.420522998  -412.341466139  -412.264166816  -412.341466139  -412.200535201
   262.500  -412.433072523  -412.353822327  -412.276101165  -412.353822327  -412.200819459
   263.000  -412.443391781  -412.363774523  -412.285804215  -412.363774523  -412.201041768
   263.500  -412.447793226  -412.367605671  -412.289490536  -412.367605671  -412.201076969
   264.000  -412.445370961  -412.364384069  -412.286154477  -412.364384069  -412.200973243
   264.500  -412.437554548  -412.355517875  -412.277130258  -412.355517875  -412.200792903
   265.000  -412.427120536  -412.343777073  -412.265107456  -412.343777073  -412.200581956
   265.500  -412.417322118  -412.332430389  -412.253273124  -412.332430389  -412.200416628
   266.000  -412.410655378  -412.324025338  -412.244091208  -412.324025338  -412.200376494
   266.500  -412.407712737  -412.319239430  -412.238166307  -412.319239430  -412.200457866
   267.000  -412.407210981  -412.316891394  -412.234265890  -412.316891394  -412.200593350
   267.500  -412.406980510  -412.314896823  -412.230295866  -412.314896823  -412.200735669
   268.000  -412.404805129  -412.311084042  -412.224127459  -412.311084042  -412.200855226
   268.500  -412.399094969  -412.303860036  -412.214282374  -412.303860036  -412.200869679
   269.000  -412.390123219  -412.293487141  -412.201222428  -412.293487141  -412.200683194
   269.500  -412.381075726  -412.283248575  -412.188509799  -412.283248575  -412.200362221
   270.000  -412.376893253  -412.278141590  -412.181360111  -412.278141590  -412.200188875
   270.500  -412.381375166  -412.281134052  -412.182865193  -412.281134052  -412.200231769
   271.000  -412.394078998  -412.291529706  -412.192315204  -412.291529706  -412.200479434
   271.500  -412.410638840  -412.305278600  -412.205511898  -412.305278600  -412.200789421
   272.000  -412.425792433  -412.317312101  -412.217311343  -412.317312101  -412.200933632
   272.500  -412.436643481  -412.324859203  -412.224902445  -412.324859203  -412.200886740
   273.000  -412.443230083  -412.328066083  -412.228390447  -412.328066083  -412.200769141
   273.500  -412.446911745  -412.328401641  -412.229193992  -412.328401641  -412.200671289
   274.000  -412.448977026  -412.327267803  -412.228660668  -412.327267803  -412.200608787
   274.500  -412.450280830  -412.325633743  -412.227708750  -412.325633743  -412.200562170
   275.000  -412.451419113  -412.324206906  -412.226996643  -412.324206906  -412.200528936
   275.500  -412.452748147  -412.323439237  -412.226936250  -412.323439237  -412.200539365
   276.000  -412.453979738  -412.323118619  -412.227282569  -412.323118619  -412.200627451
   276.500  -412.453761858  -412.321948127  -412.226713290  -412.321948127  -412.200784251
   277.000  -412.449873899  -412.317737674  -412.223021460  -412.317737674  -412.200946579
   277.500  -412.440247358  -412.308413460  -412.214130684  -412.308413460  -412.201003304
   278.000  -412.424692408  -412.293736188  -412.199819607  -412.293736188  -412.200826084
   278.500  -412.406628093  -412.277040412  -412.183461739  -412.277040412  -412.200424103
   279.000  -412.392549692  -412.264726752  -412.171510289  -412.264726752  -412.200078842
   279.500  -412.387778822  -412.262038534  -412.169262209  -412.262038534  -412.200089073
   280.000  -412.392185740  -412.268792937  -412.176579503  -412.268792937  -412.200419164
   280.500  -412.400694809  -412.279879435  -412.188380474  -412.279879435  -412.200758086
   281.000  -412.407806176  -412.289765158  -412.199147689  -412.289765158  -412.200870710
   281.500  -412.411182310  -412.296075381  -412.206508478  -412.296075381  -412.200788016
   282.000  -412.411535954  -412.299478229  -412.211121816  -412.299478229  -412.200653224
   282.500  -412.410651213  -412.301710772  -412.214698354  -412.301710772  -412.200558116
   283.000  -412.409944751  -412.304140979  -412.218560294  -412.304140979  -412.200517005
   283.500  -412.410124772  -412.307430531  -412.223302406  -412.307430531  -412.200503549
   284.000  -412.411491665  -412.311837733  -412.229097435  -412.311837733  -412.200491033
   284.500  -412.414264071  -412.317547106  -412.236031312  -412.317547106  -412.200488560
   285.000  -412.418406253  -412.324499795  -412.243942540  -412.324499795  -412.200550476
   285.500  -412.422875940  -412.331641832  -412.251683689  -412.331641832  -412.200724940
   286.000  -412.425053400  -412.336349072  -412.256562262  -412.336349072  -412.200972220
   286.500  -412.421478025  -412.335155523  -412.255083299  -412.335155523  -412.201136358
   287.000  -412.410243663  -412.326139059  -412.245343130  -412.326139059  -412.201010861
   287.500  -412.393896607  -412.311817109  -412.229922420  -412.311817109  -412.200548198
   288.000  -412.379648700  -412.299367967  -412.216095061  -412.299367967  -412.200103604
   288.500  -412.374010398  -412.295280547  -412.210451428  -412.295280547  -412.200146816
   289.000  -412.376369581  -412.298941626  -412.212460525  -412.298941626  -412.200585388
   289.500  -412.380225561  -412.303866169  -412.215683981  -412.303866169  -412.200928184
   290.000  -412.380026325  -412.304521869  -412.214608043  -412.304521869  -412.200951919
   290.500  -412.374765505  -412.299917188  -412.208248154  -412.299917188  -412.200772244
   291.000  -412.366698542  -412.292316388  -412.198878214  -412.292316388  -412.200561238
   291.500  -412.358848552  -412.284748155  -412.189546315  -412.284748155  -412.200409785
   292.000  -412.353511304  -412.279515341  -412.182584453  -412.279515341  -412.200339727
   292.500  -412.351802293  -412.277745414  -412.179154794  -412.277745414  -412.200342096
   293.000  -412.353735114  -412.279470718  -412.179325153  -412.279470718  -412.200396643
   293.500  -412.358526237  -412.283929037  -412.182373131  -412.283929037  -412.200478238
   294.000  -412.365034343  -412.289940540  -412.187216594  -412.289940540  -412.200582020
   294.500  -412.372637174  -412.295842936  -412.192765908  -412.295842936  -412.200896579
   295.000  -412.380265551  -412.300750049  -412.197544220  -412.300750049  -412.201085518
   295.500  -412.384280840  -412.303716019  -412.200505479  -412.303716019  -412.201239723
   296.000  -412.383871130  -412.302324816  -412.199300457  -412.302324816  -412.201238199
   296.500  -412.379609979  -412.297140072  -412.194528910  -412.297140072  -412.200912355
   297.000  -412.376440234  -412.293119718  -412.191222450  -412.293119718  -412.200494643
   297.500  -412.380124045  -412.296053397  -412.195223366  -412.296053397  -412.200497518
   298.000  -412.390428540  -412.305762251  -412.206351853  -412.305762251  -412.200923053
   298.500  -412.401076718  -412.316048980  -412.218349901  -412.316048980  -412.201280796
   299.000  -412.406358028  -412.321288372  -412.225490780  -412.321288372  -412.201321859
   299.500  -412.405021867  -412.320298365  -412.226474099  -412.320298365  -412.201152543
   300.000  -412.399178579  -412.315225449  -412.223328327  -412.315225449  -412.200939020
   300.500  -412.391920170  -412.309161699  -412.219035638  -412.309161699  -412.200768814
   301.000  -412.385887888  -412.304713157  -412.216104775  -412.304713157  -412.200665330
   301.500  -412.382795697  -412.303524937  -412.216101677  -412.303524937  -412.200627063
   302.000  -412.383378780  -412.306233003  -412.219605646  -412.306233003  -412.200649991
   302.500  -412.387430586  -412.312505117  -412.226255977  -412.312505117  -412.200732755
   303.000  -412.393832821  -412.321077167  -412.234791758  -412.321077167  -412.200871900
   303.500  -412.400648444  -412.329854128  -412.243155273  -412.329854128  -412.201049582
   304.000  -412.405460460  -412.336256877  -412.248841465  -412.336256877  -412.201217295
   304.500  -412.406173687  -412.338033922  -412.249711119  -412.338033922  -412.201285744
   305.000  -412.402374535  -412.334634757  -412.245361724  -412.334634757  -412.201143591
   305.500  -412.396837284  -412.328733684  -412.238641216  -412.328733684  -412.200767668
   306.000  -412.395432409  -412.326159412  -412.235548016  -412.326159412  -412.200423810
   306.500  -412.403017222  -412.331804230  -412.241090662  -412.331804230  -412.200527560
   307.000  -412.417890426  -412.344082981  -412.253706111  -412.344082981  -412.201017980
   307.500  -412.432732411  -412.355859991  -412.266182645  -412.355859991  -412.201400058
   308.000  -412.441356047  -412.361166318  -412.272426980  -412.361166318  -412.201440241
   308.500  -412.442362127  -412.358824030  -412.271138153  -412.358824030  -412.201267209
   309.000  -412.437731212  -412.351014505  -412.264403916  -412.351014505  -412.201053901
   309.500  -412.430362686  -412.340804496  -412.255227839  -412.340804496  -412.200879505
   310.000  -412.422776185  -412.330840316  -412.246214713  -412.330840316  -412.200759551
   310.500  -412.416765036  -412.322998604  -412.239212055  -412.322998604  -412.200691616
   311.000  -412.413370352  -412.318362635  -412.235281707  -412.318362635  -412.200674429
   311.500  -412.412866898  -412.317216160  -412.234693422  -412.317216160  -412.200712019
   312.000  -412.414682217  -412.318976721  -412.236856651  -412.318976721  -412.200814274
   312.500  -412.417269817  -412.322079211  -412.240207485  -412.322079211  -412.200987871
   313.000  -412.418070455  -412.323945576  -412.242171968  -412.323945576  -412.201216566
   313.500  -412.413921145  -412.321384317  -412.239569531  -412.321384317  -412.201416473
   314.000  -412.402490129  -412.312011749  -412.230031377  -412.312011749  -412.201412549
   314.500  -412.384894217  -412.296853972  -412.214605084  -412.296853972  -412.201045907
   315.000  -412.367622368  -412.282273107  -412.199675963  -412.282273107  -412.200465561
   315.500  -412.359769103  -412.277226806  -412.194218119  -412.277226806  -412.200205271
   316.000  -412.365228719  -412.285504131  -412.202014222  -412.285504131  -412.200602345
   316.500  -412.378139288  -412.301194583  -412.217114815  -412.301194583  -412.201268260
   317.000  -412.388329155  -412.314119944  -412.229278521  -412.314119944  -412.201613116
   317.500  -412.389788180  -412.318265862  -412.232429142  -412.318265862  -412.201537798
   318.000  -412.382730566  -412.313818106  -412.226715942  -412.313818106  -412.201278014
   318.500  -412.370568151  -412.304136495  -412.215500903  -412.304136495  -412.201027056
   319.000  -412.356984361  -412.292843588  -412.202451884  -412.292843588  -412.200843445
   319.500  -412.344840885  -412.282741382  -412.190462519  -412.282741382  -412.200718498
   320.000  -412.336347436  -412.274418148  -412.184426487  -412.274418148  -412.199294770
   320.500  -412.332508930  -412.271923362  -412.181214279  -412.271923362  -412.199255309
   321.000  -412.334164734  -412.274596983  -412.183428079  -412.274596983  -412.199278714
   321.500  -412.340896744  -412.282054875  -412.190730535  -412.282054875  -412.199386521
   322.000  -412.351037511  -412.292658847  -412.201452783  -412.292658847  -412.199580028
   322.500  -412.361767694  -412.303605741  -412.212734587  -412.303605741  -412.199805174
   323.000  -412.370042972  -412.311851399  -412.221493022  -412.311851399  -412.199942932
   323.500  -412.374358656  -412.315871411  -412.226211195  -412.315871411  -412.199894313
   324.000  -412.376007621  -412.316924982  -412.228199415  -412.316924982  -412.199699355
   324.500  -412.378388668  -412.318366027  -412.230892980  -412.318366027  -412.199444976
   325.000  -412.385405736  -412.324057583  -412.238228429  -412.324057583  -412.199282166
   325.500  -412.398868346  -412.335797441  -412.252018967  -412.335797441  -412.199522832
   326.000  -412.414846033  -412.349688807  -412.268300217  -412.349688807  -412.200024409
   326.500  -412.425923577  -412.358383611  -412.279604022  -412.358383611  -412.200264866
   327.000  -412.428093268  -412.357941422  -412.281875270  -412.357941422  -412.200127653
   327.500  -412.422748940  -412.349806190  -412.276470828  -412.349806190  -412.199838284
   328.000  -412.413812580  -412.337933726  -412.267280163  -412.337933726  -412.199585032
   328.500  -412.404935901  -412.326009185  -412.257927718  -412.326009185  -412.199424491
   329.000  -412.398492408  -412.316449370  -412.250771084  -412.316449370  -412.199343078
   329.500  -412.395653200  -412.310485445  -412.246982585  -412.310485445  -412.199320347
   330.000  -412.397629994  -412.309485560  -412.248423083  -412.309485560  -412.200419478
   330.500  -412.401895049  -412.310790756  -412.251585496  -412.310790756  -412.200508214
   331.000  -412.407885479  -412.314139105  -412.256375717  -412.314139105  -412.200638351
   331.500  -412.413665043  -412.317692519  -412.260953041  -412.317692519  -412.200752080
   332.000  -412.417707945  -412.320014264  -412.263887166  -412.320014264  -412.200776667
   332.500  -412.419846309  -412.321013226  -412.265104466  -412.321013226  -412.200751005
   333.000  -412.420544298  -412.321215158  -412.265158358  -412.321215158  -412.200846554
   333.500  -412.418686470  -412.319542261  -412.263019393  -412.319542261  -412.200991952
   334.000  -412.412735394  -412.314461050  -412.257235748  -412.314461050  -412.200805059
   334.500  -412.405400612  -412.308654548  -412.250609536  -412.308654548  -412.200402150
   335.000  -412.401852815  -412.307268129  -412.248397234  -412.307268129  -412.200405260
   335.500  -412.402017973  -412.310234679  -412.250568553  -412.310234679  -412.200768118
   336.000  -412.400850271  -412.312537464  -412.252051717  -412.312537464  -412.200991449
   336.500  -412.394786924  -412.310615571  -412.249191070  -412.310615571  -412.200943829
   337.000  -412.384094245  -412.304673385  -412.242105988  -412.304673385  -412.200759855
   337.500  -412.371283739  -412.297087997  -412.233124339  -412.297087997  -412.200573382
   338.000  -412.359122030  -412.290447941  -412.224804294  -412.290447941  -412.200456612
   338.500  -412.349470794  -412.286419869  -412.218795531  -412.286419869  -412.200425428
   339.000  -412.342944870  -412.285434411  -412.215517289  -412.285434411  -412.200466956
   339.500  -412.339073668  -412.286859976  -412.214343675  -412.286859976  -412.200554136
   340.000  -412.336735945  -412.289447115  -412.214056321  -412.289447115  -412.200638715
   340.500  -412.334950228  -412.292123890  -412.213644753  -412.292123890  -412.200638477
   341.000  -412.334077683  -412.295200666  -412.213508632  -412.295200666  -412.200497609
   341.500  -412.336406661  -412.300953042  -412.216025865  -412.300953042  -412.200351415
   342.000  -412.343998580  -412.311459572  -412.223377417  -412.311459572  -412.200500143
   342.500  -412.354628568  -412.324530397  -412.233466572  -412.324530397  -412.200982296
   343.000  -412.361511762  -412.333417952  -412.239637474  -412.333417952  -412.201408415
   343.500  -412.358941468  -412.332441577  -412.236309364  -412.332441577  -412.201329613
   344.000  -412.348692134  -412.323381951  -412.225364066  -412.323381951  -412.200698267
   344.500  -412.340057159  -412.315518372  -412.216151431  -412.315518372  -412.200206504
   345.000  -412.340115584  -412.315899956  -412.215728016  -412.315899956  -412.200405751
   345.500  -412.346433425  -412.322063699  -412.221561686  -412.322063699  -412.200802819
   346.000  -412.353017024  -412.328001722  -412.227519448  -412.328001722  -412.200938308
   346.500  -412.357000798  -412.330855560  -412.230590187  -412.330855560  -412.200876231
   347.000  -412.358564193  -412.330827596  -412.230820775  -412.330827596  -412.200757929
   347.500  -412.358998607  -412.329240807  -412.229387980  -412.329240807  -412.200660122
   348.000  -412.359472723  -412.327293893  -412.227365605  -412.327293893  -412.200626074
   348.500  -412.360350575  -412.325373508  -412.225043796  -412.325373508  -412.200662144
   349.000  -412.361110141  -412.322969298  -412.221850740  -412.322969298  -412.200721894
   349.500  -412.361064181  -412.319395977  -412.217077085  -412.319395977  -412.200707771
   350.000  -412.360780867  -412.315216789  -412.211302750  -412.315216789  -412.200533726
   350.500  -412.363122983  -412.313288428  -412.207440509  -412.313288428  -412.200288948
   351.000  -412.371699052  -412.317217071  -412.209187023  -412.317217071  -412.200263591
   351.500  -412.386812566  -412.327311869  -412.216965383  -412.327311869  -412.200580566
   352.000  -412.403834182  -412.338957259  -412.226291698  -412.338957259  -412.201019702
   352.500  -412.416264035  -412.345671047  -412.230838017  -412.345671047  -412.201340013
   353.000  -412.419534785  -412.342949759  -412.226278327  -412.342949759  -412.201348984
   353.500  -412.411934134  -412.332878703  -412.214819591  -412.332878703  -412.202557675
   354.000  -412.404812226  -412.319457468  -412.201061494  -412.319457468  -412.201893833
   354.500  -412.405750670  -412.313978748  -412.195702535  -412.313978748  -412.201836285
   355.000  -412.415807262  -412.317601024  -412.199925829  -412.317601024  -412.202329313
   355.500  -412.428161926  -412.323636015  -412.207028352  -412.323636015  -412.202592664
   356.000  -412.438199285  -412.327594389  -412.212497472  -412.327594389  -412.202549106
   356.500  -412.445583824  -412.329191562  -412.216081661  -412.329191562  -412.202497845
   357.000  -412.451020295  -412.328434155  -412.218329085  -412.328434155  -412.202900498
   357.500  -412.453355540  -412.324454182  -412.218682889  -412.324454182  -412.203139225
   358.000  -412.452511859  -412.315330856  -412.218064863  -412.315330856  -412.204887246
   358.500  -412.444543061  -412.309319954  -412.213117815  -412.309319954  -412.206049808
   359.000  -412.434126234  -412.302661457  -412.207031697  -412.302661457  -412.205719242
   359.500  -412.426936981  -412.299929377  -412.205198212  -412.299929377  -412.205356109
   360.000  -412.428206516  -412.306221306  -412.212656100  -412.306221306  -412.205413396
   360.500  -412.437011489  -412.320603540  -412.228358852  -412.320603540  -412.205847674
   361.000  -412.446918992  -412.336588177  -412.245684451  -412.336588177  -412.206242820
   361.500  -412.451688544  -412.347799570  -412.258107789  -412.347799570  -412.206476241
   362.000  -412.447669502  -412.350396179  -412.261675228  -412.350396179  -412.206590222
   362.500  -412.433846765  -412.343140785  -412.255104864  -412.343140785  -412.206404593
   363.000  -412.414312139  -412.329888876  -412.242277293  -412.329888876  -412.205721805
   363.500  -412.399697661  -412.321060501  -412.233675164  -412.321060501  -412.205181644
   364.000  -412.397676320  -412.324183511  -412.236882959  -412.324183511  -412.205594352
   364.500  -412.402878967  -412.333830822  -412.246490085  -412.333830822  -412.206239270
   365.000  -412.405850174  -412.340542989  -412.253043216  -412.340542989  -412.206330151
   365.500  -412.404060307  -412.341809501  -412.254054279  -412.341809501  -412.206110728
   366.000  -412.399750794  -412.339904152  -412.251841394  -412.339904152  -412.205992859
   366.500  -412.394288531  -412.336242808  -412.247875733  -412.336242808  -412.206056259
   367.000  -412.386763650  -412.329978283  -412.241364372  -412.329978283  -412.206140817
   367.500  -412.376216372  -412.320213756  -412.231461831  -412.320213756  -412.206036830
   368.000  -412.364608812  -412.308966849  -412.220227040  -412.308966849  -412.205681858
   368.500  -412.357344841  -412.301685369  -412.213134947  -412.301685369  -412.205374478
   369.000  -412.358780370  -412.302763228  -412.214583721  -412.302763228  -412.205490342
   369.500  -412.367167250  -412.310488006  -412.222844714  -412.310488006  -412.205873475
   370.000  -412.376646627  -412.319037975  -412.232066639  -412.319037975  -412.206153893
   370.500  -412.382554163  -412.323848218  -412.237316661  -412.323848218  -412.206478187
   371.000  -412.382210599  -412.322118608  -412.236534182  -412.322118608  -412.206566751
   371.500  -412.374664952  -412.312998295  -412.228456013  -412.312998295  -412.206517807
   372.000  -412.361651208  -412.298219222  -412.214833716  -412.298219222  -412.206053014
   372.500  -412.350878484  -412.285477549  -412.203394964  -412.285477549  -412.205369842
   373.000  -412.352048461  -412.284475786  -412.203852983  -412.284475786  -412.205405250
   373.500  -412.364617813  -412.294713382  -412.215663609  -412.294713382  -412.206151553
   374.000  -412.378005349  -412.305694645  -412.228236264  -412.305694645  -412.206608606
   374.500  -412.384685119  -412.309992560  -412.234034377  -412.309992560  -412.206530971
   375.000  -412.384700877  -412.307734676  -412.233094464  -412.307734676  -412.206274316
   375.500  -412.381262676  -412.302191954  -412.228628525  -412.302191954  -412.206123541
   376.000  -412.376538951  -412.295576205  -412.222822749  -412.295576205  -412.206112680
   376.500  -412.370992160  -412.288382041  -412.216175060  -412.288382041  -412.206069524
   377.000  -412.365622485  -412.281634763  -412.209733366  -412.281634763  -412.205855602
   377.500  -412.363613323  -412.278541150  -412.206736375  -412.278541150  -412.205638946
   378.000  -412.367888439  -412.282054454  -412.210171386  -412.282054454  -412.205711183
   378.500  -412.377281836  -412.291048871  -412.218943334  -412.291048871  -412.206003246
   379.000  -412.387408717  -412.301186573  -412.228737742  -412.301186573  -412.206228914
   379.500  -412.394564207  -412.308805896  -412.235907878  -412.308805896  -412.206318376
   380.000  -412.397014790  -412.312135816  -412.238870952  -412.312135816  -412.206310284
   380.500  -412.393754948  -412.310298832  -412.236386140  -412.310298832  -412.206426167
   381.000  -412.383682704  -412.302129098  -412.227443200  -412.302129098  -412.206432596
   381.500  -412.368077043  -412.288841115  -412.213282057  -412.288841115  -412.205999811
   382.000  -412.354661011  -412.278061682  -412.201563461  -412.278061682  -412.205256236
   382.500  -412.354403578  -412.280650574  -412.203186902  -412.280650574  -412.205199051
   383.000  -412.368139891  -412.297353894  -412.218920088  -412.297353894  -412.205979923
   383.500  -412.384696764  -412.316937782  -412.237522052  -412.316937782  -412.206569359
   384.000  -412.394412354  -412.329684126  -412.249254796  -412.329684126  -412.206631834
   384.500  -412.395124812  -412.333355525  -412.251872709  -412.333355525  -412.206460432
   385.000  -412.388843341  -412.329867714  -412.247306417  -412.329867714  -412.206276481
   385.500  -412.378380997  -412.321940528  -412.238312312  -412.321940528  -412.206124646
   386.000  -412.366427409  -412.312190536  -412.227556610  -412.312190536  -412.205945222
   386.500  -412.356122884  -412.303714551  -412.218189524  -412.303714551  -412.205721461
   387.000  -412.350941443  -412.299968904  -412.213714046  -412.299968904  -412.205622980
   387.500  -412.352314116  -412.302378676  -412.215587932  -412.302378676  -412.205762804
   388.000  -412.358188467  -412.308886963  -412.221765459  -412.308886963  -412.205973557
   388.500  -412.365241407  -412.316164274  -412.228905729  -412.316164274  -412.206089182
   389.000  -412.371325206  -412.322058522  -412.234821134  -412.322058522  -412.206125327
   389.500  -412.375532967  -412.325662904  -412.238550495  -412.325662904  -412.206167920
   390.000  -412.377105835  -412.326220466  -412.239278179  -412.326220466  -412.206270699
   390.500  -412.374832429  -412.321317606  -412.237893910  -412.321317606  -412.205145563
   391.000  -412.368198938  -412.312870219  -412.229625603  -412.312870219  -412.204979554
   391.500  -412.360687493  -412.303239949  -412.219833533  -412.303239949  -412.204379507
   392.000  -412.361377978  -412.301535645  -412.217595930  -412.301535645  -412.203930295
   392.500  -412.376250973  -412.313799035  -412.228947703  -412.313799035  -412.204396778
   393.000  -412.398664942  -412.333493865  -412.247372412  -412.333493865  -412.205214876
   393.500  -412.416477325  -412.348598365  -412.260902568  -412.348598365  -412.205609919
   394.000  -412.422959649  -412.352472720  -412.262987568  -412.352472720  -412.205588243
   394.500  -412.417996414  -412.345033429  -412.253652022  -412.345033429  -412.205306145
   395.000  -412.406048414  -412.330727114  -412.237443523  -412.330727114  -412.204818459
   395.500  -412.394690465  -412.317096837  -412.221983988  -412.317096837  -412.204364508
   396.000  -412.390656841  -412.310867491  -412.214048359  -412.310867491  -412.204323662
   396.500  -412.394625636  -412.312746934  -412.214383095  -412.312746934  -412.204654353
   397.000  -412.401808161  -412.317996853  -412.218300673  -412.317996853  -412.204931000
   397.500  -412.407851074  -412.322252459  -412.221535784  -412.322252459  -412.204944024
   398.000  -412.412127043  -412.324785861  -412.223470518  -412.324785861  -412.204808135
   398.500  -412.417325331  -412.328891894  -412.226961926  -412.328891894  -412.206594463
   399.000  -412.422591519  -412.331978993  -412.230880781  -412.331978993  -412.206633199
   399.500  -412.428027498  -412.335440410  -412.235325269  -412.335440410  -412.206802560
   400.000  -412.431164632  -412.336866198  -412.237846893  -412.336866198  -412.207021233
   400.500  -412.429170645  -412.333455855  -412.235645821  -412.333455855  -412.207062052
   401.000  -412.422264809  -412.325427421  -412.228978062  -412.325427421  -412.206627704
   401.500  -412.417236519  -412.319542336  -412.224660323  -412.319542336  -412.205996176
   402.000  -412.422632769  -412.324324075  -412.231249379  -412.324324075  -412.206133774
   402.500  -412.436422137  -412.337762523  -412.246711495  -412.337762523  -412.206960316
   403.000  -412.447041447  -412.348366565  -412.259474788  -412.348366565  -412.207481668
   403.500  -412.446477704  -412.348203600  -412.261497441  -412.348203600  -412.207406105
   404.000  -412.435465780  -412.338055836  -412.253449231  -412.338055836  -412.206960526
   404.500  -412.420589841  -412.324509707  -412.241808486  -412.324509707  -412.206493097
   405.000  -412.408859309  -412.314542381  -412.233446120  -412.314542381  -412.206327023
   405.500  -412.402968598  -412.310798530  -412.230903098  -412.310798530  -412.206430614
   406.000  -412.401468570  -412.311778609  -412.232588502  -412.311778609  -412.206572717
   406.500  -412.401929846  -412.315016539  -412.235968092  -412.315016539  -412.206670524
   407.000  -412.402517787  -412.318662870  -412.239148680  -412.318662870  -412.206709258
   407.500  -412.402392184  -412.321881533  -412.241266770  -412.321881533  -412.206672058
   408.000  -412.401888436  -412.325017790  -412.242648872  -412.325017790  -412.206601509
   408.500  -412.401883283  -412.328946788  -412.244160577  -412.328946788  -412.206587004
   409.000  -412.402524031  -412.333788431  -412.245930857  -412.333788431  -412.206691422
   409.500  -412.402354613  -412.338026332  -412.246484134  -412.338026332  -412.206890731
   410.000  -412.398765352  -412.338958531  -412.243203262  -412.338958531  -412.207031699
   410.500  -412.390306258  -412.335017235  -412.234658969  -412.335017235  -412.206875761
   411.000  -412.382631611  -412.327761953  -412.224998964  -412.327761953  -412.205306649
   411.500  -412.376272188  -412.325416285  -412.220886928  -412.325416285  -412.205201308
   412.000  -412.375514661  -412.328269586  -412.222426755  -412.328269586  -412.205653000
   412.500  -412.374583874  -412.330458894  -412.223898879  -412.330458894  -412.205986490
   413.000  -412.368959982  -412.327395737  -412.220763326  -412.327395737  -412.205796630
   413.500  -412.360982142  -412.321374268  -412.215282145  -412.321374268  -412.205463255
   414.000  -412.354989644  -412.316717793  -412.211683278  -412.316717793  -412.205460236
   414.500  -412.350934090  -412.313384759  -412.209780721  -412.313384759  -412.205691349
   415.000  -412.345456662  -412.308032799  -412.206062130  -412.308032799  -412.205783126
   415.500  -412.337003445  -412.299124428  -412.198822653  -412.299124428  -412.205618467
   416.000  -412.327739335  -412.288838390  -412.190096266  -412.288838390  -412.205340554
   416.500  -412.321574091  -412.281105395  -412.183694147  -412.281105395  -412.205160130
   417.000  -412.321075423  -412.278536719  -412.182135597  -412.278536719  -412.205173398
   417.500  -412.325997381  -412.280964941  -412.185195339  -412.280964941  -412.205302625
   418.000  -412.334266563  -412.286424552  -412.190900797  -412.286424552  -412.205437002
   418.500  -412.343574151  -412.292727497  -412.197118374  -412.292727497  -412.205556743
   419.000  -412.351841326  -412.297913626  -412.202006453  -412.297913626  -412.205688539
   419.500  -412.357041339  -412.300068947  -412.203821509  -412.300068947  -412.205793631
   420.000  -412.357892374  -412.298018628  -412.201588701  -412.298018628  -412.205726280
   420.500  -412.355786945  -412.293250782  -412.196990239  -412.293250782  -412.205431969
   421.000  -412.355083023  -412.290196134  -412.194599983  -412.290196134  -412.205235015
   421.500  -412.358757418  -412.291876060  -412.197485473  -412.291876060  -412.205376231
   422.000  -412.365589224  -412.297090812  -412.204380873  -412.297090812  -412.205502267
   422.500  -412.374157319  -412.304416360  -412.213729275  -412.304416360  -412.205497398
   423.000  -412.384155762  -412.313517492  -412.225056367  -412.313517492  -412.205626554
   423.500  -412.393370396  -412.322131571  -412.235983956  -412.322131571  -412.205814041
   424.000  -412.398673689  -412.327077878  -412.243243295  -412.327077878  -412.205856348
   424.500  -412.398923363  -412.327166345  -412.245579787  -412.327166345  -412.205768095
   425.000  -412.395113130  -412.323350062  -412.243893417  -412.323350062  -412.205635832
   425.500  -412.389241531  -412.317590742  -412.240091622  -412.317590742  -412.205477071
   426.000  -412.383918607  -412.312463208  -412.236687598  -412.312463208  -412.205276833
   426.500  -412.382362946  -412.311153750  -412.236807661  -412.311153750  -412.205084851
   427.000  -412.387512130  -412.316579088  -412.243324856  -412.316579088  -412.205027433
   427.500  -412.400195057  -412.329567152  -412.257054045  -412.329567152  -412.205173034
   428.000  -412.418170914  -412.347896791  -412.275784035  -412.347896791  -412.205452706
   428.500  -412.437100024  -412.367249924  -412.295225743  -412.367249924  -412.205767098
   429.000  -412.452046967  -412.382694668  -412.310483772  -412.382694668  -412.206082924
   429.500  -412.458234895  -412.389425215  -412.316799184  -412.389425215  -412.206349892
   430.000  -412.452107365  -412.383819806  -412.310613191  -412.383819806  -412.206347290
   430.500  -412.434586822  -412.366701188  -412.292839391  -412.366701188  -412.205767112
   431.000  -412.414702884  -412.346981823  -412.272504182  -412.346981823  -412.204862402
   431.500  -412.405124220  -412.337227509  -412.262288005  -412.337227509  -412.204660307
   432.000  -412.408772369  -412.340310388  -412.265129716  -412.340310388  -412.205367982
   432.500  -412.416199988  -412.346795559  -412.271591851  -412.346795559  -412.205992840
   433.000  -412.418137748  -412.347466921  -412.272401607  -412.347466921  -412.206049282
   433.500  -412.412862566  -412.340667554  -412.265829677  -412.340667554  -412.205795563
   434.000  -412.403465323  -412.329554008  -412.254968047  -412.329554008  -412.205536312
   434.500  -412.393566895  -412.317808803  -412.243447528  -412.317808803  -412.205383426
   435.000  -412.385486079  -412.307805039  -412.233599243  -412.307805039  -412.205322083
   435.500  -412.380321331  -412.300682466  -412.226523952  -412.300682466  -412.205289255
   436.000  -412.378825306  -412.297214601  -412.222959103  -412.297214601  -412.205221623
   436.500  -412.382243613  -412.298649459  -412.224113337  -412.298649459  -412.205117861
   437.000  -412.392193136  -412.306601061  -412.231560265  -412.306601061  -412.205086898
   437.500  -412.408998359  -412.321413695  -412.245601184  -412.321413695  -412.205271348
   438.000  -412.429724983  -412.340217055  -412.263330935  -412.340217055  -412.205663618
   438.500  -412.448386110  -412.357133092  -412.278857749  -412.357133092  -412.206083325
   439.000  -412.458659112  -412.365969960  -412.286012213  -412.365969960  -412.206321152
   439.500  -412.457140319  -412.363447169  -412.281586878  -412.363447169  -412.206231574
   440.000  -412.445490792  -412.351315257  -412.267467877  -412.351315257  -412.205821509
   440.500  -412.430078899  -412.335973418  -412.250260793  -412.335973418  -412.205309791
   441.000  -412.418525759  -412.324997499  -412.237795129  -412.324997499  -412.205034046
   441.500  -412.414666763  -412.322116412  -412.234025625  -412.322116412  -412.205247990
   442.000  -412.415394002  -412.324111301  -412.235827976  -412.324111301  -412.205681549
   442.500  -412.414395337  -412.324602605  -412.236744413  -412.324602605  -412.205849790
   443.000  -412.408664546  -412.320556784  -412.233549354  -412.320556784  -412.205723188
   443.500  -412.399441698  -412.313197928  -412.227250967  -412.313197928  -412.205528027
   444.000  -412.389314489  -412.305088040  -412.220226970  -412.305088040  -412.205405986
   444.500  -412.380081715  -412.297984924  -412.214094451  -412.297984924  -412.205376631
   445.000  -412.372330921  -412.292422378  -412.209281149  -412.292422378  -412.205397564
   445.500  -412.365998548  -412.288277336  -412.205578955  -412.288277336  -412.205406707
   446.000  -412.361245770  -412.285652678  -412.203018564  -412.285652678  -412.205360002
   446.500  -412.359025057  -412.285448903  -412.202442496  -412.285448903  -412.205286511
   447.000  -412.360561684  -412.288850102  -412.205001269  -412.288850102  -412.205304636
   447.500  -412.365684852  -412.295661200  -412.210502788  -412.295661200  -412.205489184
   448.000  -412.371948772  -412.303430700  -412.216542766  -412.303430700  -412.205700636
   448.500  -412.376627918  -412.309437549  -412.220488293  -412.309437549  -412.205741512
   449.000  -412.379239272  -412.313199980  -412.221971211  -412.313199980  -412.205733451
   449.500  -412.379885167  -412.314809478  -412.221201190  -412.314809478  -412.205937126
   450.000  -412.376235758  -412.311903596  -412.215932219  -412.311903596  -412.206088564
   450.500  -412.367262638  -412.303396753  -412.205197675  -412.303396753  -412.205682505
   451.000  -412.359319955  -412.295578845  -412.195396816  -412.295578845  -412.205077178
   451.500  -412.360643601  -412.296653955  -412.194788498  -412.296653955  -412.205168632
   452.000  -412.369836910  -412.305248691  -412.201978273  -412.305248691  -412.205695250
   452.500  -412.378965444  -412.313486488  -412.209026470  -412.313486488  -412.205906701
   453.000  -412.383784486  -412.317172750  -412.211699115  -412.317172750  -412.205783711
   453.500  -412.385067752  -412.317104072  -412.210800371  -412.317104072  -412.205605542
   454.000  -412.384938349  -412.315405707  -412.208484680  -412.315405707  -412.205515727
   454.500  -412.384548705  -412.313232656  -412.205928009  -412.313232656  -412.205526894
   455.000  -412.383696877  -412.310402483  -412.202946631  -412.310402483  -412.205598935
   455.500  -412.381392322  -412.305953843  -412.198556460  -412.305953843  -412.205668527
   456.000  -412.376832473  -412.299116895  -412.191946841  -412.299116895  -412.205662090
   456.500  -412.370507041  -412.290417990  -412.183593651  -412.290417990  -412.205526774
   457.000  -412.364918130  -412.282403510  -412.175999501  -412.282403510  -412.205279274
   457.500  -412.364169243  -412.279234687  -412.173310062  -412.279234687  -412.205049932
   458.000  -412.371774453  -412.284500423  -412.179139919  -412.284500423  -412.205092635
   458.500  -412.386885572  -412.297437983  -412.192781036  -412.297437983  -412.205573322
   459.000  -412.402276142  -412.310899529  -412.207133837  -412.310899529  -412.206226025
   459.500  -412.408451076  -412.315441403  -412.212766158  -412.315441403  -412.206513843
   460.000  -412.401634480  -412.307301354  -412.205881742  -412.307301354  -412.206060101
   460.500  -412.388960279  -412.293597476  -412.193532590  -412.293597476  -412.205151943
   461.000  -412.383316494  -412.287206531  -412.188520050  -412.287206531  -412.204877792
   461.500  -412.388618182  -412.292069195  -412.194728278  -412.292069195  -412.205422453
   462.000  -412.397270847  -412.300644002  -412.204594414  -412.300644002  -412.205813709
   462.500  -412.402731207  -412.306424673  -412.211624156  -412.306424673  -412.205746134
   463.000  -412.404853769  -412.309260181  -412.215696031  -412.309260181  -412.205525483
   463.500  -412.406290028  -412.311757055  -412.219450629  -412.311757055  -412.205382330
   464.000  -412.408978526  -412.315784905  -412.224790715  -412.315784905  -412.205376581
   464.500  -412.412995932  -412.321340964  -412.231740632  -412.321340964  -412.205493756
   465.000  -412.416689099  -412.326691855  -412.238580814  -412.326691855  -412.205682584
   465.500  -412.417505604  -412.329213898  -412.242676859  -412.329213898  -412.205834329
   466.000  -412.413714751  -412.327122877  -412.242200556  -412.327122877  -412.205777950
   466.500  -412.406842680  -412.321911795  -412.238566074  -412.321911795  -412.205427301
   467.000  -412.402487180  -412.319162273  -412.237251802  -412.319162273  -412.205053277
   467.500  -412.406113414  -412.324338541  -412.243616768  -412.324338541  -412.205133430
   468.000  -412.416515736  -412.336248591  -412.256390451  -412.336248591  -412.205700950
   468.500  -412.425451093  -412.346673011  -412.267322791  -412.346673011  -412.206305936
   469.000  -412.424227815  -412.346937483  -412.267761925  -412.346937483  -412.206464979
   469.500  -412.411203791  -412.335395252  -412.256127122  -412.335395252  -412.205872151
   470.000  -412.395613326  -412.321256852  -412.241720171  -412.321256852  -412.204982286
   470.500  -412.389931702  -412.316987573  -412.237090706  -412.316987573  -412.204963202
   471.000  -412.394554348  -412.323019196  -412.242708542  -412.323019196  -412.205636265
   471.500  -412.399853261  -412.329789411  -412.248994310  -412.329789411  -412.205942946
   472.000  -412.400199037  -412.331727729  -412.250324763  -412.331727729  -412.205787758
   472.500  -412.396719458  -412.329983295  -412.247794463  -412.329983295  -412.205542971
   473.000  -412.392522571  -412.327646293  -412.244455735  -412.327646293  -412.205411773
   473.500  -412.389455788  -412.326515256  -412.242090797  -412.326515256  -412.205427586
   474.000  -412.387370586  -412.326370899  -412.240486695  -412.326370899  -412.205552344
   474.500  -412.384672156  -412.325528090  -412.237993068  -412.325528090  -412.205690636
   475.000  -412.379787979  -412.322315976  -412.232994851  -412.322315976  -412.205695065
   475.500  -412.373307361  -412.317212402  -412.226058016  -412.317212402  -412.205482477
   476.000  -412.368835086  -412.313708748  -412.220772822  -412.313708748  -412.205254292
   476.500  -412.369989219  -412.315298352  -412.220742528  -412.315298352  -412.205311563
   477.000  -412.376277426  -412.321361905  -412.225440579  -412.321361905  -412.205613745
   477.500  -412.383472477  -412.327541707  -412.230586471  -412.327541707  -412.205963557
   478.000  -412.386525428  -412.328666422  -412.231062355  -412.328666422  -412.206222732
   478.500  -412.382387628  -412.321570955  -412.223747959  -412.321570955  -412.206038478
   479.000  -412.374935914  -412.310026283  -412.212453887  -412.310026283  -412.205260788
   479.500  -412.375460902  -412.305250971  -412.208412222  -412.305250971  -412.204869499
   480.000  -412.389104815  -412.312409645  -412.216708959  -412.312409645  -412.205492583
   480.500  -412.407081582  -412.322871514  -412.228534254  -412.322871514  -412.206084346
   481.000  -412.419749347  -412.327268955  -412.234314347  -412.327268955  -412.206081568
   481.500  -412.425411217  -412.324248923  -412.232548883  -412.324248923  -412.205818052
   482.000  -412.426775594  -412.316894196  -412.226259171  -412.316894196  -412.205603322
   482.500  -412.426408541  -412.308154855  -412.218397133  -412.308154855  -412.205518319
   483.000  -412.425253581  -412.299349309  -412.210316303  -412.299349309  -412.205526997
   483.500  -412.423066469  -412.290579872  -412.202151749  -412.290579872  -412.205537545
   484.000  -412.419807060  -412.282100426  -412.194178505  -412.282100426  -412.205430619
   484.500  -412.417287534  -412.275945602  -412.188438742  -412.275945602  -412.205187804
   485.000  -412.419143823  -412.275890159  -412.188715163  -412.275890159  -412.205039583
   485.500  -412.427446378  -412.284060779  -412.197147126  -412.284060779  -412.205235659
   486.000  -412.439360947  -412.297606057  -412.210902169  -412.297606057  -412.205646148
   486.500  -412.448899359  -412.310456650  -412.223948448  -412.310456650  -412.205981381
   487.000  -412.451085455  -412.317500662  -412.231241862  -412.317500662  -412.206145786
   487.500  -412.443853614  -412.316497657  -412.230624316  -412.316497657  -412.206089774
   488.000  -412.429163775  -412.309206896  -412.223916632  -412.309206896  -412.205624754
   488.500  -412.415034288  -412.303427844  -412.218924054  -412.303427844  -412.204933147
   489.000  -412.411588091  -412.309057117  -412.225451249  -412.309057117  -412.204942481
   489.500  -412.418760380  -412.325806253  -412.242993706  -412.325806253  -412.205686255
   490.000  -412.425993222  -412.342884271  -412.260460258  -412.342884271  -412.206150428
   490.500  -412.425560440  -412.352294129  -412.269570245  -412.352294129  -412.206091143
   491.000  -412.417227190  -412.353492156  -412.269587690  -412.353492156  -412.205861064
   491.500  -412.403951935  -412.349128604  -412.263084522  -412.349128604  -412.205701301
   492.000  -412.388184693  -412.341392886  -412.252292848  -412.341392886  -412.205647701
   492.500  -412.371071322  -412.331256587  -412.238343019  -412.331256587  -412.205617110
   493.000  -412.353584218  -412.319615696  -412.222399978  -412.319615696  -412.205473940
   493.500  -412.338347629  -412.309106393  -412.207453278  -412.309106393  -412.205182185
   494.000  -412.329834196  -412.304271063  -412.198447197  -412.304271063  -412.204975323
   494.500  -412.330936576  -412.308097922  -412.198769289  -412.308097922  -412.205117802
   495.000  -412.339457077  -412.318484243  -412.206662867  -412.318484243  -412.205475560
   495.500  -412.349898242  -412.330013046  -412.216961419  -412.330013046  -412.205758182
   496.000  -412.357590208  -412.338075946  -412.225188007  -412.338075946  -412.205911655
   496.500  -412.359896801  -412.340081357  -412.228759425  -412.340081357  -412.206012484
   497.000  -412.355491494  -412.334734753  -412.226283684  -412.334734753  -412.206020653
   497.500  -412.345086894  -412.322771399  -412.218322639  -412.322771399  -412.205716775
   498.000  -412.334215349  -412.309735556  -412.210200102  -412.309735556  -412.205069417
   498.500  -412.332568385  -412.305320060  -412.211340385  -412.305320060  -412.204766645
   499.000  -412.344284908  -412.313664779  -412.225543634  -412.313664779  -412.205299680
   499.500  -412.361798293  -412.327222320  -412.244866773  -412.327222320  -412.205951887
   500.000  -412.374990068  -412.335925943  -412.258877714  -412.335925943  -412.206143139
