 N     7.0   -1.88365597    0.00738714   -0.09117476   14.00307401
 N     7.0    1.83990918    2.27581759    0.07492652   14.00307401
 C     6.0   -0.71281237    2.30047378    0.11356688   12.00000000
 C     6.0    3.21874161    0.03572530   -0.00902168   12.00000000
 C     6.0    1.97227056   -2.20815184   -0.14951398   12.00000000
 C     6.0   -0.55308549   -2.45301934    0.05061069   12.00000000
 O     8.0   -1.78519714   -4.42136277    0.06551675   15.99491464
 O     8.0   -2.03969810    4.19772300   -0.03780931   15.99491464
 H     1.0   -3.73343813   -0.25258914   -0.36623409    1.00782504
 H     1.0    2.53638828    3.97015958   -0.15488244    1.00782504
 H     1.0    5.49984511    0.07515042    0.12304027    1.00782504
 H     1.0    3.33858396   -3.78044613    0.09211184    1.00782504
