    0.000252176   -0.000089295   -0.000099666
    0.000058537   -0.000325249   -0.000176679
   -0.000432802   -0.000371770   -0.000128484
   -0.000335177    0.000668531   -0.000136218
   -0.000262237   -0.000443625   -0.000039219
    0.000353208    0.000385164    0.000421262
   -0.000108950    0.000224986   -0.000113560
    0.000260150    0.000141610    0.000085094
    0.001542064    0.000601174    0.000838803
   -0.001599403   -0.003124351    0.000486897
   -0.001336003   -0.000655949    0.002885096
    0.002550043    0.000509100   -0.001051200
