 N     7.0   -1.89150929   -0.08953667   -0.32862040   14.00307401
 N     7.0    1.86666269    2.29061902   -0.34751074   14.00307401
 C     6.0   -0.80592882    2.28936841   -0.01041684   12.00000000
 C     6.0    3.24998650    0.01858219    0.06989791   12.00000000
 C     6.0    2.05836697   -2.33005073    0.21221932   12.00000000
 C     6.0   -0.53329716   -2.47719850   -0.03976726   12.00000000
 O     8.0   -1.89426361   -4.31196696    0.06492981   15.99491464
 O     8.0   -1.97375929    4.27682226    0.31787080   15.99491464
 H     1.0   -3.65672271   -0.22866111   -0.28110003    1.00782504
 H     1.0    2.45418714    4.37274478   -0.00930885    1.00782504
 H     1.0    5.25871858    0.21869267    0.22568333    1.00782504
 H     1.0    3.45898968   -4.13771595    0.57170900    1.00782504
