    0.000230185    0.000175531   -0.000483110
    0.000134923   -0.000435888   -0.000004297
   -0.000264097    0.000043667    0.000113627
   -0.000475073    0.000496149   -0.000017177
    0.000345590    0.000197385    0.000280186
   -0.000515934   -0.000322505    0.000161795
    0.000295277    0.000087787   -0.000049386
   -0.000071798   -0.000029120    0.000142425
    0.001244547   -0.001388292    0.001067619
    0.000753043   -0.000184471   -0.000951339
   -0.000214461   -0.000566351   -0.001207885
    0.000604326   -0.000183397   -0.000110667
