 N     7.0   -1.97085861   -0.17985583   -0.18116382   14.00307401
 N     7.0    1.92379432    2.24199361    0.08974948   14.00307401
 C     6.0   -0.80995551    2.35467360   -0.18965725   12.00000000
 C     6.0    3.20413949    0.16173060   -0.05946887   12.00000000
 C     6.0    2.15983368   -2.28915348   -0.01920532   12.00000000
 C     6.0   -0.63141357   -2.59707032    0.01503740   12.00000000
 O     8.0   -1.87957890   -4.31743970    0.10401540   15.99491464
 O     8.0   -1.92382057    4.32245441    0.16417712   15.99491464
 H     1.0   -3.91414603   -0.44134640   -0.32571605    1.00782504
 H     1.0    2.86081605    3.98819788   -0.07104584    1.00782504
 H     1.0    5.24108722    0.45300409    0.00365453    1.00782504
 H     1.0    3.17194461   -4.11282425    0.39832504    1.00782504
