     0.000  -412.512673531  -412.325971766  -412.276131155  -412.276131155  -412.247857285
     0.500  -412.525022536  -412.332763135  -412.287641505  -412.287641505  -412.248286890
     1.000  -412.539598409  -412.342534436  -412.301725870  -412.301725870  -412.248658695
     1.500  -412.550133280  -412.349223319  -412.312286078  -412.312286078  -412.248834217
     2.000  -412.553250652  -412.349617713  -412.316100039  -412.316100039  -412.248885231
     2.500  -412.547917110  -412.342784241  -412.312250071  -412.312250071  -412.248834059
     3.000  -412.535217208  -412.329833837  -412.301895795  -412.301895795  -412.248598009
     3.500  -412.519343984  -412.314920563  -412.289261926  -412.289261926  -412.248153172
     4.000  -412.507404250  -412.305074920  -412.281434111  -412.281434111  -412.247785245
     4.500  -412.504901733  -412.305728787  -412.283838633  -412.283838633  -412.247908222
     5.000  -412.510116005  -412.315130624  -412.294635091  -412.294635091  -412.248382938
     5.500  -412.516014675  -412.326259924  -412.306664476  -412.306664476  -412.248696363
     6.000  -412.517348071  -412.333889736  -412.314579476  -412.314579476  -412.248700693
     6.500  -412.513311150  -412.337209356  -412.317514298  -412.317514298  -412.248572633
     7.000  -412.505408939  -412.337665854  -412.316937508  -412.316937508  -412.248477729
     7.500  -412.495050074  -412.336538599  -412.314214982  -412.314214982  -412.248463078
     8.000  -412.482778458  -412.334151838  -412.309810472  -412.309810472  -412.248474084
     8.500  -412.469059875  -412.330649622  -412.304045241  -412.304045241  -412.248393630
     9.000  -412.455880901  -412.327621034  -412.298692127  -412.298692127  -412.248164616
     9.500  -412.447206216  -412.328629544  -412.297467184  -412.297467184  -412.247976469
    10.000  -412.445987054  -412.336318466  -412.303103568  -412.303103568  -412.248137851
    10.500  -412.449934037  -412.348241991  -412.313180329  -412.313180329  -412.248606326
    11.000  -412.452196338  -412.357525306  -412.320805395  -412.320805395  -412.249008702
    11.500  -412.446710851  -412.358131458  -412.319929847  -412.319929847  -412.249081427
    12.000  -412.432406451  -412.348999508  -412.309516805  -412.309516805  -412.248771361
    12.500  -412.414138472  -412.334961169  -412.294458085  -412.294458085  -412.248220695
    13.000  -412.400182858  -412.324264193  -412.283053398  -412.283053398  -412.247855053
    13.500  -412.395859158  -412.322231094  -412.280620473  -412.280620473  -412.248016909
    14.000  -412.398898545  -412.326651918  -412.284857424  -412.284857424  -412.248414387
    14.500  -412.403299568  -412.331621595  -412.289717144  -412.289717144  -412.248596840
    15.000  -412.405719369  -412.333906441  -412.291826493  -412.291826493  -412.248520531
    15.500  -412.406644924  -412.334098620  -412.291677858  -412.291677858  -412.248356610
    16.000  -412.408136479  -412.334354214  -412.291380811  -412.291380811  -412.248231008
    16.500  -412.411890001  -412.336460193  -412.292714633  -412.292714633  -412.248186414
    17.000  -412.418459198  -412.341055225  -412.296341393  -412.296341393  -412.248227075
    17.500  -412.427142632  -412.347514162  -412.301679446  -412.301679446  -412.248341342
    18.000  -412.436193496  -412.354152658  -412.307100624  -412.307100624  -412.248494171
    18.500  -412.443446086  -412.358848342  -412.310538896  -412.310538896  -412.248605071
    19.000  -412.447576863  -412.360298714  -412.310734340  -412.310734340  -412.248573383
    19.500  -412.449460875  -412.359385825  -412.308583479  -412.308583479  -412.248416464
    20.000  -412.451659373  -412.358688884  -412.306651033  -412.306651033  -412.248357818
    20.500  -412.455263374  -412.359362653  -412.306069152  -412.306069152  -412.248513103
    21.000  -412.458460681  -412.359713216  -412.305153456  -412.305153456  -412.248599886
    21.500  -412.460245709  -412.358878022  -412.303108034  -412.303108034  -412.248390964
    22.000  -412.463248586  -412.359620452  -412.302801753  -412.302801753  -412.248186280
    22.500  -412.469730807  -412.364320563  -412.306703088  -412.306703088  -412.248340639
    23.000  -412.477033994  -412.370435346  -412.312288620  -412.312288620  -412.248634030
    23.500  -412.480433118  -412.373341305  -412.314887965  -412.314887965  -412.248709964
    24.000  -412.478165175  -412.371339521  -412.312723710  -412.312723710  -412.248562410
    24.500  -412.471949751  -412.366163214  -412.307450502  -412.307450502  -412.248352468
    25.000  -412.464791895  -412.360787558  -412.301979572  -412.301979572  -412.248185889
    25.500  -412.459268843  -412.357733460  -412.298790114  -412.298790114  -412.248093068
    26.000  -412.456912960  -412.358467352  -412.299327268  -412.299327268  -412.248070588
    26.500  -412.458154650  -412.363354010  -412.303955799  -412.303955799  -412.248112747
    27.000  -412.462385493  -412.371722188  -412.312017621  -412.312017621  -412.248219975
    27.500  -412.467987058  -412.381889706  -412.321844776  -412.321844776  -412.248393900
    28.000  -412.472388265  -412.391211033  -412.330796282  -412.330796282  -412.248621289
    28.500  -412.472394243  -412.396392092  -412.335567177  -412.335567177  -412.248846760
    29.000  -412.465157793  -412.394445783  -412.333150557  -412.333150557  -412.248952771
    29.500  -412.449993837  -412.384493473  -412.322660454  -412.322660454  -412.248795081
    30.000  -412.430350469  -412.369738513  -412.307339644  -412.307339644  -412.248342610
    30.500  -412.413821138  -412.357511734  -412.294633391  -412.294633391  -412.247854158
    31.000  -412.407911975  -412.355104770  -412.292005516  -412.292005516  -412.247799507
    31.500  -412.413325865  -412.363110569  -412.300205798  -412.300205798  -412.248290614
    32.000  -412.422658776  -412.374122358  -412.311889663  -412.311889663  -412.248812628
    32.500  -412.427581268  -412.379862021  -412.318735935  -412.318735935  -412.248942093
    33.000  -412.425191708  -412.377473923  -412.317789473  -412.317789473  -412.248752011
    33.500  -412.417606535  -412.369086335  -412.311069552  -412.311069552  -412.248478210
    34.000  -412.408684074  -412.358540619  -412.302312094  -412.302312094  -412.248257280
    34.500  -412.401801114  -412.349183749  -412.294764744  -412.294764744  -412.248123502
    35.000  -412.399125921  -412.343164934  -412.290477248  -412.290477248  -412.248067831
    35.500  -412.401613201  -412.341450624  -412.290320525  -412.290320525  -412.248075916
    36.000  -412.409158885  -412.343998150  -412.294165898  -412.294165898  -412.248138237
    36.500  -412.420725493  -412.349892286  -412.301032984  -412.301032984  -412.248247538
    37.000  -412.434474863  -412.357478986  -412.309235672  -412.309235672  -412.248390790
    37.500  -412.448042545  -412.364626392  -412.316648511  -412.316648511  -412.248539874
    38.000  -412.459032785  -412.369198869  -412.321186801  -412.321186801  -412.248657089
    38.500  -412.465682361  -412.369684270  -412.321435001  -412.321435001  -412.248695981
    39.000  -412.467655431  -412.365952777  -412.317401231  -412.317401231  -412.248589268
    39.500  -412.466957189  -412.360151064  -412.311387168  -412.311387168  -412.248338266
    40.000  -412.467483433  -412.356260823  -412.307503718  -412.307503718  -412.248191300
    40.500  -412.471428670  -412.356552112  -412.308056840  -412.308056840  -412.248320183
    41.000  -412.477066123  -412.359393472  -412.311334512  -412.311334512  -412.248470735
    41.500  -412.481909340  -412.362420515  -412.314817998  -412.314817998  -412.248489966
    42.000  -412.484999440  -412.364799743  -412.317530315  -412.317530315  -412.248494418
    42.500  -412.485788776  -412.366084537  -412.318935282  -412.318935282  -412.248508330
    43.000  -412.483779746  -412.365817714  -412.318548736  -412.318548736  -412.248472349
    43.500  -412.479272152  -412.364257405  -412.316639285  -412.316639285  -412.248389638
    44.000  -412.473374293  -412.362390496  -412.314212649  -412.314212649  -412.248310077
    44.500  -412.467302360  -412.361249661  -412.312313351  -412.312313351  -412.248272315
    45.000  -412.461769376  -412.361326274  -412.311433575  -412.311433575  -412.248287933
    45.500  -412.456769902  -412.362377877  -412.311322435  -412.311322435  -412.248346029
    46.000  -412.451712729  -412.363576925  -412.311146859  -412.311146859  -412.248420626
    46.500  -412.445802510  -412.363905395  -412.309898746  -412.309898746  -412.248482009
    47.000  -412.438489203  -412.362608347  -412.306860756  -412.306860756  -412.248514923
    47.500  -412.429707419  -412.359435896  -412.301865836  -412.301865836  -412.248509774
    48.000  -412.420105330  -412.354871459  -412.295535301  -412.295535301  -412.248402019
    48.500  -412.411873257  -412.350961553  -412.290102381  -412.290102381  -412.248168785
    49.000  -412.408582009  -412.351162034  -412.289216682  -412.289216682  -412.248086831
    49.500  -412.411240996  -412.356405330  -412.293937802  -412.293937802  -412.248397531
    50.000  -412.415379479  -412.362178547  -412.299766267  -412.299766267  -412.248770331
    50.500  -412.415546441  -412.363000359  -412.301149080  -412.301149080  -412.248795818
    51.000  -412.411115509  -412.358209174  -412.297324770  -412.297324770  -412.248492445
    51.500  -412.406279074  -412.351963585  -412.292357081  -412.292357081  -412.248166690
    52.000  -412.405686081  -412.348910670  -412.290795576  -412.290795576  -412.248086611
    52.500  -412.410545607  -412.350317753  -412.293798510  -412.293798510  -412.248233527
    53.000  -412.418701961  -412.354151995  -412.299215220  -412.299215220  -412.248404307
    53.500  -412.427383696  -412.357811776  -412.304333520  -412.304333520  -412.248485160
    54.000  -412.434976167  -412.359876067  -412.307644691  -412.307644691  -412.248496118
    54.500  -412.440940213  -412.360007086  -412.308755129  -412.308755129  -412.248483479
    55.000  -412.445224498  -412.358353456  -412.307791953  -412.307791953  -412.248461272
    55.500  -412.448040957  -412.355317686  -412.305170216  -412.305170216  -412.248432934
    56.000  -412.449762716  -412.351446012  -412.301480385  -412.301480385  -412.248428851
    56.500  -412.450517187  -412.347010247  -412.297070009  -412.297070009  -412.248457031
    57.000  -412.450228153  -412.342039224  -412.292071767  -412.292071767  -412.248394183
    57.500  -412.450274901  -412.337977258  -412.288054716  -412.288054716  -412.248142767
    58.000  -412.454343135  -412.338555139  -412.288862902  -412.288862902  -412.247985318
    58.500  -412.464361228  -412.345768293  -412.296538462  -412.296538462  -412.248242200
    59.000  -412.476419511  -412.355817897  -412.307235173  -412.307235173  -412.248657961
    59.500  -412.484157654  -412.362470953  -412.314609392  -412.314609392  -412.248858035
    60.000  -412.484178448  -412.362416668  -412.315236220  -412.315236220  -412.248801413
    60.500  -412.477212117  -412.356386978  -412.309762180  -412.309762180  -412.248566254
    61.000  -412.467064642  -412.348094374  -412.301849399  -412.301849399  -412.248227603
    61.500  -412.459125547  -412.342771604  -412.296702489  -412.296702489  -412.247968035
    62.000  -412.457420378  -412.344281326  -412.298171447  -412.298171447  -412.248004604
    62.500  -412.461540394  -412.352098407  -412.305733776  -412.305733776  -412.248292821
    63.000  -412.467253663  -412.361926692  -412.315114765  -412.315114765  -412.248571861
    63.500  -412.470202740  -412.369363943  -412.321946599  -412.321946599  -412.248682492
    64.000  -412.468454335  -412.372412354  -412.324269915  -412.324269915  -412.248639590
    64.500  -412.462514129  -412.371479051  -412.322525040  -412.322525040  -412.248539376
    65.000  -412.453930993  -412.367982936  -412.318156471  -412.318156471  -412.248496131
    65.500  -412.443646920  -412.362714384  -412.311976125  -412.311976125  -412.248531730
    66.000  -412.431773032  -412.355614328  -412.303958396  -412.303958396  -412.248479164
    66.500  -412.419817804  -412.348008874  -412.295493512  -412.295493512  -412.248200967
    67.000  -412.412139696  -412.344080008  -412.290856939  -412.290856939  -412.247955058
    67.500  -412.412214474  -412.347164635  -412.293467197  -412.293467197  -412.248088234
    68.000  -412.418126237  -412.355269496  -412.301351898  -412.301351898  -412.248417817
    68.500  -412.424910742  -412.363408662  -412.309485378  -412.309485378  -412.248594231
    69.000  -412.429458076  -412.368483207  -412.314705526  -412.314705526  -412.248590395
    69.500  -412.431359682  -412.370109926  -412.316572957  -412.316572957  -412.248539866
    70.000  -412.431213558  -412.368918913  -412.315673268  -412.315673268  -412.248509807
    70.500  -412.429604973  -412.365527508  -412.312588216  -412.312588216  -412.248468268
    71.000  -412.427474371  -412.360910144  -412.308252543  -412.308252543  -412.248349631
    71.500  -412.426887247  -412.357172117  -412.304726623  -412.304726623  -412.248175938
    72.000  -412.430507954  -412.357045338  -412.304694232  -412.304694232  -412.248104169
    72.500  -412.439345926  -412.361663991  -412.309248594  -412.309248594  -412.248232009
    73.000  -412.451445805  -412.369267907  -412.316611144  -412.316611144  -412.248433220
    73.500  -412.463545861  -412.376839299  -412.323779658  -412.323779658  -412.248573566
    74.000  -412.472994848  -412.381971243  -412.328395880  -412.328395880  -412.248689675
    74.500  -412.477629360  -412.382698940  -412.328567812  -412.328567812  -412.248788382
    75.000  -412.476001730  -412.377701877  -412.323066939  -412.323066939  -412.248700966
    75.500  -412.469644660  -412.368569620  -412.313583097  -412.313583097  -412.248348998
    76.000  -412.463725158  -412.360484223  -412.305377140  -412.305377140  -412.248044744
    76.500  -412.462528464  -412.357749565  -412.302768076  -412.302768076  -412.248119755
    77.000  -412.465022298  -412.359386275  -412.304707301  -412.304707301  -412.248378875
    77.500  -412.467308668  -412.361571595  -412.307259532  -412.307259532  -412.248489457
    78.000  -412.467299921  -412.362281739  -412.308300334  -412.308300334  -412.248425382
    78.500  -412.465500509  -412.362049872  -412.308303778  -412.308303778  -412.248318067
    79.000  -412.463294055  -412.362248202  -412.308616746  -412.308616746  -412.248261032
    79.500  -412.461506217  -412.363655269  -412.310008524  -412.310008524  -412.248285647
    80.000  -412.459864069  -412.365919973  -412.312117593  -412.312117593  -412.248386315
    80.500  -412.457085815  -412.367650022  -412.313531260  -412.313531260  -412.248524502
    81.000  -412.451529782  -412.367055869  -412.312429372  -412.312429372  -412.248614556
    81.500  -412.442517680  -412.363270693  -412.307912278  -412.307912278  -412.248543620
    82.000  -412.431869020  -412.357892083  -412.301556154  -412.301556154  -412.248296518
    82.500  -412.423779388  -412.354884646  -412.297333799  -412.297333799  -412.248100842
    83.000  -412.421359391  -412.357157053  -412.298203317  -412.298203317  -412.248243095
    83.500  -412.422750986  -412.362704631  -412.302254402  -412.302254402  -412.248617584
    84.000  -412.422741691  -412.366221286  -412.304310731  -412.304310731  -412.248778369
    84.500  -412.418917902  -412.365229142  -412.302045431  -412.302045431  -412.248550957
    85.000  -412.414069411  -412.362469293  -412.298341024  -412.298341024  -412.248293594
    85.500  -412.411450674  -412.361164682  -412.296511670  -412.296511670  -412.248329939
    86.000  -412.410444890  -412.360685440  -412.295941895  -412.295941895  -412.248478147
    86.500  -412.408758385  -412.358732160  -412.294280509  -412.294280509  -412.248483944
    87.000  -412.405988555  -412.354891292  -412.291025787  -412.291025787  -412.248358143
    87.500  -412.403770860  -412.350780174  -412.287693522  -412.287693522  -412.248217666
    88.000  -412.404161684  -412.348440079  -412.286218134  -412.286218134  -412.248134031
    88.500  -412.408469841  -412.349181054  -412.287804446  -412.287804446  -412.248125092
    89.000  -412.416875937  -412.353214851  -412.292568035  -412.292568035  -412.248183618
    89.500  -412.428493976  -412.359727855  -412.299615928  -412.299615928  -412.248289989
    90.000  -412.441678295  -412.367189889  -412.307365028  -412.307365028  -412.248410129
    90.500  -412.454573079  -412.373898404  -412.314092077  -412.314092077  -412.248499688
    91.000  -412.465792390  -412.378644970  -412.318599257  -412.318599257  -412.248540102
    91.500  -412.474686791  -412.380962027  -412.320454256  -412.320454256  -412.248576739
    92.000  -412.480765132  -412.380520124  -412.319379650  -412.319379650  -412.248644053
    92.500  -412.483370044  -412.376785984  -412.314902468  -412.314902468  -412.248631736
    93.000  -412.483169191  -412.370509960  -412.307848851  -412.307848851  -412.248408820
    93.500  -412.483661537  -412.365255750  -412.301881993  -412.301881993  -412.248109030
    94.000  -412.489043617  -412.365309337  -412.301393144  -412.301393144  -412.248069538
    94.500  -412.499522430  -412.371023896  -412.306799212  -412.306799212  -412.248374775
    95.000  -412.510279995  -412.377777783  -412.313459763  -412.313459763  -412.248690263
    95.500  -412.516110057  -412.380567070  -412.316284641  -412.316284641  -412.248742026
    96.000  -412.515502673  -412.378038178  -412.313825970  -412.313825970  -412.248581808
    96.500  -412.510291079  -412.372108160  -412.307942553  -412.307942553  -412.248373917
    97.000  -412.503346977  -412.365661830  -412.301507947  -412.301507947  -412.248220498
    97.500  -412.496954769  -412.360945590  -412.296786289  -412.296786289  -412.248149949
    98.000  -412.492251000  -412.359026647  -412.294875992  -412.294875992  -412.248153868
    98.500  -412.489303312  -412.359889226  -412.295787840  -412.295787840  -412.248203026
    99.000  -412.487556163  -412.362887214  -412.298887308  -412.298887308  -412.248252987
    99.500  -412.486499956  -412.367411074  -412.303554949  -412.303554949  -412.248270107
   100.000  -412.486130348  -412.373334172  -412.309627095  -412.309627095  -412.248289579
   100.500  -412.486386719  -412.380435551  -412.316815710  -412.316815710  -412.248425335
   101.000  -412.485605197  -412.386833473  -412.323150413  -412.323150413  -412.248718523
   101.500  -412.480140217  -412.388594890  -412.324618228  -412.324618228  -412.248974501
   102.000  -412.467261036  -412.382637574  -412.318109165  -412.318109165  -412.248870053
   102.500  -412.449557978  -412.371168342  -412.305899371  -412.305899371  -412.248335704
   103.000  -412.435358934  -412.362170488  -412.296131651  -412.296131651  -412.247850977
   103.500  -412.431723310  -412.362479748  -412.295814007  -412.295814007  -412.247952034
   104.000  -412.437225834  -412.370605912  -412.303552355  -412.303552355  -412.248430116
   104.500  -412.444685119  -412.379426422  -412.312220204  -412.312220204  -412.248736296
   105.000  -412.448852621  -412.383805012  -412.316618539  -412.316618539  -412.248720569
   105.500  -412.449120777  -412.383245471  -412.316183366  -412.316183366  -412.248549152
   106.000  -412.447502044  -412.379853450  -412.312966152  -412.312966152  -412.248385646
   106.500  -412.446204933  -412.375916040  -412.309212670  -412.309212670  -412.248296031
   107.000  -412.446513160  -412.372796256  -412.306247735  -412.306247735  -412.248276970
   107.500  -412.448726140  -412.370884085  -412.304429153  -412.304429153  -412.248290348
   108.000  -412.452681382  -412.370131299  -412.303687630  -412.303687630  -412.248283816
   108.500  -412.458491982  -412.370795798  -412.304274838  -412.304274838  -412.248230309
   109.000  -412.466838893  -412.373734553  -412.307059822  -412.307059822  -412.248191846
   109.500  -412.478009366  -412.379437266  -412.312556725  -412.312556725  -412.248294433
   110.000  -412.490196825  -412.386311524  -412.319204868  -412.319204868  -412.248555877
   110.500  -412.499412322  -412.390578576  -412.323268086  -412.323268086  -412.248792708
   111.000  -412.502204153  -412.388971307  -412.321544668  -412.321544668  -412.248772832
   111.500  -412.498945906  -412.382010117  -412.314643873  -412.314643873  -412.248484449
   112.000  -412.493804563  -412.373976364  -412.306933447  -412.306933447  -412.248242693
   112.500  -412.490351799  -412.368536594  -412.302125287  -412.302125287  -412.248259815
   113.000  -412.488689874  -412.365878495  -412.300378785  -412.300378785  -412.248322966
   113.500  -412.487946555  -412.365201199  -412.300801840  -412.300801840  -412.248298006
   114.000  -412.488103855  -412.366530681  -412.303315608  -412.303315608  -412.248319654
   114.500  -412.488526172  -412.369246023  -412.307209364  -412.307209364  -412.248423564
   115.000  -412.487494434  -412.371606056  -412.310676402  -412.310676402  -412.248506276
   115.500  -412.483587724  -412.372118428  -412.312175895  -412.312175895  -412.248518147
   116.000  -412.476512285  -412.370362286  -412.311242880  -412.311242880  -412.248482329
   116.500  -412.466894948  -412.366786746  -412.308281908  -412.308281908  -412.248416073
   117.000  -412.456026335  -412.362468584  -412.304327499  -412.304327499  -412.248310472
   117.500  -412.445870506  -412.359140601  -412.301075641  -412.301075641  -412.248184058
   118.000  -412.438622808  -412.358764669  -412.300463502  -412.300463502  -412.248133519
   118.500  -412.435237854  -412.362074288  -412.303217833  -412.303217833  -412.248258302
   119.000  -412.434067041  -412.367220182  -412.307512333  -412.307512333  -412.248512651
   119.500  -412.431592199  -412.370509715  -412.309722898  -412.309722898  -412.248706268
   120.000  -412.425243544  -412.369228357  -412.307263736  -412.307263736  -412.248646826
   120.500  -412.416168832  -412.364410981  -412.301359399  -412.301359399  -412.248326170
   121.000  -412.409076109  -412.360689450  -412.296858895  -412.296858895  -412.248069056
   121.500  -412.407536958  -412.361599336  -412.297478827  -412.297478827  -412.248206862
   122.000  -412.409605739  -412.365192852  -412.301359097  -412.301359097  -412.248550629
   122.500  -412.410361144  -412.366556207  -412.303574747  -412.303574747  -412.248698357
   123.000  -412.407554689  -412.363431782  -412.301795026  -412.301795026  -412.248539662
   123.500  -412.403455947  -412.358055245  -412.298149069  -412.298149069  -412.248243407
   124.000  -412.402409091  -412.354727587  -412.296808918  -412.296808918  -412.248086690
   124.500  -412.406770351  -412.355785991  -412.299960434  -412.299960434  -412.248209184
   125.000  -412.414899622  -412.359625942  -412.305834425  -412.305834425  -412.248458759
   125.500  -412.423194213  -412.362743991  -412.310777115  -412.310777115  -412.248593575
   126.000  -412.429516387  -412.363155191  -412.312694686  -412.312694686  -412.248526770
   126.500  -412.434558483  -412.361742711  -412.312412098  -412.312412098  -412.248353433
   127.000  -412.440512104  -412.360914595  -412.312322158  -412.312322158  -412.248256176
   127.500  -412.448452806  -412.361978841  -412.313746086  -412.313746086  -412.248342598
   128.000  -412.456830721  -412.363623837  -412.315403891  -412.315403891  -412.248543330
   128.500  -412.462492581  -412.362923524  -412.314422543  -412.314422543  -412.248690818
   129.000  -412.463228318  -412.357862086  -412.308871819  -412.308871819  -412.248625367
   129.500  -412.460180398  -412.349724933  -412.300158555  -412.300158555  -412.248291962
   130.000  -412.458344890  -412.343606330  -412.293507519  -412.293507519  -412.247930655
   130.500  -412.462808490  -412.344679694  -412.294182751  -412.294182751  -412.247947188
   131.000  -412.473219204  -412.352702306  -412.301950378  -412.301950378  -412.248311666
   131.500  -412.484156220  -412.362377778  -412.311451743  -412.311451743  -412.248636991
   132.000  -412.490426057  -412.368604047  -412.317507537  -412.317507537  -412.248762568
   132.500  -412.489805864  -412.369172368  -412.317855587  -412.317855587  -412.248743211
   133.000  -412.482653991  -412.364364721  -412.312757323  -412.312757323  -412.248601440
   133.500  -412.471528866  -412.356583214  -412.304615497  -412.304615497  -412.248332831
   134.000  -412.460877472  -412.350070329  -412.297685895  -412.297685895  -412.248073638
   134.500  -412.454831211  -412.348754275  -412.295918866  -412.295918866  -412.248036993
   135.000  -412.454246345  -412.353335069  -412.300043676  -412.300043676  -412.248197127
   135.500  -412.456953987  -412.361544589  -412.307822045  -412.307822045  -412.248357674
   136.000  -412.460373803  -412.370732372  -412.316614213  -412.316614213  -412.248476530
   136.500  -412.462383673  -412.378696927  -412.324196030  -412.324196030  -412.248614342
   137.000  -412.460777116  -412.383117875  -412.328188694  -412.328188694  -412.248757221
   137.500  -412.453544285  -412.381822551  -412.326352137  -412.326352137  -412.248826399
   138.000  -412.440090538  -412.374003974  -412.317843022  -412.317843022  -412.248710748
   138.500  -412.422822596  -412.361823209  -412.304858325  -412.304858325  -412.248339760
   139.000  -412.407741671  -412.351039467  -412.293279460  -412.293279460  -412.247917614
   139.500  -412.401116940  -412.347732078  -412.289356903  -412.289356903  -412.247859537
   140.000  -412.403849680  -412.352698872  -412.294034581  -412.294034581  -412.248167340
   140.500  -412.411442713  -412.361422933  -412.302868892  -412.302868892  -412.248445769
   141.000  -412.419353188  -412.369397871  -412.311357512  -412.311357512  -412.248528742
   141.500  -412.425726911  -412.374838509  -412.317675830  -412.317675830  -412.248523709
   142.000  -412.430220274  -412.377494014  -412.321507988  -412.321507988  -412.248544601
   142.500  -412.432386027  -412.377032208  -412.322442371  -412.322442371  -412.248606402
   143.000  -412.431412340  -412.372775066  -412.319715706  -412.319715706  -412.248634401
   143.500  -412.427199171  -412.364763689  -412.313283223  -412.313283223  -412.248516381
   144.000  -412.421883957  -412.355266150  -412.305330275  -412.305330275  -412.248228209
   144.500  -412.419921520  -412.348856162  -412.300348042  -412.300348042  -412.247964519
   145.000  -412.425109229  -412.349447214  -412.302174305  -412.302174305  -412.248009374
   145.500  -412.436624560  -412.356358144  -412.310066141  -412.310066141  -412.248375831
   146.000  -412.448853370  -412.364156600  -412.318557565  -412.318557565  -412.248784966
   146.500  -412.455360332  -412.366607839  -412.321421653  -412.321421653  -412.248989641
   147.000  -412.452778603  -412.360524158  -412.315525828  -412.315525828  -412.248884061
   147.500  -412.442652979  -412.347574441  -412.302641747  -412.302641747  -412.248469191
   148.000  -412.431166497  -412.334005302  -412.289141918  -412.289141918  -412.248001636
   148.500  -412.425070915  -412.326593986  -412.281892670  -412.281892670  -412.247907874
   149.000  -412.425798259  -412.326788955  -412.282338815  -412.282338815  -412.248180931
   149.500  -412.429460912  -412.330716861  -412.286514367  -412.286514367  -412.248420063
   150.000  -412.432236662  -412.334553193  -412.290472947  -412.290472947  -412.248455031
   150.500  -412.433136495  -412.337277349  -412.293098293  -412.293098293  -412.248386831
   151.000  -412.432891083  -412.339559972  -412.295011201  -412.295011201  -412.248328447
   151.500  -412.432325679  -412.342146540  -412.296945143  -412.296945143  -412.248310290
   152.000  -412.431823184  -412.345328034  -412.299202863  -412.299202863  -412.248305615
   152.500  -412.431644488  -412.349264144  -412.301965487  -412.301965487  -412.248283663
   153.000  -412.432312046  -412.354364756  -412.305662897  -412.305662897  -412.248264576
   153.500  -412.434280399  -412.360953064  -412.310633369  -412.310633369  -412.248315964
   154.000  -412.437030513  -412.368354783  -412.316210589  -412.316210589  -412.248446663
   154.500  -412.438984409  -412.374812667  -412.320649361  -412.320649361  -412.248556218
   155.000  -412.438821348  -412.378815794  -412.322476638  -412.322476638  -412.248574033
   155.500  -412.436401395  -412.380047673  -412.321460601  -412.321460601  -412.248564135
   156.000  -412.432049254  -412.378694579  -412.317927348  -412.317927348  -412.248555846
   156.500  -412.426340361  -412.375231993  -412.312538953  -412.312538953  -412.248415343
   157.000  -412.421663903  -412.371974109  -412.307802874  -412.307802874  -412.248170802
   157.500  -412.421438818  -412.372279811  -412.307214082  -412.307214082  -412.248151928
   158.000  -412.425815642  -412.376256372  -412.310902284  -412.310902284  -412.248401768
   158.500  -412.431159837  -412.380242124  -412.315111023  -412.315111023  -412.248591914
   159.000  -412.434414743  -412.381162114  -412.316603669  -412.316603669  -412.248581962
   159.500  -412.435355200  -412.378781054  -412.314973031  -412.314973031  -412.248474526
   160.000  -412.435393955  -412.374521608  -412.311492414  -412.311492414  -412.248371658
   160.500  -412.436069107  -412.369968772  -412.307635409  -412.307635409  -412.248290777
   161.000  -412.438641078  -412.366479447  -412.304694529  -412.304694529  -412.248206787
   161.500  -412.444331035  -412.365423882  -412.304023175  -412.304023175  -412.248118330
   162.000  -412.454255778  -412.368112441  -412.306955777  -412.306955777  -412.248082094
   162.500  -412.468618202  -412.374974501  -412.313966765  -412.313966765  -412.248163740
   163.000  -412.485827911  -412.384663816  -412.323757219  -412.323757219  -412.248362976
   163.500  -412.502556567  -412.394100579  -412.333280206  -412.333280206  -412.248622412
   164.000  -412.514646989  -412.399360576  -412.338628267  -412.338628267  -412.248875783
   164.500  -412.518290288  -412.396832010  -412.336199055  -412.336199055  -412.249016387
   165.000  -412.511845918  -412.385014102  -412.324505830  -412.324505830  -412.248846980
   165.500  -412.498633402  -412.367297796  -412.306973276  -412.306973276  -412.248259179
   166.000  -412.487822050  -412.352877399  -412.292843597  -412.292843597  -412.247642683
   166.500  -412.488339707  -412.350717309  -412.291110645  -412.291110645  -412.247678722
   167.000  -412.499650862  -412.360388870  -412.301317185  -412.301317185  -412.248301780
   167.500  -412.512595755  -412.372906525  -412.314400277  -412.314400277  -412.248801916
   168.000  -412.519032285  -412.380300429  -412.322316756  -412.322316756  -412.248878926
   168.500  -412.516773799  -412.380480242  -412.322940194  -412.322940194  -412.248711927
   169.000  -412.507697303  -412.375308886  -412.318122124  -412.318122124  -412.248506717
   169.500  -412.494819959  -412.367682716  -412.310741899  -412.310741899  -412.248333241
   170.000  -412.481051252  -412.360302857  -412.303462724  -412.303462724  -412.248188651
   170.500  -412.468984640  -412.355502411  -412.298556936  -412.298556936  -412.248086886
   171.000  -412.460552341  -412.354921233  -412.297591631  -412.297591631  -412.248074956
   171.500  -412.456316454  -412.358820045  -412.300751603  -412.300751603  -412.248169116
   172.000  -412.455232623  -412.365856700  -412.306631400  -412.306631400  -412.248321442
   172.500  -412.455308231  -412.373756537  -412.312923330  -412.312923330  -412.248476815
   173.000  -412.454406538  -412.380129208  -412.317258286  -412.317258286  -412.248618264
   173.500  -412.450612239  -412.382845104  -412.317605482  -412.317605482  -412.248722104
   174.000  -412.442748009  -412.380557670  -412.312810949  -412.312810949  -412.248690446
   174.500  -412.431822387  -412.374152748  -412.304042737  -412.304042737  -412.248425824
   175.000  -412.422079139  -412.367797825  -412.295793609  -412.295793609  -412.248112938
   175.500  -412.418060412  -412.366005963  -412.292848031  -412.292848031  -412.248151240
   176.000  -412.419370960  -412.368390378  -412.294943341  -412.294943341  -412.248456793
   176.500  -412.421862901  -412.370827468  -412.297911705  -412.297911705  -412.248566586
   177.000  -412.423730826  -412.371529205  -412.299806529  -412.299806529  -412.248442090
   177.500  -412.426358494  -412.371897543  -412.301814601  -412.301814601  -412.248384544
   178.000  -412.430460314  -412.372700748  -412.304468642  -412.304468642  -412.248469686
   178.500  -412.434856136  -412.372876390  -412.306483910  -412.306483910  -412.248514564
   179.000  -412.438728515  -412.371786554  -412.307045690  -412.307045690  -412.248433533
   179.500  -412.442837574  -412.370403538  -412.307009898  -412.307009898  -412.248333797
   180.000  -412.448187670  -412.369950522  -412.307535945  -412.307535945  -412.248320228
   180.500  -412.454628408  -412.370483818  -412.308651492  -412.308651492  -412.248370475
   181.000  -412.461101338  -412.371135289  -412.309482870  -412.309482870  -412.248420784
   181.500  -412.466518771  -412.370990547  -412.309130628  -412.309130628  -412.248462228
   182.000  -412.469977591  -412.369301264  -412.306884569  -412.306884569  -412.248517068
   182.500  -412.470566759  -412.365286242  -412.302033515  -412.302033515  -412.248560248
   183.000  -412.467859498  -412.358614218  -412.294356356  -412.294356356  -412.248473706
   183.500  -412.463586458  -412.351071359  -412.285791300  -412.285791300  -412.248157699
   184.000  -412.462644994  -412.347579548  -412.281433079  -412.281433079  -412.247824713
   184.500  -412.469705779  -412.352832645  -412.286119538  -412.286119538  -412.247905323
   185.000  -412.483437426  -412.365548772  -412.298633956  -412.298633956  -412.248357279
   185.500  -412.497071583  -412.379031327  -412.312262874  -412.312262874  -412.248745497
   186.000  -412.504398093  -412.387132548  -412.320791467  -412.320791467  -412.248892510
   186.500  -412.502839782  -412.387292866  -412.321578945  -412.321578945  -412.248850773
   187.000  -412.493130732  -412.380200844  -412.315235763  -412.315235763  -412.248636412
   187.500  -412.478957962  -412.369436764  -412.305272251  -412.305272251  -412.248260407
   188.000  -412.466351543  -412.360881197  -412.297512250  -412.297512250  -412.247913414
   188.500  -412.460652725  -412.359713798  -412.297092479  -412.297092479  -412.247885859
   189.000  -412.462464236  -412.366387346  -412.304431574  -412.304431574  -412.248190282
   189.500  -412.467495277  -412.376476739  -412.315068294  -412.315068294  -412.248532396
   190.000  -412.470627523  -412.384727208  -412.323709333  -412.323709333  -412.248700099
   190.500  -412.469116498  -412.388242967  -412.327428011  -412.327428011  -412.248717917
   191.000  -412.462541611  -412.386436609  -412.325631299  -412.325631299  -412.248693335
   191.500  -412.451406771  -412.379636677  -412.318685959  -412.318685959  -412.248660018
   192.000  -412.436702103  -412.368664357  -412.307503203  -412.307503203  -412.248524998
   192.500  -412.421163565  -412.356103406  -412.294807199  -412.294807199  -412.248179437
   193.000  -412.410400860  -412.347441812  -412.286251118  -412.286251118  -412.247800876
   193.500  -412.409955211  -412.348150322  -412.287432943  -412.287432943  -412.247820502
   194.000  -412.419478676  -412.357874666  -412.298029674  -412.298029674  -412.248241531
   194.500  -412.432737783  -412.370434605  -412.311784893  -412.311784893  -412.248623138
   195.000  -412.443612222  -412.379796777  -412.322535995  -412.322535995  -412.248761498
   195.500  -412.449439437  -412.383396806  -412.327598469  -412.327598469  -412.248735118
   196.000  -412.450307663  -412.381424209  -412.327080205  -412.327080205  -412.248627340
   196.500  -412.447820746  -412.375588187  -412.322647040  -412.322647040  -412.248472777
   197.000  -412.444390544  -412.368411740  -412.316799312  -412.316799312  -412.248321329
   197.500  -412.442388676  -412.362381537  -412.312003032  -412.312003032  -412.248217354
   198.000  -412.443434219  -412.359234231  -412.309963623  -412.309963623  -412.248158264
   198.500  -412.448271742  -412.359840510  -412.311508942  -412.311508942  -412.248175135
   199.000  -412.456323010  -412.363772185  -412.316167492  -412.316167492  -412.248323839
   199.500  -412.465083046  -412.368708418  -412.321588348  -412.321588348  -412.248551005
   200.000  -412.470931743  -412.371234065  -412.324347901  -412.324347901  -412.248738475
   200.500  -412.470890509  -412.368556362  -412.321671953  -412.321671953  -412.248806306
   201.000  -412.464038231  -412.359875935  -412.312811228  -412.312811228  -412.248671754
   201.500  -412.452822273  -412.347675519  -412.300328504  -412.300328504  -412.248279881
   202.000  -412.443405183  -412.338078965  -412.290443986  -412.290443986  -412.247872995
   202.500  -412.441729224  -412.336969646  -412.289107629  -412.289107629  -412.247904701
   203.000  -412.447355280  -412.343874567  -412.295841368  -412.295841368  -412.248323696
   203.500  -412.454141102  -412.352649516  -412.304429644  -412.304429644  -412.248658055
   204.000  -412.456723026  -412.357927116  -412.309419695  -412.309419695  -412.248717603
   204.500  -412.453753134  -412.358322995  -412.309370336  -412.309370336  -412.248586429
   205.000  -412.447070190  -412.355600592  -412.306022937  -412.306022937  -412.248362399
   205.500  -412.440143112  -412.353122396  -412.302741055  -412.302741055  -412.248144175
   206.000  -412.436381530  -412.354170967  -412.302812177  -412.302812177  -412.248066572
   206.500  -412.437105079  -412.359924727  -412.307412709  -412.307412709  -412.248192178
   207.000  -412.440656138  -412.368573544  -412.314723879  -412.314723879  -412.248427668
   207.500  -412.443720652  -412.376639347  -412.321261247  -412.321261247  -412.248629869
   208.000  -412.443465390  -412.381111876  -412.324024686  -412.324024686  -412.248712359
   208.500  -412.438929423  -412.380841922  -412.321906632  -412.321906632  -412.248648733
   209.000  -412.431398041  -412.376930493  -412.316086473  -412.316086473  -412.248493369
   209.500  -412.423461583  -412.371810054  -412.309117807  -412.309117807  -412.248392831
   210.000  -412.416963349  -412.367216093  -412.302890898  -412.302890898  -412.248390338
   210.500  -412.412499687  -412.363689381  -412.298118923  -412.298118923  -412.248302494
   211.000  -412.411633121  -412.362773291  -412.296498110  -412.296498110  -412.248120241
   211.500  -412.416654293  -412.366761533  -412.300400161  -412.300400161  -412.248188189
   212.000  -412.426205647  -412.374321378  -412.308447879  -412.308447879  -412.248541040
   212.500  -412.434935779  -412.380149508  -412.315182725  -412.315182725  -412.248808214
   213.000  -412.438492724  -412.379957549  -412.316118420  -412.316118420  -412.248813662
   213.500  -412.436379238  -412.373322407  -412.310653449  -412.310653449  -412.248627421
   214.000  -412.431222710  -412.362959546  -412.301370291  -412.301370291  -412.248356369
   214.500  -412.427059825  -412.353012631  -412.292327581  -412.292327581  -412.248120313
   215.000  -412.427376022  -412.347096158  -412.287094428  -412.287094428  -412.248033158
   215.500  -412.433426537  -412.346618145  -412.287055069  -412.287055069  -412.248091124
   216.000  -412.444220624  -412.350761114  -412.291391128  -412.291391128  -412.248192637
   216.500  -412.457920622  -412.357878898  -412.298477786  -412.298477786  -412.248276302
   217.000  -412.472800956  -412.366449853  -412.306840620  -412.306840620  -412.248362111
   217.500  -412.487104038  -412.374920726  -412.314996332  -412.314996332  -412.248491613
   218.000  -412.498550242  -412.381200781  -412.320937311  -412.320937311  -412.248671904
   218.500  -412.504361439  -412.382664498  -412.322127661  -412.322127661  -412.248832570
   219.000  -412.502474872  -412.377344437  -412.316688820  -412.316688820  -412.248794873
   219.500  -412.494149645  -412.366524476  -412.305993436  -412.305993436  -412.248395885
   220.000  -412.485831589  -412.356617168  -412.296530538  -412.296530538  -412.247854242
   220.500  -412.485460896  -412.355518980  -412.296225196  -412.296225196  -412.247776241
   221.000  -412.494157260  -412.364355575  -412.306144097  -412.306144097  -412.248289512
   221.500  -412.504531909  -412.375808005  -412.318841827  -412.318841827  -412.248824188
   222.000  -412.508383961  -412.381763691  -412.326082083  -412.326082083  -412.248971832
   222.500  -412.502927842  -412.379485110  -412.325054032  -412.325054032  -412.248772234
   223.000  -412.490740436  -412.371523061  -412.318290009  -412.318290009  -412.248446605
   223.500  -412.476570798  -412.362528349  -412.310445269  -412.310445269  -412.248217331
   224.000  -412.463973571  -412.355903099  -412.304914262  -412.304914262  -412.248182162
   224.500  -412.453797747  -412.352309091  -412.302317684  -412.302317684  -412.248253821
   225.000  -412.445291052  -412.350783534  -412.301624281  -412.301624281  -412.248300166
   225.500  -412.437959067  -412.350606686  -412.302030861  -412.302030861  -412.248289332
   226.000  -412.432095721  -412.351838150  -412.303520236  -412.303520236  -412.248279709
   226.500  -412.427997329  -412.354540929  -412.306101177  -412.306101177  -412.248338717
   227.000  -412.424996570  -412.357827468  -412.308868928  -412.308868928  -412.248482946
   227.500  -412.421261703  -412.359670547  -412.309830697  -412.309830697  -412.248643292
   228.000  -412.414891822  -412.358005578  -412.307024470  -412.307024470  -412.248664247
   228.500  -412.406154811  -412.352970335  -412.300765804  -412.300765804  -412.248433436
   229.000  -412.398773697  -412.348189737  -412.294909261  -412.294909261  -412.248139921
   229.500  -412.397026758  -412.347875388  -412.293882133  -412.293882133  -412.248132868
   230.000  -412.401102833  -412.352177055  -412.297961175  -412.297961175  -412.248356638
   230.500  -412.407721256  -412.357800943  -412.303863469  -412.303863469  -412.248529729
   231.000  -412.413971242  -412.361855559  -412.308624716  -412.308624716  -412.248589119
   231.500  -412.418662207  -412.363222412  -412.311006649  -412.311006649  -412.248550849
   232.000  -412.422154375  -412.362397406  -412.311371872  -412.311371872  -412.248442807
   232.500  -412.425753177  -412.360877958  -412.311089884  -412.311089884  -412.248364298
   233.000  -412.430297225  -412.359728420  -412.311113745  -412.311113745  -412.248370286
   233.500  -412.435424770  -412.358825987  -412.311224102  -412.311224102  -412.248400043
   234.000  -412.440385604  -412.357651748  -412.310827840  -412.310827840  -412.248389391
   234.500  -412.445002332  -412.356244394  -412.309904541  -412.309904541  -412.248342490
   235.000  -412.449676637  -412.355201903  -412.309008641  -412.309008641  -412.248305518
   235.500  -412.454738216  -412.355033095  -412.308619871  -412.308619871  -412.248323249
   236.000  -412.459801701  -412.355517219  -412.308505795  -412.308505795  -412.248405026
   236.500  -412.463685901  -412.355618210  -412.307653321  -412.307653321  -412.248487177
   237.000  -412.465435142  -412.354494696  -412.305296436  -412.305296436  -412.248432114
   237.500  -412.466202708  -412.353372194  -412.302796945  -412.302796945  -412.248199099
   238.000  -412.469432881  -412.355729560  -412.303798747  -412.303798747  -412.248073868
   238.500  -412.476716501  -412.363175328  -412.310036642  -412.310036642  -412.248356567
   239.000  -412.483947203  -412.371616427  -412.317448320  -412.317448320  -412.248805288
   239.500  -412.484659002  -412.374576211  -412.319511034  -412.319511034  -412.248979213
   240.000  -412.476328970  -412.369462794  -412.313565602  -412.313565602  -412.248752230
   240.500  -412.462481550  -412.359659211  -412.302943884  -412.302943884  -412.248301194
   241.000  -412.450012874  -412.351867786  -412.294322430  -412.294322430  -412.247968892
   241.500  -412.444041132  -412.351001407  -412.292603976  -412.292603976  -412.247996870
   242.000  -412.444383522  -412.356693829  -412.297422677  -412.297422677  -412.248271767
   242.500  -412.447046172  -412.364797351  -412.304632840  -412.304632840  -412.248507603
   243.000  -412.448293541  -412.371440516  -412.310361016  -412.310361016  -412.248577643
   243.500  -412.446723000  -412.375089816  -412.313069657  -412.313069657  -412.248540456
   244.000  -412.442662988  -412.375943886  -412.312953109  -412.312953109  -412.248493014
   244.500  -412.436798942  -412.374564307  -412.310580340  -412.310580340  -412.248486223
   245.000  -412.429394172  -412.371102306  -412.306134595  -412.306134595  -412.248505930
   245.500  -412.420499522  -412.365511039  -412.299639241  -412.299639241  -412.248470843
   246.000  -412.411145049  -412.358735117  -412.292156371  -412.292156371  -412.248276551
   246.500  -412.404671880  -412.354043137  -412.287102411  -412.287102411  -412.247970448
   247.000  -412.405647631  -412.355944397  -412.289130922  -412.289130922  -412.247881507
   247.500  -412.415227093  -412.365561069  -412.299440000  -412.299440000  -412.248209682
   248.000  -412.428612180  -412.378093711  -412.313203885  -412.313203885  -412.248647192
   248.500  -412.439244969  -412.387006937  -412.323784078  -412.323784078  -412.248837267
   249.000  -412.443978351  -412.389187680  -412.327941828  -412.327941828  -412.248756092
   249.500  -412.443769419  -412.385631365  -412.326560279  -412.326560279  -412.248573929
   250.000  -412.441312619  -412.379074396  -412.322282069  -412.322282069  -412.248443466
   250.500  -412.438762026  -412.371718193  -412.317227058  -412.317227058  -412.248372451
   251.000  -412.437450183  -412.364954924  -412.312710823  -412.312710823  -412.248276325
   251.500  -412.438839803  -412.360336421  -412.310217340  -412.310217340  -412.248173358
   252.000  -412.444212257  -412.359284475  -412.311114675  -412.311114675  -412.248182341
   252.500  -412.453122360  -412.361556980  -412.315126513  -412.315126513  -412.248322899
   253.000  -412.463172966  -412.365007195  -412.320082321  -412.320082321  -412.248492655
   253.500  -412.471457372  -412.366988928  -412.323311176  -412.323311176  -412.248620190
   254.000  -412.475737797  -412.365494046  -412.322772714  -412.322772714  -412.248694538
   254.500  -412.474846596  -412.359527862  -412.317435503  -412.317435503  -412.248672947
   255.000  -412.469419143  -412.349824498  -412.308009119  -412.308009119  -412.248465192
   255.500  -412.462962034  -412.339925792  -412.298034384  -412.298034384  -412.248120054
   256.000  -412.460676859  -412.335039435  -412.292743247  -412.292743247  -412.247962256
   256.500  -412.464818255  -412.337451245  -412.294446394  -412.294446394  -412.248176998
   257.000  -412.472245863  -412.344094911  -412.300101903  -412.300101903  -412.248478331
   257.500  -412.478271437  -412.350376574  -412.305156501  -412.305156501  -412.248567774
   258.000  -412.481029073  -412.354497475  -412.307886776  -412.307886776  -412.248465650
   258.500  -412.481544074  -412.357495836  -412.309421399  -412.309421399  -412.248355907
   259.000  -412.481204332  -412.360713293  -412.311169375  -412.311169375  -412.248369805
   259.500  -412.479862430  -412.363900946  -412.312896988  -412.312896988  -412.248475086
   260.000  -412.476244259  -412.365626999  -412.313135983  -412.313135983  -412.248534013
   260.500  -412.469857469  -412.365176499  -412.311116264  -412.311116264  -412.248452284
   261.000  -412.462298028  -412.363868019  -412.308108541  -412.308108541  -412.248268279
   261.500  -412.456595884  -412.364428622  -412.306815752  -412.306815752  -412.248141624
   262.000  -412.454850203  -412.368673960  -412.309061360  -412.309061360  -412.248211033
   262.500  -412.456258320  -412.375571922  -412.313852793  -412.313852793  -412.248440650
   263.000  -412.457596205  -412.381733533  -412.317872645  -412.317872645  -412.248669855
   263.500  -412.455561886  -412.383739232  -412.317812752  -412.317812752  -412.248750044
   264.000  -412.449116417  -412.380464084  -412.312688887  -412.312688887  -412.248594863
   264.500  -412.440700755  -412.374284179  -412.305034711  -412.305034711  -412.248285099
   265.000  -412.434811425  -412.369657627  -412.299442117  -412.299442117  -412.248128840
   265.500  -412.433664295  -412.368799307  -412.298185522  -412.298185522  -412.248291154
   266.000  -412.435034255  -412.369524239  -412.299040877  -412.299040877  -412.248507368
   266.500  -412.435762655  -412.368746859  -412.298807929  -412.298807929  -412.248505996
   267.000  -412.435596872  -412.366309271  -412.297184399  -412.297184399  -412.248334479
   267.500  -412.436762040  -412.364552091  -412.296365822  -412.296365822  -412.248192495
   268.000  -412.441163607  -412.365517934  -412.298266957  -412.298266957  -412.248194179
   268.500  -412.448651987  -412.369214369  -412.302794081  -412.302794081  -412.248300471
   269.000  -412.457472519  -412.374058063  -412.308292359  -412.308292359  -412.248415170
   269.500  -412.465647587  -412.378244514  -412.312916451  -412.312916451  -412.248487770
   270.000  -412.471819274  -412.380577441  -412.315454289  -412.315454289  -412.248517524
   270.500  -412.475374130  -412.380578362  -412.315430062  -412.315430062  -412.248509356
   271.000  -412.476409010  -412.378440842  -412.313052296  -412.313052296  -412.248458530
   271.500  -412.475749819  -412.375046266  -412.309226078  -412.309226078  -412.248383260
   272.000  -412.474600575  -412.371620797  -412.305215879  -412.305215879  -412.248345749
   272.500  -412.473655231  -412.368864987  -412.301788965  -412.301788965  -412.248367661
   273.000  -412.472855197  -412.366727924  -412.298999374  -412.298999374  -412.248346383
   273.500  -412.472672911  -412.365695366  -412.297468740  -412.297468740  -412.248235016
   274.000  -412.474491522  -412.367170685  -412.298728663  -412.298728663  -412.248229055
   274.500  -412.478033167  -412.370908098  -412.302604568  -412.302604568  -412.248440565
   275.000  -412.480061505  -412.373715627  -412.305891546  -412.305891546  -412.248639355
   275.500  -412.477491247  -412.372550447  -412.305461886  -412.305461886  -412.248618855
   276.000  -412.470365136  -412.367474565  -412.301254851  -412.301254851  -412.248433807
   276.500  -412.461298473  -412.361086324  -412.295735079  -412.295735079  -412.248245032
   277.000  -412.453207080  -412.356247670  -412.291633964  -412.291633964  -412.248147517
   277.500  -412.447792786  -412.354574942  -412.290456054  -412.290456054  -412.248140730
   278.000  -412.445400212  -412.356305110  -412.292355646  -412.292355646  -412.248183040
   278.500  -412.445557664  -412.360844739  -412.296693076  -412.296693076  -412.248240536
   279.000  -412.447483948  -412.367280800  -412.302546874  -412.302546874  -412.248301598
   279.500  -412.450291244  -412.374584205  -412.308915565  -412.308915565  -412.248374583
   280.000  -412.452909336  -412.381531827  -412.314635969  -412.314635969  -412.248473510
   280.500  -412.453930899  -412.386550933  -412.318228641  -412.318228641  -412.248594558
   281.000  -412.451742196  -412.387851076  -412.318033194  -412.318033194  -412.248685308
   281.500  -412.445366410  -412.384270946  -412.313059657  -412.313059657  -412.248635193
   282.000  -412.436046586  -412.376869757  -412.304574966  -412.304574966  -412.248362099
   282.500  -412.428180027  -412.369881419  -412.297022006  -412.297022006  -412.248007445
   283.000  -412.427022985  -412.368448063  -412.295689235  -412.295689235  -412.247921431
   283.500  -412.433859450  -412.373813471  -412.301841215  -412.301841215  -412.248200832
   284.000  -412.444727710  -412.382058326  -412.311440074  -412.311440074  -412.248531814
   284.500  -412.454616283  -412.388278576  -412.319381625  -412.319381625  -412.248665519
   285.000  -412.461106055  -412.390200305  -412.323186375  -412.323186375  -412.248636061
   285.500  -412.464230079  -412.388021134  -412.322883777  -412.322883777  -412.248554072
   286.000  -412.464996216  -412.382926030  -412.319536062  -412.319536062  -412.248457380
   286.500  -412.464723385  -412.376419864  -412.314568711  -412.314568711  -412.248347633
   287.000  -412.464905353  -412.370195740  -412.309627391  -412.309627391  -412.248246903
   287.500  -412.466844788  -412.365763597  -412.306208256  -412.306208256  -412.248190427
   288.000  -412.471142790  -412.363942337  -412.305141286  -412.305141286  -412.248192249
   288.500  -412.477490624  -412.364643280  -412.306367880  -412.306367880  -412.248244157
   289.000  -412.484792117  -412.366983713  -412.309045605  -412.309045605  -412.248337523
   289.500  -412.491351161  -412.369460167  -412.311712127  -412.311712127  -412.248464741
   290.000  -412.495104619  -412.370161788  -412.312497004  -412.312497004  -412.248589120
   290.500  -412.494301200  -412.367432934  -412.309787486  -412.309787486  -412.248617597
   291.000  -412.488874055  -412.361230336  -412.303600256  -412.303600256  -412.248468243
   291.500  -412.481418651  -412.354102980  -412.296557137  -412.296557137  -412.248233605
   292.000  -412.475650041  -412.349671066  -412.292342221  -412.292342221  -412.248137813
   292.500  -412.473284853  -412.349544425  -412.292585442  -412.292585442  -412.248199287
   293.000  -412.473629857  -412.352940357  -412.296470167  -412.296470167  -412.248273767
   293.500  -412.475412401  -412.358518975  -412.302600662  -412.302600662  -412.248349294
   294.000  -412.477224671  -412.364817575  -412.309458586  -412.309458586  -412.248458088
   294.500  -412.477277096  -412.369985156  -412.315142934  -412.315142934  -412.248551132
   295.000  -412.474108340  -412.372473568  -412.318051029  -412.318051029  -412.248563588
   295.500  -412.467527275  -412.371969435  -412.317808086  -412.317808086  -412.248485727
   296.000  -412.458794664  -412.369577862  -412.315453351  -412.315453351  -412.248357342
   296.500  -412.450030859  -412.367236440  -412.312863671  -412.312863671  -412.248236493
   297.000  -412.443281482  -412.366792034  -412.311846631  -412.311846631  -412.248177966
   297.500  -412.439649261  -412.369148200  -412.313295597  -412.313295597  -412.248211270
   298.000  -412.438820731  -412.373804727  -412.316739222  -412.316739222  -412.248327920
   298.500  -412.439184753  -412.378989786  -412.320481302  -412.320481302  -412.248482520
   299.000  -412.438564819  -412.382397760  -412.322341627  -412.322341627  -412.248593861
   299.500  -412.435500237  -412.382474280  -412.320934261  -412.320934261  -412.248563203
   300.000  -412.430650842  -412.379813701  -412.317050881  -412.317050881  -412.248381429
   300.500  -412.426746276  -412.377110535  -412.313564066  -412.313564066  -412.248243466
   301.000  -412.425791761  -412.376360544  -412.312578118  -412.312578118  -412.248341962
   301.500  -412.426569977  -412.376361276  -412.312891676  -412.312891676  -412.248526149
   302.000  -412.426655818  -412.374716891  -412.312014322  -412.312014322  -412.248527097
   302.500  -412.426050234  -412.371462729  -412.309833146  -412.309833146  -412.248347735
   303.000  -412.427240272  -412.369130321  -412.308714102  -412.308714102  -412.248202506
   303.500  -412.432220778  -412.369791840  -412.310569389  -412.310569389  -412.248242584
   304.000  -412.440299091  -412.372890485  -412.314707879  -412.314707879  -412.248412475
   304.500  -412.448785508  -412.375935776  -412.318549350  -412.318549350  -412.248550748
   305.000  -412.455269414  -412.376754271  -412.319882994  -412.319882994  -412.248567912
   305.500  -412.459023490  -412.374855580  -412.318225557  -412.318225557  -412.248488215
   306.000  -412.460803035  -412.371200767  -412.314569423  -412.314569423  -412.248385020
   306.500  -412.461814073  -412.367162493  -412.310326442  -412.310326442  -412.248326940
   307.000  -412.462686177  -412.363498295  -412.306297315  -412.306297315  -412.248350194
   307.500  -412.462941104  -412.359826980  -412.302151676  -412.302151676  -412.248435217
   308.000  -412.461323488  -412.354963583  -412.296776569  -412.296776569  -412.248493386
   308.500  -412.457136135  -412.348256438  -412.289626691  -412.289626691  -412.248406183
   309.000  -412.451850291  -412.341203113  -412.282340534  -412.282340534  -412.248173082
   309.500  -412.448867789  -412.337230071  -412.278489024  -412.278489024  -412.248019116
   310.000  -412.450328018  -412.338523447  -412.280347518  -412.280347518  -412.248123746
   310.500  -412.454725344  -412.343654834  -412.286474692  -412.286474692  -412.248338112
   311.000  -412.458835788  -412.349481699  -412.293621804  -412.293621804  -412.248472655
   311.500  -412.460443965  -412.353832374  -412.299458074  -412.299458074  -412.248531677
   312.000  -412.458619184  -412.355745453  -412.302855441  -412.302855441  -412.248552652
   312.500  -412.453317984  -412.355061522  -412.303502388  -412.303502388  -412.248496991
   313.000  -412.445810151  -412.352857069  -412.302351457  -412.302351457  -412.248341417
   313.500  -412.438781799  -412.351581263  -412.301769213  -412.301769213  -412.248180818
   314.000  -412.434849975  -412.353615366  -412.304097332  -412.304097332  -412.248161582
   314.500  -412.434496927  -412.359243955  -412.309613975  -412.309613975  -412.248300685
   315.000  -412.435824157  -412.366409972  -412.316277031  -412.316277031  -412.248475039
   315.500  -412.436269033  -412.372405909  -412.321406013  -412.321406013  -412.248590554
   316.000  -412.434038664  -412.375282363  -412.323096843  -412.323096843  -412.248652094
   316.500  -412.428205341  -412.373938473  -412.320331141  -412.320331141  -412.248684110
   317.000  -412.418485910  -412.367914256  -412.312786440  -412.312786440  -412.248642583
   317.500  -412.405891848  -412.358057287  -412.301509694  -412.301509694  -412.248441039
   318.000  -412.393763853  -412.347571647  -412.289940799  -412.289940799  -412.248133308
   318.500  -412.386729557  -412.340986504  -412.282812022  -412.282812022  -412.247984252
   319.000  -412.387053078  -412.340514260  -412.282422887  -412.282422887  -412.248107163
   319.500  -412.393123244  -412.344541093  -412.287099151  -412.287099151  -412.248289318
   320.000  -412.402185110  -412.350356070  -412.293967849  -412.293967849  -412.248378685
   320.500  -412.412560294  -412.356374246  -412.301253588  -412.301253588  -412.248419550
   321.000  -412.423274360  -412.361772197  -412.307964686  -412.307964686  -412.248465796
   321.500  -412.433324943  -412.365758834  -412.313184575  -412.313184575  -412.248515336
   322.000  -412.441684057  -412.367566987  -412.316063050  -412.316063050  -412.248549585
   322.500  -412.447616886  -412.366747205  -412.316100559  -412.316100559  -412.248542794
   323.000  -412.451125937  -412.363580810  -412.313548684  -412.313548684  -412.248456419
   323.500  -412.453491127  -412.359597806  -412.309913282  -412.309913282  -412.248282575
   324.000  -412.457221281  -412.357519909  -412.307891857  -412.307891857  -412.248124808
   324.500  -412.464428293  -412.359644897  -412.309758166  -412.309758166  -412.248156525
   325.000  -412.474408491  -412.365438984  -412.314965885  -412.314965885  -412.248409522
   325.500  -412.483288718  -412.371172153  -412.319804224  -412.319804224  -412.248698571
   326.000  -412.486732056  -412.372592945  -412.320090160  -412.320090160  -412.248794127
   326.500  -412.483358034  -412.368324311  -412.314568214  -412.314568214  -412.248592558
   327.000  -412.476184669  -412.361312044  -412.306339434  -412.306339434  -412.248242827
   327.500  -412.470286453  -412.356519991  -412.300514872  -412.300514872  -412.248084330
   328.000  -412.468069312  -412.356249370  -412.299487333  -412.299487333  -412.248206785
   328.500  -412.467947973  -412.358831665  -412.301610172  -412.301610172  -412.248369133
   329.000  -412.467461040  -412.361730519  -412.304316903  -412.304316903  -412.248428174
   329.500  -412.465483256  -412.363735226  -412.306338980  -412.306338980  -412.248417686
   330.000  -412.462031600  -412.364762765  -412.307515966  -412.307515966  -412.248380143
   330.500  -412.457670681  -412.365265686  -412.308210031  -412.308210031  -412.248335331
   331.000  -412.453161545  -412.365882516  -412.308965966  -412.308965966  -412.248308319
   331.500  -412.449077890  -412.367056970  -412.310134573  -412.310134573  -412.248323019
   332.000  -412.445444215  -412.368673982  -412.311519081  -412.311519081  -412.248384457
   332.500  -412.441678789  -412.370000323  -412.312322642  -412.312322642  -412.248462117
   333.000  -412.437073943  -412.370164116  -412.311635333  -412.311635333  -412.248488792
   333.500  -412.431747394  -412.369110069  -412.309400779  -412.309400779  -412.248414957
   334.000  -412.427189951  -412.368161695  -412.306989871  -412.306989871  -412.248318550
   334.500  -412.424980841  -412.368766739  -412.305950744  -412.305950744  -412.248380129
   335.000  -412.424368026  -412.370100430  -412.305604333  -412.305604333  -412.248584900
   335.500  -412.422675672  -412.369472275  -412.303432744  -412.303432744  -412.248631754
   336.000  -412.419373050  -412.366369544  -412.299095801  -412.299095801  -412.248389676
   336.500  -412.417699542  -412.364055102  -412.295992915  -412.295992915  -412.248173815
   337.000  -412.420482439  -412.365379282  -412.297028489  -412.297028489  -412.248240103
   337.500  -412.426681706  -412.369328971  -412.301143041  -412.301143041  -412.248420816
   338.000  -412.433429491  -412.373064556  -412.305381576  -412.305381576  -412.248512707
   338.500  -412.438979616  -412.374864859  -412.307886196  -412.307886196  -412.248496820
   339.000  -412.443251651  -412.374673904  -412.308477596  -412.308477596  -412.248421783
   339.500  -412.447186469  -412.373464015  -412.308031852  -412.308031852  -412.248331273
   340.000  -412.452049206  -412.372548776  -412.307793628  -412.307793628  -412.248257095
   340.500  -412.458887280  -412.373049056  -412.308840142  -412.308840142  -412.248220721
   341.000  -412.468159763  -412.375529514  -412.311711361  -412.311711361  -412.248235303
   341.500  -412.479515258  -412.379776049  -412.316184250  -412.316184250  -412.248308659
   342.000  -412.491683735  -412.384685863  -412.321159141  -412.321159141  -412.248439690
   342.500  -412.502555977  -412.388328503  -412.324724428  -412.324724428  -412.248603003
   343.000  -412.509665553  -412.388407243  -412.324623489  -412.324623489  -412.248730362
   343.500  -412.511280521  -412.383320580  -412.319334556  -412.319334556  -412.248728845
   344.000  -412.507734123  -412.373460066  -412.309403563  -412.309403563  -412.248564468
   344.500  -412.501828606  -412.361596795  -412.297862642  -412.297862642  -412.248301849
   345.000  -412.497817398  -412.351868192  -412.289212188  -412.289212188  -412.248037577
   345.500  -412.499691251  -412.348150557  -412.287631134  -412.287631134  -412.247960793
   346.000  -412.508339478  -412.351416020  -412.293993035  -412.293993035  -412.248246400
   346.500  -412.519539695  -412.357774560  -412.303822627  -412.303822627  -412.248646561
   347.000  -412.527174087  -412.361381588  -412.310743195  -412.310743195  -412.248818635
   347.500  -412.528038055  -412.359121906  -412.311423494  -412.311423494  -412.248733657
   348.000  -412.522791494  -412.351685268  -412.306478624  -412.306478624  -412.248529558
   348.500  -412.514177037  -412.341834703  -412.298636470  -412.298636470  -412.248323109
   349.000  -412.505228724  -412.332619462  -412.290925772  -412.290925772  -412.248168006
   349.500  -412.498340496  -412.326444144  -412.285738057  -412.285738057  -412.248075812
   350.000  -412.494968148  -412.324763561  -412.284532581  -412.284532581  -412.248045842
   350.500  -412.495590060  -412.328041627  -412.287793236  -412.287793236  -412.248078194
   351.000  -412.499687766  -412.335731888  -412.295006875  -412.295006875  -412.248179791
   351.500  -412.505669674  -412.346187816  -412.304573640  -412.304573640  -412.248360726
   352.000  -412.510795961  -412.356578051  -412.313718749  -412.313718749  -412.248615615
   352.500  -412.511404332  -412.363098237  -412.318707682  -412.318707682  -412.248882616
   353.000  -412.504052228  -412.362094964  -412.315976971  -412.315976971  -412.248990580
   353.500  -412.488146573  -412.352694517  -412.304776341  -412.304776341  -412.248709053
   354.000  -412.468999259  -412.339879262  -412.290245877  -412.290245877  -412.248058225
   354.500  -412.456771318  -412.333505563  -412.282403238  -412.282403238  -412.247604652
   355.000  -412.458167973  -412.340093185  -412.287870937  -412.287870937  -412.247870368
   355.500  -412.469394443  -412.355824041  -412.302836044  -412.302836044  -412.248515402
   356.000  -412.480675141  -412.371025856  -412.317542511  -412.317542511  -412.248910659
   356.500  -412.485224139  -412.379053299  -412.325232438  -412.325232438  -412.248910196
   357.000  -412.482074473  -412.379052631  -412.324958070  -412.324958070  -412.248699054
   357.500  -412.473809879  -412.373674115  -412.319307693  -412.319307693  -412.248458415
   358.000  -412.463863425  -412.366380461  -412.311702713  -412.311702713  -412.248269963
   358.500  -412.455103901  -412.360046540  -412.304991661  -412.304991661  -412.248150230
   359.000  -412.449427381  -412.356566949  -412.301051962  -412.301051962  -412.248091871
   359.500  -412.447766412  -412.356876121  -412.300812709  -412.300812709  -412.248087638
   360.000  -412.450154952  -412.361020760  -412.304329444  -412.304329444  -412.248138642
   360.500  -412.455707106  -412.368138576  -412.310766109  -412.310766109  -412.248254460
   361.000  -412.462515626  -412.376353906  -412.318288672  -412.318288672  -412.248442185
   361.500  -412.467639992  -412.382756156  -412.324045129  -412.324045129  -412.248680668
   362.000  -412.467600356  -412.383882771  -412.324645211  -412.324645211  -412.248874233
   362.500  -412.459968984  -412.377297926  -412.317740707  -412.317740707  -412.248844038
   363.000  -412.445968392  -412.364186196  -412.304606813  -412.304606813  -412.248483832
   363.500  -412.431604179  -412.350497417  -412.291255801  -412.291255801  -412.248033997
   364.000  -412.423896050  -412.343204447  -412.284659439  -412.284659439  -412.247910189
   364.500  -412.425031589  -412.344488741  -412.286912042  -412.286912042  -412.248136606
   365.000  -412.431703470  -412.351091533  -412.294609950  -412.294609950  -412.248454216
   365.500  -412.438704837  -412.357899894  -412.302495464  -412.302495464  -412.248682658
   366.000  -412.441954541  -412.360946225  -412.306496714  -412.306496714  -412.248733803
   366.500  -412.440024997  -412.358904004  -412.305232597  -412.305232597  -412.248622001
   367.000  -412.434065328  -412.352989019  -412.299901668  -412.299901668  -412.248439736
   367.500  -412.426519124  -412.345673476  -412.292978080  -412.292978080  -412.248271567
   368.000  -412.419820640  -412.339389845  -412.286904263  -412.286904263  -412.248157662
   368.500  -412.415692969  -412.335844090  -412.283394261  -412.283394261  -412.248106371
   369.000  -412.414931655  -412.335811145  -412.283228110  -412.283228110  -412.248116676
   369.500  -412.417375855  -412.339115601  -412.286233674  -412.286233674  -412.248188229
   370.000  -412.421909818  -412.344636761  -412.291299215  -412.291299215  -412.248318584
   370.500  -412.426550511  -412.350394959  -412.296468672  -412.296468672  -412.248484473
   371.000  -412.428903892  -412.354002099  -412.299399311  -412.299399311  -412.248611155
   371.500  -412.427378279  -412.353864963  -412.298570703  -412.298570703  -412.248572212
   372.000  -412.422992634  -412.350986165  -412.295079389  -412.295079389  -412.248310497
   372.500  -412.419884260  -412.349471935  -412.293123504  -412.293123504  -412.248049454
   373.000  -412.421889949  -412.353123180  -412.296556652  -412.296556652  -412.248154446
   373.500  -412.427649070  -412.360546237  -412.303967047  -412.303967047  -412.248558789
   374.000  -412.431603336  -412.366142534  -412.309671956  -412.309671956  -412.248798644
   374.500  -412.430318873  -412.366410716  -412.310061732  -412.310061732  -412.248663413
   375.000  -412.425589066  -412.363047872  -412.306749001  -412.306749001  -412.248372672
   375.500  -412.421497246  -412.360042352  -412.303685171  -412.303685171  -412.248229309
   376.000  -412.420128908  -412.359420779  -412.302903660  -412.302903660  -412.248276709
   376.500  -412.420776037  -412.360462062  -412.303713392  -412.303713392  -412.248353668
   377.000  -412.422108281  -412.361846042  -412.304825138  -412.304825138  -412.248355693
   377.500  -412.423780968  -412.363233657  -412.305924415  -412.305924415  -412.248305540
   378.000  -412.426276216  -412.365093386  -412.307494290  -412.307494290  -412.248266541
   378.500  -412.430016894  -412.367816382  -412.309934710  -412.309934710  -412.248282703
   379.000  -412.434693154  -412.371052324  -412.312903479  -412.312903479  -412.248365399
   379.500  -412.439093966  -412.373550633  -412.315165017  -412.315165017  -412.248486719
   380.000  -412.441577115  -412.373638980  -412.315076869  -412.315076869  -412.248564484
   380.500  -412.441339133  -412.370496768  -412.311872420  -412.311872420  -412.248476576
   381.000  -412.440115124  -412.365856964  -412.307364508  -412.307364508  -412.248181367
   381.500  -412.442452750  -412.364288136  -412.306211119  -412.306211119  -412.247899607
   382.000  -412.452324800  -412.369828766  -412.312506792  -412.312506792  -412.247976803
   382.500  -412.468417898  -412.381297662  -412.325055603  -412.325055603  -412.248386042
   383.000  -412.484549008  -412.392714244  -412.337784759  -412.337784759  -412.248753909
   383.500  -412.494833482  -412.398434405  -412.344919076  -412.344919076  -412.248877706
   384.000  -412.496932053  -412.396349614  -412.344223427  -412.344223427  -412.248803077
   384.500  -412.491793767  -412.387586798  -412.336727687  -412.336727687  -412.248600560
   385.000  -412.482645218  -412.375476494  -412.325697514  -412.325697514  -412.248305654
   385.500  -412.474171263  -412.364744584  -412.315819203  -412.315819203  -412.248024658
   386.000  -412.470681799  -412.359713459  -412.311394385  -412.311394385  -412.247940453
   386.500  -412.473445387  -412.361673519  -412.313707219  -412.313707219  -412.248103190
   387.000  -412.479996224  -412.368200364  -412.320336169  -412.320336169  -412.248354633
   387.500  -412.486351310  -412.375345965  -412.327341561  -412.327341561  -412.248544050
   388.000  -412.489324398  -412.379918768  -412.331541744  -412.331541744  -412.248652108
   388.500  -412.487086283  -412.380026064  -412.331060528  -412.331060528  -412.248704432
   389.000  -412.478993705  -412.374902358  -412.325164146  -412.325164146  -412.248669588
   389.500  -412.466062165  -412.365394089  -412.314762134  -412.314762134  -412.248468657
   390.000  -412.451909421  -412.354924013  -412.303377578  -412.303377578  -412.248114134
   390.500  -412.442170969  -412.348934619  -412.296574521  -412.296574521  -412.247856040
   391.000  -412.440718135  -412.351141127  -412.298160223  -412.298160223  -412.247976068
   391.500  -412.445840177  -412.359731997  -412.306343729  -412.306343729  -412.248353739
   392.000  -412.451936363  -412.369053169  -412.315417276  -412.315417276  -412.248625562
   392.500  -412.454606049  -412.374668714  -412.320861855  -412.320861855  -412.248666732
   393.000  -412.452781699  -412.375470989  -412.321498020  -412.321498020  -412.248588651
   393.500  -412.447408567  -412.372352168  -412.318176880  -412.318176880  -412.248511858
   394.000  -412.439725262  -412.366485152  -412.312056464  -412.312056464  -412.248465576
   394.500  -412.430774161  -412.358837312  -412.304105336  -412.304105336  -412.248395940
   395.000  -412.422103243  -412.350873943  -412.295797345  -412.295797345  -412.248232490
   395.500  -412.416590979  -412.345394284  -412.289940474  -412.289940474  -412.248018356
   396.000  -412.417563461  -412.345674420  -412.289812376  -412.289812376  -412.247961839
   396.500  -412.425758847  -412.352467669  -412.296163437  -412.296163437  -412.248203058
   397.000  -412.437467550  -412.362157481  -412.305376184  -412.305376184  -412.248586277
   397.500  -412.446752595  -412.368957066  -412.311682999  -412.311682999  -412.248849677
   398.000  -412.449361215  -412.368771897  -412.311046718  -412.311046718  -412.248858060
   398.500  -412.445000386  -412.361439928  -412.303400762  -412.303400762  -412.248601493
   399.000  -412.437509978  -412.350889453  -412.292794979  -412.292794979  -412.248200207
   399.500  -412.432814493  -412.343104203  -412.285322585  -412.285322585  -412.247943181
   400.000  -412.434581427  -412.341813276  -412.284763357  -412.284763357  -412.248055852
   400.500  -412.441116301  -412.345406973  -412.289478405  -412.289478405  -412.248366556
   401.000  -412.447698204  -412.349274429  -412.294764431  -412.294764431  -412.248546862
   401.500  -412.451216617  -412.350422794  -412.297513292  -412.297513292  -412.248517307
   402.000  -412.451623231  -412.348910572  -412.297681270  -412.297681270  -412.248394961
   402.500  -412.450465228  -412.346371482  -412.296819493  -412.296819493  -412.248293221
   403.000  -412.449195152  -412.344320552  -412.296378014  -412.296378014  -412.248260924
   403.500  -412.448360702  -412.343339196  -412.296886571  -412.296886571  -412.248298516
   404.000  -412.447570287  -412.343033421  -412.297910895  -412.297910895  -412.248371164
   404.500  -412.446043071  -412.342576538  -412.298594464  -412.298594464  -412.248410052
   405.000  -412.443621281  -412.341715028  -412.298671580  -412.298671580  -412.248349369
   405.500  -412.441609692  -412.341622044  -412.299320110  -412.299320110  -412.248225657
   406.000  -412.442046008  -412.344201803  -412.302465593  -412.302465593  -412.248215526
   406.500  -412.445169022  -412.349601876  -412.308291911  -412.308291911  -412.248416333
   407.000  -412.448176013  -412.354990891  -412.314016137  -412.314016137  -412.248649039
   407.500  -412.447750315  -412.357065058  -412.316390153  -412.316390153  -412.248670403
   408.000  -412.443512731  -412.355458353  -412.315105554  -412.315105554  -412.248459878
   408.500  -412.438337614  -412.353036614  -412.313067563  -412.313067563  -412.248250627
   409.000  -412.435030295  -412.352581250  -412.313051850  -412.313051850  -412.248290404
   409.500  -412.432967687  -412.353441651  -412.314346282  -412.314346282  -412.248496495
   410.000  -412.429175857  -412.352613100  -412.313850755  -412.313850755  -412.248596728
   410.500  -412.422026107  -412.348420174  -412.309806308  -412.309806308  -412.248511965
   411.000  -412.412562837  -412.341837587  -412.303145300  -412.303145300  -412.248342509
   411.500  -412.403225735  -412.335217465  -412.296221150  -412.296221150  -412.248191293
   412.000  -412.396310765  -412.330762115  -412.291265846  -412.291265846  -412.248105119
   412.500  -412.393180331  -412.329746020  -412.289593312  -412.289593312  -412.248094941
   413.000  -412.394038948  -412.332297385  -412.291368075  -412.291368075  -412.248159048
   413.500  -412.397953673  -412.337419693  -412.295620897  -412.295620897  -412.248287930
   414.000  -412.403053317  -412.343186627  -412.300442038  -412.300442038  -412.248450665
   414.500  -412.407082581  -412.347289863  -412.303531951  -412.303531951  -412.248577194
   415.000  -412.408510880  -412.348141674  -412.303309590  -412.303309590  -412.248574643
   415.500  -412.407839457  -412.346182302  -412.300226568  -412.300226568  -412.248421988
   416.000  -412.407731078  -412.344024045  -412.296915239  -412.296915239  -412.248254232
   416.500  -412.411008136  -412.344477356  -412.296213545  -412.296213545  -412.248213504
   417.000  -412.418637221  -412.348557042  -412.299167816  -412.299167816  -412.248244796
   417.500  -412.430183175  -412.355946015  -412.305483815  -412.305483815  -412.248294547
   418.000  -412.444371663  -412.365542654  -412.314057406  -412.314057406  -412.248462015
   418.500  -412.458117771  -412.374472784  -412.321972839  -412.321972839  -412.248682529
   419.000  -412.467627197  -412.379160730  -412.325600660  -412.325600660  -412.248744714
   419.500  -412.471336818  -412.378235996  -412.323545361  -412.323545361  -412.248612391
   420.000  -412.470630244  -412.373227378  -412.317360485  -412.317360485  -412.248403655
   420.500  -412.468282283  -412.367010968  -412.309979677  -412.309979677  -412.248221356
   421.000  -412.466874835  -412.362234862  -412.304122797  -412.304122797  -412.248107441
   421.500  -412.468055182  -412.360591638  -412.301545454  -412.301545454  -412.248067442
   422.000  -412.472372256  -412.362663598  -412.302872498  -412.302872498  -412.248096715
   422.500  -412.479317711  -412.367968366  -412.307640298  -412.307640298  -412.248190002
   423.000  -412.487424166  -412.375057334  -412.314396464  -412.314396464  -412.248336464
   423.500  -412.494477550  -412.381722433  -412.320915026  -412.320915026  -412.248507932
   424.000  -412.498020628  -412.385489707  -412.324699372  -412.324699372  -412.248647727
   424.500  -412.496268753  -412.384522681  -412.323895566  -412.323895566  -412.248681197
   425.000  -412.489207923  -412.378709137  -412.318392849  -412.318392849  -412.248562752
   425.500  -412.479181503  -412.370247960  -412.310418798  -412.310418798  -412.248323717
   426.000  -412.470279848  -412.363060927  -412.303948531  -412.303948531  -412.248083307
   426.500  -412.466373981  -412.360871811  -412.302758587  -412.302758587  -412.248027635
   427.000  -412.468283010  -412.364415856  -412.307600054  -412.307600054  -412.248268808
   427.500  -412.472345624  -412.370028181  -412.314753143  -412.314753143  -412.248619592
   428.000  -412.473156612  -412.372352113  -412.318745728  -412.318745728  -412.248776170
   428.500  -412.467932125  -412.368659970  -412.316712259  -412.316712259  -412.248679156
   429.000  -412.457688473  -412.360003596  -412.309572558  -412.309572558  -412.248464249
   429.500  -412.445478142  -412.349439280  -412.300272340  -412.300272340  -412.248259577
   430.000  -412.434442850  -412.340083471  -412.291841618  -412.291841618  -412.248120754
   430.500  -412.426831120  -412.334135078  -412.286421526  -412.286421526  -412.248057454
   431.000  -412.423740068  -412.332626619  -412.285019081  -412.285019081  -412.248063208
   431.500  -412.425163785  -412.335482955  -412.287569078  -412.287569078  -412.248126520
   432.000  -412.430164280  -412.341699953  -412.293115200  -412.293115200  -412.248229671
   432.500  -412.437166610  -412.349644221  -412.300108308  -412.300108308  -412.248346622
   433.000  -412.444389144  -412.357485595  -412.306830196  -412.306830196  -412.248453079
   433.500  -412.450239555  -412.363590633  -412.311773660  -412.311773660  -412.248545370
   434.000  -412.453442893  -412.366644816  -412.313748077  -412.313748077  -412.248615906
   434.500  -412.453290576  -412.365894463  -412.312107504  -412.312107504  -412.248577116
   435.000  -412.450882405  -412.362388715  -412.307983152  -412.307983152  -412.248331248
   435.500  -412.450115811  -412.359988836  -412.305283051  -412.305283051  -412.248050841
   436.000  -412.454947848  -412.362670883  -412.307978642  -412.307978642  -412.248094471
   436.500  -412.464579445  -412.369748691  -412.315315239  -412.315315239  -412.248439385
   437.000  -412.473766460  -412.376180714  -412.322141309  -412.322141309  -412.248711021
   437.500  -412.477951967  -412.377650447  -412.324038969  -412.324038969  -412.248724262
   438.000  -412.476244028  -412.373488958  -412.320269004  -412.320269004  -412.248564272
   438.500  -412.470535033  -412.365758082  -412.312852763  -412.312852763  -412.248368466
   439.000  -412.463534969  -412.357271809  -412.304580599  -412.304580599  -412.248217167
   439.500  -412.457499435  -412.350333943  -412.297726189  -412.297726189  -412.248133516
   440.000  -412.453756580  -412.346280862  -412.293590499  -412.293590499  -412.248114717
   440.500  -412.452680341  -412.345471818  -412.292498685  -412.292498685  -412.248145652
   441.000  -412.453881404  -412.347495233  -412.294021733  -412.294021733  -412.248203313
   441.500  -412.456548616  -412.351521170  -412.297337695  -412.297337695  -412.248262037
   442.000  -412.459832717  -412.356687415  -412.301616724  -412.301616724  -412.248313587
   442.500  -412.462973604  -412.362218467  -412.306132524  -412.306132524  -412.248383556
   443.000  -412.465020192  -412.367128962  -412.309953677  -412.309953677  -412.248479623
   443.500  -412.464888481  -412.370263951  -412.311973856  -412.311973856  -412.248508305
   444.000  -412.462655983  -412.371581540  -412.312195876  -412.312195876  -412.248384543
   444.500  -412.460427744  -412.373029026  -412.312603001  -412.312603001  -412.248265661
   445.000  -412.460024884  -412.376258110  -412.314859950  -412.314859950  -412.248353319
   445.500  -412.460346355  -412.380013958  -412.317695726  -412.317695726  -412.248508428
   446.000  -412.459134686  -412.381911503  -412.318699397  -412.318699397  -412.248519229
   446.500  -412.455903503  -412.381366745  -412.317280430  -412.317280430  -412.248426184
   447.000  -412.451699076  -412.379362317  -412.314443609  -412.314443609  -412.248351596
   447.500  -412.447501626  -412.376850319  -412.311178531  -412.311178531  -412.248319687
   448.000  -412.443756189  -412.374272051  -412.307963824  -412.307963824  -412.248299298
   448.500  -412.440721818  -412.371893316  -412.305090070  -412.305090070  -412.248279811
   449.000  -412.438630446  -412.369953332  -412.302805690  -412.302805690  -412.248274286
   449.500  -412.437544184  -412.368522794  -412.301172276  -412.301172276  -412.248287952
   450.000  -412.437300174  -412.367450845  -412.300017494  -412.300017494  -412.248304652
   450.500  -412.437746993  -412.366607115  -412.299179465  -412.299179465  -412.248303071
   451.000  -412.439008304  -412.366150998  -412.298779973  -412.298779973  -412.248299175
   451.500  -412.441213490  -412.366260318  -412.298959878  -412.298959878  -412.248347474
   452.000  -412.443789844  -412.366420429  -412.299174991  -412.299174991  -412.248434927
   452.500  -412.445755641  -412.365712204  -412.298491776  -412.298491776  -412.248422400
   453.000  -412.447548325  -412.364643294  -412.297420028  -412.297420028  -412.248259233
   453.500  -412.451440343  -412.365574572  -412.298329534  -412.298329534  -412.248174954
   454.000  -412.458372066  -412.369565449  -412.302276830  -412.302276830  -412.248347206
   454.500  -412.465647811  -412.374064927  -412.306692568  -412.306692568  -412.248587895
   455.000  -412.469480590  -412.375431387  -412.307908786  -412.307908786  -412.248658280
   455.500  -412.468482656  -412.372389406  -412.304632253  -412.304632253  -412.248530705
   456.000  -412.464323828  -412.366669549  -412.298589494  -412.298589494  -412.248300637
   456.500  -412.460334051  -412.361615883  -412.293131498  -412.293131498  -412.248103564
   457.000  -412.459384387  -412.360089169  -412.291136055  -412.291136055  -412.248063410
   457.500  -412.462053888  -412.362656925  -412.293202715  -412.293202715  -412.248189363
   458.000  -412.466488906  -412.367462117  -412.297524237  -412.297524237  -412.248363220
   458.500  -412.470059031  -412.371869940  -412.301533891  -412.301533891  -412.248466636
   459.000  -412.471135881  -412.374236016  -412.303657526  -412.303657526  -412.248460643
   459.500  -412.469753106  -412.374559536  -412.303955508  -412.303955508  -412.248382250
   460.000  -412.467075479  -412.373953370  -412.303582605  -412.303582605  -412.248326230
   460.500  -412.464016951  -412.373266076  -412.303405874  -412.303405874  -412.248374557
   461.000  -412.460153412  -412.371996615  -412.302922646  -412.302922646  -412.248464975
   461.500  -412.454657751  -412.369230039  -412.301205886  -412.301205886  -412.248415866
   462.000  -412.448688093  -412.366030700  -412.299303413  -412.299303413  -412.248202626
   462.500  -412.445466727  -412.365535055  -412.300322695  -412.300322695  -412.248090183
   463.000  -412.446618867  -412.369307363  -412.305768432  -412.305768432  -412.248248089
   463.500  -412.449913342  -412.375085291  -412.313281490  -412.313281490  -412.248481217
   464.000  -412.451830110  -412.379332415  -412.319212206  -412.319212206  -412.248584397
   464.500  -412.450570882  -412.380227296  -412.321639166  -412.321639166  -412.248569032
   465.000  -412.446211635  -412.377800882  -412.320527758  -412.320527758  -412.248515761
   465.500  -412.439664328  -412.372893212  -412.316693099  -412.316693099  -412.248441986
   466.000  -412.432357427  -412.366840364  -412.311481491  -412.311481491  -412.248314413
   466.500  -412.426528929  -412.361777597  -412.307069721  -412.307069721  -412.248152485
   467.000  -412.424744918  -412.360182759  -412.305995402  -412.305995402  -412.248083739
   467.500  -412.428055806  -412.363058657  -412.309324893  -412.309324893  -412.248197390
   468.000  -412.434834751  -412.368783772  -412.315493061  -412.315493061  -412.248383874
   468.500  -412.442279104  -412.374603780  -412.321789937  -412.321789937  -412.248492656
   469.000  -412.448488075  -412.378684699  -412.326414814  -412.326414814  -412.248548676
   469.500  -412.452310846  -412.379940382  -412.328307747  -412.328307747  -412.248637547
   470.000  -412.452419843  -412.377097320  -412.326216307  -412.326216307  -412.248677951
   470.500  -412.448489798  -412.369874034  -412.319879226  -412.319879226  -412.248506166
   471.000  -412.443228557  -412.361024138  -412.312068546  -412.312068546  -412.248196972
   471.500  -412.441056113  -412.355040808  -412.307270890  -412.307270890  -412.248076398
   472.000  -412.443630948  -412.353706619  -412.307208319  -412.307208319  -412.248236994
   472.500  -412.448557492  -412.354805014  -412.309548351  -412.309548351  -412.248415888
   473.000  -412.452887107  -412.355592462  -412.311410942  -412.311410942  -412.248440113
   473.500  -412.455758496  -412.355399196  -412.312011691  -412.312011691  -412.248366728
   474.000  -412.457865418  -412.355069808  -412.312121698  -412.312121698  -412.248306785
   474.500  -412.459902831  -412.355397486  -412.312500912  -412.312500912  -412.248320289
   475.000  -412.461649186  -412.356201849  -412.312968297  -412.312968297  -412.248404983
   475.500  -412.462004501  -412.356360417  -412.312430678  -412.312430678  -412.248497887
   476.000  -412.459965713  -412.354780688  -412.309851568  -412.309851568  -412.248488882
   476.500  -412.456194033  -412.351973361  -412.305819449  -412.305819449  -412.248313476
   477.000  -412.453716414  -412.350785143  -412.303266435  -412.303266435  -412.248098267
   477.500  -412.455886062  -412.354408098  -412.305464335  -412.305464335  -412.248101811
   478.000  -412.462735498  -412.362787628  -412.312408989  -412.312408989  -412.248390858
   478.500  -412.470081719  -412.371728052  -412.319925412  -412.319925412  -412.248737082
   479.000  -412.472852119  -412.376176286  -412.322969679  -412.322969679  -412.248841967
   479.500  -412.469496394  -412.374587437  -412.320018830  -412.320018830  -412.248601548
   480.000  -412.463397356  -412.370319751  -412.314471694  -412.314471694  -412.248269582
   480.500  -412.459176343  -412.367959121  -412.310949867  -412.310949867  -412.248204578
   481.000  -412.457768348  -412.368418922  -412.310366187  -412.310366187  -412.248367078
   481.500  -412.456782056  -412.369302328  -412.310294369  -412.310294369  -412.248470615
   482.000  -412.454403479  -412.368792185  -412.308885441  -412.308885441  -412.248421834
   482.500  -412.450984221  -412.367226049  -412.306471673  -412.306471673  -412.248309489
   483.000  -412.447965446  -412.366024866  -412.304491100  -412.304491100  -412.248223832
   483.500  -412.446519886  -412.366341608  -412.304127393  -412.304127393  -412.248204997
   484.000  -412.446875469  -412.368389630  -412.305626847  -412.305626847  -412.248261348
   484.500  -412.448170987  -412.371299506  -412.308145978  -412.308145978  -412.248380813
   485.000  -412.448682967  -412.373338935  -412.309970444  -412.309970444  -412.248520211
   485.500  -412.446557023  -412.372637387  -412.309238824  -412.309238824  -412.248591544
   486.000  -412.441148851  -412.368523458  -412.305277405  -412.305277405  -412.248502006
   486.500  -412.434242014  -412.362743319  -412.299820421  -412.299820421  -412.248287146
   487.000  -412.429283311  -412.358709332  -412.296262841  -412.296262841  -412.248178235
   487.500  -412.428050288  -412.358188507  -412.296361119  -412.296361119  -412.248333605
   488.000  -412.428587063  -412.359250678  -412.298199666  -412.298199666  -412.248533506
   488.500  -412.428153101  -412.359207794  -412.299136005  -412.299136005  -412.248501505
   489.000  -412.426836440  -412.358206728  -412.299368635  -412.299368635  -412.248380009
   489.500  -412.425840681  -412.357507160  -412.300166295  -412.300166295  -412.248421238
   490.000  -412.424303808  -412.356297913  -412.300657362  -412.300657362  -412.248526607
   490.500  -412.420484802  -412.352879309  -412.299029465  -412.299029465  -412.248509802
   491.000  -412.414337408  -412.347225865  -412.295133062  -412.295133062  -412.248380831
   491.500  -412.407568125  -412.341038862  -412.290564341  -412.290564341  -412.248240801
   492.000  -412.402227620  -412.336345274  -412.287271429  -412.287271429  -412.248153948
   492.500  -412.399664384  -412.334462560  -412.286522146  -412.286522146  -412.248135889
   493.000  -412.400205737  -412.335692228  -412.288592628  -412.288592628  -412.248175022
   493.500  -412.403301303  -412.339471423  -412.292914535  -412.292914535  -412.248244561
   494.000  -412.407935623  -412.344788099  -412.298486351  -412.298486351  -412.248308668
   494.500  -412.413175926  -412.350726004  -412.304413663  -412.304413663  -412.248345451
   495.000  -412.418473939  -412.356758972  -412.310197796  -412.310197796  -412.248390436
   495.500  -412.423140803  -412.362215214  -412.315196379  -412.315196379  -412.248525195
   496.000  -412.425317014  -412.365233063  -412.317578176  -412.317578176  -412.248732420
   496.500  -412.422431820  -412.363206314  -412.314776805  -412.314776805  -412.248794434
   497.000  -412.414285293  -412.355858810  -412.306581451  -412.306581451  -412.248505452
   497.500  -412.405608088  -412.347819765  -412.297711925  -412.297711925  -412.248048325
   498.000  -412.403099853  -412.345702530  -412.294871530  -412.294871530  -412.247924936
   498.500  -412.408485705  -412.351203643  -412.299803839  -412.299803839  -412.248257841
   499.000  -412.416839647  -412.359433689  -412.307604587  -412.307604587  -412.248624692
   499.500  -412.422308988  -412.364608649  -412.312435681  -412.312435681  -412.248715898
   500.000  -412.422804932  -412.364697944  -412.312212541  -412.312212541  -412.248586348
