 N     7.0   -1.87149713   -0.12758344   -0.13545140   14.00307401
 N     7.0    1.79567467    2.30486553   -0.13439718   14.00307401
 C     6.0   -0.83544442    2.18848187    0.05286823   12.00000000
 C     6.0    3.18554952    0.19872377    0.07936402   12.00000000
 C     6.0    2.16430560   -2.28945896    0.02101674   12.00000000
 C     6.0   -0.56784004   -2.44348314    0.01864178   12.00000000
 O     8.0   -1.74970550   -4.36806131    0.00209623   15.99491464
 O     8.0   -2.02212034    4.25092436    0.04799877   15.99491464
 H     1.0   -4.04056837   -0.21364606    0.57706203    1.00782504
 H     1.0    2.86092449    3.87765467    0.22523963    1.00782504
 H     1.0    5.10297372    0.45175517    0.02167297    1.00782504
 H     1.0    3.08727312   -4.14163772    0.05727484    1.00782504
