   -0.000811326   -0.000684107    0.000165724
    0.000101396    0.000419732   -0.000119814
   -0.000427494    0.000043486   -0.000467104
   -0.000135771   -0.000143970    0.000076661
   -0.000193783    0.000224538    0.000102775
    0.000571898   -0.000011915   -0.000103112
    0.000184104    0.000195387    0.000055794
    0.000466787    0.000016682    0.000175712
    0.000499737    0.002185188   -0.000231605
   -0.000472826   -0.001260375    0.000947486
   -0.000663144   -0.001568292    0.000677431
    0.001790257    0.000125824   -0.000935428
