 N     7.0   -1.81356951   -0.21416419    0.52032213   14.00307401
 N     7.0    1.78490447    2.14682169   -0.10342815   14.00307401
 C     6.0   -0.90288193    2.27105654    0.01548574   12.00000000
 C     6.0    3.27066381    0.04811477    0.03845470   12.00000000
 C     6.0    2.19414488   -2.36521843    0.06198661   12.00000000
 C     6.0   -0.66227257   -2.43058174    0.10543788   12.00000000
 O     8.0   -1.93939931   -4.25072697   -0.32258031   15.99491464
 O     8.0   -1.90375759    4.47526980   -0.18604475   15.99491464
 H     1.0   -3.46584201   -0.47780041    0.03574604    1.00782504
 H     1.0    2.60803065    3.72894391   -0.49667300    1.00782504
 H     1.0    5.41611869    0.47964749    0.07525628    1.00782504
 H     1.0    3.41093782   -4.08146695   -0.07440443    1.00782504
