    0.000596590    0.000207556    0.000166347
   -0.000133270    0.000163321   -0.000067590
    0.000390600    0.000184262   -0.000349134
    0.000029975   -0.000337734    0.000191985
   -0.000137400   -0.000170492   -0.000081711
   -0.000748323    0.000140319   -0.000299873
    0.000213537    0.000161625    0.000109905
   -0.000325082   -0.000328096    0.000242576
    0.002056436   -0.001020636   -0.000905260
   -0.002072212    0.000090741   -0.001258655
    0.000885724    0.000508644    0.000491135
    0.000294885    0.000413156    0.000977418
