     0.000  -412.538569410  -412.368154976  -412.311057286  -412.311057286  -412.242515316
     0.500  -412.536961698  -412.366539167  -412.307904893  -412.307904893  -412.242477181
     1.000  -412.535353988  -412.365417840  -412.305642434  -412.305642434  -412.242469490
     1.500  -412.533821750  -412.364893224  -412.304363735  -412.304363735  -412.242487532
     2.000  -412.532059835  -412.364686408  -412.303770100  -412.303770100  -412.242517462
     2.500  -412.529586609  -412.364350699  -412.303388257  -412.303388257  -412.242540634
     3.000  -412.526047479  -412.363581402  -412.302880462  -412.302880462  -412.242537202
     3.500  -412.521501881  -412.362502021  -412.302341233  -412.302341233  -412.242502130
     4.000  -412.516478850  -412.361709977  -412.302346380  -412.302346380  -412.242462750
     4.500  -412.511581447  -412.361874566  -412.303528116  -412.303528116  -412.242468964
     5.000  -412.506803788  -412.363042301  -412.305853124  -412.305853124  -412.242540353
     5.500  -412.501309359  -412.364396364  -412.308371119  -412.308371119  -412.242621396
     6.000  -412.494218717  -412.365020015  -412.309998325  -412.309998325  -412.242633035
     6.500  -412.485672330  -412.364941005  -412.310596719  -412.310596719  -412.242574670
     7.000  -412.476815531  -412.365114511  -412.310981547  -412.310981547  -412.242528744
     7.500  -412.468657377  -412.366290471  -412.311801600  -412.311801600  -412.242551856
     8.000  -412.461255706  -412.368216400  -412.312746873  -412.312746873  -412.242610677
     8.500  -412.454108758  -412.370054789  -412.312970895  -412.312970895  -412.242642651
     9.000  -412.446993300  -412.371253156  -412.311971480  -412.311971480  -412.242627142
     9.500  -412.440264052  -412.371882196  -412.309938022  -412.309938022  -412.242583053
    10.000  -412.434561601  -412.372374499  -412.307500440  -412.307500440  -412.242539400
    10.500  -412.430375530  -412.373101486  -412.305297356  -412.305297356  -412.242517317
    11.000  -412.427772442  -412.374093871  -412.303662169  -412.303662169  -412.242523446
    11.500  -412.426376577  -412.374997883  -412.302530718  -412.302530718  -412.242548093
    12.000  -412.425602488  -412.375279966  -412.301594441  -412.301594441  -412.242567812
    12.500  -412.425068796  -412.374621051  -412.300649874  -412.300649874  -412.242559754
    13.000  -412.424937426  -412.373249200  -412.299907363  -412.299907363  -412.242530109
    13.500  -412.425764973  -412.371795399  -412.299853358  -412.299853358  -412.242524778
    14.000  -412.427779613  -412.370582059  -412.300572931  -412.300572931  -412.242582169
    14.500  -412.430292551  -412.369047116  -412.301224006  -412.301224006  -412.242673727
    15.000  -412.432066370  -412.366118921  -412.300463526  -412.300463526  -412.242722666
    15.500  -412.432392576  -412.361288661  -412.297558626  -412.297558626  -412.242679297
    16.000  -412.431817648  -412.355320434  -412.293116055  -412.293116055  -412.242567348
    16.500  -412.431821621  -412.349910361  -412.288743458  -412.288743458  -412.242466484
    17.000  -412.433696311  -412.346550480  -412.285905103  -412.285905103  -412.242440626
    17.500  -412.437634919  -412.345610500  -412.284993993  -412.284993993  -412.242480942
    18.000  -412.442831482  -412.346433565  -412.285416355  -412.285416355  -412.242531714
    18.500  -412.448265411  -412.348117333  -412.286362920  -412.286362920  -412.242555501
    19.000  -412.453288575  -412.350100480  -412.287381701  -412.287381701  -412.242553109
    19.500  -412.457662034  -412.352199179  -412.288407033  -412.288407033  -412.242544469
    20.000  -412.461297311  -412.354352530  -412.289494434  -412.289494434  -412.242544411
    20.500  -412.464053384  -412.356425510  -412.290612607  -412.290612607  -412.242550918
    21.000  -412.465767357  -412.358244064  -412.291670754  -412.291670754  -412.242548120
    21.500  -412.466482612  -412.359826223  -412.292741592  -412.292741592  -412.242523032
    22.000  -412.466615951  -412.361549915  -412.294224139  -412.294224139  -412.242489026
    22.500  -412.466741850  -412.363935463  -412.296624755  -412.296624755  -412.242484530
    23.000  -412.467038185  -412.367088906  -412.300003748  -412.300003748  -412.242531824
    23.500  -412.466970684  -412.370384445  -412.303665316  -412.303665316  -412.242605218
    24.000  -412.465642136  -412.372813823  -412.306519174  -412.306519174  -412.242657549
    24.500  -412.462467643  -412.373663021  -412.307769356  -412.307769356  -412.242661794
    25.000  -412.457575176  -412.372917832  -412.307334088  -412.307334088  -412.242620453
    25.500  -412.451773419  -412.371237647  -412.305828388  -412.305828388  -412.242553359
    26.000  -412.446221765  -412.369630976  -412.304249012  -412.304249012  -412.242494200
    26.500  -412.441910658  -412.368939981  -412.303462213  -412.303462213  -412.242477198
    27.000  -412.439168774  -412.369348869  -412.303713620  -412.303713620  -412.242507942
    27.500  -412.437602917  -412.370325210  -412.304560782  -412.304560782  -412.242553732
    28.000  -412.436575188  -412.371096145  -412.305334631  -412.305334631  -412.242576042
    28.500  -412.435766005  -412.371215711  -412.305689058  -412.305689058  -412.242564437
    29.000  -412.435373090  -412.370767757  -412.305782001  -412.305782001  -412.242532386
    29.500  -412.435936953  -412.370197712  -412.306096318  -412.306096318  -412.242497844
    30.000  -412.438070943  -412.370051659  -412.307174210  -412.307174210  -412.242469772
    30.500  -412.442288663  -412.370812713  -412.309459632  -412.309459632  -412.242453026
    31.000  -412.448877817  -412.372787324  -412.313195400  -412.313195400  -412.242460739
    31.500  -412.457676530  -412.375889497  -412.318223721  -412.318223721  -412.242509978
    32.000  -412.467839109  -412.379411545  -412.323769518  -412.323769518  -412.242595338
    32.500  -412.477931760  -412.382111738  -412.328542155  -412.328542155  -412.242681752
    33.000  -412.486450562  -412.382714417  -412.331244556  -412.331244556  -412.242731236
    33.500  -412.492406278  -412.380471962  -412.331134814  -412.331134814  -412.242726768
    34.000  -412.495626195  -412.375444569  -412.328296250  -412.328296250  -412.242672258
    34.500  -412.496736529  -412.368470439  -412.323586697  -412.323586697  -412.242584852
    35.000  -412.496914256  -412.360916499  -412.318362416  -412.318362416  -412.242493880
    35.500  -412.497427878  -412.354223149  -412.314005051  -412.314005051  -412.242439539
    36.000  -412.499027436  -412.349295211  -412.311313794  -412.311313794  -412.242452376
    36.500  -412.501479476  -412.346027391  -412.310061919  -412.310061919  -412.242526159
    37.000  -412.503637964  -412.343369493  -412.309098157  -412.309098157  -412.242617322
    37.500  -412.504078224  -412.339965538  -412.307000952  -412.307000952  -412.242674946
    38.000  -412.501854032  -412.334918978  -412.302847999  -412.302847999  -412.242670426
    38.500  -412.496962894  -412.328265833  -412.296681452  -412.296681452  -412.242599712
    39.000  -412.490423923  -412.321055717  -412.289582110  -412.289582110  -412.242481552
    39.500  -412.483973430  -412.315056707  -412.283361692  -412.283361692  -412.242362346
    40.000  -412.479348237  -412.312052886  -412.279840647  -412.279840647  -412.242300422
    40.500  -412.477390340  -412.312950853  -412.279960720  -412.279960720  -412.242325041
    41.000  -412.477623530  -412.317341434  -412.283365491  -412.283365491  -412.242407379
    41.500  -412.478682506  -412.323894941  -412.288818783  -412.288818783  -412.242494803
    42.000  -412.479133835  -412.331148350  -412.294978706  -412.294978706  -412.242560109
    42.500  -412.477988646  -412.338021955  -412.300846877  -412.300846877  -412.242602949
    43.000  -412.474772811  -412.343901282  -412.305811286  -412.305811286  -412.242628269
    43.500  -412.469437073  -412.348537545  -412.309570853  -412.309570853  -412.242636039
    44.000  -412.462300107  -412.351979272  -412.312108740  -412.312108740  -412.242625545
    44.500  -412.453991512  -412.354529935  -412.313670562  -412.313670562  -412.242604098
    45.000  -412.445283896  -412.356612277  -412.314631248  -412.314631248  -412.242590412
    45.500  -412.436766602  -412.358472397  -412.315202527  -412.315202527  -412.242608194
    46.000  -412.428478257  -412.359836092  -412.315095866  -412.315095866  -412.242664916
    46.500  -412.419796985  -412.359814780  -412.313443646  -412.313443646  -412.242734066
    47.000  -412.409836216  -412.357313652  -412.309221246  -412.309221246  -412.242763200
    47.500  -412.398208985  -412.351802974  -412.302030204  -412.302030204  -412.242709696
    48.000  -412.385675883  -412.343970856  -412.292735969  -412.292735969  -412.242573015
    48.500  -412.374167734  -412.335736316  -412.283446313  -412.283446313  -412.242411684
    49.000  -412.365946667  -412.329390922  -412.276603336  -412.276603336  -412.242315882
    49.500  -412.362343482  -412.326312826  -412.273653397  -412.273653397  -412.242330376
    50.000  -412.363142112  -412.326335819  -412.274395928  -412.274395928  -412.242414100
    50.500  -412.367135020  -412.328300785  -412.277549212  -412.277549212  -412.242496712
    51.000  -412.373101457  -412.331041556  -412.281773448  -412.281773448  -412.242544958
    51.500  -412.380294252  -412.333885368  -412.286212411  -412.286212411  -412.242564835
    52.000  -412.388362365  -412.336586190  -412.290459624  -412.290459624  -412.242571828
    52.500  -412.397121293  -412.339097796  -412.294349252  -412.294349252  -412.242572662
    53.000  -412.406450613  -412.341465147  -412.297850881  -412.297850881  -412.242565519
    53.500  -412.416325357  -412.343845099  -412.301082208  -412.301082208  -412.242548767
    54.000  -412.426835715  -412.346517746  -412.304310168  -412.304310168  -412.242531026
    54.500  -412.438055272  -412.349751003  -412.307805492  -412.307805492  -412.242531862
    55.000  -412.449746878  -412.353507378  -412.311545680  -412.311545680  -412.242570980
    55.500  -412.461087738  -412.357171313  -412.314940080  -412.314940080  -412.242646925
    56.000  -412.470709486  -412.359588830  -412.316874046  -412.316874046  -412.242723927
    56.500  -412.477253511  -412.359615450  -412.316259710  -412.316259710  -412.242743499
    57.000  -412.480231414  -412.356966975  -412.312885931  -412.312885931  -412.242672471
    57.500  -412.480484887  -412.352669123  -412.307859194  -412.307859194  -412.242551358
    58.000  -412.479584812  -412.348447768  -412.302981398  -412.302981398  -412.242470830
    58.500  -412.478563699  -412.345456712  -412.299460538  -412.299460538  -412.242470928
    59.000  -412.477338350  -412.343696591  -412.297324448  -412.297324448  -412.242504912
    59.500  -412.475341575  -412.342646580  -412.296052795  -412.296052795  -412.242514120
    60.000  -412.472373878  -412.342113796  -412.295435804  -412.295435804  -412.242488792
    60.500  -412.468791949  -412.342419203  -412.295771014  -412.295771014  -412.242454492
    61.000  -412.465168091  -412.344056828  -412.297523114  -412.297523114  -412.242437416
    61.500  -412.461901535  -412.347304346  -412.300929386  -412.300929386  -412.242450490
    62.000  -412.459019453  -412.352023558  -412.305790509  -412.305790509  -412.242493622
    62.500  -412.456175385  -412.357657247  -412.311462148  -412.311462148  -412.242557341
    63.000  -412.452790029  -412.363367654  -412.316996538  -412.316996538  -412.242625945
    63.500  -412.448274483  -412.368256761  -412.321379468  -412.321379468  -412.242684121
    64.000  -412.442252575  -412.371596173  -412.323777933  -412.323777933  -412.242720836
    64.500  -412.434688074  -412.372978810  -412.323717107  -412.323717107  -412.242730685
    65.000  -412.425901551  -412.372369119  -412.321164830  -412.321164830  -412.242709948
    65.500  -412.416546840  -412.370125324  -412.316580966  -412.316580966  -412.242654946
    66.000  -412.407575927  -412.367000258  -412.310930818  -412.310930818  -412.242577068
    66.500  -412.400032849  -412.363945142  -412.305466124  -412.305466124  -412.242513838
    67.000  -412.394581051  -412.361614486  -412.301169406  -412.301169406  -412.242497677
    67.500  -412.391172760  -412.359990462  -412.298305298  -412.298305298  -412.242514648
    68.000  -412.389347878  -412.358636493  -412.296615792  -412.296615792  -412.242525844
    68.500  -412.388853546  -412.357288930  -412.295878676  -412.295878676  -412.242516829
    69.000  -412.389897120  -412.356101240  -412.296147931  -412.296147931  -412.242503322
    69.500  -412.392922246  -412.355435845  -412.297561646  -412.297561646  -412.242503007
    70.000  -412.398273779  -412.355566622  -412.300086441  -412.300086441  -412.242519231
    70.500  -412.406014409  -412.356550659  -412.303451386  -412.303451386  -412.242544034
    71.000  -412.415899085  -412.358248673  -412.307240250  -412.307240250  -412.242571116
    71.500  -412.427396057  -412.360360608  -412.310974134  -412.310974134  -412.242603202
    72.000  -412.439670685  -412.362384866  -412.314079530  -412.314079530  -412.242648633
    72.500  -412.451567275  -412.363551532  -412.315797687  -412.315797687  -412.242706001
    73.000  -412.461747134  -412.362910960  -412.315242517  -412.315242517  -412.242751435
    73.500  -412.469130783  -412.359740685  -412.311782769  -412.311782769  -412.242743340
    74.000  -412.473544038  -412.354175500  -412.305656888  -412.305656888  -412.242652259
    74.500  -412.476109609  -412.347601392  -412.298359440  -412.298359440  -412.242502167
    75.000  -412.478818411  -412.342234422  -412.292216663  -412.292216663  -412.242379004
    75.500  -412.483234823  -412.339842165  -412.289094992  -412.289094992  -412.242365838
    76.000  -412.489302547  -412.340554915  -412.289198107  -412.289198107  -412.242457644
    76.500  -412.495434308  -412.342956905  -412.291136331  -412.291136331  -412.242567597
    77.000  -412.499773958  -412.345345515  -412.293171348  -412.293171348  -412.242620155
    77.500  -412.501347894  -412.346879307  -412.294365377  -412.294365377  -412.242603171
    78.000  -412.500301090  -412.347785957  -412.294840361  -412.294840361  -412.242545990
    78.500  -412.497453843  -412.348874257  -412.295376075  -412.295376075  -412.242487661
    79.000  -412.493732420  -412.350964308  -412.296837590  -412.296837590  -412.242453781
    79.500  -412.489796286  -412.354547576  -412.299763751  -412.299763751  -412.242452282
    80.000  -412.485935180  -412.359675546  -412.304216381  -412.304216381  -412.242480214
    80.500  -412.482112115  -412.365982004  -412.309800514  -412.309800514  -412.242533773
    81.000  -412.478008337  -412.372730720  -412.315715492  -412.315715492  -412.242611177
    81.500  -412.473025088  -412.378841780  -412.320796914  -412.320796914  -412.242705000
    82.000  -412.466346080  -412.382993950  -412.323654576  -412.323654576  -412.242791103
    82.500  -412.457237412  -412.383976086  -412.323064750  -412.323064750  -412.242827694
    83.000  -412.445588528  -412.381282597  -412.318599183  -412.318599183  -412.242779883
    83.500  -412.432347146  -412.375592072  -412.311114387  -412.311114387  -412.242655405
    84.000  -412.419380576  -412.368641105  -412.302605070  -412.302605070  -412.242508312
    84.500  -412.408747110  -412.362480117  -412.295401748  -412.295401748  -412.242394845
    85.000  -412.401943602  -412.358677103  -412.291309373  -412.291309373  -412.242343619
    85.500  -412.399523452  -412.357889214  -412.291126569  -412.291126569  -412.242365082
    86.000  -412.400994596  -412.359725377  -412.294483948  -412.294483948  -412.242451083
    86.500  -412.404994302  -412.362903601  -412.300003612  -412.300003612  -412.242564303
    87.000  -412.409840176  -412.365799389  -412.305871437  -412.305871437  -412.242657810
    87.500  -412.414193860  -412.367119257  -412.310545989  -412.310545989  -412.242704940
    88.000  -412.417427588  -412.366285544  -412.313183963  -412.313183963  -412.242705215
    88.500  -412.419600552  -412.363432007  -412.313675449  -412.313675449  -412.242671883
    89.000  -412.421226737  -412.359184529  -412.312453895  -412.312453895  -412.242621156
    89.500  -412.423000767  -412.354388677  -412.310238718  -412.310238718  -412.242570773
    90.000  -412.425530021  -412.349833865  -412.307756224  -412.307756224  -412.242537714
    90.500  -412.429102030  -412.346005404  -412.305481667  -412.305481667  -412.242530244
    91.000  -412.433607534  -412.342992600  -412.303530963  -412.303530963  -412.242536070
    91.500  -412.438746712  -412.340680911  -412.301841698  -412.301841698  -412.242529463
    92.000  -412.444396362  -412.339106799  -412.300522000  -412.300522000  -412.242505103
    92.500  -412.450691154  -412.338535164  -412.299910297  -412.299910297  -412.242497362
    93.000  -412.457548551  -412.338981707  -412.300086662  -412.300086662  -412.242543814
    93.500  -412.464193500  -412.339738897  -412.300387199  -412.300387199  -412.242618390
    94.000  -412.469547969  -412.339768578  -412.299796886  -412.299796886  -412.242643658
    94.500  -412.473288723  -412.338764304  -412.298026217  -412.298026217  -412.242578994
    95.000  -412.476380935  -412.337697014  -412.296069538  -412.296069538  -412.242468548
    95.500  -412.480406812  -412.338163034  -412.295557351  -412.295557351  -412.242400884
    96.000  -412.486274307  -412.341109403  -412.297475384  -412.297475384  -412.242425746
    96.500  -412.493497252  -412.346121270  -412.301438645  -412.301438645  -412.242514136
    97.000  -412.500611836  -412.351833074  -412.306092633  -412.306092633  -412.242599432
    97.500  -412.506168897  -412.356904838  -412.310088329  -412.310088329  -412.242638377
    98.000  -412.509399979  -412.360664959  -412.312744021  -412.312744021  -412.242633169
    98.500  -412.510217509  -412.363090275  -412.314050686  -412.314050686  -412.242613943
    99.000  -412.508799037  -412.364383928  -412.314260108  -412.314260108  -412.242608126
    99.500  -412.505203319  -412.364585593  -412.313492580  -412.313492580  -412.242618624
   100.000  -412.499364552  -412.363568368  -412.311703982  -412.311703982  -412.242617946
   100.500  -412.491497539  -412.361436844  -412.309059185  -412.309059185  -412.242579694
   101.000  -412.482448121  -412.358870936  -412.306256792  -412.306256792  -412.242524534
   101.500  -412.473335089  -412.356754264  -412.304166627  -412.304166627  -412.242520835
   102.000  -412.464572185  -412.355202825  -412.302866371  -412.302866371  -412.242600340
   102.500  -412.455412302  -412.353126510  -412.301220386  -412.301220386  -412.242708315
   103.000  -412.444681677  -412.348998679  -412.297662041  -412.297662041  -412.242765195
   103.500  -412.431907175  -412.342012703  -412.291366091  -412.291366091  -412.242735462
   104.000  -412.417875875  -412.332673619  -412.282840735  -412.282840735  -412.242624820
   104.500  -412.404567226  -412.322746147  -412.273871367  -412.273871367  -412.242462666
   105.000  -412.394673348  -412.314786149  -412.267035641  -412.267035641  -412.242305227
   105.500  -412.390701976  -412.311248037  -412.264793261  -412.264793261  -412.242228561
   106.000  -412.393830460  -412.313338525  -412.268327672  -412.268327672  -412.242280111
   106.500  -412.403215411  -412.320322707  -412.276850605  -412.276850605  -412.242432643
   107.000  -412.416384368  -412.329901368  -412.287992835  -412.287992835  -412.242607693
   107.500  -412.430384813  -412.339341666  -412.298953566  -412.298953566  -412.242742789
   108.000  -412.442770116  -412.346438710  -412.307477953  -412.307477953  -412.242818916
   108.500  -412.451986486  -412.349882075  -412.312232336  -412.312232336  -412.242834712
   109.000  -412.457470288  -412.349335726  -412.312887010  -412.312887010  -412.242780491
   109.500  -412.459794933  -412.345573553  -412.310247736  -412.310247736  -412.242654136
   110.000  -412.460644734  -412.340448495  -412.306210827  -412.306210827  -412.242502807
   110.500  -412.462074199  -412.336156366  -412.303002490  -412.303002490  -412.242417081
   111.000  -412.465221695  -412.333954485  -412.301871163  -412.301871163  -412.242442434
   111.500  -412.469677943  -412.333538706  -412.302447101  -412.302447101  -412.242527490
   112.000  -412.474163934  -412.333714930  -412.303432748  -412.303432748  -412.242598356
   112.500  -412.477575593  -412.333440735  -412.303673888  -412.303673888  -412.242631114
   113.000  -412.479381306  -412.332222019  -412.302583421  -412.302583421  -412.242639075
   113.500  -412.479474976  -412.329963840  -412.300007888  -412.300007888  -412.242631778
   114.000  -412.478049765  -412.326849426  -412.296103761  -412.296103761  -412.242599236
   114.500  -412.475727968  -412.323476589  -412.291465477  -412.291465477  -412.242527092
   115.000  -412.473722335  -412.321030140  -412.287289740  -412.287289740  -412.242425477
   115.500  -412.473609028  -412.321066453  -412.285162911  -412.285162911  -412.242344366
   116.000  -412.476536794  -412.324745652  -412.286299915  -412.286299915  -412.242342682
   116.500  -412.482320144  -412.331935221  -412.290683966  -412.290683966  -412.242431495
   117.000  -412.489207361  -412.340948062  -412.296884840  -412.296884840  -412.242570314
   117.500  -412.494623726  -412.349294008  -412.302741588  -412.302741588  -412.242693476
   118.000  -412.496429332  -412.354951378  -412.306441826  -412.306441826  -412.242734711
   118.500  -412.494001434  -412.357453393  -412.307502012  -412.307502012  -412.242659437
   119.000  -412.488610609  -412.358178877  -412.307168069  -412.307168069  -412.242517614
   119.500  -412.482586499  -412.359468460  -412.307611454  -412.307611454  -412.242428269
   120.000  -412.477559224  -412.362847594  -412.310191018  -412.310191018  -412.242465856
   120.500  -412.473378811  -412.367955703  -412.314393334  -412.314393334  -412.242576787
   121.000  -412.468818227  -412.373268044  -412.318560203  -412.318560203  -412.242663805
   121.500  -412.462947050  -412.377492186  -412.321292483  -412.321292483  -412.242693248
   122.000  -412.455671842  -412.380135592  -412.322028762  -412.322028762  -412.242689797
   122.500  -412.447414288  -412.381215170  -412.320768659  -412.320768659  -412.242681890
   123.000  -412.438645166  -412.380830602  -412.317669203  -412.317669203  -412.242675914
   123.500  -412.429713826  -412.379034340  -412.312935195  -412.312935195  -412.242657489
   124.000  -412.421010084  -412.376022822  -412.307011994  -412.307011994  -412.242604585
   124.500  -412.413285576  -412.372459668  -412.300880564  -412.300880564  -412.242508426
   125.000  -412.407827966  -412.369623863  -412.296144724  -412.296144724  -412.242395213
   125.500  -412.406144799  -412.369054433  -412.294600032  -412.294600032  -412.242328383
   126.000  -412.409106374  -412.371655909  -412.297278966  -412.297278966  -412.242367894
   126.500  -412.416131435  -412.376864580  -412.303592238  -412.303592238  -412.242507752
   127.000  -412.425322385  -412.382786162  -412.311468988  -412.311468988  -412.242658828
   127.500  -412.434694308  -412.387446118  -412.318649836  -412.318649836  -412.242728251
   128.000  -412.443384424  -412.390035035  -412.323997140  -412.323997140  -412.242716292
   128.500  -412.451567673  -412.390859404  -412.327509601  -412.327509601  -412.242703123
   129.000  -412.459306285  -412.390210920  -412.329239755  -412.329239755  -412.242732968
   129.500  -412.465917094  -412.387724130  -412.328674344  -412.328674344  -412.242765251
   130.000  -412.470541182  -412.382911931  -412.325266394  -412.325266394  -412.242749377
   130.500  -412.472933189  -412.375911191  -412.319163072  -412.319163072  -412.242683732
   131.000  -412.473589428  -412.367571968  -412.311277052  -412.311277052  -412.242598727
   131.500  -412.473371934  -412.359056742  -412.302869637  -412.302869637  -412.242521543
   132.000  -412.473110750  -412.351428811  -412.295130741  -412.295130741  -412.242465452
   132.500  -412.473390045  -412.345438658  -412.288951666  -412.288951666  -412.242435076
   133.000  -412.474465782  -412.341450374  -412.284832601  -412.284832601  -412.242434719
   133.500  -412.476207831  -412.339400900  -412.282815277  -412.282815277  -412.242466857
   134.000  -412.478077895  -412.338794142  -412.282459623  -412.282459623  -412.242521544
   134.500  -412.479308753  -412.338893443  -412.283026310  -412.283026310  -412.242565767
   135.000  -412.479375422  -412.339192787  -412.283963798  -412.283963798  -412.242563907
   135.500  -412.478474791  -412.339895326  -412.285406647  -412.285406647  -412.242513435
   136.000  -412.477517077  -412.341907319  -412.288185053  -412.288185053  -412.242453082
   136.500  -412.477515930  -412.346229279  -412.293228002  -412.293228002  -412.242436100
   137.000  -412.478790665  -412.353156362  -412.300755489  -412.300755489  -412.242498303
   137.500  -412.480452969  -412.361741869  -412.309738536  -412.309738536  -412.242635215
   138.000  -412.480567509  -412.369925471  -412.318019379  -412.318019379  -412.242784253
   138.500  -412.477123449  -412.375470355  -412.323257451  -412.323257451  -412.242869799
   139.000  -412.469147346  -412.377065034  -412.324050097  -412.324050097  -412.242867578
   139.500  -412.457087909  -412.374718381  -412.320351538  -412.320351538  -412.242801271
   140.000  -412.442441624  -412.369429184  -412.313171386  -412.313171386  -412.242703034
   140.500  -412.427192629  -412.362690718  -412.304100967  -412.304100967  -412.242588927
   141.000  -412.413430356  -412.356174429  -412.295017619  -412.295017619  -412.242468267
   141.500  -412.403121848  -412.351550188  -412.287890382  -412.287890382  -412.242358984
   142.000  -412.397833553  -412.350216850  -412.284460917  -412.284460917  -412.242296976
   142.500  -412.398283285  -412.352826196  -412.285685804  -412.285685804  -412.242322390
   143.000  -412.403874368  -412.358774004  -412.291149669  -412.291149669  -412.242449260
   143.500  -412.412618560  -412.366094083  -412.298908851  -412.298908851  -412.242637917
   144.000  -412.421787046  -412.372103273  -412.306139906  -412.306139906  -412.242798575
   144.500  -412.429213056  -412.374721044  -412.310510060  -412.310510060  -412.242832620
   145.000  -412.434627946  -412.373830051  -412.311610960  -412.311610960  -412.242707758
   145.500  -412.439947855  -412.371577485  -412.311328909  -412.311328909  -412.242523942
   146.000  -412.447718329  -412.370818070  -412.312322340  -412.312322340  -412.242450543
   146.500  -412.458695456  -412.372674294  -412.315595487  -412.315595487  -412.242549017
   147.000  -412.471009771  -412.375673253  -412.319622713  -412.319622713  -412.242713700
   147.500  -412.481677975  -412.377225304  -412.321813563  -412.321813563  -412.242813501
   148.000  -412.488583052  -412.375576110  -412.320447935  -412.320447935  -412.242806467
   148.500  -412.491243777  -412.370549737  -412.315409344  -412.315409344  -412.242724125
   149.000  -412.490443226  -412.363168030  -412.307799451  -412.307799451  -412.242614191
   149.500  -412.487540666  -412.354960683  -412.299243911  -412.299243911  -412.242507062
   150.000  -412.483977410  -412.347477895  -412.291401529  -412.291401529  -412.242415384
   150.500  -412.481033568  -412.342057068  -412.285722050  -412.285722050  -412.242347601
   151.000  -412.479651172  -412.339658906  -412.283268927  -412.283268927  -412.242320733
   151.500  -412.480170839  -412.340614550  -412.284446879  -412.284446879  -412.242354355
   152.000  -412.482049448  -412.344349835  -412.288715067  -412.288715067  -412.242452556
   152.500  -412.483848332  -412.349375426  -412.294566836  -412.294566836  -412.242585058
   153.000  -412.483718798  -412.353769077  -412.300016760  -412.300016760  -412.242692456
   153.500  -412.480315927  -412.356085215  -412.303518304  -412.303518304  -412.242712025
   154.000  -412.473707360  -412.356261661  -412.304881631  -412.304881631  -412.242626338
   154.500  -412.465539174  -412.355785999  -412.305454254  -412.305454254  -412.242504331
   155.000  -412.457972494  -412.356637013  -412.307070479  -412.307070479  -412.242451859
   155.500  -412.452149883  -412.359752174  -412.310527279  -412.310527279  -412.242503023
   156.000  -412.447666321  -412.364496553  -412.315061831  -412.315061831  -412.242608888
   156.500  -412.443241387  -412.369329384  -412.319028086  -412.319028086  -412.242712518
   157.000  -412.437588997  -412.372671257  -412.320779010  -412.320779010  -412.242782764
   157.500  -412.429922740  -412.373421069  -412.319204916  -412.319204916  -412.242802726
   158.000  -412.420162824  -412.371195143  -412.314011283  -412.314011283  -412.242764831
   158.500  -412.408974517  -412.366412543  -412.305836099  -412.305836099  -412.242671551
   159.000  -412.397674903  -412.360239678  -412.296196316  -412.296196316  -412.242539417
   159.500  -412.387987515  -412.354348192  -412.287198462  -412.287198462  -412.242404149
   160.000  -412.381602336  -412.350441719  -412.280969652  -412.280969652  -412.242312709
   160.500  -412.379604549  -412.349632509  -412.278936445  -412.278936445  -412.242301744
   161.000  -412.382037736  -412.351959659  -412.281279060  -412.281279060  -412.242375731
   161.500  -412.387899017  -412.356359513  -412.286883081  -412.286883081  -412.242501452
   162.000  -412.395643623  -412.361167848  -412.293865776  -412.293865776  -412.242620940
   162.500  -412.404028985  -412.364993954  -412.300488886  -412.300488886  -412.242672806
   163.000  -412.412875647  -412.367535781  -412.306044486  -412.306044486  -412.242642445
   163.500  -412.423058327  -412.369641299  -412.310998262  -412.310998262  -412.242593312
   164.000  -412.435439244  -412.372297585  -412.316046353  -412.316046353  -412.242600037
   164.500  -412.449744469  -412.375509770  -412.321036403  -412.321036403  -412.242661978
   165.000  -412.464577043  -412.378272386  -412.324935096  -412.324935096  -412.242729949
   165.500  -412.478208885  -412.379297117  -412.326535784  -412.326535784  -412.242770732
   166.000  -412.489225894  -412.377598877  -412.325023258  -412.325023258  -412.242769700
   166.500  -412.496852438  -412.372772774  -412.320241870  -412.320241870  -412.242722674
   167.000  -412.501064177  -412.365063578  -412.312766267  -412.312766267  -412.242635913
   167.500  -412.502519276  -412.355270760  -412.303793306  -412.303793306  -412.242526511
   168.000  -412.502335562  -412.344605569  -412.294855646  -412.294855646  -412.242433104
   168.500  -412.501733887  -412.334550642  -412.287314548  -412.287314548  -412.242391134
   169.000  -412.501693622  -412.326438219  -412.281952179  -412.281952179  -412.242382948
   169.500  -412.502673514  -412.320813262  -412.278979799  -412.278979799  -412.242407814
   170.000  -412.504438664  -412.317364682  -412.278047007  -412.278047007  -412.242459811
   170.500  -412.506257587  -412.315303430  -412.278394933  -412.278394933  -412.242511564
   171.000  -412.507398824  -412.313881090  -412.279291369  -412.279291369  -412.242529382
   171.500  -412.507675060  -412.312917195  -412.280544771  -412.280544771  -412.242494467
   172.000  -412.507690599  -412.313030678  -412.282739007  -412.282739007  -412.242436877
   172.500  -412.508373700  -412.315165925  -412.286751552  -412.286751552  -412.242426554
   173.000  -412.509998380  -412.319613682  -412.292764757  -412.292764757  -412.242487439
   173.500  -412.511856793  -412.325679645  -412.299939580  -412.299939580  -412.242557408
   174.000  -412.513060053  -412.332474462  -412.307234382  -412.307234382  -412.242585161
   174.500  -412.513230009  -412.339595509  -412.314119270  -412.314119270  -412.242596607
   175.000  -412.512204058  -412.346823081  -412.320294716  -412.320294716  -412.242629063
   175.500  -412.509555190  -412.353630364  -412.325215752  -412.325215752  -412.242669304
   176.000  -412.504761867  -412.359337992  -412.328260873  -412.328260873  -412.242681700
   176.500  -412.497712041  -412.363595141  -412.329225906  -412.329225906  -412.242654303
   177.000  -412.488905461  -412.366556272  -412.328498056  -412.328498056  -412.242609161
   177.500  -412.479193041  -412.368648422  -412.326748429  -412.326748429  -412.242579376
   178.000  -412.469309609  -412.370173125  -412.324439036  -412.324439036  -412.242586572
   178.500  -412.459556853  -412.371072173  -412.321527006  -412.321527006  -412.242621278
   179.000  -412.449845311  -412.370974486  -412.317581133  -412.317581133  -412.242655384
   179.500  -412.440002387  -412.369490005  -412.312181880  -412.312181880  -412.242659085
   180.000  -412.430181695  -412.366628373  -412.305398289  -412.305398289  -412.242604508
   180.500  -412.421250821  -412.363193952  -412.298199760  -412.298199760  -412.242487171
   181.000  -412.414826284  -412.360817702  -412.292453463  -412.292453463  -412.242364630
   181.500  -412.412445917  -412.361107791  -412.290011344  -412.290011344  -412.242343403
   182.000  -412.414177721  -412.364234195  -412.291217110  -412.291217110  -412.242456653
   182.500  -412.418270203  -412.368556288  -412.294489408  -412.294489408  -412.242596288
   183.000  -412.422668356  -412.372122001  -412.297825507  -412.297825507  -412.242636386
   183.500  -412.426766327  -412.374416876  -412.300573510  -412.300573510  -412.242578241
   184.000  -412.431370107  -412.376326865  -412.303439610  -412.303439610  -412.242541409
   184.500  -412.437060798  -412.378510335  -412.306890391  -412.306890391  -412.242599878
   185.000  -412.443156572  -412.380367570  -412.310149041  -412.310149041  -412.242686537
   185.500  -412.448556664  -412.380896301  -412.312055788  -412.312055788  -412.242702920
   186.000  -412.453026207  -412.379987393  -412.312368000  -412.312368000  -412.242652128
   186.500  -412.457159536  -412.378399582  -412.311738623  -412.311738623  -412.242610507
   187.000  -412.461322753  -412.376702328  -412.310675289  -412.310675289  -412.242628430
   187.500  -412.464962818  -412.374574473  -412.308846474  -412.308846474  -412.242686719
   188.000  -412.466903095  -412.371071976  -412.305357721  -412.305357721  -412.242730889
   188.500  -412.466200082  -412.365456347  -412.299572799  -412.299572799  -412.242711060
   189.000  -412.462955367  -412.357988394  -412.291886708  -412.291886708  -412.242600500
   189.500  -412.458719727  -412.350328100  -412.284095716  -412.284095716  -412.242423498
   190.000  -412.456053249  -412.345103314  -412.278933844  -412.278933844  -412.242282415
   190.500  -412.456977828  -412.344375691  -412.278512277  -412.278512277  -412.242292910
   191.000  -412.461328944  -412.348003742  -412.282673026  -412.282673026  -412.242457566
   191.500  -412.466716020  -412.353607311  -412.288962384  -412.288962384  -412.242671202
   192.000  -412.470039158  -412.358080088  -412.294167229  -412.294167229  -412.242834804
   192.500  -412.469058807  -412.359149251  -412.295903530  -412.295903530  -412.242882245
   193.000  -412.463526767  -412.356497086  -412.293751864  -412.293751864  -412.242747885
   193.500  -412.456020386  -412.352597647  -412.290108322  -412.290108322  -412.242457118
   194.000  -412.451213972  -412.352005786  -412.289476476  -412.289476476  -412.242251576
   194.500  -412.452267328  -412.357767811  -412.294882358  -412.294882358  -412.242375367
   195.000  -412.457540948  -412.368136272  -412.304586998  -412.304586998  -412.242705719
   195.500  -412.462288938  -412.378230130  -412.313734795  -412.313734795  -412.242939174
   196.000  -412.462930460  -412.384266381  -412.318583127  -412.318583127  -412.242973263
   196.500  -412.458762188  -412.385272179  -412.318228139  -412.318228139  -412.242895268
   197.000  -412.450876956  -412.382041640  -412.313578700  -412.313578700  -412.242804065
   197.500  -412.440716800  -412.375741126  -412.305966611  -412.305966611  -412.242717974
   198.000  -412.429731118  -412.367602509  -412.296821781  -412.296821781  -412.242591947
   198.500  -412.419934039  -412.359487013  -412.288198857  -412.288198857  -412.242414823
   199.000  -412.413971664  -412.353943225  -412.282792179  -412.282792179  -412.242279539
   199.500  -412.413810472  -412.352878877  -412.282570433  -412.282570433  -412.242291161
   200.000  -412.419314797  -412.356130500  -412.287326827  -412.287326827  -412.242425555
   200.500  -412.428548879  -412.361771676  -412.294994282  -412.294994282  -412.242577689
   201.000  -412.439209359  -412.367562225  -412.303128914  -412.303128914  -412.242697485
   201.500  -412.449391916  -412.371733080  -412.309742546  -412.309742546  -412.242802898
   202.000  -412.457428861  -412.372832239  -412.313191674  -412.313191674  -412.242908438
   202.500  -412.461783645  -412.369608390  -412.312089343  -412.312089343  -412.242963716
   203.000  -412.461910801  -412.361837063  -412.306137586  -412.306137586  -412.242841770
   203.500  -412.460064411  -412.352086037  -412.297878918  -412.297878918  -412.242473389
   204.000  -412.461868645  -412.346246023  -412.293207999  -412.293207999  -412.242120848
   204.500  -412.472237584  -412.349435781  -412.297251963  -412.297251963  -412.242226166
   205.000  -412.489382643  -412.359996036  -412.308375543  -412.308375543  -412.242722991
   205.500  -412.505749632  -412.370411709  -412.319125000  -412.319125000  -412.243119183
   206.000  -412.514841316  -412.374120242  -412.323068086  -412.323068086  -412.243179554
   206.500  -412.515035263  -412.369326367  -412.318645065  -412.318645065  -412.242981081
   207.000  -412.508873627  -412.358371731  -412.308478834  -412.308478834  -412.242666452
   207.500  -412.500939361  -412.345775651  -412.297226277  -412.297226277  -412.242378929
   208.000  -412.495536406  -412.335967666  -412.289213779  -412.289213779  -412.242255024
   208.500  -412.494587191  -412.331029205  -412.286330894  -412.286330894  -412.242326589
   209.000  -412.497113566  -412.330051541  -412.287539507  -412.287539507  -412.242480084
   209.500  -412.500818167  -412.330753611  -412.290470175  -412.290470175  -412.242582729
   210.000  -412.504044482  -412.331505393  -412.293394775  -412.293394775  -412.242595081
   210.500  -412.506456163  -412.332017471  -412.295922854  -412.295922854  -412.242555213
   211.000  -412.508566148  -412.332868006  -412.298535496  -412.298535496  -412.242515699
   211.500  -412.510956542  -412.334715127  -412.301804166  -412.301804166  -412.242519602
   212.000  -412.513615653  -412.337623200  -412.305720093  -412.305720093  -412.242596816
   212.500  -412.515532315  -412.340659817  -412.309282044  -412.309282044  -412.242737444
   213.000  -412.514956610  -412.342151209  -412.310747695  -412.310747695  -412.242844074
   213.500  -412.510906625  -412.341184558  -412.309135808  -412.309135808  -412.242752053
   214.000  -412.505362046  -412.339796892  -412.306417982  -412.306417982  -412.242450515
   214.500  -412.502926161  -412.342626759  -412.307193121  -412.307193121  -412.242296127
   215.000  -412.505711504  -412.351788515  -412.313606598  -412.313606598  -412.242571712
   215.500  -412.509652854  -412.363147428  -412.321709238  -412.321709238  -412.242954966
   216.000  -412.508792141  -412.370527969  -412.325746663  -412.325746663  -412.243033493
   216.500  -412.501221224  -412.371646579  -412.323971596  -412.323971596  -412.242838478
   217.000  -412.489343370  -412.368558471  -412.318702814  -412.318702814  -412.242621655
   217.500  -412.476452790  -412.364340251  -412.312908960  -412.312908960  -412.242533325
   218.000  -412.464242080  -412.360499847  -412.307885069  -412.307885069  -412.242554519
   218.500  -412.452787114  -412.356909520  -412.303354046  -412.303354046  -412.242591502
   219.000  -412.441803369  -412.353082130  -412.298764078  -412.298764078  -412.242580146
   219.500  -412.431608478  -412.349162775  -412.294258562  -412.294258562  -412.242513530
   220.000  -412.423272431  -412.346098874  -412.290820439  -412.290820439  -412.242422147
   220.500  -412.418181222  -412.345210949  -412.289822619  -412.289822619  -412.242352090
   221.000  -412.417345786  -412.347506278  -412.292320146  -412.292320146  -412.242348914
   221.500  -412.420724587  -412.352998149  -412.298352649  -412.298352649  -412.242442628
   222.000  -412.426803429  -412.360276247  -412.306505576  -412.306505576  -412.242635142
   222.500  -412.432653848  -412.366552566  -412.313950794  -412.313950794  -412.242883859
   223.000  -412.434721314  -412.368430332  -412.317220731  -412.317220731  -412.243072479
   223.500  -412.430712880  -412.363766311  -412.314079606  -412.314079606  -412.243011734
   224.000  -412.422260324  -412.354308665  -412.306174980  -412.306174980  -412.242631441
   224.500  -412.415393128  -412.346159329  -412.299518262  -412.299518262  -412.242275047
   225.000  -412.415395990  -412.344648374  -412.299378752  -412.299378752  -412.242364997
   225.500  -412.421095589  -412.348647141  -412.304610050  -412.304610050  -412.242723836
   226.000  -412.427050446  -412.352769790  -412.309835359  -412.309835359  -412.242947476
   226.500  -412.429246339  -412.353061861  -412.311102775  -412.311102775  -412.242952978
   227.000  -412.426864968  -412.348762308  -412.307626119  -412.307626119  -412.242837390
   227.500  -412.421142827  -412.341163919  -412.300645527  -412.300645527  -412.242693459
   228.000  -412.413979913  -412.332226376  -412.292052219  -412.292052219  -412.242572189
   228.500  -412.407107824  -412.323744914  -412.283573391  -412.283573391  -412.242479715
   229.000  -412.401917509  -412.317175642  -412.276605168  -412.276605168  -412.242401817
   229.500  -412.399577683  -412.313748407  -412.272338258  -412.272338258  -412.242339963
   230.000  -412.400975707  -412.314404872  -412.271703399  -412.271703399  -412.242311290
   230.500  -412.406449822  -412.319528398  -412.275111127  -412.275111127  -412.242328553
   231.000  -412.415597526  -412.328749513  -412.282260994  -412.282260994  -412.242391915
   231.500  -412.427281102  -412.340946335  -412.292137993  -412.292137993  -412.242499044
   232.000  -412.439694061  -412.354307735  -412.303064288  -412.303064288  -412.242652933
   232.500  -412.450405997  -412.366378821  -412.312722165  -412.312722165  -412.242847138
   233.000  -412.456594657  -412.374295488  -412.318365891  -412.318365891  -412.243033316
   233.500  -412.455936637  -412.375678153  -412.317690747  -412.317690747  -412.243088210
   234.000  -412.448486406  -412.370516265  -412.310703986  -412.310703986  -412.242858336
   234.500  -412.438642313  -412.363138648  -412.301693245  -412.301693245  -412.242387257
   235.000  -412.433862690  -412.360938460  -412.297971745  -412.297971745  -412.242130581
   235.500  -412.437969133  -412.367679111  -412.303236027  -412.303236027  -412.242454901
   236.000  -412.446345282  -412.378683971  -412.312797334  -412.312797334  -412.242971867
   236.500  -412.451163511  -412.386044976  -412.318787073  -412.318787073  -412.243154821
   237.000  -412.448920349  -412.386145847  -412.317652579  -412.317652579  -412.242994988
   237.500  -412.441255566  -412.380489133  -412.310961919  -412.310961919  -412.242732675
   238.000  -412.431741729  -412.372504196  -412.302208977  -412.302208977  -412.242527052
   238.500  -412.423408313  -412.365092510  -412.294349616  -412.294349616  -412.242413610
   239.000  -412.418016348  -412.359912481  -412.289078573  -412.289078573  -412.242370731
   239.500  -412.416272522  -412.357593600  -412.287038738  -412.287038738  -412.242369110
   240.000  -412.418230502  -412.358137243  -412.288221864  -412.288221864  -412.242391851
   240.500  -412.423546548  -412.361173879  -412.292228896  -412.292228896  -412.242435204
   241.000  -412.431551157  -412.366040405  -412.298352945  -412.298352945  -412.242497856
   241.500  -412.441285285  -412.371823633  -412.305630444  -412.305630444  -412.242568222
   242.000  -412.451678655  -412.377550104  -412.313036443  -412.313036443  -412.242625634
   242.500  -412.461844244  -412.382488782  -412.319787063  -412.319787063  -412.242668196
   243.000  -412.471072180  -412.386143130  -412.325330009  -412.325330009  -412.242745512
   243.500  -412.478165728  -412.387574347  -412.328662555  -412.328662555  -412.242900523
   244.000  -412.481056376  -412.384991119  -412.327913554  -412.327913554  -412.243016170
   244.500  -412.478609705  -412.377519082  -412.322115939  -412.322115939  -412.242855672
   245.000  -412.473626258  -412.368169548  -412.314197365  -412.314197365  -412.242473240
   245.500  -412.471586972  -412.362575896  -412.309743217  -412.309743217  -412.242343866
   246.000  -412.474216529  -412.362572089  -412.310594428  -412.310594428  -412.242618411
   246.500  -412.477489804  -412.364213757  -412.312860177  -412.312860177  -412.242874627
   247.000  -412.477183065  -412.363325191  -412.312428683  -412.312428683  -412.242868656
   247.500  -412.472635721  -412.359246910  -412.308688053  -412.308688053  -412.242727045
   248.000  -412.465440492  -412.353522644  -412.303198987  -412.303198987  -412.242607071
   248.500  -412.457225177  -412.347686948  -412.297483362  -412.297483362  -412.242550267
   249.000  -412.448894870  -412.342517153  -412.292281884  -412.292281884  -412.242532914
   249.500  -412.440848125  -412.338259612  -412.287796062  -412.287796062  -412.242530197
   250.000  -412.433312257  -412.334977576  -412.284047417  -412.284047417  -412.242526928
   250.500  -412.426591890  -412.332810088  -412.281143706  -412.281143706  -412.242501529
   251.000  -412.421372861  -412.332287110  -412.279601662  -412.279601662  -412.242431177
   251.500  -412.418983241  -412.334597076  -412.280616292  -412.280616292  -412.242335164
   252.000  -412.421003540  -412.341197327  -412.285667923  -412.285667923  -412.242307743
   252.500  -412.427863072  -412.352408580  -412.295112910  -412.295112910  -412.242445548
   253.000  -412.437516239  -412.366088389  -412.306853028  -412.306853028  -412.242727487
   253.500  -412.445795906  -412.377984297  -412.316688084  -412.316688084  -412.243033634
   254.000  -412.448246908  -412.383567621  -412.320153918  -412.320153918  -412.243233033
   254.500  -412.442311928  -412.380212766  -412.314695730  -412.314695730  -412.243171988
   255.000  -412.429670766  -412.369526904  -412.301993551  -412.301993551  -412.242737199
   255.500  -412.417391356  -412.358495969  -412.289099324  -412.289099324  -412.242180250
   256.000  -412.413744632  -412.355314787  -412.284257578  -412.284257578  -412.242087025
   256.500  -412.420201039  -412.361406146  -412.288924728  -412.288924728  -412.242498132
   257.000  -412.430844373  -412.370835397  -412.297187101  -412.297187101  -412.242856097
   257.500  -412.439832321  -412.377752669  -412.303196809  -412.303196809  -412.242914779
   258.000  -412.445415175  -412.380407427  -412.305176468  -412.305176468  -412.242825531
   258.500  -412.448317843  -412.379549536  -412.303818136  -412.303818136  -412.242744560
   259.000  -412.449491399  -412.376202104  -412.300073650  -412.300073650  -412.242698959
   259.500  -412.449564109  -412.371123124  -412.294634812  -412.294634812  -412.242637526
   260.000  -412.449445393  -412.365402267  -412.288555940  -412.288555940  -412.242516683
   260.500  -412.450856660  -412.360977056  -412.283775833  -412.283775833  -412.242368925
   261.000  -412.455764513  -412.360044146  -412.282531262  -412.282531262  -412.242301693
   261.500  -412.464862983  -412.363522606  -412.285806521  -412.285806521  -412.242372461
   262.000  -412.476803412  -412.370270590  -412.292536115  -412.292536115  -412.242510968
   262.500  -412.489187148  -412.378068841  -412.300577851  -412.300577851  -412.242621075
   263.000  -412.499985872  -412.385036144  -412.308120732  -412.308120732  -412.242687397
   263.500  -412.507888111  -412.389973038  -412.314021842  -412.314021842  -412.242757510
   264.000  -412.511743660  -412.391804571  -412.317234046  -412.317234046  -412.242864576
   264.500  -412.510204371  -412.389219819  -412.316429392  -412.316429392  -412.242954625
   265.000  -412.502618052  -412.381566160  -412.310880313  -412.310880313  -412.242867271
   265.500  -412.491225265  -412.371049466  -412.302656438  -412.302656438  -412.242509265
   266.000  -412.481910943  -412.363488058  -412.297415806  -412.297415806  -412.242175594
   266.500  -412.479710932  -412.363828376  -412.299967818  -412.299967818  -412.242299440
   267.000  -412.483044617  -412.370382017  -412.308550162  -412.308550162  -412.242733117
   267.500  -412.485621337  -412.376729332  -412.316727039  -412.316727039  -412.243018110
   268.000  -412.482797793  -412.378072761  -412.319710803  -412.319710803  -412.243028769
   268.500  -412.473932427  -412.373597527  -412.316701889  -412.316701889  -412.242874589
   269.000  -412.461136262  -412.365238328  -412.309648642  -412.309648642  -412.242659900
   269.500  -412.447615281  -412.356036715  -412.301606487  -412.301606487  -412.242479169
   270.000  -412.436120730  -412.348601549  -412.295195102  -412.295195102  -412.242415616
   270.500  -412.427721732  -412.343885746  -412.291367780  -412.291367780  -412.242456982
   271.000  -412.421947651  -412.341331685  -412.289555389  -412.289555389  -412.242506958
   271.500  -412.418123860  -412.340206107  -412.289005091  -412.289005091  -412.242497561
   272.000  -412.416360123  -412.340584999  -412.289779819  -412.289779819  -412.242441102
   272.500  -412.417427067  -412.343226341  -412.292636685  -412.292636685  -412.242393794
   273.000  -412.421950228  -412.348761436  -412.298218513  -412.298218513  -412.242411278
   273.500  -412.429591018  -412.356873395  -412.306227921  -412.306227921  -412.242524225
   274.000  -412.438627521  -412.365878774  -412.314995873  -412.314995873  -412.242726865
   274.500  -412.446110602  -412.372882540  -412.321629930  -412.321629930  -412.242966018
   275.000  -412.448807162  -412.374715770  -412.322946563  -412.322946563  -412.243105897
   275.500  -412.445333787  -412.370056179  -412.317591612  -412.317591612  -412.242944456
   276.000  -412.438845169  -412.362098420  -412.308721876  -412.308721876  -412.242482638
   276.500  -412.436346205  -412.357858316  -412.303332369  -412.303332369  -412.242210035
   277.000  -412.441749996  -412.361247641  -412.305348995  -412.305348995  -412.242489780
   277.500  -412.451173186  -412.368398422  -412.310957433  -412.310957433  -412.242896190
   278.000  -412.458435511  -412.373176282  -412.314090230  -412.314090230  -412.242982217
   278.500  -412.461389816  -412.373513777  -412.312735001  -412.312735001  -412.242839876
   279.000  -412.461248158  -412.370725066  -412.308250052  -412.308250052  -412.242718622
   279.500  -412.459270030  -412.366187908  -412.302047348  -412.302047348  -412.242682919
   280.000  -412.455691647  -412.360254628  -412.294521784  -412.294521784  -412.242653460
   280.500  -412.450723023  -412.353233724  -412.286044802  -412.286044802  -412.242566686
   281.000  -412.445466912  -412.346300472  -412.277873536  -412.277873536  -412.242431725
   281.500  -412.441803856  -412.341383786  -412.272024846  -412.272024846  -412.242303814
   282.000  -412.441557066  -412.340339329  -412.270429983  -412.270429983  -412.242241544
   282.500  -412.445609237  -412.344077202  -412.274040770  -412.274040770  -412.242267257
   283.000  -412.453544236  -412.352207113  -412.282467466  -412.282467466  -412.242362272
   283.500  -412.463896427  -412.363283015  -412.294228300  -412.294228300  -412.242500943
   284.000  -412.474545708  -412.375191954  -412.307146991  -412.307146991  -412.242678482
   284.500  -412.482860002  -412.385285849  -412.318499116  -412.318499116  -412.242898546
   285.000  -412.485779662  -412.390460658  -412.325099789  -412.325099789  -412.243118081
   285.500  -412.480638165  -412.387971086  -412.324125816  -412.324125816  -412.243181405
   286.000  -412.467516327  -412.377786666  -412.315472283  -412.315472283  -412.242870596
   286.500  -412.451970217  -412.365323959  -412.304490411  -412.304490411  -412.242269244
   287.000  -412.443082742  -412.359519874  -412.300069215  -412.300069215  -412.241997816
   287.500  -412.444831492  -412.364227243  -412.306052025  -412.306052025  -412.242390849
   288.000  -412.451696532  -412.373840438  -412.316870963  -412.316870963  -412.242937560
   288.500  -412.455305701  -412.379927426  -412.324165124  -412.324165124  -412.243167479
   289.000  -412.451409267  -412.378185204  -412.323696030  -412.323696030  -412.243086960
   289.500  -412.440510250  -412.369057339  -412.315947208  -412.315947208  -412.242861559
   290.000  -412.425682508  -412.355553161  -412.303935382  -412.303935382  -412.242608124
   290.500  -412.410722971  -412.341404270  -412.291369229  -412.291369229  -412.242394719
   291.000  -412.398960512  -412.329883847  -412.281473718  -412.281473718  -412.242268718
   291.500  -412.392464130  -412.323018626  -412.276205392  -412.276205392  -412.242242069
   292.000  -412.391792460  -412.321344898  -412.276022013  -412.276022013  -412.242283988
   292.500  -412.396391959  -412.324310103  -412.280299447  -412.280299447  -412.242350226
   293.000  -412.405225794  -412.330903180  -412.287978367  -412.287978367  -412.242418869
   293.500  -412.417124056  -412.340002184  -412.297924176  -412.297924176  -412.242494145
   294.000  -412.430770107  -412.350359883  -412.308914966  -412.308914966  -412.242587610
   294.500  -412.444575543  -412.360474300  -412.319509314  -412.319509314  -412.242702508
   295.000  -412.456677561  -412.368582859  -412.328030546  -412.328030546  -412.242831315
   295.500  -412.465118384  -412.372839664  -412.332725380  -412.332725380  -412.242957125
   296.000  -412.468224990  -412.371693546  -412.332114368  -412.332114368  -412.243025681
   296.500  -412.465590483  -412.364861704  -412.325936106  -412.325936106  -412.242896879
   297.000  -412.460028632  -412.355275963  -412.317069483  -412.317069483  -412.242493045
   297.500  -412.457949170  -412.349452940  -412.311922776  -412.311922776  -412.242191623
   298.000  -412.463634521  -412.351784859  -412.314780583  -412.314780583  -412.242464498
   298.500  -412.473103326  -412.358408265  -412.321743586  -412.321743586  -412.242974333
   299.000  -412.478550010  -412.361626565  -412.325156224  -412.325156224  -412.243146110
   299.500  -412.476439376  -412.357981569  -412.321624020  -412.321624020  -412.242965937
   300.000  -412.468494808  -412.349235307  -412.312945014  -412.312945014  -412.242696977
   300.500  -412.458236110  -412.338915305  -412.302639495  -412.302639495  -412.242507462
   301.000  -412.448391289  -412.329742550  -412.293375606  -412.293375606  -412.242420618
   301.500  -412.440299439  -412.323036567  -412.286406574  -412.286406574  -412.242400176
   302.000  -412.434306580  -412.319109603  -412.281995931  -412.281995931  -412.242414377
   302.500  -412.430234442  -412.317733357  -412.279898458  -412.279898458  -412.242444657
   303.000  -412.427670387  -412.318424004  -412.279659221  -412.279659221  -412.242474675
   303.500  -412.426251101  -412.320726952  -412.280889491  -412.280889491  -412.242477824
   304.000  -412.426070047  -412.324626647  -412.283660656  -412.283660656  -412.242433069
   304.500  -412.427940541  -412.330817894  -412.288751890  -412.288751890  -412.242368949
   305.000  -412.432892086  -412.340202281  -412.297134286  -412.297134286  -412.242381987
   305.500  -412.440775920  -412.352508300  -412.308569456  -412.308569456  -412.242551585
   306.000  -412.449187281  -412.365217093  -412.320532602  -412.320532602  -412.242846609
   306.500  -412.453992452  -412.374097500  -412.328748943  -412.328748943  -412.243142354
   307.000  -412.451325873  -412.375201854  -412.329196687  -412.329196687  -412.243252361
   307.500  -412.440500124  -412.367765053  -412.321022178  -412.321022178  -412.242961760
   308.000  -412.426774894  -412.356964720  -412.309331045  -412.309331045  -412.242340154
   308.500  -412.419497236  -412.352070263  -412.303373790  -412.303373790  -412.242027616
   309.000  -412.423089258  -412.357457937  -412.307586779  -412.307586779  -412.242404795
   309.500  -412.432186302  -412.367760066  -412.316706382  -412.316706382  -412.242915014
   310.000  -412.438899067  -412.375098231  -412.322945341  -412.322945341  -412.243068616
   310.500  -412.439994927  -412.376233957  -412.323115768  -412.323115768  -412.242947162
   311.000  -412.436516970  -412.372190121  -412.318244415  -412.318244415  -412.242769908
   311.500  -412.430759103  -412.365243428  -412.310587448  -412.310587448  -412.242642156
   312.000  -412.424566534  -412.357242123  -412.301963116  -412.301963116  -412.242564526
   312.500  -412.419178765  -412.349457885  -412.293617184  -412.293617184  -412.242492430
   313.000  -412.415781514  -412.343139505  -412.286785258  -412.286785258  -412.242394283
   313.500  -412.415861180  -412.339865489  -412.283048161  -412.283048161  -412.242305018
   314.000  -412.420639246  -412.340972320  -412.283754872  -412.283754872  -412.242306637
   314.500  -412.429923093  -412.346398509  -412.288861737  -412.288861737  -412.242419832
   315.000  -412.441861206  -412.354432445  -412.296673766  -412.296673766  -412.242561322
   315.500  -412.454123063  -412.362886936  -412.305018303  -412.305018303  -412.242649024
   316.000  -412.465110123  -412.370305983  -412.312452161  -412.312452161  -412.242688228
   316.500  -412.473976162  -412.375982105  -412.318275965  -412.318275965  -412.242743860
   317.000  -412.479776229  -412.379101169  -412.321677741  -412.321677741  -412.242858539
   317.500  -412.480950023  -412.378222022  -412.321210898  -412.321210898  -412.242967901
   318.000  -412.476355259  -412.372301111  -412.315818130  -412.315818130  -412.242880239
   318.500  -412.467878684  -412.363297381  -412.307436616  -412.307436616  -412.242487300
   319.000  -412.461420781  -412.357159707  -412.301984674  -412.301984674  -412.242131877
   319.500  -412.461899473  -412.358836200  -412.304373130  -412.304373130  -412.242300409
   320.000  -412.466986703  -412.366003105  -412.312242352  -412.312242352  -412.242791259
   320.500  -412.469656881  -412.371594063  -412.318501019  -412.318501019  -412.243078978
   321.000  -412.465331010  -412.370931379  -412.318456482  -412.318456482  -412.243041241
   321.500  -412.454170163  -412.364028448  -412.312118570  -412.312118570  -412.242822371
   322.000  -412.439328017  -412.353862884  -412.302467385  -412.302467385  -412.242560974
   322.500  -412.424784312  -412.344230125  -412.293306257  -412.293306257  -412.242371732
   323.000  -412.413499436  -412.337910600  -412.287422212  -412.287422212  -412.242334569
   323.500  -412.406198499  -412.335462293  -412.285379246  -412.285379246  -412.242423419
   324.000  -412.401714819  -412.335567940  -412.285867612  -412.285867612  -412.242528775
   324.500  -412.398536705  -412.336585264  -412.287260190  -412.287260190  -412.242571652
   325.000  -412.396005734  -412.337748092  -412.288818302  -412.288818302  -412.242547860
   325.500  -412.394457612  -412.339309637  -412.290833951  -412.290833951  -412.242493271
   326.000  -412.394715361  -412.342037777  -412.294118570  -412.294118570  -412.242449939
   326.500  -412.397436665  -412.346565037  -412.299343691  -412.299343691  -412.242458100
   327.000  -412.402490506  -412.352766994  -412.306409350  -412.306409350  -412.242555155
   327.500  -412.408425919  -412.359231510  -412.313906059  -412.313906059  -412.242759175
   328.000  -412.412322658  -412.363103336  -412.318954690  -412.318954690  -412.243024898
   328.500  -412.410671172  -412.360948223  -412.318068732  -412.318068732  -412.243188723
   329.000  -412.401942460  -412.351299949  -412.309702756  -412.309702756  -412.243003719
   329.500  -412.389895379  -412.337942686  -412.297544306  -412.297544306  -412.242472168
   330.000  -412.382750893  -412.329086527  -412.289716858  -412.289716858  -412.242159301
   330.500  -412.385175830  -412.329381683  -412.290825666  -412.290825666  -412.242436151
   331.000  -412.393389120  -412.335059775  -412.297108028  -412.297108028  -412.242824048
   331.500  -412.401254179  -412.340029520  -412.302499411  -412.302499411  -412.242930654
   332.000  -412.406106056  -412.341686592  -412.304407510  -412.304407510  -412.242867986
   332.500  -412.407990976  -412.340140659  -412.302926646  -412.302926646  -412.242779405
   333.000  -412.407733034  -412.336281688  -412.298915210  -412.298915210  -412.242678739
   333.500  -412.406543695  -412.331394679  -412.293622905  -412.293622905  -412.242562654
   334.000  -412.405961452  -412.327102184  -412.288645776  -412.288645776  -412.242459236
   334.500  -412.407404088  -412.324914795  -412.285481409  -412.285481409  -412.242401215
   335.000  -412.411655694  -412.325712302  -412.285012179  -412.285012179  -412.242396943
   335.500  -412.418724271  -412.329592335  -412.287352278  -412.287352278  -412.242422634
   336.000  -412.428164716  -412.336183996  -412.292164200  -412.292164200  -412.242444681
   336.500  -412.439562014  -412.345126667  -412.299133787  -412.299133787  -412.242452113
   337.000  -412.452671700  -412.356212638  -412.308111492  -412.308111492  -412.242477987
   337.500  -412.466942834  -412.368916887  -412.318637086  -412.318637086  -412.242579176
   338.000  -412.480733842  -412.381622081  -412.329159281  -412.329159281  -412.242781453
   338.500  -412.491037420  -412.391342521  -412.336752548  -412.336752548  -412.243033141
   339.000  -412.494368606  -412.394604604  -412.337990065  -412.337990065  -412.243200035
   339.500  -412.488863630  -412.389534201  -412.331023514  -412.331023514  -412.243095916
   340.000  -412.476909072  -412.378483833  -412.318208448  -412.318208448  -412.242630940
   340.500  -412.465864170  -412.368765051  -412.306840851  -412.306840851  -412.242129661
   341.000  -412.462940167  -412.367538745  -412.304064016  -412.304064016  -412.242190738
   341.500  -412.467292994  -412.373901697  -412.308972514  -412.308972514  -412.242733472
   342.000  -412.471201026  -412.380041394  -412.313768807  -412.313768807  -412.243090833
   342.500  -412.468991662  -412.380147087  -412.312666285  -412.312666285  -412.243033012
   343.000  -412.460845825  -412.374226088  -412.305696780  -412.305696780  -412.242778034
   343.500  -412.450180068  -412.365514374  -412.296117752  -412.296117752  -412.242545162
   344.000  -412.440421971  -412.357279618  -412.287210431  -412.287210431  -412.242413089
   344.500  -412.433640805  -412.351463383  -412.280925460  -412.280925460  -412.242372111
   345.000  -412.430565203  -412.348706672  -412.277903540  -412.277903540  -412.242384749
   345.500  -412.431085960  -412.348848008  -412.277981104  -412.277981104  -412.242418173
   346.000  -412.434746418  -412.351410152  -412.280681159  -412.280681159  -412.242450262
   346.500  -412.441079170  -412.355937389  -412.285553178  -412.285553178  -412.242472261
   347.000  -412.449735459  -412.362130535  -412.292306783  -412.292306783  -412.242492689
   347.500  -412.460348754  -412.369717636  -412.300684373  -412.300684373  -412.242532382
   348.000  -412.472226677  -412.378152578  -412.310160685  -412.310160685  -412.242610028
   348.500  -412.484065161  -412.386327440  -412.319652288  -412.319652288  -412.242746390
   349.000  -412.493665660  -412.392269807  -412.327210426  -412.327210426  -412.242954508
   349.500  -412.497952705  -412.393134148  -412.329992235  -412.329992235  -412.243135199
   350.000  -412.494654766  -412.386851668  -412.325886204  -412.325886204  -412.243039283
   350.500  -412.485697676  -412.375497756  -412.316871900  -412.316871900  -412.242592606
   351.000  -412.477668341  -412.365744443  -412.309498528  -412.309498528  -412.242249322
   351.500  -412.475426238  -412.362487188  -412.308557736  -412.308557736  -412.242420817
   352.000  -412.476676601  -412.363439566  -412.311716866  -412.311716866  -412.242784774
   352.500  -412.475996999  -412.363179853  -412.313539694  -412.313539694  -412.242915466
   353.000  -412.470842021  -412.359154703  -412.311447090  -412.311447090  -412.242817681
   353.500  -412.462102948  -412.352229371  -412.306238805  -412.306238805  -412.242660150
   354.000  -412.451884687  -412.344452811  -412.299872541  -412.299872541  -412.242545566
   354.500  -412.441904504  -412.337450499  -412.293881540  -412.293881540  -412.242500620
   355.000  -412.432993015  -412.331927503  -412.288897909  -412.288897909  -412.242509431
   355.500  -412.425250620  -412.327832025  -412.284841146  -412.284841146  -412.242533336
   356.000  -412.418601172  -412.324924567  -412.281491855  -412.281491855  -412.242519760
   356.500  -412.413538793  -412.323543616  -412.279250477  -412.279250477  -412.242432986
   357.000  -412.411564281  -412.325060055  -412.279577850  -412.279577850  -412.242308090
   357.500  -412.414568435  -412.331274663  -412.284375606  -412.284375606  -412.242263405
   358.000  -412.423115618  -412.342705969  -412.294255037  -412.294255037  -412.242396104
   358.500  -412.435108307  -412.357246913  -412.307187029  -412.307187029  -412.242665121
   359.000  -412.446409041  -412.370770632  -412.319108975  -412.319108975  -412.242942701
   359.500  -412.452765445  -412.379039216  -412.325831161  -412.325831161  -412.243143853
   360.000  -412.451293423  -412.379174217  -412.324500439  -412.324500439  -412.243218754
   360.500  -412.441503493  -412.370674385  -412.314609751  -412.314609751  -412.243049749
   361.000  -412.427011528  -412.357122668  -412.299695515  -412.299695515  -412.242534345
   361.500  -412.416289332  -412.346942887  -412.288110844  -412.288110844  -412.241991770
   362.000  -412.417397715  -412.348154243  -412.287829648  -412.287829648  -412.242046025
   362.500  -412.429585150  -412.359995336  -412.298106274  -412.298106274  -412.242598075
   363.000  -412.444588787  -412.374219444  -412.310771235  -412.310771235  -412.242998570
   363.500  -412.455547128  -412.383981816  -412.319068173  -412.319068173  -412.243049021
   364.000  -412.460589679  -412.387415955  -412.321197832  -412.321197832  -412.242938212
   364.500  -412.460695407  -412.385501715  -412.318174679  -412.318174679  -412.242816613
   365.000  -412.457469745  -412.379857617  -412.311627864  -412.311627864  -412.242701748
   365.500  -412.452670597  -412.372275280  -412.303345798  -412.303345798  -412.242563760
   366.000  -412.448450301  -412.364963795  -412.295524467  -412.295524467  -412.242418963
   366.500  -412.447000478  -412.360192624  -412.290413413  -412.290413413  -412.242338645
   367.000  -412.449506330  -412.359245223  -412.289271985  -412.289271985  -412.242360725
   367.500  -412.455587186  -412.361861031  -412.291816791  -412.291816791  -412.242444124
   368.000  -412.463840283  -412.366778856  -412.296775411  -412.296775411  -412.242527574
   368.500  -412.472748270  -412.372637088  -412.302793225  -412.302793225  -412.242584333
   369.000  -412.481143223  -412.378423554  -412.308880044  -412.308880044  -412.242630687
   369.500  -412.488044661  -412.383296540  -412.314220623  -412.314220623  -412.242707988
   370.000  -412.492147444  -412.386059149  -412.317634683  -412.317634683  -412.242841652
   370.500  -412.491583186  -412.384912992  -412.317316506  -412.317316506  -412.242986979
   371.000  -412.484742769  -412.378274502  -412.311640639  -412.311640639  -412.242985194
   371.500  -412.472595709  -412.367088371  -412.301483422  -412.301483422  -412.242654771
   372.000  -412.460853763  -412.356996725  -412.292395386  -412.292395386  -412.242150998
   372.500  -412.457067960  -412.355451725  -412.291745082  -412.291745082  -412.242071756
   373.000  -412.462477305  -412.363593482  -412.300618485  -412.300618485  -412.242563516
   373.500  -412.470162492  -412.374418034  -412.311994104  -412.311994104  -412.243031558
   374.000  -412.472957936  -412.380679445  -412.318632788  -412.318632788  -412.243102422
   374.500  -412.469150732  -412.380573008  -412.318749566  -412.318749566  -412.242897129
   375.000  -412.461297604  -412.376547586  -412.314816531  -412.314816531  -412.242672954
   375.500  -412.452548404  -412.371631627  -412.309886060  -412.309886060  -412.242591018
   376.000  -412.444212136  -412.367002111  -412.305162749  -412.305162749  -412.242624382
   376.500  -412.436031200  -412.362264533  -412.300284362  -412.300284362  -412.242630001
   377.000  -412.428098913  -412.357375706  -412.295255229  -412.295255229  -412.242532697
   377.500  -412.421897254  -412.353693799  -412.291498915  -412.291498915  -412.242396015
   378.000  -412.419424767  -412.353120332  -412.290986065  -412.290986065  -412.242331704
   378.500  -412.421605958  -412.356518678  -412.294637607  -412.294637607  -412.242382541
   379.000  -412.427649102  -412.363075295  -412.301671444  -412.301671444  -412.242503583
   379.500  -412.435665206  -412.370913158  -412.310209693  -412.310209693  -412.242638506
   380.000  -412.443510876  -412.377926984  -412.318117536  -412.318117536  -412.242779349
   380.500  -412.449005346  -412.381992923  -412.323222913  -412.323222913  -412.242947304
   381.000  -412.449802912  -412.380831582  -412.323184492  -412.323184492  -412.243111596
   381.500  -412.444047856  -412.372651523  -412.316142936  -412.316142936  -412.243113346
   382.000  -412.432752795  -412.358512220  -412.303083649  -412.303083649  -412.242753212
   382.500  -412.422142001  -412.344664200  -412.290183652  -412.290183652  -412.242209760
   383.000  -412.420400067  -412.339322625  -412.285602824  -412.285602824  -412.242098277
   383.500  -412.429258990  -412.344297829  -412.291143627  -412.291143627  -412.242497506
   384.000  -412.442812752  -412.353820653  -412.301089332  -412.301089332  -412.242863446
   384.500  -412.454692800  -412.361689538  -412.309325166  -412.309325166  -412.242995259
   385.000  -412.461660525  -412.364827742  -412.312857206  -412.312857206  -412.243001861
   385.500  -412.462705465  -412.362361363  -412.310873809  -412.310873809  -412.242930585
   386.000  -412.458374488  -412.354942340  -412.304062443  -412.304062443  -412.242782078
   386.500  -412.450644161  -412.344621166  -412.294486372  -412.294486372  -412.242588073
   387.000  -412.442376696  -412.334308629  -412.285045637  -412.285045637  -412.242402253
   387.500  -412.436426377  -412.326892044  -412.278592452  -412.278592452  -412.242275725
   388.000  -412.434775626  -412.324381578  -412.277080905  -412.277080905  -412.242243457
   388.500  -412.437951415  -412.327332688  -412.281002488  -412.281002488  -412.242307936
   389.000  -412.444982926  -412.334804164  -412.289358030  -412.289358030  -412.242429509
   389.500  -412.453979673  -412.344927119  -412.300243060  -412.300243060  -412.242560371
   390.000  -412.462849508  -412.355613229  -412.311562562  -412.311562562  -412.242687476
   390.500  -412.469553455  -412.364801972  -412.321278499  -412.321278499  -412.242832365
   391.000  -412.471919481  -412.370270889  -412.327206673  -412.327206673  -412.243004768
   391.500  -412.467662207  -412.369655350  -412.327019912  -412.327019912  -412.243144616
   392.000  -412.455435400  -412.361505200  -412.319284321  -412.319284321  -412.243088942
   392.500  -412.437192365  -412.347651126  -412.305816356  -412.305816356  -412.242682943
   393.000  -412.419925191  -412.334958938  -412.293435213  -412.293435213  -412.242125810
   393.500  -412.412102024  -412.331787505  -412.290442569  -412.290442569  -412.242036536
   394.000  -412.415088056  -412.339422950  -412.298085881  -412.298085881  -412.242565309
   394.500  -412.421259708  -412.350178070  -412.308674516  -412.308674516  -412.243079609
   395.000  -412.422530156  -412.355888419  -412.314059656  -412.314059656  -412.243172065
   395.500  -412.416609050  -412.354157554  -412.311862138  -412.311862138  -412.242978652
   396.000  -412.405740720  -412.347104508  -412.304218191  -412.304218191  -412.242742530
   396.500  -412.393265137  -412.337943676  -412.294365859  -412.294365859  -412.242567421
   397.000  -412.381872868  -412.329254510  -412.284922927  -412.284922927  -412.242440606
   397.500  -412.373557733  -412.322942306  -412.277851712  -412.277851712  -412.242337845
   398.000  -412.369862803  -412.320490450  -412.274701672  -412.274701672  -412.242281013
   398.500  -412.371565377  -412.322649117  -412.276284707  -412.276284707  -412.242307730
   399.000  -412.378181991  -412.328942937  -412.282166476  -412.282166476  -412.242412248
   399.500  -412.388064988  -412.337764725  -412.290755553  -412.290755553  -412.242545892
   400.000  -412.399122922  -412.347089694  -412.300020282  -412.300020282  -412.242658335
   400.500  -412.409600297  -412.355248037  -412.308268181  -412.308268181  -412.242723228
   401.000  -412.418497434  -412.361339970  -412.314565515  -412.314565515  -412.242751943
   401.500  -412.425396862  -412.365061512  -412.318561878  -412.318561878  -412.242799537
   402.000  -412.429703572  -412.365941305  -412.319727724  -412.319727724  -412.242893077
   402.500  -412.430394094  -412.363083141  -412.317102074  -412.317102074  -412.242907053
   403.000  -412.427770110  -412.356908351  -412.311047501  -412.311047501  -412.242673357
   403.500  -412.425403390  -412.351091100  -412.305210514  -412.305210514  -412.242355360
   404.000  -412.427632672  -412.350060563  -412.304036401  -412.304036401  -412.242347793
   404.500  -412.434398969  -412.353847831  -412.307613354  -412.307613354  -412.242626583
   405.000  -412.441494056  -412.358347663  -412.311903654  -412.311903654  -412.242833776
   405.500  -412.445336607  -412.360095338  -412.313492360  -412.313492360  -412.242842732
   406.000  -412.445120110  -412.358404965  -412.311712436  -412.311712436  -412.242749948
   406.500  -412.441758273  -412.354295630  -412.307575013  -412.307575013  -412.242646615
   407.000  -412.436576541  -412.349165122  -412.302452896  -412.302452896  -412.242563040
   407.500  -412.430788962  -412.344251634  -412.297549772  -412.297549772  -412.242501626
   408.000  -412.425388917  -412.340519530  -412.293795334  -412.293795334  -412.242464670
   408.500  -412.421080403  -412.338596348  -412.291789363  -412.291789363  -412.242454770
   409.000  -412.418238887  -412.338747666  -412.291780660  -412.291780660  -412.242456674
   409.500  -412.417114901  -412.341098430  -412.293890739  -412.293890739  -412.242438477
   410.000  -412.418218799  -412.346026521  -412.298507494  -412.298507494  -412.242404588
   410.500  -412.422169486  -412.354015955  -412.306125660  -412.306125660  -412.242434220
   411.000  -412.428555082  -412.364513835  -412.316197473  -412.316197473  -412.242600070
   411.500  -412.434977587  -412.374973277  -412.326175697  -412.326175697  -412.242854830
   412.000  -412.437786188  -412.381591569  -412.332256715  -412.332256715  -412.243069885
   412.500  -412.434013388  -412.381255901  -412.331337226  -412.331337226  -412.243126434
   413.000  -412.423242445  -412.373422165  -412.322900353  -412.322900353  -412.242930571
   413.500  -412.408922721  -412.361438076  -412.310327835  -412.310327835  -412.242497278
   414.000  -412.397722180  -412.351896400  -412.300249820  -412.300249820  -412.242131118
   414.500  -412.395004967  -412.350111981  -412.298009795  -412.298009795  -412.242188950
   415.000  -412.400039109  -412.355322239  -412.302868538  -412.302868538  -412.242543493
   415.500  -412.407636032  -412.362312286  -412.309631465  -412.309631465  -412.242801856
   416.000  -412.413564759  -412.366817007  -412.314041238  -412.314041238  -412.242840963
   416.500  -412.416699961  -412.367670842  -412.314918458  -412.314918458  -412.242771521
   417.000  -412.417742555  -412.365540951  -412.312891913  -412.312891913  -412.242699937
   417.500  -412.417683967  -412.361406178  -412.308882930  -412.308882930  -412.242647956
   418.000  -412.417386494  -412.356149340  -412.303710477  -412.303710477  -412.242580073
   418.500  -412.417990235  -412.350973100  -412.298521064  -412.298521064  -412.242465847
   419.000  -412.421229855  -412.347721766  -412.295120322  -412.295120322  -412.242345816
   419.500  -412.428752001  -412.348199877  -412.295295140  -412.295295140  -412.242321973
   420.000  -412.440669182  -412.352722196  -412.299361318  -412.299361318  -412.242434065
   420.500  -412.455037060  -412.359581102  -412.305628406  -412.305628406  -412.242596292
   421.000  -412.469071571  -412.366248698  -412.311601256  -412.311601256  -412.242707903
   421.500  -412.480647429  -412.370857637  -412.315458677  -412.315458677  -412.242755605
   422.000  -412.488631328  -412.372517335  -412.316360479  -412.316360479  -412.242785915
   422.500  -412.492344256  -412.370764628  -412.313879603  -412.313879603  -412.242822327
   423.000  -412.491314817  -412.365307771  -412.307726244  -412.307726244  -412.242812024
   423.500  -412.486071270  -412.356811842  -412.298517033  -412.298517033  -412.242654284
   424.000  -412.479416262  -412.348165337  -412.289051556  -412.289051556  -412.242356442
   424.500  -412.475981048  -412.344035041  -412.283899909  -412.283899909  -412.242158209
   425.000  -412.478684233  -412.347331339  -412.285929898  -412.285929898  -412.242285318
   425.500  -412.485661303  -412.356152519  -412.293288451  -412.293288451  -412.242604662
   426.000  -412.492034361  -412.365556358  -412.301165506  -412.301165506  -412.242837437
   426.500  -412.493928280  -412.371569940  -412.305745039  -412.305745039  -412.242885737
   427.000  -412.490263049  -412.372973494  -412.305928691  -412.305928691  -412.242792086
   427.500  -412.482371425  -412.370913504  -412.302917863  -412.302917863  -412.242622798
   428.000  -412.472943562  -412.367851588  -412.299167112  -412.299167112  -412.242465583
   428.500  -412.464584845  -412.366131995  -412.296978267  -412.296978267  -412.242411138
   429.000  -412.458435323  -412.366619274  -412.297167312  -412.297167312  -412.242463328
   429.500  -412.454050641  -412.368603951  -412.298992207  -412.298992207  -412.242536108
   430.000  -412.450546802  -412.370970210  -412.301338391  -412.301338391  -412.242564524
   430.500  -412.447548556  -412.373163452  -412.303688281  -412.303688281  -412.242555410
   431.000  -412.445172507  -412.375184296  -412.306101242  -412.306101242  -412.242546121
   431.500  -412.443527497  -412.377086200  -412.308692741  -412.308692741  -412.242563590
   432.000  -412.442333291  -412.378583004  -412.311221728  -412.311221728  -412.242618346
   432.500  -412.440804539  -412.378919322  -412.312939980  -412.312939980  -412.242706266
   433.000  -412.437787937  -412.376990474  -412.312701327  -412.312701327  -412.242794029
   433.500  -412.432350140  -412.371914474  -412.309532932  -412.309532932  -412.242798861
   434.000  -412.425011480  -412.364255074  -412.303863052  -412.303863052  -412.242631397
   434.500  -412.418782636  -412.357049881  -412.298583018  -412.298583018  -412.242368230
   435.000  -412.417730671  -412.354391217  -412.297659372  -412.297659372  -412.242296651
   435.500  -412.422940870  -412.357406518  -412.302147462  -412.302147462  -412.242528210
   436.000  -412.431079768  -412.362828291  -412.308769928  -412.308769928  -412.242784720
   436.500  -412.438150640  -412.366732032  -412.313631403  -412.313631403  -412.242834155
   437.000  -412.442866245  -412.367889696  -412.315542291  -412.315542291  -412.242750557
   437.500  -412.445949317  -412.367066523  -412.315299604  -412.315299604  -412.242681493
   438.000  -412.448190468  -412.365090106  -412.313740159  -412.313740159  -412.242639813
   438.500  -412.450089300  -412.362505763  -412.311410744  -412.311410744  -412.242578933
   439.000  -412.452391864  -412.360127045  -412.309125462  -412.309125462  -412.242505716
   439.500  -412.456005710  -412.358961827  -412.307892001  -412.307892001  -412.242462593
   440.000  -412.461392420  -412.359610451  -412.308316824  -412.308316824  -412.242465697
   440.500  -412.468316753  -412.362013414  -412.310351956  -412.310351956  -412.242493337
   441.000  -412.476152489  -412.365748720  -412.313584717  -412.313584717  -412.242519358
   441.500  -412.484261448  -412.370394968  -412.317599196  -412.317599196  -412.242541984
   442.000  -412.492041678  -412.375560905  -412.322005270  -412.322005270  -412.242582167
   442.500  -412.498662333  -412.380597221  -412.326155486  -412.326155486  -412.242664041
   443.000  -412.502767223  -412.384284208  -412.328839148  -412.328839148  -412.242788522
   443.500  -412.502552744  -412.384894792  -412.328350755  -412.328350755  -412.242902431
   444.000  -412.496659754  -412.381083222  -412.323368730  -412.323368730  -412.242886877
   444.500  -412.485922144  -412.373642651  -412.314687412  -412.314687412  -412.242642454
   445.000  -412.474515700  -412.366658216  -412.306368752  -412.306368752  -412.242298808
   445.500  -412.467768962  -412.365319835  -412.303570133  -412.303570133  -412.242208713
   446.000  -412.467206004  -412.370957647  -412.307604837  -412.307604837  -412.242495867
   446.500  -412.468875625  -412.379364726  -412.314270184  -412.314270184  -412.242865658
   447.000  -412.467367963  -412.384815380  -412.317866907  -412.317866907  -412.243023266
   447.500  -412.460135748  -412.384411717  -412.315549792  -412.315549792  -412.242944163
   448.000  -412.448143264  -412.378778268  -412.308024637  -412.308024637  -412.242758545
   448.500  -412.434095638  -412.370336356  -412.297820594  -412.297820594  -412.242578915
   449.000  -412.420731544  -412.361624056  -412.287597797  -412.287597797  -412.242443422
   449.500  -412.410141914  -412.354620484  -412.279452115  -412.279452115  -412.242351368
   450.000  -412.403707383  -412.350671468  -412.274820252  -412.274820252  -412.242304331
   450.500  -412.402073942  -412.350445789  -412.274420574  -412.274420574  -412.242309439
   451.000  -412.405078494  -412.353844736  -412.278151670  -412.278151670  -412.242365855
   451.500  -412.411772110  -412.360013415  -412.285106307  -412.285106307  -412.242465071
   452.000  -412.420556146  -412.367471194  -412.293713198  -412.293713198  -412.242595890
   452.500  -412.429372049  -412.374297502  -412.301944745  -412.301944745  -412.242741069
   453.000  -412.436014049  -412.378441374  -412.307647078  -412.307647078  -412.242863909
   453.500  -412.438730425  -412.378313154  -412.309150984  -412.309150984  -412.242907140
   454.000  -412.437096791  -412.373644024  -412.306138776  -412.306138776  -412.242819339
   454.500  -412.432722897  -412.366178138  -412.300333260  -412.300333260  -412.242605621
   455.000  -412.429014833  -412.359423868  -412.295242184  -412.295242184  -412.242383017
   455.500  -412.429276222  -412.356758506  -412.294258287  -412.294258287  -412.242348647
   456.000  -412.433904974  -412.358635372  -412.297868848  -412.297868848  -412.242544456
   456.500  -412.439878245  -412.362080544  -412.303148790  -412.303148790  -412.242764901
   457.000  -412.443579183  -412.363526413  -412.306575190  -412.306575190  -412.242846851
   457.500  -412.443262307  -412.361278558  -412.306470096  -412.306470096  -412.242810165
   458.000  -412.439065879  -412.355524461  -412.302995360  -412.302995360  -412.242723011
   458.500  -412.432119134  -412.347435164  -412.297255033  -412.297255033  -412.242616645
   459.000  -412.424016584  -412.338632512  -412.290776204  -412.290776204  -412.242504149
   459.500  -412.416547168  -412.330916231  -412.285249440  -412.285249440  -412.242404825
   460.000  -412.411329709  -412.325897831  -412.282184260  -412.282184260  -412.242348433
   460.500  -412.409319774  -412.324512522  -412.282436527  -412.282436527  -412.242359512
   461.000  -412.410434573  -412.326650341  -412.285847544  -412.285847544  -412.242434368
   461.500  -412.413621308  -412.331230009  -412.291318039  -412.291318039  -412.242533374
   462.000  -412.417463098  -412.336805782  -412.297408105  -412.297408105  -412.242603963
   462.500  -412.420946319  -412.342332749  -412.303094759  -412.303094759  -412.242631754
   463.000  -412.423661561  -412.347364030  -412.307956900  -412.307956900  -412.242669853
   463.500  -412.425066551  -412.351310329  -412.311431799  -412.311431799  -412.242775341
   464.000  -412.423815154  -412.352766193  -412.312131388  -412.312131388  -412.242880189
   464.500  -412.418768237  -412.350519933  -412.308859422  -412.308859422  -412.242822336
   465.000  -412.411169650  -412.345732925  -412.302795402  -412.302795402  -412.242566851
   465.500  -412.404925969  -412.342227026  -412.297786731  -412.297786731  -412.242336225
   466.000  -412.403399504  -412.343284751  -412.297153577  -412.297153577  -412.242370194
   466.500  -412.406115103  -412.348357864  -412.300399423  -412.300399423  -412.242597371
   467.000  -412.409672805  -412.353972266  -412.304118560  -412.304118560  -412.242771954
   467.500  -412.411195878  -412.357166010  -412.305433441  -412.305433441  -412.242788708
   468.000  -412.410070089  -412.357225408  -412.303725548  -412.303725548  -412.242700986
   468.500  -412.407371468  -412.355117151  -412.300059552  -412.300059552  -412.242590841
   469.000  -412.404691818  -412.352323333  -412.296003816  -412.296003816  -412.242503923
   469.500  -412.403399207  -412.350109373  -412.292887153  -412.292887153  -412.242453090
   470.000  -412.404398370  -412.349296131  -412.291556367  -412.291556367  -412.242431766
   470.500  -412.408187456  -412.350329009  -412.292442981  -412.292442981  -412.242422752
   471.000  -412.415064389  -412.353499692  -412.295790366  -412.295790366  -412.242412787
   471.500  -412.425243466  -412.359077686  -412.301795597  -412.301795597  -412.242422680
   472.000  -412.438478099  -412.366942580  -412.310256645  -412.310256645  -412.242506604
   472.500  -412.453303008  -412.375824187  -412.319826566  -412.319826566  -412.242676045
   473.000  -412.466952408  -412.383207555  -412.327925285  -412.327925285  -412.242853673
   473.500  -412.476528905  -412.386479465  -412.331886342  -412.331886342  -412.242944269
   474.000  -412.480473758  -412.384369268  -412.330393626  -412.330393626  -412.242902225
   474.500  -412.479351504  -412.377703605  -412.324228444  -412.324228444  -412.242726585
   475.000  -412.475835823  -412.369368387  -412.316228131  -412.316228131  -412.242481378
   475.500  -412.473587811  -412.363173017  -412.310157835  -412.310157835  -412.242328088
   476.000  -412.474836740  -412.361434219  -412.308311391  -412.308311391  -412.242391629
   476.500  -412.478648312  -412.363260679  -412.309802984  -412.309802984  -412.242584319
   477.000  -412.482089063  -412.365731967  -412.311750430  -412.311750430  -412.242729627
   477.500  -412.482738016  -412.366416537  -412.311782024  -412.311782024  -412.242765577
   478.000  -412.479766309  -412.364447582  -412.309101678  -412.309101678  -412.242734953
   478.500  -412.473482052  -412.360063007  -412.304022513  -412.304022513  -412.242683747
   479.000  -412.464705953  -412.353980293  -412.297335115  -412.297335115  -412.242614839
   479.500  -412.454683143  -412.347317925  -412.290223605  -412.290223605  -412.242507068
   480.000  -412.445291822  -412.341814856  -412.284482466  -412.284482466  -412.242368267
   480.500  -412.438795449  -412.339598619  -412.282282955  -412.282282955  -412.242275133
   481.000  -412.436691430  -412.342043688  -412.285020332  -412.285020332  -412.242315616
   481.500  -412.438472048  -412.348535254  -412.292075775  -412.292075775  -412.242478424
   482.000  -412.441811790  -412.356650875  -412.300993996  -412.300993996  -412.242658428
   482.500  -412.444070834  -412.363651198  -412.308974002  -412.308974002  -412.242783794
   483.000  -412.443382278  -412.367558836  -412.313963277  -412.313963277  -412.242865681
   483.500  -412.438665953  -412.367170076  -412.314675210  -412.314675210  -412.242911937
   484.000  -412.429607022  -412.362036303  -412.310586379  -412.310586379  -412.242866962
   484.500  -412.417412377  -412.353227282  -412.302709922  -412.302709922  -412.242670530
   485.000  -412.405465249  -412.343995161  -412.294268552  -412.294268552  -412.242396167
   485.500  -412.398036047  -412.338497005  -412.289424552  -412.289424552  -412.242262145
   486.000  -412.397169037  -412.338693492  -412.290174752  -412.290174752  -412.242377706
   486.500  -412.401169618  -412.342838635  -412.294832558  -412.294832558  -412.242601033
   487.000  -412.406553719  -412.347422775  -412.299948518  -412.299948518  -412.242756728
   487.500  -412.410651789  -412.349767095  -412.302890230  -412.302890230  -412.242805946
   488.000  -412.412437122  -412.348852086  -412.302660759  -412.302660759  -412.242775610
   488.500  -412.412266244  -412.345064131  -412.299648208  -412.299648208  -412.242677684
   489.000  -412.411627348  -412.339950747  -412.295390426  -412.295390426  -412.242534283
   489.500  -412.412652134  -412.335736794  -412.292101260  -412.292101260  -412.242424569
   490.000  -412.416895252  -412.334104039  -412.291457362  -412.291457362  -412.242422855
   490.500  -412.424287457  -412.335143920  -412.293554551  -412.293554551  -412.242494606
   491.000  -412.433587455  -412.337808014  -412.297360766  -412.297360766  -412.242549255
   491.500  -412.443628220  -412.341150178  -412.301954805  -412.301954805  -412.242568879
   492.000  -412.453653373  -412.344656734  -412.306839056  -412.306839056  -412.242605354
   492.500  -412.462711581  -412.347625946  -412.311296221  -412.311296221  -412.242686766
   493.000  -412.469362651  -412.348859186  -412.314051652  -412.314051652  -412.242776067
   493.500  -412.472264711  -412.347227481  -412.313832470  -412.313832470  -412.242806555
   494.000  -412.471153552  -412.342624866  -412.310352075  -412.310352075  -412.242726519
   494.500  -412.467532683  -412.336642350  -412.305036743  -412.305036743  -412.242541701
   495.000  -412.464409860  -412.332313354  -412.300813681  -412.300813681  -412.242360370
   495.500  -412.464574276  -412.332423410  -412.300430569  -412.300430569  -412.242336058
   496.000  -412.468378516  -412.337318915  -412.304264113  -412.304264113  -412.242494999
   496.500  -412.473371648  -412.344542929  -412.309960469  -412.309960469  -412.242698595
   497.000  -412.476285984  -412.350800291  -412.314398793  -412.314398793  -412.242805828
   497.500  -412.475225590  -412.354136610  -412.315823097  -412.315823097  -412.242777607
   498.000  -412.470414716  -412.354684758  -412.314526306  -412.314526306  -412.242666617
   498.500  -412.463480613  -412.353952287  -412.312090893  -412.312090893  -412.242573956
   499.000  -412.455942538  -412.353298205  -412.309875830  -412.309875830  -412.242569503
   499.500  -412.448186385  -412.352903969  -412.308012095  -412.308012095  -412.242610829
   500.000  -412.439997017  -412.352310365  -412.305972062  -412.305972062  -412.242601722
