     0.000  -412.508722633  -412.343291484  -412.281536743  -412.281536743  -412.219079377
     0.500  -412.514140228  -412.353436481  -412.286512493  -412.286512493  -412.219383634
     1.000  -412.519642279  -412.364021316  -412.292303511  -412.292303511  -412.219552685
     1.500  -412.522420247  -412.372223482  -412.296423392  -412.296423392  -412.219424765
     2.000  -412.522783156  -412.377661202  -412.299698431  -412.299698431  -412.219447674
     2.500  -412.519940132  -412.379590876  -412.301449901  -412.301449901  -412.219622304
     3.000  -412.511502156  -412.376143275  -412.299135763  -412.299135763  -412.219687599
     3.500  -412.496758907  -412.366909348  -412.291815112  -412.291815112  -412.219525980
     4.000  -412.478498642  -412.354768373  -412.281964853  -412.281964853  -412.219202537
     4.500  -412.461980167  -412.344939036  -412.274474780  -412.274474780  -412.218927029
     5.000  -412.451669934  -412.341764038  -412.273446919  -412.273446919  -412.218911596
     5.500  -412.448154243  -412.345677123  -412.279159469  -412.279159469  -412.219129727
     6.000  -412.448433926  -412.353521963  -412.288365409  -412.288365409  -412.219383029
     6.500  -412.448717414  -412.361336879  -412.297053274  -412.297053274  -412.219568869
     7.000  -412.446142144  -412.366057017  -412.302142293  -412.302142293  -412.219711533
     7.500  -412.438757460  -412.365494210  -412.301477251  -412.301477251  -412.219803299
     8.000  -412.425836014  -412.358665999  -412.294188984  -412.294188984  -412.219703117
     8.500  -412.409779846  -412.347730370  -412.282653474  -412.282653474  -412.219304316
     9.000  -412.396982976  -412.338885475  -412.273376558  -412.273376558  -412.218921907
     9.500  -412.393094424  -412.337660466  -412.272212236  -412.272212236  -412.218976111
    10.000  -412.397603298  -412.343511322  -412.278848680  -412.278848680  -412.219226288
    10.500  -412.406709336  -412.352670325  -412.289587635  -412.289587635  -412.219376333
    11.000  -412.417424794  -412.362213783  -412.301413658  -412.301413658  -412.219522023
    11.500  -412.427004956  -412.369473814  -412.311450417  -412.311450417  -412.219663207
    12.000  -412.432986900  -412.372076697  -412.317067074  -412.317067074  -412.219707558
    12.500  -412.434395577  -412.369153699  -412.317151924  -412.317151924  -412.219662530
    13.000  -412.431766684  -412.361364629  -412.312174199  -412.312174199  -412.219563395
    13.500  -412.426695782  -412.350440210  -412.303735911  -412.303735911  -412.219395217
    14.000  -412.421935444  -412.339272815  -412.294651048  -412.294651048  -412.219151627
    14.500  -412.421230374  -412.331754394  -412.288768486  -412.288768486  -412.218946087
    15.000  -412.427505819  -412.330987993  -412.289166029  -412.289166029  -412.218960945
    15.500  -412.440292320  -412.336735258  -412.295589960  -412.295589960  -412.219223784
    16.000  -412.455357230  -412.345046368  -412.304088502  -412.304088502  -412.219578473
    16.500  -412.466988798  -412.350506308  -412.309267666  -412.309267666  -412.219870409
    17.000  -412.470564356  -412.348747757  -412.306821611  -412.306821611  -412.219973709
    17.500  -412.464779114  -412.338632003  -412.295731450  -412.295731450  -412.219724966
    18.000  -412.453850435  -412.324444056  -412.280458653  -412.280458653  -412.219160215
    18.500  -412.446320246  -412.314741938  -412.269742291  -412.269742291  -412.218771106
    19.000  -412.448005725  -412.315383720  -412.269541274  -412.269541274  -412.218884063
    19.500  -412.457366842  -412.324929796  -412.278387522  -412.278387522  -412.219236969
    20.000  -412.468745726  -412.337844829  -412.290616634  -412.290616634  -412.219545351
    20.500  -412.476852373  -412.348914306  -412.300857419  -412.300857419  -412.219675381
    21.000  -412.479113228  -412.355549820  -412.306397553  -412.306397553  -412.219616478
    21.500  -412.475954715  -412.358068926  -412.307489393  -412.307489393  -412.219471966
    22.000  -412.469379897  -412.358289466  -412.305938709  -412.305938709  -412.219348885
    22.500  -412.461367648  -412.357948824  -412.303499463  -412.303499463  -412.219292406
    23.000  -412.453121634  -412.357967643  -412.301113319  -412.301113319  -412.219289334
    23.500  -412.445207441  -412.358593516  -412.299041275  -412.299041275  -412.219288427
    24.000  -412.438248573  -412.360103628  -412.297570678  -412.297570678  -412.219237985
    24.500  -412.433546250  -412.363443732  -412.297672583  -412.297672583  -412.219160744
    25.000  -412.432553556  -412.369738924  -412.300540528  -412.300540528  -412.219196675
    25.500  -412.434815917  -412.378281013  -412.305599170  -412.305599170  -412.219465478
    26.000  -412.436445925  -412.385030878  -412.309008943  -412.309008943  -412.219846466
    26.500  -412.432067482  -412.384550138  -412.305585554  -412.305585554  -412.219996330
    27.000  -412.419855002  -412.374998060  -412.293771182  -412.293771182  -412.219648022
    27.500  -412.405130263  -412.361690955  -412.279147792  -412.279147792  -412.219023018
    28.000  -412.396897098  -412.353627701  -412.270881228  -412.270881228  -412.218763320
    28.500  -412.398985988  -412.354649003  -412.272794973  -412.272794973  -412.219077955
    29.000  -412.406976190  -412.360372723  -412.280300259  -412.280300259  -412.219524071
    29.500  -412.414051162  -412.364050993  -412.286337835  -412.286337835  -412.219707128
    30.000  -412.416850777  -412.362425350  -412.287336788  -412.287336788  -412.219614674
    30.500  -412.416128673  -412.356390038  -412.283945931  -412.283945931  -412.219409731
    31.000  -412.414542109  -412.348781809  -412.278853384  -412.278853384  -412.219218297
    31.500  -412.414703255  -412.342424197  -412.274826423  -412.274826423  -412.219090187
    32.000  -412.418308662  -412.339244635  -412.273807613  -412.273807613  -412.219035404
    32.500  -412.425928890  -412.340049233  -412.276660701  -412.276660701  -412.219054065
    33.000  -412.437015821  -412.344515428  -412.283133707  -412.283133707  -412.219144825
    33.500  -412.449985046  -412.351264716  -412.291902732  -412.291902732  -412.219295970
    34.000  -412.462479042  -412.358113890  -412.300806253  -412.300806253  -412.219471065
    34.500  -412.471978305  -412.362675768  -412.307445549  -412.307445549  -412.219611848
    35.000  -412.476663129  -412.363219386  -412.310062431  -412.310062431  -412.219673105
    35.500  -412.476044232  -412.359308621  -412.308212673  -412.308212673  -412.219628863
    36.000  -412.471337573  -412.352199409  -412.303192488  -412.303192488  -412.219416448
    36.500  -412.466082220  -412.345481447  -412.298675186  -412.298675186  -412.219090778
    37.000  -412.464853911  -412.343801596  -412.299370534  -412.299370534  -412.219031273
    37.500  -412.468155582  -412.347756021  -412.305841151  -412.305841151  -412.219405291
    38.000  -412.470453391  -412.351899886  -412.312491090  -412.312491090  -412.219789775
    38.500  -412.465796900  -412.350333919  -412.313210881  -412.313210881  -412.219837728
    39.000  -412.452911913  -412.341766719  -412.306509872  -412.306509872  -412.219621866
    39.500  -412.434663701  -412.328967390  -412.295007771  -412.295007771  -412.219345456
    40.000  -412.415226419  -412.315940607  -412.282613532  -412.282613532  -412.219125715
    40.500  -412.398190140  -412.306048554  -412.272637040  -412.272637040  -412.218991567
    41.000  -412.385959370  -412.301424580  -412.267187905  -412.267187905  -412.218934724
    41.500  -412.379764412  -412.302999952  -412.267194871  -412.267194871  -412.218943523
    42.000  -412.379775398  -412.310634804  -412.272537749  -412.272537749  -412.219015293
    42.500  -412.385109183  -412.323146528  -412.282085513  -412.282085513  -412.219156402
    43.000  -412.393709829  -412.338215202  -412.293624777  -412.293624777  -412.219376127
    43.500  -412.402260279  -412.352321927  -412.303813073  -412.303813073  -412.219658696
    44.000  -412.406551193  -412.361129335  -412.308570314  -412.308570314  -412.219914277
    44.500  -412.403024442  -412.361016248  -412.304604465  -412.304604465  -412.219942291
    45.000  -412.391798653  -412.352073837  -412.292376507  -412.292376507  -412.219551061
    45.500  -412.379112428  -412.340513486  -412.278444322  -412.278444322  -412.218909745
    46.000  -412.374447978  -412.335768834  -412.272463809  -412.272463809  -412.218616244
    46.500  -412.382206533  -412.342178097  -412.278769736  -412.278769736  -412.218964864
    47.000  -412.397657016  -412.354964312  -412.292336963  -412.292336963  -412.219537483
    47.500  -412.412408628  -412.365743607  -412.304383556  -412.304383556  -412.219848344
    48.000  -412.421350056  -412.369485164  -412.309473096  -412.309473096  -412.219818013
    48.500  -412.424274345  -412.366137346  -412.307236445  -412.307236445  -412.219610444
    49.000  -412.423770130  -412.358504859  -412.300281108  -412.300281108  -412.219382821
    49.500  -412.422904460  -412.349910442  -412.291837082  -412.291837082  -412.219207316
    50.000  -412.424043402  -412.342992150  -412.284526518  -412.284526518  -412.219098511
    50.500  -412.428560800  -412.339401405  -412.280028119  -412.280028119  -412.219049624
    51.000  -412.436890142  -412.339843759  -412.279103058  -412.279103058  -412.219055803
    51.500  -412.448577710  -412.344124808  -412.281635662  -412.281635662  -412.219121977
    52.000  -412.462238110  -412.351098296  -412.286578743  -412.286578743  -412.219255363
    52.500  -412.475514835  -412.358611847  -412.291906761  -412.291906761  -412.219444922
    53.000  -412.485383785  -412.363795018  -412.294906672  -412.294906672  -412.219621006
    53.500  -412.489330490  -412.364220127  -412.293343030  -412.293343030  -412.219638408
    54.000  -412.487496195  -412.360045823  -412.287579880  -412.287579880  -412.219385869
    54.500  -412.483954575  -412.355308522  -412.281829130  -412.281829130  -412.219048935
    55.000  -412.483727711  -412.354968032  -412.281135502  -412.281135502  -412.219055266
    55.500  -412.486983711  -412.359128739  -412.285558942  -412.285558942  -412.219423772
    56.000  -412.488868317  -412.362874615  -412.290028538  -412.290028538  -412.219661953
    56.500  -412.486009106  -412.362760095  -412.290908064  -412.290908064  -412.219544263
    57.000  -412.479790789  -412.360082874  -412.289338361  -412.289338361  -412.219328157
    57.500  -412.473146443  -412.357686242  -412.288067411  -412.288067411  -412.219250718
    58.000  -412.467242439  -412.356649949  -412.288126196  -412.288126196  -412.219271459
    58.500  -412.461814650  -412.356616802  -412.289124613  -412.289124613  -412.219275251
    59.000  -412.456761128  -412.357366327  -412.290810191  -412.290810191  -412.219240446
    59.500  -412.452578739  -412.359242560  -412.293490773  -412.293490773  -412.219205564
    60.000  -412.449855656  -412.362647992  -412.297535082  -412.297535082  -412.219209269
    60.500  -412.448673478  -412.367456024  -412.302792648  -412.302792648  -412.219273609
    61.000  -412.448235785  -412.372651390  -412.308248670  -412.308248670  -412.219405085
    61.500  -412.446792453  -412.376272906  -412.311975772  -412.311975772  -412.219577527
    62.000  -412.442111429  -412.375897201  -412.311634415  -412.311634415  -412.219700658
    62.500  -412.432915633  -412.370088019  -412.305928888  -412.305928888  -412.219620437
    63.000  -412.421066429  -412.360581962  -412.296787755  -412.296787755  -412.219262157
    63.500  -412.412276810  -412.353000116  -412.290038009  -412.290038009  -412.218868626
    64.000  -412.412328281  -412.353071832  -412.291549501  -412.291549501  -412.218886733
    64.500  -412.420908239  -412.360480571  -412.301002370  -412.301002370  -412.219365922
    65.000  -412.431049370  -412.368308473  -412.311316850  -412.311316850  -412.219832714
    65.500  -412.435644541  -412.369539316  -412.315225730  -412.315225730  -412.219930329
    66.000  -412.432760696  -412.362349716  -412.310660504  -412.310660504  -412.219697552
    66.500  -412.425471883  -412.349930412  -412.300622923  -412.300622923  -412.219344653
    67.000  -412.418823336  -412.337462176  -412.290163453  -412.290163453  -412.219074873
    67.500  -412.416726551  -412.329023911  -412.283283015  -412.283283015  -412.218991761
    68.000  -412.420335272  -412.325983081  -412.281313010  -412.281313010  -412.219054926
    68.500  -412.428505642  -412.327445349  -412.283361646  -412.283361646  -412.219159973
    69.000  -412.439269568  -412.331701610  -412.287756473  -412.287756473  -412.219249715
    69.500  -412.450768295  -412.337133543  -412.292941710  -412.292941710  -412.219333317
    70.000  -412.461246533  -412.342190007  -412.297452334  -412.297452334  -412.219443048
    70.500  -412.468715119  -412.345038479  -412.299562448  -412.299562448  -412.219577491
    71.000  -412.471099481  -412.343705706  -412.297433543  -412.297433543  -412.219657076
    71.500  -412.467500953  -412.337332243  -412.290379612  -412.290379612  -412.219533942
    72.000  -412.460248402  -412.328223685  -412.280914518  -412.280914518  -412.219150051
    72.500  -412.455336359  -412.322307414  -412.275165625  -412.275165625  -412.218765991
    73.000  -412.458388544  -412.325137342  -412.278793422  -412.278793422  -412.218807946
    73.500  -412.468781711  -412.336064465  -412.291083945  -412.291083945  -412.219276582
    74.000  -412.479711423  -412.348309365  -412.305030800  -412.305030800  -412.219707830
    74.500  -412.484554464  -412.355282499  -412.313756313  -412.313756313  -412.219818483
    75.000  -412.481197040  -412.354862505  -412.314891063  -412.314891063  -412.219688004
    75.500  -412.471336058  -412.348676011  -412.309897515  -412.309897515  -412.219472724
    76.000  -412.458269784  -412.339896976  -412.301861102  -412.301861102  -412.219252558
    76.500  -412.445519655  -412.331882596  -412.294116894  -412.294116894  -412.219067372
    77.000  -412.436061242  -412.327425016  -412.289488140  -412.289488140  -412.218964591
    77.500  -412.431566994  -412.328021897  -412.289535543  -412.289535543  -412.218983012
    78.000  -412.431835070  -412.333320126  -412.293984873  -412.293984873  -412.219115935
    78.500  -412.434876021  -412.341201268  -412.300806463  -412.300806463  -412.219319420
    79.000  -412.437589745  -412.348455921  -412.306880288  -412.306880288  -412.219544663
    79.500  -412.436584246  -412.351582509  -412.308809767  -412.308809767  -412.219741417
    80.000  -412.429097550  -412.347700969  -412.303848710  -412.303848710  -412.219817476
    80.500  -412.414500020  -412.336055458  -412.291408292  -412.291408292  -412.219639435
    81.000  -412.396132330  -412.319858385  -412.274888686  -412.274888686  -412.219189073
    81.500  -412.381183241  -412.306187192  -412.261521629  -412.261521629  -412.218751254
    82.000  -412.376282047  -412.301591207  -412.257923906  -412.257923906  -412.218730752
    82.500  -412.381818456  -412.306433189  -412.264399611  -412.264399611  -412.219126138
    83.000  -412.391990255  -412.314941072  -412.275022176  -412.275022176  -412.219511486
    83.500  -412.400684880  -412.321072812  -412.283575177  -412.283575177  -412.219620557
    84.000  -412.405567448  -412.322589402  -412.287677074  -412.287677074  -412.219532577
    84.500  -412.407385419  -412.320344719  -412.288089573  -412.288089573  -412.219405852
    85.000  -412.407772133  -412.316083638  -412.286503440  -412.286503440  -412.219310194
    85.500  -412.408112020  -412.311306596  -412.284377046  -412.284377046  -412.219237869
    86.000  -412.409529173  -412.307262410  -412.282899623  -412.282899623  -412.219164737
    86.500  -412.413154935  -412.305229073  -412.283243625  -412.283243625  -412.219098679
    87.000  -412.419954643  -412.306355027  -412.286394673  -412.286394673  -412.219090302
    87.500  -412.429960271  -412.310889976  -412.292413313  -412.292413313  -412.219192880
    88.000  -412.441495015  -412.317377363  -412.299708778  -412.299708778  -412.219404257
    88.500  -412.451230918  -412.322658850  -412.305136410  -412.305136410  -412.219649982
    89.000  -412.455397161  -412.323050163  -412.305189656  -412.305189656  -412.219802540
    89.500  -412.451842496  -412.316421628  -412.297995270  -412.297995270  -412.219720706
    90.000  -412.442142106  -412.304336630  -412.285354352  -412.285354352  -412.219364584
    90.500  -412.431942210  -412.292412198  -412.273052107  -412.273052107  -412.218932031
    91.000  -412.427807557  -412.287172373  -412.267693970  -412.267693970  -412.218774331
    91.500  -412.432081246  -412.290923473  -412.271573265  -412.271573265  -412.219038360
    92.000  -412.440900586  -412.299796871  -412.280710715  -412.280710715  -412.219432736
    92.500  -412.448273986  -412.307851351  -412.288949499  -412.288949499  -412.219605891
    93.000  -412.451164672  -412.312162284  -412.293050924  -412.293050924  -412.219537592
    93.500  -412.450183618  -412.313480425  -412.293422564  -412.293422564  -412.219383696
    94.000  -412.447445125  -412.314019065  -412.292051555  -412.292051555  -412.219255005
    94.500  -412.444781093  -412.315621685  -412.290780943  -412.290780943  -412.219183015
    95.000  -412.443140861  -412.319159584  -412.290712606  -412.290712606  -412.219152582
    95.500  -412.442737330  -412.324632031  -412.292328058  -412.292328058  -412.219140411
    96.000  -412.443431696  -412.331537110  -412.295775808  -412.295775808  -412.219151109
    96.500  -412.444969845  -412.339331951  -412.300900867  -412.300900867  -412.219197695
    97.000  -412.446849484  -412.347446099  -412.307065339  -412.307065339  -412.219299824
    97.500  -412.447834938  -412.354667458  -412.312800767  -412.312800767  -412.219481251
    98.000  -412.445604565  -412.358672437  -412.315556981  -412.315556981  -412.219697138
    98.500  -412.437556072  -412.356817616  -412.312538818  -412.312538818  -412.219787958
    99.000  -412.423125845  -412.348457536  -412.303031820  -412.303031820  -412.219608291
    99.500  -412.405667442  -412.336826707  -412.290272055  -412.290272055  -412.219245948
   100.000  -412.390963002  -412.327556923  -412.279939607  -412.279939607  -412.219003630
   100.500  -412.382766379  -412.324237719  -412.275679954  -412.275679954  -412.219104502
   101.000  -412.379648889  -412.325289582  -412.275938150  -412.275938150  -412.219412854
   101.500  -412.376979771  -412.325961293  -412.275949978  -412.275949978  -412.219577251
   102.000  -412.371886035  -412.323290733  -412.272733471  -412.272733471  -412.219484671
   102.500  -412.365189299  -412.318041102  -412.267049681  -412.267049681  -412.219274993
   103.000  -412.359674586  -412.312969749  -412.261670058  -412.261670058  -412.219093489
   103.500  -412.357941037  -412.310679321  -412.259207344  -412.259207344  -412.218999006
   104.000  -412.361393483  -412.312607528  -412.261087206  -412.261087206  -412.218993462
   104.500  -412.370115814  -412.318898251  -412.267413297  -412.267413297  -412.219058917
   105.000  -412.383099599  -412.328627745  -412.277199699  -412.277199699  -412.219174234
   105.500  -412.398559340  -412.340116234  -412.288696829  -412.288696829  -412.219320181
   106.000  -412.414252055  -412.351242648  -412.299720060  -412.299720060  -412.219478389
   106.500  -412.427799224  -412.359761478  -412.307982138  -412.307982138  -412.219624058
   107.000  -412.437137235  -412.363749151  -412.311552622  -412.311552622  -412.219703469
   107.500  -412.441384644  -412.362469353  -412.309732375  -412.309732375  -412.219628977
   108.000  -412.442031155  -412.357558350  -412.304244786  -412.304244786  -412.219379928
   108.500  -412.442962161  -412.353045336  -412.299243995  -412.299243995  -412.219126576
   109.000  -412.447838535  -412.352729921  -412.298663188  -412.298663188  -412.219098839
   109.500  -412.456754804  -412.356849606  -412.302836219  -412.302836219  -412.219341824
   110.000  -412.465682038  -412.361531841  -412.307911558  -412.307911558  -412.219638281
   110.500  -412.469729307  -412.362048059  -412.309100074  -412.309100074  -412.219717386
   111.000  -412.467114660  -412.356765219  -412.304642361  -412.304642361  -412.219556823
   111.500  -412.459755326  -412.347714474  -412.296413543  -412.296413543  -412.219312916
   112.000  -412.451133424  -412.338444541  -412.287822763  -412.287822763  -412.219112345
   112.500  -412.444292382  -412.332010021  -412.281852227  -412.281852227  -412.219000670
   113.000  -412.440997810  -412.330146095  -412.280234296  -412.280234296  -412.218975441
   113.500  -412.441679245  -412.333222729  -412.283379878  -412.283379878  -412.219022789
   114.000  -412.445628789  -412.340456447  -412.290546844  -412.290546844  -412.219131726
   114.500  -412.451198919  -412.350108876  -412.300013201  -412.300013201  -412.219295449
   115.000  -412.455965750  -412.359642163  -412.309229155  -412.309229155  -412.219501401
   115.500  -412.457012113  -412.365993170  -412.315101508  -412.315101508  -412.219707048
   116.000  -412.451684264  -412.366322163  -412.314763417  -412.314763417  -412.219810897
   116.500  -412.439184538  -412.359610632  -412.307187634  -412.307187634  -412.219669621
   117.000  -412.422496484  -412.348602201  -412.295149050  -412.295149050  -412.219262933
   117.500  -412.408240132  -412.339688620  -412.285117105  -412.285117105  -412.218870643
   118.000  -412.402404828  -412.338675803  -412.283008732  -412.283008732  -412.218847301
   118.500  -412.405324501  -412.345778343  -412.289153776  -412.289153776  -412.219200158
   119.000  -412.411577558  -412.355516609  -412.298157866  -412.298157866  -412.219610477
   119.500  -412.414627063  -412.361334400  -412.303508217  -412.303508217  -412.219782512
   120.000  -412.411277880  -412.360029131  -412.302016263  -412.302016263  -412.219682062
   120.500  -412.402487216  -412.352543658  -412.294626283  -412.294626283  -412.219449683
   121.000  -412.391486687  -412.342084165  -412.284539018  -412.284539018  -412.219217426
   121.500  -412.381772175  -412.332114425  -412.275201730  -412.275201730  -412.219046998
   122.000  -412.376044251  -412.325303679  -412.269247037  -412.269247037  -412.218952173
   122.500  -412.375886834  -412.323214490  -412.268175441  -412.268175441  -412.218930436
   123.000  -412.381733037  -412.326278585  -412.272333795  -412.272333795  -412.218980285
   123.500  -412.392848025  -412.333791012  -412.280920983  -412.280920983  -412.219106398
   124.000  -412.407269325  -412.343859627  -412.291950890  -412.291950890  -412.219310285
   124.500  -412.421844299  -412.353445429  -412.302312744  -412.302312744  -412.219565738
   125.000  -412.432772428  -412.358901535  -412.308322477  -412.308322477  -412.219774454
   125.500  -412.437205974  -412.357560080  -412.307324575  -412.307324575  -412.219766730
   126.000  -412.435685195  -412.350145738  -412.300110091  -412.300110091  -412.219462611
   126.500  -412.432953870  -412.341569919  -412.291700523  -412.291700523  -412.219089615
   127.000  -412.434532316  -412.337495677  -412.287875348  -412.287875348  -412.218977375
   127.500  -412.442037554  -412.339672488  -412.290456792  -412.290456792  -412.219158973
   128.000  -412.452533104  -412.345321935  -412.296650080  -412.296650080  -412.219439695
   128.500  -412.461333573  -412.349962876  -412.301875754  -412.301875754  -412.219625385
   129.000  -412.465003093  -412.350392414  -412.302804470  -412.302804470  -412.219638131
   129.500  -412.462698701  -412.345985764  -412.298714433  -412.298714433  -412.219515921
   130.000  -412.455768419  -412.338250424  -412.291075445  -412.291075445  -412.219338320
   130.500  -412.446612017  -412.329665440  -412.282383929  -412.282383929  -412.219170703
   131.000  -412.437670399  -412.322668427  -412.275126222  -412.275126222  -412.219049250
   131.500  -412.430813225  -412.319058260  -412.271154289  -412.271154289  -412.218990141
   132.000  -412.427040904  -412.319714594  -412.271382155  -412.271382155  -412.219000867
   132.500  -412.426329837  -412.324451395  -412.275634376  -412.275634376  -412.219089236
   133.000  -412.427527748  -412.331919728  -412.282546137  -412.282546137  -412.219256898
   133.500  -412.428387635  -412.339642701  -412.289609286  -412.289609286  -412.219476364
   134.000  -412.426091879  -412.344539043  -412.293715070  -412.293715070  -412.219652773
   134.500  -412.418750235  -412.344423893  -412.292679902  -412.292679902  -412.219628523
   135.000  -412.407571514  -412.340191854  -412.287453770  -412.287453770  -412.219345146
   135.500  -412.397302009  -412.336282568  -412.282592134  -412.282592134  -412.219047118
   136.000  -412.392532313  -412.337025816  -412.282576178  -412.282576178  -412.219060639
   136.500  -412.393189104  -412.342165128  -412.287286986  -412.287286986  -412.219349272
   137.000  -412.395038365  -412.347365686  -412.292475338  -412.292475338  -412.219596393
   137.500  -412.394216259  -412.348724013  -412.294267632  -412.294267632  -412.219592775
   138.000  -412.390382697  -412.345893374  -412.292313080  -412.292313080  -412.219404126
   138.500  -412.385997598  -412.341348371  -412.289052550  -412.289052550  -412.219220199
   139.000  -412.383674081  -412.337740019  -412.287066185  -412.287066185  -412.219144639
   139.500  -412.384589232  -412.336312171  -412.287483454  -412.287483454  -412.219149754
   140.000  -412.388720744  -412.337140905  -412.290233630  -412.290233630  -412.219171551
   140.500  -412.395694938  -412.339979028  -412.294912680  -412.294912680  -412.219186912
   141.000  -412.405129489  -412.344594392  -412.301143716  -412.301143716  -412.219215563
   141.500  -412.416381104  -412.350509370  -412.308331012  -412.308331012  -412.219290394
   142.000  -412.428102914  -412.356551008  -412.315216781  -412.315216781  -412.219430522
   142.500  -412.438038443  -412.360635545  -412.319672482  -412.319672482  -412.219610727
   143.000  -412.443539791  -412.360281090  -412.319214798  -412.319214798  -412.219719816
   143.500  -412.443317822  -412.354349936  -412.312755825  -412.312755825  -412.219581663
   144.000  -412.439845260  -412.345446690  -412.302999506  -412.302999506  -412.219170517
   144.500  -412.439243289  -412.339805184  -412.296311860  -412.296311860  -412.218836104
   145.000  -412.446161470  -412.342178367  -412.297569259  -412.297569259  -412.218943679
   145.500  -412.458802178  -412.350877980  -412.305151660  -412.305151660  -412.219359993
   146.000  -412.470704843  -412.359564539  -412.312716296  -412.312716296  -412.219705152
   146.500  -412.476228108  -412.362714177  -412.314680128  -412.314680128  -412.219791259
   147.000  -412.473609921  -412.358649298  -412.309286186  -412.309286186  -412.219655873
   147.500  -412.464686375  -412.349234323  -412.298331786  -412.298331786  -412.219401170
   148.000  -412.453364224  -412.338348126  -412.285653388  -412.285653388  -412.219123741
   148.500  -412.443965821  -412.330246812  -412.275498523  -412.275498523  -412.218932631
   149.000  -412.439482042  -412.327846621  -412.270806241  -412.270806241  -412.218904821
   149.500  -412.440417105  -412.331589207  -412.272068880  -412.272068880  -412.219010858
   150.000  -412.445160146  -412.339811454  -412.277700268  -412.277700268  -412.219160537
   150.500  -412.451287561  -412.350032396  -412.285310172  -412.285310172  -412.219308117
   151.000  -412.456358783  -412.359735336  -412.292469647  -412.292469647  -412.219465073
   151.500  -412.457955569  -412.366401970  -412.296732465  -412.296732465  -412.219623531
   152.000  -412.453982990  -412.367814741  -412.295937139  -412.295937139  -412.219685682
   152.500  -412.444157597  -412.363550889  -412.289706737  -412.289706737  -412.219509700
   153.000  -412.431804200  -412.356789292  -412.281259977  -412.281259977  -412.219142824
   153.500  -412.422773914  -412.353239178  -412.276335525  -412.276335525  -412.218915046
   154.000  -412.420706212  -412.356410389  -412.278450516  -412.278450516  -412.219030023
   154.500  -412.424080312  -412.364670908  -412.285947586  -412.285947586  -412.219337273
   155.000  -412.428203553  -412.373235728  -412.293987912  -412.293987912  -412.219596201
   155.500  -412.428851972  -412.377799314  -412.298206038  -412.298206038  -412.219676785
   156.000  -412.424402281  -412.376659099  -412.296859556  -412.296859556  -412.219600571
   156.500  -412.415717589  -412.370592767  -412.290727492  -412.290727492  -412.219454168
   157.000  -412.404973181  -412.361685836  -412.281933883  -412.281933883  -412.219286895
   157.500  -412.394866013  -412.352542008  -412.273144522  -412.273144522  -412.219103178
   158.000  -412.388389823  -412.346059872  -412.267325386  -412.267325386  -412.218925439
   158.500  -412.388352645  -412.344959344  -412.267243906  -412.267243906  -412.218838797
   159.000  -412.396092181  -412.350512669  -412.274174114  -412.274174114  -412.218932025
   159.500  -412.410241435  -412.361328419  -412.286664758  -412.286664758  -412.219191769
   160.000  -412.426930571  -412.373566947  -412.300764317  -412.300764317  -412.219511858
   160.500  -412.441337700  -412.382492100  -412.311610922  -412.311610922  -412.219777669
   161.000  -412.449520446  -412.384296949  -412.315300273  -412.315300273  -412.219874965
   161.500  -412.450246203  -412.377924269  -412.310732853  -412.310732853  -412.219697238
   162.000  -412.446392716  -412.366448189  -412.301008515  -412.301008515  -412.219306383
   162.500  -412.443767683  -412.355881279  -412.292206109  -412.292206109  -412.219005226
   163.000  -412.446732922  -412.350791191  -412.288955115  -412.288955115  -412.219019103
   163.500  -412.454944940  -412.351047349  -412.291131126  -412.291131126  -412.219263842
   164.000  -412.464456957  -412.352932581  -412.294943656  -412.294943656  -412.219498061
   164.500  -412.471275001  -412.352689375  -412.296508901  -412.296508901  -412.219555591
   165.000  -412.473927341  -412.349072745  -412.294446458  -412.294446458  -412.219457188
   165.500  -412.473380940  -412.343250591  -412.289813274  -412.289813274  -412.219315617
   166.000  -412.471485195  -412.337241742  -412.284551125  -412.284551125  -412.219211284
   166.500  -412.469724526  -412.332660682  -412.280235548  -412.280235548  -412.219164145
   167.000  -412.468862022  -412.330357659  -412.277707905  -412.277707905  -412.219149288
   167.500  -412.469267452  -412.330736188  -412.277394540  -412.277394540  -412.219123871
   168.000  -412.471496447  -412.334325922  -412.279878702  -412.279878702  -412.219070390
   168.500  -412.476448092  -412.341941847  -412.286052674  -412.286052674  -412.219050572
   169.000  -412.484415304  -412.353757377  -412.296165866  -412.296165866  -412.219179449
   169.500  -412.493518275  -412.367756750  -412.308262139  -412.308262139  -412.219473778
   170.000  -412.499620105  -412.379647274  -412.318101494  -412.318101494  -412.219753916
   170.500  -412.498979292  -412.385490496  -412.321806757  -412.321806757  -412.219778299
   171.000  -412.491629829  -412.385060984  -412.319232529  -412.319232529  -412.219512535
   171.500  -412.481700389  -412.382170212  -412.314280230  -412.314280230  -412.219224262
   172.000  -412.473600089  -412.380889074  -412.311093163  -412.311093163  -412.219178434
   172.500  -412.468246696  -412.381826011  -412.310314554  -412.310314554  -412.219348906
   173.000  -412.463309068  -412.382412514  -412.309372409  -412.309372409  -412.219517667
   173.500  -412.456292041  -412.380002805  -412.305600394  -412.305600394  -412.219520188
   174.000  -412.446964190  -412.374292990  -412.298684588  -412.298684588  -412.219372877
   174.500  -412.437285312  -412.367232959  -412.290585046  -412.290585046  -412.219188467
   175.000  -412.429860737  -412.361468662  -412.283967548  -412.283967548  -412.219054473
   175.500  -412.426613880  -412.359003588  -412.280851407  -412.280851407  -412.219003640
   176.000  -412.428225777  -412.360629496  -412.282029368  -412.282029368  -412.219036277
   176.500  -412.434091792  -412.365873931  -412.287011938  -412.287011938  -412.219141926
   177.000  -412.442487719  -412.373154011  -412.294186256  -412.294186256  -412.219304511
   177.500  -412.450862841  -412.380056517  -412.301104873  -412.301104873  -412.219492669
   178.000  -412.456401520  -412.383883845  -412.305040034  -412.305040034  -412.219645292
   178.500  -412.457028277  -412.382650630  -412.303980374  -412.303980374  -412.219676478
   179.000  -412.452673184  -412.376349407  -412.297900110  -412.297900110  -412.219534123
   179.500  -412.445889423  -412.367577116  -412.289394080  -412.289394080  -412.219289274
   180.000  -412.440600476  -412.360296722  -412.282449878  -412.282449878  -412.219136499
   180.500  -412.439230822  -412.356971915  -412.279586044  -412.279586044  -412.219179881
   181.000  -412.441207656  -412.357064433  -412.280331223  -412.280331223  -412.219306301
   181.500  -412.444322711  -412.358396416  -412.282555968  -412.282555968  -412.219441613
   182.000  -412.445976091  -412.358404666  -412.283699594  -412.283699594  -412.219564052
   182.500  -412.443876576  -412.354847689  -412.281470075  -412.281470075  -412.219569972
   183.000  -412.437527547  -412.347282656  -412.275340173  -412.275340173  -412.219428217
   183.500  -412.428723358  -412.337549205  -412.267055709  -412.267055709  -412.219224851
   184.000  -412.420373978  -412.328586389  -412.259472724  -412.259472724  -412.219050784
   184.500  -412.415109708  -412.323040165  -412.255172534  -412.255172534  -412.218947375
   185.000  -412.414548620  -412.322539065  -412.255736527  -412.255736527  -412.218921369
   185.500  -412.419107770  -412.327513859  -412.261561376  -412.261561376  -412.218970174
   186.000  -412.428011012  -412.337210308  -412.271866686  -412.271866686  -412.219093815
   186.500  -412.439313142  -412.349711752  -412.284715603  -412.284715603  -412.219291177
   187.000  -412.450010485  -412.362042720  -412.297116150  -412.297116150  -412.219535714
   187.500  -412.456579783  -412.370693303  -412.305550061  -412.305550061  -412.219742428
   188.000  -412.456370097  -412.372996201  -412.307352574  -412.307352574  -412.219777906
   188.500  -412.449506625  -412.369016188  -412.302607230  -412.302607230  -412.219593699
   189.000  -412.439364484  -412.362013573  -412.294620593  -412.294620593  -412.219338739
   189.500  -412.430358633  -412.356238840  -412.287726169  -412.287726169  -412.219159461
   190.000  -412.425635331  -412.354646412  -412.285005452  -412.285005452  -412.219090110
   190.500  -412.426132730  -412.357993365  -412.287373502  -412.287373502  -412.219223697
   191.000  -412.429484222  -412.363774607  -412.292474288  -412.292474288  -412.219514338
   191.500  -412.431015491  -412.367223287  -412.295639861  -412.295639861  -412.219696363
   192.000  -412.427531807  -412.365076432  -412.293645100  -412.293645100  -412.219634932
   192.500  -412.419452098  -412.357686008  -412.286832445  -412.286832445  -412.219420299
   193.000  -412.409737870  -412.347939745  -412.278047238  -412.278047238  -412.219189397
   193.500  -412.401869758  -412.339240744  -412.270628659  -412.270628659  -412.219022578
   194.000  -412.398515228  -412.334187394  -412.267090886  -412.267090886  -412.218946751
   194.500  -412.400994400  -412.334054577  -412.268606154  -412.268606154  -412.218963674
   195.000  -412.409177744  -412.338708410  -412.274924722  -412.274924722  -412.219064529
   195.500  -412.421590999  -412.346726388  -412.284508879  -412.284508879  -412.219229480
   196.000  -412.435749982  -412.355742385  -412.294893455  -412.294893455  -412.219411867
   196.500  -412.448934850  -412.363220403  -412.303474913  -412.303474913  -412.219526290
   197.000  -412.459474495  -412.367725308  -412.308795960  -412.308795960  -412.219500861
   197.500  -412.467682927  -412.369834021  -412.311456799  -412.311456799  -412.219406262
   198.000  -412.474741425  -412.370985903  -412.312957769  -412.312957769  -412.219428305
   198.500  -412.480256539  -412.371009562  -412.313207443  -412.313207443  -412.219544291
   199.000  -412.482632180  -412.368475363  -412.310847951  -412.310847951  -412.219525912
   199.500  -412.482049234  -412.363675348  -412.306206451  -412.306206451  -412.219353095
   200.000  -412.480852422  -412.359031200  -412.301685525  -412.301685525  -412.219209084
   200.500  -412.481068142  -412.356642289  -412.299325886  -412.299325886  -412.219205238
   201.000  -412.482659440  -412.356557545  -412.299120460  -412.299120460  -412.219310094
   201.500  -412.483896768  -412.357139903  -412.299419942  -412.299419942  -412.219399099
   202.000  -412.483153585  -412.356832730  -412.298711390  -412.298711390  -412.219383484
   202.500  -412.480291018  -412.355516399  -412.296953593  -412.296953593  -412.219285325
   203.000  -412.476511773  -412.354356008  -412.295382761  -412.295382761  -412.219177694
   203.500  -412.473331016  -412.354779573  -412.295470084  -412.295470084  -412.219121792
   204.000  -412.471629511  -412.357547826  -412.297982286  -412.297982286  -412.219148026
   204.500  -412.471146918  -412.362261589  -412.302499390  -412.302499390  -412.219255215
   205.000  -412.470493263  -412.367383308  -412.307454074  -412.307454074  -412.219399531
   205.500  -412.467836411  -412.370929948  -412.310840615  -412.310840615  -412.219488636
   206.000  -412.462263285  -412.371836874  -412.311581685  -412.311581685  -412.219441485
   206.500  -412.454822262  -412.371000175  -412.310561230  -412.310561230  -412.219325330
   207.000  -412.447466918  -412.370216586  -412.309548544  -412.309548544  -412.219320693
   207.500  -412.440648602  -412.369770160  -412.308780429  -412.308780429  -412.219418672
   208.000  -412.433345399  -412.368459159  -412.307008692  -412.307008692  -412.219460152
   208.500  -412.425007561  -412.365553342  -412.303489773  -412.303489773  -412.219462756
   209.000  -412.415565723  -412.360822483  -412.298022654  -412.298022654  -412.219475596
   209.500  -412.404982877  -412.354101779  -412.290509088  -412.290509088  -412.219397232
   210.000  -412.394474165  -412.346514768  -412.282164497  -412.282164497  -412.219205478
   210.500  -412.386700174  -412.340670988  -412.275694697  -412.275694697  -412.219056079
   211.000  -412.383693513  -412.338595081  -412.273192063  -412.273192063  -412.219058750
   211.500  -412.385351865  -412.340216763  -412.274595124  -412.274595124  -412.219151793
   212.000  -412.390199055  -412.344112472  -412.278436781  -412.278436781  -412.219236525
   212.500  -412.396795782  -412.348901443  -412.283256348  -412.283256348  -412.219290629
   213.000  -412.404153413  -412.353651012  -412.288033418  -412.288033418  -412.219344547
   213.500  -412.411366521  -412.357509399  -412.291843878  -412.291843878  -412.219415059
   214.000  -412.417407531  -412.359506411  -412.293673507  -412.293673507  -412.219466884
   214.500  -412.421633543  -412.359066970  -412.292939110  -412.292939110  -412.219434030
   215.000  -412.424643320  -412.356873589  -412.290351198  -412.290351198  -412.219319365
   215.500  -412.428110881  -412.354704916  -412.287746861  -412.287746861  -412.219246982
   216.000  -412.433105321  -412.353758832  -412.286405812  -412.286405812  -412.219272135
   216.500  -412.439389951  -412.353952239  -412.286346182  -412.286346182  -412.219262451
   217.000  -412.446982357  -412.355479214  -412.287873406  -412.287873406  -412.219196051
   217.500  -412.456325355  -412.358980486  -412.291720147  -412.291720147  -412.219259751
   218.000  -412.466010468  -412.363263144  -412.296722848  -412.296722848  -412.219475677
   218.500  -412.472624080  -412.365128567  -412.299632421  -412.299632421  -412.219634759
   219.000  -412.473644488  -412.362238959  -412.298001546  -412.298001546  -412.219595202
   219.500  -412.469565657  -412.355214988  -412.292319770  -412.292319770  -412.219383519
   220.000  -412.463541060  -412.347275582  -412.285683527  -412.285683527  -412.219135398
   220.500  -412.459282388  -412.342155046  -412.281731844  -412.281731844  -412.219016220
   221.000  -412.458587916  -412.341660878  -412.282209247  -412.282209247  -412.219085910
   221.500  -412.460428718  -412.344776700  -412.286069257  -412.286069257  -412.219252329
   222.000  -412.462234647  -412.348935094  -412.290739017  -412.290739017  -412.219395672
   222.500  -412.461714248  -412.351814192  -412.293903974  -412.293903974  -412.219465423
   223.000  -412.457782797  -412.352246436  -412.294408625  -412.294408625  -412.219450678
   223.500  -412.450806027  -412.350455575  -412.292496754  -412.292496754  -412.219351768
   224.000  -412.442488294  -412.347951236  -412.289711053  -412.289711053  -412.219229980
   224.500  -412.434843472  -412.346512712  -412.287878941  -412.287878941  -412.219208499
   225.000  -412.428509128  -412.346513905  -412.287432144  -412.287432144  -412.219287532
   225.500  -412.422803083  -412.346992761  -412.287466287  -412.287466287  -412.219294464
   226.000  -412.417903170  -412.347850037  -412.287930439  -412.287930439  -412.219195323
   226.500  -412.415217248  -412.350249253  -412.290021024  -412.290021024  -412.219180102
   227.000  -412.414994085  -412.354253750  -412.293815372  -412.293815372  -412.219306269
   227.500  -412.415557933  -412.358066283  -412.297520079  -412.297520079  -412.219421596
   228.000  -412.415267555  -412.359975438  -412.299431727  -412.299431727  -412.219433761
   228.500  -412.413897022  -412.359720939  -412.299306182  -412.299306182  -412.219373038
   229.000  -412.412365535  -412.358214420  -412.298068831  -412.298068831  -412.219283237
   229.500  -412.412112098  -412.356912145  -412.297172798  -412.297172798  -412.219187088
   230.000  -412.414649849  -412.357374113  -412.298147576  -412.298147576  -412.219129902
   230.500  -412.420806218  -412.360516970  -412.301848796  -412.301848796  -412.219186018
   231.000  -412.429660112  -412.365564977  -412.307416040  -412.307416040  -412.219373373
   231.500  -412.438360746  -412.369871510  -412.312110807  -412.312110807  -412.219587789
   232.000  -412.443687236  -412.370464441  -412.312880591  -412.312880591  -412.219669069
   232.500  -412.444386012  -412.366356307  -412.308682199  -412.308682199  -412.219544737
   233.000  -412.442143141  -412.359489311  -412.301431210  -412.301431210  -412.219345418
   233.500  -412.439652832  -412.352781533  -412.294044429  -412.294044429  -412.219301465
   234.000  -412.437490378  -412.346985388  -412.287295660  -412.287295660  -412.219404358
   234.500  -412.434266262  -412.340833641  -412.279965377  -412.279965377  -412.219394598
   235.000  -412.430066162  -412.334477797  -412.272283029  -412.272283029  -412.219187765
   235.500  -412.427573749  -412.330624558  -412.267047590  -412.267047590  -412.219022564
   236.000  -412.428898569  -412.331386264  -412.266445194  -412.266445194  -412.219084739
   236.500  -412.433032823  -412.335750146  -412.269500530  -412.269500530  -412.219250275
   237.000  -412.437394440  -412.341116401  -412.273625768  -412.273625768  -412.219340190
   237.500  -412.440361035  -412.345817828  -412.277164193  -412.277164193  -412.219337134
   238.000  -412.441723796  -412.349568786  -412.279849226  -412.279849226  -412.219310575
   238.500  -412.441786261  -412.352569139  -412.281902252  -412.281902252  -412.219310682
   239.000  -412.440624113  -412.354776587  -412.283288747  -412.283288747  -412.219340630
   239.500  -412.438009199  -412.355838711  -412.283640132  -412.283640132  -412.219370564
   240.000  -412.433822351  -412.355510857  -412.282670970  -412.282670970  -412.219366303
   240.500  -412.428517582  -412.354125981  -412.280660435  -412.280660435  -412.219317758
   241.000  -412.423235459  -412.352716564  -412.278594656  -412.278594656  -412.219236644
   241.500  -412.419559878  -412.352780180  -412.277950776  -412.277950776  -412.219155344
   242.000  -412.418857198  -412.355620235  -412.280041778  -412.280041778  -412.219174250
   242.500  -412.420770056  -412.360827132  -412.284493193  -412.284493193  -412.219370301
   243.000  -412.422348574  -412.365394724  -412.288350191  -412.288350191  -412.219588457
   243.500  -412.420321910  -412.365981504  -412.288338806  -412.288338806  -412.219585712
   244.000  -412.414504620  -412.362316300  -412.284274621  -412.284274621  -412.219348911
   244.500  -412.408056077  -412.357467760  -412.279321841  -412.279321841  -412.219106532
   245.000  -412.404351972  -412.354728179  -412.276854893  -412.276854893  -412.219050268
   245.500  -412.404299254  -412.354937424  -412.277757410  -412.277757410  -412.219128298
   246.000  -412.406891122  -412.357037618  -412.280966689  -412.280966689  -412.219190664
   246.500  -412.411229787  -412.360091733  -412.285497623  -412.285497623  -412.219190341
   247.000  -412.417290740  -412.364047847  -412.291217150  -412.291217150  -412.219172323
   247.500  -412.425343780  -412.369164073  -412.298282841  -412.298282841  -412.219190447
   248.000  -412.435155121  -412.375218050  -412.306364599  -412.306364599  -412.219271006
   248.500  -412.445575497  -412.381101977  -412.314252172  -412.314252172  -412.219407684
   249.000  -412.454658991  -412.384944981  -412.319987811  -412.319987811  -412.219552681
   249.500  -412.460441008  -412.384888728  -412.321650231  -412.321650231  -412.219609161
   250.000  -412.462399746  -412.380543988  -412.318811626  -412.318811626  -412.219477225
   250.500  -412.462753799  -412.374284790  -412.313830713  -412.313830713  -412.219201604
   251.000  -412.465539010  -412.370323897  -412.310926038  -412.310926038  -412.219043756
   251.500  -412.472842074  -412.370952000  -412.312409812  -412.312409812  -412.219195732
   252.000  -412.482199910  -412.373936819  -412.316088677  -412.316088677  -412.219490847
   252.500  -412.488907041  -412.374815002  -412.317561138  -412.317561138  -412.219625717
   253.000  -412.490371305  -412.371221144  -412.314543657  -412.314543657  -412.219499355
   253.500  -412.487750276  -412.364501572  -412.308469943  -412.308469943  -412.219263425
   254.000  -412.483963532  -412.357722345  -412.302467804  -412.302467804  -412.219136533
   254.500  -412.480698044  -412.352684454  -412.298344559  -412.298344559  -412.219165428
   255.000  -412.477634807  -412.349157898  -412.295813442  -412.295813442  -412.219229203
   255.500  -412.473944205  -412.346370096  -412.294000908  -412.294000908  -412.219238762
   256.000  -412.469523049  -412.344226116  -412.292699357  -412.292699357  -412.219207724
   256.500  -412.464879941  -412.343177868  -412.292263729  -412.292263729  -412.219187634
   257.000  -412.460420573  -412.343501231  -412.292905526  -412.292905526  -412.219215798
   257.500  -412.455917634  -412.344771144  -412.294165431  -412.294165431  -412.219297550
   258.000  -412.450460597  -412.345819669  -412.294870075  -412.294870075  -412.219398446
   258.500  -412.443021019  -412.345316444  -412.293707591  -412.293707591  -412.219440105
   259.000  -412.433569612  -412.342896673  -412.290369634  -412.290369634  -412.219358665
   259.500  -412.423851118  -412.339959783  -412.286347192  -412.286347192  -412.219219152
   260.000  -412.416284247  -412.338593968  -412.283847070  -412.283847070  -412.219195337
   260.500  -412.411550717  -412.339192799  -412.283381867  -412.283381867  -412.219312107
   261.000  -412.408232343  -412.340116868  -412.283403052  -412.283403052  -412.219411522
   261.500  -412.404929775  -412.339827411  -412.282419443  -412.282419443  -412.219403580
   262.000  -412.401709590  -412.338339037  -412.280438143  -412.280438143  -412.219304024
   262.500  -412.399984122  -412.337088083  -412.278829460  -412.278829460  -412.219182703
   263.000  -412.401398725  -412.337802407  -412.279200246  -412.279200246  -412.219160026
   263.500  -412.406172405  -412.340828952  -412.281725134  -412.281725134  -412.219256939
   264.000  -412.412818993  -412.344843446  -412.284884918  -412.284884918  -412.219351297
   264.500  -412.419782435  -412.348473499  -412.287124787  -412.287124787  -412.219358051
   265.000  -412.426669107  -412.351513031  -412.288111933  -412.288111933  -412.219306701
   265.500  -412.433924587  -412.354582093  -412.288424681  -412.288424681  -412.219263649
   266.000  -412.441901029  -412.358177990  -412.288618255  -412.288618255  -412.219268679
   266.500  -412.450267008  -412.362074953  -412.288625240  -412.288625240  -412.219319878
   267.000  -412.458060036  -412.365378632  -412.287796660  -412.287796660  -412.219370349
   267.500  -412.464432050  -412.367285111  -412.285630305  -412.285630305  -412.219340225
   268.000  -412.469779064  -412.368227439  -412.282876840  -412.282876840  -412.219203770
   268.500  -412.475936006  -412.370083447  -412.281697821  -412.281697821  -412.219108329
   269.000  -412.484021599  -412.374024817  -412.283467603  -412.283467603  -412.219248246
   269.500  -412.491924870  -412.378001276  -412.286227793  -412.286227793  -412.219529908
   270.000  -412.495654747  -412.378052768  -412.286048008  -412.286048008  -412.219651288
   270.500  -412.493552876  -412.372485951  -412.281270146  -412.281270146  -412.219469242
   271.000  -412.488355502  -412.363858598  -412.274619580  -412.274619580  -412.219114255
   271.500  -412.485224557  -412.356859542  -412.271309286  -412.271309286  -412.218846613
   272.000  -412.487636460  -412.354116136  -412.275017434  -412.275017434  -412.218986071
   272.500  -412.494417037  -412.355070016  -412.284012468  -412.284012468  -412.219311228
   273.000  -412.501389694  -412.356667100  -412.293362381  -412.293362381  -412.219491467
   273.500  -412.505220111  -412.355390940  -412.299843100  -412.299843100  -412.219513488
   274.000  -412.505006291  -412.350303038  -412.302649307  -412.302649307  -412.219436552
   274.500  -412.501600299  -412.342350650  -412.302613609  -412.302613609  -412.219356098
   275.000  -412.496174318  -412.332865523  -412.300814000  -412.300814000  -412.219328024
   275.500  -412.489331524  -412.322666313  -412.297711135  -412.297711135  -412.219354813
   276.000  -412.481067024  -412.312046680  -412.293123831  -412.293123831  -412.219384126
   276.500  -412.471575274  -412.301613903  -412.287052050  -412.287052050  -412.219315991
   277.000  -412.462535774  -412.293476237  -412.281105681  -412.281105681  -412.219081534
   277.500  -412.457328483  -412.291052104  -412.279097250  -412.279097250  -412.218856338
   278.000  -412.458367056  -412.296323271  -412.284261912  -412.284261912  -412.218956697
   278.500  -412.463627448  -412.306901178  -412.295076634  -412.295076634  -412.219359142
   279.000  -412.467281750  -412.316929066  -412.305584589  -412.305584589  -412.219759921
   279.500  -412.464058774  -412.321399470  -412.309779217  -412.309779217  -412.219894356
   280.000  -412.452865416  -412.319329517  -412.305703118  -412.305703118  -412.219647905
   280.500  -412.437599886  -412.314090507  -412.296942467  -412.296942467  -412.219215974
   281.000  -412.424520365  -412.311159143  -412.289797578  -412.289797578  -412.218955394
   281.500  -412.417510303  -412.313799137  -412.288175818  -412.288175818  -412.219018330
   282.000  -412.415797250  -412.320841853  -412.291278533  -412.291278533  -412.219248655
   282.500  -412.415940884  -412.328641197  -412.295630338  -412.295630338  -412.219431156
   283.000  -412.414965489  -412.334160617  -412.298224026  -412.298224026  -412.219475919
   283.500  -412.411850406  -412.336401597  -412.298007041  -412.298007041  -412.219420693
   284.000  -412.407133082  -412.335952242  -412.295487318  -412.295487318  -412.219348008
   284.500  -412.401758004  -412.333803892  -412.291593591  -412.291593591  -412.219312941
   285.000  -412.396277171  -412.330544265  -412.286882669  -412.286882669  -412.219309134
   285.500  -412.390915963  -412.326422090  -412.281616455  -412.281616455  -412.219273575
   286.000  -412.386484357  -412.322270095  -412.276664477  -412.276664477  -412.219134605
   286.500  -412.385263159  -412.320404805  -412.274371060  -412.274371060  -412.218945857
   287.000  -412.390015012  -412.323657097  -412.277538323  -412.277538323  -412.218931820
   287.500  -412.400833314  -412.332229345  -412.286263718  -412.286263718  -412.219208321
   288.000  -412.413691239  -412.342252108  -412.296507996  -412.296507996  -412.219564399
   288.500  -412.423384359  -412.348711559  -412.303083973  -412.303083973  -412.219716792
   289.000  -412.427594564  -412.349474025  -412.303768100  -412.303768100  -412.219572187
   289.500  -412.428334852  -412.346717319  -412.300739444  -412.300739444  -412.219280224
   290.000  -412.429647486  -412.344613502  -412.298247377  -412.298247377  -412.219170814
   290.500  -412.433022698  -412.344753573  -412.297971582  -412.297971582  -412.219352374
   291.000  -412.436012475  -412.344771173  -412.297587090  -412.297587090  -412.219525181
   291.500  -412.436229864  -412.342340115  -412.294750749  -412.294750749  -412.219440571
   292.000  -412.434793906  -412.338618544  -412.290572783  -412.290572783  -412.219204720
   292.500  -412.434935007  -412.336871955  -412.288268070  -412.288268070  -412.219083940
   293.000  -412.438275577  -412.338776314  -412.289475037  -412.289475037  -412.219180353
   293.500  -412.443298093  -412.342883530  -412.292735247  -412.292735247  -412.219375503
   294.000  -412.446929708  -412.346182789  -412.295059349  -412.295059349  -412.219530311
   294.500  -412.446682642  -412.346222461  -412.294037606  -412.294037606  -412.219576437
   295.000  -412.441898894  -412.342351456  -412.289068118  -412.289068118  -412.219459743
   295.500  -412.434552937  -412.336530308  -412.282156529  -412.282156529  -412.219183705
   296.000  -412.428889025  -412.332978373  -412.277548240  -412.277548240  -412.218968808
   296.500  -412.428076362  -412.334829894  -412.278374191  -412.278374191  -412.219097263
   297.000  -412.430428669  -412.340344648  -412.282863555  -412.282863555  -412.219457248
   297.500  -412.431003460  -412.344493254  -412.285954572  -412.285954572  -412.219651841
   298.000  -412.427182488  -412.344528965  -412.284898621  -412.284898621  -412.219481354
   298.500  -412.421590543  -412.342911771  -412.282199434  -412.282199434  -412.219125888
   299.000  -412.419399876  -412.344637848  -412.282917328  -412.282917328  -412.218995969
   299.500  -412.422542779  -412.351481125  -412.288867710  -412.288867710  -412.219232591
   300.000  -412.427731539  -412.360022454  -412.296632740  -412.296632740  -412.219546242
   300.500  -412.430344968  -412.365519485  -412.301454224  -412.301454224  -412.219685346
   301.000  -412.428227015  -412.365683198  -412.301045173  -412.301045173  -412.219625730
   301.500  -412.422376190  -412.361361257  -412.296286009  -412.296286009  -412.219419087
   302.000  -412.416145376  -412.355749885  -412.290424264  -412.290424264  -412.219165360
   302.500  -412.413511017  -412.352691630  -412.287344692  -412.287344692  -412.219052741
   303.000  -412.416271095  -412.353909669  -412.288775468  -412.288775468  -412.219191747
   303.500  -412.422541802  -412.357527354  -412.292802030  -412.292802030  -412.219428284
   304.000  -412.428921505  -412.360227169  -412.296043631  -412.296043631  -412.219507757
   304.500  -412.434084865  -412.360820707  -412.297249343  -412.297249343  -412.219370060
   305.000  -412.439676829  -412.361121239  -412.298184416  -412.298184416  -412.219214668
   305.500  -412.447554758  -412.363175841  -412.300860368  -412.300860368  -412.219265607
   306.000  -412.456720548  -412.366195141  -412.304463073  -412.304463073  -412.219479220
   306.500  -412.463916195  -412.367143521  -412.305946848  -412.305946848  -412.219604873
   307.000  -412.467140538  -412.364237094  -412.303551710  -412.303551710  -412.219470386
   307.500  -412.468117971  -412.359406603  -412.299258676  -412.299258676  -412.219160007
   308.000  -412.470982097  -412.356982818  -412.297453886  -412.297453886  -412.218989252
   308.500  -412.477880961  -412.359317090  -412.300512256  -412.300512256  -412.219126167
   309.000  -412.486678549  -412.364481119  -412.306484805  -412.306484805  -412.219370469
   309.500  -412.493540475  -412.368825395  -412.311678968  -412.311678968  -412.219507762
   310.000  -412.496027300  -412.370035082  -412.313745696  -412.313745696  -412.219535920
   310.500  -412.493448892  -412.367460884  -412.312022825  -412.312022825  -412.219524876
   311.000  -412.486036402  -412.361288777  -412.306692082  -412.306692082  -412.219482287
   311.500  -412.474816322  -412.352428707  -412.298645561  -412.298645561  -412.219362881
   312.000  -412.462099582  -412.343028367  -412.289987326  -412.289987326  -412.219174489
   312.500  -412.451116379  -412.336141719  -412.283714447  -412.283714447  -412.219044418
   313.000  -412.444099151  -412.333847766  -412.281858652  -412.281858652  -412.219071030
   313.500  -412.440882720  -412.335871027  -412.284123917  -412.284123917  -412.219177328
   314.000  -412.439857404  -412.340523211  -412.288825197  -412.288825197  -412.219281983
   314.500  -412.439162583  -412.345865639  -412.294032713  -412.294032713  -412.219424859
   315.000  -412.436460486  -412.349454199  -412.297306979  -412.297306979  -412.219599367
   315.500  -412.429251043  -412.348641856  -412.296005078  -412.296005078  -412.219668927
   316.000  -412.416833186  -412.342543567  -412.289264072  -412.289264072  -412.219497188
   316.500  -412.402123477  -412.333874473  -412.279852492  -412.279852492  -412.219133755
   317.000  -412.390633854  -412.327960154  -412.273172936  -412.273172936  -412.218889661
   317.500  -412.385994786  -412.328293257  -412.272788006  -412.272788006  -412.218991287
   318.000  -412.386880261  -412.333471889  -412.277333404  -412.277333404  -412.219247530
   318.500  -412.389478678  -412.339655441  -412.282983268  -412.282983268  -412.219393584
   319.000  -412.391257867  -412.344305667  -412.287216265  -412.287216265  -412.219409187
   319.500  -412.391587798  -412.346793076  -412.289435950  -412.289435950  -412.219395926
   320.000  -412.390450988  -412.347101729  -412.289668151  -412.289668151  -412.219418486
   320.500  -412.387503224  -412.344887558  -412.287604280  -412.287604280  -412.219470875
   321.000  -412.382154453  -412.339557108  -412.282666108  -412.282666108  -412.219490147
   321.500  -412.374500850  -412.331198851  -412.274927051  -412.274927051  -412.219387821
   322.000  -412.366545017  -412.321804048  -412.266331130  -412.266331130  -412.219134277
   322.500  -412.362418955  -412.315500068  -412.260925767  -412.260925767  -412.218867981
   323.000  -412.366184720  -412.316371131  -412.262690696  -412.262690696  -412.218845437
   323.500  -412.378168117  -412.324813766  -412.271914112  -412.271914112  -412.219157438
   324.000  -412.393734215  -412.336324737  -412.284003759  -412.284003759  -412.219587667
   324.500  -412.406389677  -412.344584095  -412.292595409  -412.292595409  -412.219830543
   325.000  -412.412336166  -412.345967312  -412.294080362  -412.294080362  -412.219722823
   325.500  -412.412957572  -412.342001438  -412.290049335  -412.290049335  -412.219356871
   326.000  -412.413309659  -412.337847663  -412.285745716  -412.285745716  -412.219089689
   326.500  -412.417003947  -412.337211724  -412.284929195  -412.284929195  -412.219157374
   327.000  -412.422947688  -412.339106891  -412.286618213  -412.286618213  -412.219357575
   327.500  -412.427947535  -412.340456340  -412.287709548  -412.287709548  -412.219427856
   328.000  -412.430454362  -412.339816487  -412.286736408  -412.286736408  -412.219359236
   328.500  -412.431015773  -412.337813416  -412.284324161  -412.284324161  -412.219260131
   329.000  -412.430838815  -412.335704464  -412.281751622  -412.281751622  -412.219200816
   329.500  -412.430717148  -412.334313517  -412.279875276  -412.279875276  -412.219187540
   330.000  -412.430877837  -412.333886625  -412.278971726  -412.278971726  -412.219188149
   330.500  -412.431409404  -412.334525439  -412.279158970  -412.279158970  -412.219172701
   331.000  -412.432645121  -412.336569888  -412.280771904  -412.280771904  -412.219160292
   331.500  -412.434872664  -412.340302419  -412.284061290  -412.284061290  -412.219208123
   332.000  -412.437572659  -412.345170680  -412.288430851  -412.288430851  -412.219317588
   332.500  -412.439470650  -412.349827276  -412.292484478  -412.292484478  -412.219397528
   333.000  -412.439728633  -412.353313620  -412.295230959  -412.295230959  -412.219401176
   333.500  -412.438541471  -412.355670974  -412.296705662  -412.296705662  -412.219385747
   334.000  -412.436406314  -412.357233387  -412.297284509  -412.297284509  -412.219359453
   334.500  -412.433999449  -412.358524537  -412.297582890  -412.297582890  -412.219249983
   335.000  -412.432923876  -412.361015073  -412.299185186  -412.299185186  -412.219139490
   335.500  -412.434546784  -412.365956945  -412.303434287  -412.303434287  -412.219204190
   336.000  -412.437834778  -412.372217429  -412.309225869  -412.309225869  -412.219379137
   336.500  -412.440208449  -412.377124046  -412.313858948  -412.313858948  -412.219475506
   337.000  -412.440102858  -412.379015701  -412.315621122  -412.315621122  -412.219458152
   337.500  -412.437635010  -412.377910784  -412.314486914  -412.314486914  -412.219403885
   338.000  -412.433625323  -412.374539465  -412.311159967  -412.311159967  -412.219366135
   338.500  -412.428812102  -412.369571090  -412.306296439  -412.306296439  -412.219333968
   339.000  -412.423954429  -412.363727055  -412.300610006  -412.300610006  -412.219260663
   339.500  -412.420429141  -412.358384137  -412.295466346  -412.295466346  -412.219129159
   340.000  -412.420348179  -412.355692922  -412.292999673  -412.292999673  -412.219012543
   340.500  -412.425450483  -412.357471017  -412.294998620  -412.294998620  -412.219020052
   341.000  -412.435560645  -412.363657115  -412.301368205  -412.301368205  -412.219168374
   341.500  -412.448364196  -412.372085047  -412.309905110  -412.309905110  -412.219374659
   342.000  -412.460580762  -412.379641611  -412.317476508  -412.317476508  -412.219562061
   342.500  -412.469229383  -412.383513149  -412.321277278  -412.321277278  -412.219665507
   343.000  -412.472754760  -412.382284453  -412.319936148  -412.319936148  -412.219593751
   343.500  -412.472287424  -412.377185441  -412.314760102  -412.314760102  -412.219326061
   344.000  -412.471672587  -412.372131862  -412.309752949  -412.309752949  -412.219062683
   344.500  -412.474508715  -412.370804197  -412.308653981  -412.308653981  -412.219072699
   345.000  -412.480474907  -412.373009379  -412.311268316  -412.311268316  -412.219329871
   345.500  -412.485647369  -412.374995574  -412.313778801  -412.313778801  -412.219567392
   346.000  -412.486182194  -412.373101577  -412.312415455  -412.312415455  -412.219628243
   346.500  -412.480731127  -412.366122210  -412.305868349  -412.305868349  -412.219551007
   347.000  -412.470154483  -412.354996535  -412.295002669  -412.295002669  -412.219422746
   347.500  -412.456343457  -412.341624566  -412.281693436  -412.281693436  -412.219277570
   348.000  -412.441657248  -412.328312777  -412.268272656  -412.268272656  -412.219104111
   348.500  -412.428943778  -412.317811683  -412.257550016  -412.257550016  -412.218920117
   349.000  -412.421122308  -412.312915930  -412.252386150  -412.252386150  -412.218822682
   349.500  -412.419740162  -412.315035103  -412.254234903  -412.254234903  -412.218901044
   350.000  -412.423738001  -412.322965863  -412.261903264  -412.261903264  -412.219111460
   350.500  -412.430069625  -412.333514349  -412.272178910  -412.272178910  -412.219327645
   351.000  -412.435535716  -412.343329131  -412.281682658  -412.281682658  -412.219467007
   351.500  -412.438114140  -412.350230639  -412.288219493  -412.288219493  -412.219502193
   352.000  -412.437448280  -412.353701742  -412.291282238  -412.291282238  -412.219432854
   352.500  -412.434776847  -412.354824061  -412.291986877  -412.291986877  -412.219318707
   353.000  -412.431995388  -412.355348373  -412.292125557  -412.292125557  -412.219261470
   353.500  -412.430269508  -412.356314118  -412.292767871  -412.292767871  -412.219266788
   354.000  -412.429897181  -412.357917005  -412.294115052  -412.294115052  -412.219265091
   354.500  -412.431026629  -412.360235718  -412.296233926  -412.296233926  -412.219292402
   355.000  -412.433171178  -412.362754738  -412.298590338  -412.298590338  -412.219406923
   355.500  -412.434556335  -412.363713315  -412.299403051  -412.299403051  -412.219534198
   356.000  -412.433195216  -412.361167666  -412.296710975  -412.296710975  -412.219563164
   356.500  -412.428547939  -412.354633483  -412.290015089  -412.290015089  -412.219455620
   357.000  -412.422164769  -412.345716267  -412.280916981  -412.280916981  -412.219243008
   357.500  -412.417204405  -412.337632770  -412.272632870  -412.272632870  -412.219017140
   358.000  -412.416970622  -412.333755327  -412.268533666  -412.268533666  -412.218911972
   358.500  -412.422939918  -412.335647952  -412.270174624  -412.270174624  -412.218992144
   359.000  -412.433833482  -412.342142363  -412.276372772  -412.276372772  -412.219185147
   359.500  -412.446624163  -412.350341740  -412.284220090  -412.284220090  -412.219371547
   360.000  -412.458321694  -412.357398048  -412.290872894  -412.290872894  -412.219468988
   360.500  -412.467320562  -412.361849937  -412.294896185  -412.294896185  -412.219427030
   361.000  -412.474144061  -412.364355868  -412.296995645  -412.296995645  -412.219264897
   361.500  -412.480988345  -412.367233628  -412.299544026  -412.299544026  -412.219150407
   362.000  -412.489287289  -412.372032039  -412.304123083  -412.304123083  -412.219260644
   362.500  -412.497380408  -412.377202603  -412.309178114  -412.309178114  -412.219508019
   363.000  -412.501755163  -412.379337169  -412.311256969  -412.311256969  -412.219633863
   363.500  -412.500617111  -412.376721783  -412.308587225  -412.308587225  -412.219523747
   364.000  -412.495534558  -412.370968952  -412.302739919  -412.302739919  -412.219298598
   364.500  -412.489723387  -412.365312771  -412.296935927  -412.296935927  -412.219174197
   365.000  -412.484993305  -412.361577337  -412.293012617  -412.293012617  -412.219219885
   365.500  -412.480748813  -412.359187675  -412.290428351  -412.290428351  -412.219289413
   366.000  -412.475951701  -412.357119947  -412.288203536  -412.288203536  -412.219245632
   366.500  -412.471041890  -412.355799146  -412.286808726  -412.286808726  -412.219140582
   367.000  -412.467326020  -412.356471522  -412.287525142  -412.287525142  -412.219117344
   367.500  -412.465086363  -412.359315625  -412.290534551  -412.290534551  -412.219213430
   368.000  -412.463010137  -412.362879306  -412.294351889  -412.294351889  -412.219353106
   368.500  -412.459195918  -412.365094752  -412.296849449  -412.296849449  -412.219463205
   369.000  -412.452274297  -412.364405079  -412.296406640  -412.296406640  -412.219494886
   369.500  -412.442228470  -412.360592700  -412.292764330  -412.292764330  -412.219384565
   370.000  -412.431239723  -412.355639387  -412.287898912  -412.287898912  -412.219125538
   370.500  -412.423454295  -412.353518398  -412.285808304  -412.285808304  -412.218916115
   371.000  -412.421992681  -412.357228551  -412.289519723  -412.289519723  -412.219003747
   371.500  -412.425625461  -412.365480836  -412.297749718  -412.297749718  -412.219309049
   372.000  -412.429833508  -412.373739725  -412.305954503  -412.305954503  -412.219563117
   372.500  -412.430585539  -412.377970519  -412.310105298  -412.310105298  -412.219660488
   373.000  -412.426169484  -412.376447642  -412.308521623  -412.308521623  -412.219629879
   373.500  -412.417021422  -412.369576573  -412.301694198  -412.301694198  -412.219493735
   374.000  -412.405361745  -412.359537599  -412.291904150  -412.291904150  -412.219276681
   374.500  -412.394674920  -412.349782458  -412.282685114  -412.282685114  -412.219059557
   375.000  -412.388405371  -412.343747098  -412.277513307  -412.277513307  -412.218944194
   375.500  -412.388375071  -412.343283542  -412.278227159  -412.278227159  -412.218986229
   376.000  -412.393895731  -412.347767891  -412.284144243  -412.284144243  -412.219168324
   376.500  -412.402084116  -412.354399756  -412.292379610  -412.292379610  -412.219389981
   377.000  -412.409391839  -412.359715816  -412.299377194  -412.299377194  -412.219550772
   377.500  -412.413150371  -412.361122777  -412.302459573  -412.302459573  -412.219630227
   378.000  -412.412077267  -412.357398164  -412.300340729  -412.300340729  -412.219622298
   378.500  -412.406525308  -412.348936242  -412.293381074  -412.293381074  -412.219460390
   379.000  -412.399318496  -412.338588768  -412.284428550  -412.284428550  -412.219130215
   379.500  -412.395513447  -412.331439673  -412.278580055  -412.278580055  -412.218879112
   380.000  -412.398680707  -412.331108864  -412.279463483  -412.279463483  -412.218992035
   380.500  -412.407118434  -412.335984339  -412.285455285  -412.285455285  -412.219312933
   381.000  -412.415912871  -412.341280094  -412.291747150  -412.291747150  -412.219510859
   381.500  -412.421558141  -412.343636106  -412.294965293  -412.294965293  -412.219534373
   382.000  -412.423092779  -412.342234165  -412.294295469  -412.294295469  -412.219508174
   382.500  -412.420595321  -412.337281431  -412.289961102  -412.289961102  -412.219501984
   383.000  -412.414235178  -412.329053924  -412.282255117  -412.282255117  -412.219464132
   383.500  -412.404976931  -412.318594618  -412.272226931  -412.272226931  -412.219290859
   384.000  -412.395879747  -412.309007297  -412.262969987  -412.262969987  -412.218996782
   384.500  -412.391585151  -412.304944184  -412.259111047  -412.259111047  -412.218801128
   385.000  -412.395093786  -412.309391948  -412.263605978  -412.263605978  -412.218891581
   385.500  -412.405105418  -412.321028296  -412.275109967  -412.275109967  -412.219198064
   386.000  -412.416937821  -412.335150892  -412.288914418  -412.288914418  -412.219528540
   386.500  -412.425384031  -412.346524665  -412.299793316  -412.299793316  -412.219748898
   387.000  -412.426943802  -412.351584570  -412.304203170  -412.304203170  -412.219792133
   387.500  -412.421049288  -412.349635402  -412.301486340  -412.301486340  -412.219605930
   388.000  -412.410767012  -412.343551050  -412.294575825  -412.294575825  -412.219230520
   388.500  -412.401806277  -412.338812771  -412.289027655  -412.289027655  -412.218955779
   389.000  -412.398246542  -412.339285885  -412.288772526  -412.288772526  -412.219058605
   389.500  -412.398859116  -412.343579465  -412.292444738  -412.292444738  -412.219360831
   390.000  -412.399403719  -412.347342690  -412.295680162  -412.295680162  -412.219533459
   390.500  -412.397171247  -412.347783153  -412.295663502  -412.295663502  -412.219521708
   391.000  -412.392101221  -412.344765225  -412.292253127  -412.292253127  -412.219439704
   391.500  -412.385355526  -412.339380957  -412.286559167  -412.286559167  -412.219370477
   392.000  -412.378126439  -412.332762552  -412.279748827  -412.279748827  -412.219310572
   392.500  -412.371651524  -412.326099983  -412.273052582  -412.273052582  -412.219201190
   393.000  -412.367964227  -412.321392371  -412.268501281  -412.268501281  -412.219031735
   393.500  -412.369835085  -412.321389625  -412.268851963  -412.268851963  -412.218942878
   394.000  -412.378681183  -412.327504668  -412.275487332  -412.275487332  -412.219080874
   394.500  -412.392620455  -412.337873971  -412.286470962  -412.286470962  -412.219334362
   395.000  -412.407965589  -412.348862673  -412.298064043  -412.298064043  -412.219495696
   395.500  -412.422050755  -412.357907998  -412.307592206  -412.307592206  -412.219571549
   396.000  -412.433365046  -412.363667042  -412.313620948  -412.313620948  -412.219674216
   396.500  -412.440293930  -412.364753028  -412.314714749  -412.314714749  -412.219732606
   397.000  -412.442184672  -412.360764874  -412.310482323  -412.310482323  -412.219543006
   397.500  -412.441889614  -412.354785037  -412.304069121  -412.304069121  -412.219173127
   398.000  -412.444461086  -412.352057739  -412.300792408  -412.300792408  -412.219043522
   398.500  -412.451485339  -412.354334515  -412.302431137  -412.302431137  -412.219274102
   399.000  -412.459465091  -412.358264475  -412.305600977  -412.305600977  -412.219507475
   399.500  -412.464519163  -412.360079253  -412.306479920  -412.306479920  -412.219536087
   400.000  -412.465587633  -412.358787987  -412.304049673  -412.304049673  -412.219446637
   400.500  -412.463549762  -412.355297051  -412.299241635  -412.299241635  -412.219361523
   401.000  -412.459496380  -412.350697278  -412.293218225  -412.293218225  -412.219313744
   401.500  -412.454179489  -412.345726151  -412.286815508  -412.286815508  -412.219255806
   402.000  -412.448642306  -412.341403563  -412.281156197  -412.281156197  -412.219123010
   402.500  -412.445041424  -412.339853238  -412.278444618  -412.278444618  -412.218951251
   403.000  -412.445954954  -412.343601446  -412.281252373  -412.281252373  -412.218931616
   403.500  -412.451719780  -412.352901696  -412.289827282  -412.289827282  -412.219181313
   404.000  -412.458908366  -412.364198407  -412.300562559  -412.300562559  -412.219536908
   404.500  -412.462603542  -412.372394843  -412.308288437  -412.308288437  -412.219753628
   405.000  -412.459929175  -412.374386751  -412.309846100  -412.309846100  -412.219745954
   405.500  -412.451447014  -412.370484366  -412.305537748  -412.305537748  -412.219571441
   406.000  -412.440358829  -412.363647419  -412.298383467  -412.298383467  -412.219306799
   406.500  -412.431175123  -412.358197731  -412.292813609  -412.292813609  -412.219045878
   407.000  -412.427849367  -412.357980232  -412.292774693  -412.292774693  -412.219040581
   407.500  -412.430260300  -412.362851177  -412.298153073  -412.298153073  -412.219371098
   408.000  -412.433477089  -412.367920821  -412.303999645  -412.303999645  -412.219670169
   408.500  -412.432739465  -412.368495516  -412.305515315  -412.305515315  -412.219687254
   409.000  -412.427183126  -412.363770834  -412.301802983  -412.301802983  -412.219526896
   409.500  -412.418756483  -412.355736279  -412.294799616  -412.294799616  -412.219357068
   410.000  -412.409859065  -412.346816919  -412.286914705  -412.286914705  -412.219238860
   410.500  -412.402324806  -412.338863341  -412.280005826  -412.280005826  -412.219143910
   411.000  -412.397689895  -412.333422145  -412.275638872  -412.275638872  -412.219034593
   411.500  -412.397620292  -412.332168648  -412.275505809  -412.275505809  -412.218942875
   412.000  -412.403388415  -412.336392396  -412.280894759  -412.280894759  -412.218966986
   412.500  -412.414502147  -412.345635342  -412.291317757  -412.291317757  -412.219153823
   413.000  -412.428064900  -412.357056705  -412.303876802  -412.303876802  -412.219437115
   413.500  -412.439725519  -412.366380481  -412.314220074  -412.314220074  -412.219717452
   414.000  -412.445231181  -412.369433559  -412.318102216  -412.318102216  -412.219913263
   414.500  -412.441876450  -412.363575758  -412.312833950  -412.312833950  -412.219906790
   415.000  -412.430346941  -412.349526187  -412.299131417  -412.299131417  -412.219560023
   415.500  -412.416416266  -412.333062921  -412.282824926  -412.282824926  -412.218963168
   416.000  -412.408993423  -412.323102310  -412.272924203  -412.272924203  -412.218633432
   416.500  -412.412681553  -412.324307341  -412.274176218  -412.274176218  -412.218940102
   417.000  -412.422936390  -412.332266561  -412.282192956  -412.282192956  -412.219477774
   417.500  -412.431465740  -412.338857090  -412.288814289  -412.288814289  -412.219726372
   418.000  -412.433677245  -412.339629809  -412.289539149  -412.289539149  -412.219660624
   418.500  -412.429731491  -412.334824838  -412.284578356  -412.284578356  -412.219478731
   419.000  -412.421973790  -412.326803495  -412.276293058  -412.276293058  -412.219299743
   419.500  -412.413063160  -412.318197106  -412.267335631  -412.267335631  -412.219140058
   420.000  -412.405526492  -412.311485554  -412.260206564  -412.260206564  -412.218993018
   420.500  -412.401695180  -412.308951773  -412.257193554  -412.257193554  -412.218891512
   421.000  -412.403164491  -412.312148945  -412.259834562  -412.259834562  -412.218890198
   421.500  -412.410020041  -412.321126312  -412.268147727  -412.268147727  -412.218997165
   422.000  -412.420709089  -412.334295107  -412.280508228  -412.280508228  -412.219171493
   422.500  -412.432614158  -412.348996114  -412.294227369  -412.294227369  -412.219381883
   423.000  -412.442583959  -412.362023838  -412.306091507  -412.306091507  -412.219613794
   423.500  -412.447329288  -412.370012291  -412.312765685  -412.312765685  -412.219803385
   424.000  -412.444558113  -412.370557187  -412.311929499  -412.311929499  -412.219792411
   424.500  -412.435251665  -412.364481887  -412.304543967  -412.304543967  -412.219472281
   425.000  -412.424782633  -412.356961949  -412.295945410  -412.295945410  -412.219086597
   425.500  -412.419160847  -412.353799059  -412.292056360  -412.292056360  -412.219041767
   426.000  -412.419488943  -412.355917776  -412.293828246  -412.293828246  -412.219288638
   426.500  -412.422355255  -412.359787236  -412.297674068  -412.297674068  -412.219522241
   427.000  -412.424036097  -412.361631285  -412.299734120  -412.299734120  -412.219615715
   427.500  -412.422756626  -412.359680946  -412.298166197  -412.298166197  -412.219558469
   428.000  -412.419066132  -412.354531337  -412.293515090  -412.293515090  -412.219381911
   428.500  -412.415390626  -412.348674318  -412.288242538  -412.288242538  -412.219161696
   429.000  -412.414871594  -412.345330296  -412.285543661  -412.285543661  -412.219002653
   429.500  -412.419746143  -412.346828542  -412.287715490  -412.287715490  -412.218990576
   430.000  -412.430066338  -412.353331561  -412.294870957  -412.294870957  -412.219116829
   430.500  -412.443790993  -412.362931955  -412.305036614  -412.305036614  -412.219285251
   431.000  -412.458145543  -412.373012634  -412.315518325  -412.315518325  -412.219414263
   431.500  -412.470829209  -412.381448402  -412.324120280  -412.324120280  -412.219500919
   432.000  -412.480175123  -412.386754640  -412.329308609  -412.329308609  -412.219580815
   432.500  -412.484774440  -412.387692888  -412.329831842  -412.329831842  -412.219646687
   433.000  -412.483709623  -412.383480044  -412.324942636  -412.324942636  -412.219600669
   433.500  -412.477958887  -412.375170978  -412.315783014  -412.315783014  -412.219350486
   434.000  -412.471394304  -412.366655724  -412.306358667  -412.306358667  -412.219067984
   434.500  -412.468073248  -412.361977570  -412.300809371  -412.300809371  -412.219116932
   435.000  -412.467429988  -412.360558854  -412.298590220  -412.298590220  -412.219440428
   435.500  -412.465094691  -412.358026077  -412.295298007  -412.295298007  -412.219599600
   436.000  -412.458776009  -412.352071477  -412.288574957  -412.288574957  -412.219442094
   436.500  -412.450595080  -412.344774200  -412.280471206  -412.280471206  -412.219191157
   437.000  -412.444147262  -412.339675560  -412.274536986  -412.274536986  -412.219070594
   437.500  -412.441284294  -412.338579575  -412.272620266  -412.272620266  -412.219076420
   438.000  -412.441924912  -412.341366560  -412.274657142  -412.274657142  -412.219117556
   438.500  -412.445250090  -412.347177073  -412.279830152  -412.279830152  -412.219177116
   439.000  -412.450121305  -412.354826437  -412.286959899  -412.286959899  -412.219252007
   439.500  -412.455239059  -412.362961101  -412.294663454  -412.294663454  -412.219310875
   440.000  -412.459593677  -412.370516323  -412.301822117  -412.301822117  -412.219342159
   440.500  -412.462636062  -412.376886035  -412.307773343  -412.307773343  -412.219371302
   441.000  -412.463943178  -412.381587776  -412.311989850  -412.311989850  -412.219425237
   441.500  -412.462855872  -412.383897063  -412.313727881  -412.313727881  -412.219492022
   442.000  -412.458699448  -412.383063183  -412.312253649  -412.312253649  -412.219495496
   442.500  -412.451878829  -412.379400353  -412.307940626  -412.307940626  -412.219347516
   443.000  -412.444927766  -412.375339722  -412.303313832  -412.303313832  -412.219130668
   443.500  -412.441071826  -412.374005393  -412.301595148  -412.301595148  -412.219133510
   444.000  -412.440297700  -412.375296446  -412.302748232  -412.302748232  -412.219437269
   444.500  -412.438360491  -412.374893138  -412.302469577  -412.302469577  -412.219742121
   445.000  -412.430898594  -412.368354704  -412.296305635  -412.296305635  -412.219782855
   445.500  -412.417422418  -412.355097054  -412.283653032  -412.283653032  -412.219528536
   446.000  -412.401976348  -412.339060986  -412.268432731  -412.268432731  -412.219106536
   446.500  -412.391108695  -412.326708654  -412.257074856  -412.257074856  -412.218768339
   447.000  -412.389985572  -412.323170193  -412.254656963  -412.254656963  -412.218747045
   447.500  -412.398987891  -412.328868315  -412.261528430  -412.261528430  -412.219012774
   448.000  -412.414057168  -412.339867233  -412.273674832  -412.273674832  -412.219322410
   448.500  -412.430129107  -412.351289097  -412.286152002  -412.286152002  -412.219501321
   449.000  -412.443840874  -412.359995953  -412.295779087  -412.295779087  -412.219546134
   449.500  -412.453843296  -412.364877779  -412.301429094  -412.301429094  -412.219531409
   450.000  -412.459840557  -412.365872540  -412.303048293  -412.303048293  -412.219515031
   450.500  -412.461772011  -412.363129472  -412.300817839  -412.300817839  -412.219499220
   451.000  -412.459785103  -412.356966839  -412.295110547  -412.295110547  -412.219427609
   451.500  -412.455015702  -412.348640486  -412.287258871  -412.287258871  -412.219238481
   452.000  -412.450309659  -412.341067313  -412.280266470  -412.280266470  -412.218995179
   452.500  -412.449116872  -412.337739081  -412.277694390  -412.277694390  -412.218918538
   453.000  -412.452420623  -412.339676377  -412.280585170  -412.280585170  -412.219115063
   453.500  -412.457343876  -412.344047800  -412.286069677  -412.286069677  -412.219404348
   454.000  -412.459600488  -412.346608015  -412.289824144  -412.289824144  -412.219575241
   454.500  -412.456594261  -412.344769609  -412.289173266  -412.289173266  -412.219575168
   455.000  -412.448429486  -412.338589578  -412.284100241  -412.284100241  -412.219442148
   455.500  -412.437445473  -412.330294421  -412.276780392  -412.276780392  -412.219229067
   456.000  -412.427314602  -412.323388691  -412.270688270  -412.270688270  -412.219010474
   456.500  -412.421702685  -412.321346625  -412.269283500  -412.269283500  -412.218909946
   457.000  -412.422317213  -412.325703361  -412.274095749  -412.274095749  -412.219016381
   457.500  -412.427666091  -412.334846489  -412.283506882  -412.283506882  -412.219245294
   458.000  -412.434287467  -412.345247830  -412.293970077  -412.293970077  -412.219427675
   458.500  -412.439209959  -412.353897693  -412.302442843  -412.302442843  -412.219502390
   459.000  -412.441030937  -412.359352877  -412.307446954  -412.307446954  -412.219515929
   459.500  -412.439435096  -412.361241321  -412.308584834  -412.308584834  -412.219507587
   460.000  -412.434642187  -412.359705809  -412.306010530  -412.306010530  -412.219456044
   460.500  -412.427663312  -412.355670360  -412.300698074  -412.300698074  -412.219312548
   461.000  -412.420811486  -412.351363155  -412.294964743  -412.294964743  -412.219119662
   461.500  -412.416931752  -412.349559700  -412.291690857  -412.291690857  -412.219043481
   462.000  -412.417125669  -412.351317708  -412.292019593  -412.292019593  -412.219161723
   462.500  -412.419758409  -412.354979963  -412.294344136  -412.294344136  -412.219327458
   463.000  -412.422439198  -412.358141892  -412.296280024  -412.296280024  -412.219378465
   463.500  -412.424312531  -412.359929854  -412.296959863  -412.296959863  -412.219318292
   464.000  -412.426136832  -412.361074155  -412.297115661  -412.297115661  -412.219258709
   464.500  -412.428782928  -412.362405707  -412.297576084  -412.297576084  -412.219281555
   465.000  -412.432127711  -412.363752157  -412.298152992  -412.298152992  -412.219345372
   465.500  -412.435605195  -412.364490383  -412.298194861  -412.298194861  -412.219336498
   466.000  -412.439667881  -412.365019681  -412.298064146  -412.298064146  -412.219231624
   466.500  -412.445956088  -412.366962617  -412.299338989  -412.299338989  -412.219161403
   467.000  -412.455392877  -412.371293657  -412.302957439  -412.302957439  -412.219246846
   467.500  -412.466496977  -412.376670888  -412.307568729  -412.307568729  -412.219431570
   468.000  -412.476152668  -412.380190589  -412.310309036  -412.310309036  -412.219575398
   468.500  -412.481665098  -412.379395825  -412.308833600  -412.308833600  -412.219607871
   469.000  -412.482000166  -412.373461078  -412.302514534  -412.302514534  -412.219518454
   469.500  -412.478094564  -412.363447627  -412.292706529  -412.292706529  -412.219312476
   470.000  -412.472717876  -412.352116894  -412.282559757  -412.282559757  -412.219060250
   470.500  -412.469280280  -412.342695610  -412.275777523  -412.275777523  -412.218929444
   471.000  -412.469443347  -412.336560137  -412.274159483  -412.274159483  -412.219034919
   471.500  -412.471932583  -412.332570003  -412.276190590  -412.276190590  -412.219246255
   472.000  -412.474531235  -412.329131668  -412.279081135  -412.279081135  -412.219289004
   472.500  -412.476649008  -412.325834303  -412.281989122  -412.281989122  -412.219215018
   473.000  -412.479023055  -412.323397628  -412.285686986  -412.285686986  -412.219197707
   473.500  -412.481706097  -412.321977692  -412.290269320  -412.290269320  -412.219304885
   474.000  -412.483195669  -412.320288022  -412.294173804  -412.294173804  -412.219459267
   474.500  -412.481506476  -412.316638870  -412.295242846  -412.295242846  -412.219548350
   475.000  -412.475741123  -412.310420879  -412.292385456  -412.292385456  -412.219500265
   475.500  -412.466959789  -412.302782940  -412.286656906  -412.286656906  -412.219305520
   476.000  -412.458012237  -412.296303972  -412.281234959  -412.281234959  -412.219077115
   476.500  -412.451971574  -412.293622655  -412.279635615  -412.279635615  -412.219007607
   477.000  -412.449703233  -412.295369756  -412.282931334  -412.282931334  -412.219183224
   477.500  -412.448888727  -412.299422172  -412.288543489  -412.288543489  -412.219483288
   478.000  -412.445949887  -412.302828584  -412.292074456  -412.292074456  -412.219646267
   478.500  -412.439092511  -412.304052506  -412.291079423  -412.291079423  -412.219510663
   479.000  -412.429651745  -412.303797413  -412.287128609  -412.287128609  -412.219272610
   479.500  -412.420494951  -412.304229307  -412.283469585  -412.283469585  -412.219161875
   480.000  -412.413103382  -412.306354781  -412.281709345  -412.281709345  -412.219231173
   480.500  -412.406750953  -412.309105428  -412.281040660  -412.281040660  -412.219305904
   481.000  -412.400727844  -412.311501285  -412.280558487  -412.280558487  -412.219236505
   481.500  -412.396266766  -412.314566504  -412.281268966  -412.281268966  -412.219098431
   482.000  -412.395436884  -412.320229928  -412.285042310  -412.285042310  -412.219078268
   482.500  -412.398573403  -412.328760184  -412.292070543  -412.292070543  -412.219215848
   483.000  -412.403699317  -412.338178119  -412.300294998  -412.300294998  -412.219380929
   483.500  -412.408276828  -412.345986056  -412.307158985  -412.307158985  -412.219473181
   484.000  -412.410722017  -412.350660599  -412.311109939  -412.311109939  -412.219493840
   484.500  -412.410550296  -412.351785317  -412.311725187  -412.311725187  -412.219472645
   485.000  -412.408032644  -412.349700160  -412.309341801  -412.309341801  -412.219414952
   485.500  -412.404098410  -412.345400824  -412.304936554  -412.304936554  -412.219321715
   486.000  -412.400229567  -412.340435715  -412.300011536  -412.300011536  -412.219236555
   486.500  -412.397760146  -412.336209819  -412.295900888  -412.295900888  -412.219227846
   487.000  -412.396919700  -412.333040625  -412.292836768  -412.292836768  -412.219284589
   487.500  -412.396992001  -412.330318821  -412.290131533  -412.290131533  -412.219305506
   488.000  -412.397626911  -412.327816133  -412.287499436  -412.287499436  -412.219271227
   488.500  -412.399051718  -412.325891032  -412.285264353  -412.285264353  -412.219308954
   489.000  -412.400495612  -412.323909914  -412.282771583  -412.282771583  -412.219451138
   489.500  -412.399944450  -412.319996867  -412.278131491  -412.278131491  -412.219501659
   490.000  -412.396839827  -412.313719493  -412.270912287  -412.270912287  -412.219298644
   490.500  -412.394158791  -412.308154397  -412.264213537  -412.264213537  -412.218998612
   491.000  -412.396088118  -412.307555780  -412.262327691  -412.262327691  -412.218928514
   491.500  -412.403537734  -412.312872236  -412.266245488  -412.266245488  -412.219115942
   492.000  -412.413684308  -412.321300692  -412.273199816  -412.273199816  -412.219300463
   492.500  -412.423483089  -412.329807324  -412.280188099  -412.280188099  -412.219349990
   493.000  -412.431759111  -412.337222963  -412.286069258  -412.286069258  -412.219325908
   493.500  -412.438554007  -412.343594329  -412.290914326  -412.290914326  -412.219316131
   494.000  -412.443879279  -412.348936928  -412.294757212  -412.294757212  -412.219352214
   494.500  -412.447212515  -412.352728477  -412.297087067  -412.297087067  -412.219410799
   495.000  -412.447825349  -412.354231367  -412.297170599  -412.297170599  -412.219434883
   495.500  -412.445590284  -412.353291846  -412.294862871  -412.294862871  -412.219373868
   496.000  -412.441676923  -412.351034476  -412.291307875  -412.291307875  -412.219231994
   496.500  -412.438398845  -412.349714952  -412.288799374  -412.288799374  -412.219094594
   497.000  -412.437882156  -412.351401891  -412.289458437  -412.289458437  -412.219090444
   497.500  -412.440185929  -412.356110365  -412.293346154  -412.293346154  -412.219280574
   498.000  -412.442537054  -412.361037410  -412.297678369  -412.297678369  -412.219545346
   498.500  -412.441164843  -412.362383857  -412.298642223  -412.298642223  -412.219653561
   499.000  -412.434659004  -412.358693488  -412.294752323  -412.294752323  -412.219482978
   499.500  -412.425670866  -412.352543643  -412.288565171  -412.288565171  -412.219171567
   500.000  -412.418808855  -412.348444307  -412.284586907  -412.284586907  -412.219022565
