     0.000  -412.543301202  -412.388334784  -412.309694496  -412.309694496  -412.274082793
     0.500  -412.543583912  -412.387053363  -412.308914063  -412.308914063  -412.274161974
     1.000  -412.542643442  -412.385992099  -412.308812791  -412.308812791  -412.274241981
     1.500  -412.539150439  -412.383857386  -412.308020747  -412.308020747  -412.274208207
     2.000  -412.533368412  -412.380905938  -412.306751839  -412.306751839  -412.274101267
     2.500  -412.526791091  -412.378607246  -412.306402111  -412.306402111  -412.274004481
     3.000  -412.520956513  -412.378442822  -412.308347850  -412.308347850  -412.273966993
     3.500  -412.516631129  -412.381063107  -412.313126380  -412.313126380  -412.274005024
     4.000  -412.513523442  -412.385990850  -412.320142347  -412.320142347  -412.274114657
     4.500  -412.510345083  -412.391676535  -412.327729300  -412.327729300  -412.274274261
     5.000  -412.505178172  -412.395868865  -412.333533062  -412.333533062  -412.274432517
     5.500  -412.496299747  -412.396451669  -412.335368370  -412.335368370  -412.274500432
     6.000  -412.483477366  -412.392767944  -412.332567105  -412.332567105  -412.274397470
     6.500  -412.468962653  -412.386658911  -412.327035946  -412.327035946  -412.274170306
     7.000  -412.456561838  -412.381593931  -412.322385528  -412.322385528  -412.274027651
     7.500  -412.448619912  -412.379704720  -412.320936986  -412.320936986  -412.274093143
     8.000  -412.444367565  -412.380146061  -412.322033790  -412.322033790  -412.274207497
     8.500  -412.442017651  -412.381165800  -412.324062897  -412.324062897  -412.274222020
     9.000  -412.440815987  -412.382114000  -412.326427455  -412.326427455  -412.274239539
     9.500  -412.439980367  -412.382347770  -412.328437149  -412.328437149  -412.274329805
    10.000  -412.437904928  -412.380411090  -412.328507591  -412.328507591  -412.274378096
    10.500  -412.433642464  -412.375498965  -412.325670235  -412.325670235  -412.274309365
    11.000  -412.427988034  -412.368533041  -412.320689146  -412.320689146  -412.274171644
    11.500  -412.422863349  -412.361546236  -412.315470970  -412.315470970  -412.274040811
    12.000  -412.420179633  -412.356552259  -412.311939839  -412.311939839  -412.273960119
    12.500  -412.421103989  -412.354815786  -412.311309946  -412.311309946  -412.273944810
    13.000  -412.425776126  -412.356574935  -412.313801213  -412.313801213  -412.273996237
    13.500  -412.433279506  -412.361012213  -412.318606498  -412.318606498  -412.274106596
    14.000  -412.441796451  -412.366408870  -412.324041312  -412.324041312  -412.274251761
    14.500  -412.449046641  -412.370578074  -412.327971950  -412.327971950  -412.274381571
    15.000  -412.453098363  -412.371672829  -412.328616313  -412.328616313  -412.274434159
    15.500  -412.453289166  -412.369102925  -412.325451233  -412.325451233  -412.274386135
    16.000  -412.450545921  -412.363849738  -412.319519676  -412.319519676  -412.274273149
    16.500  -412.446881148  -412.357962479  -412.312919270  -412.312919270  -412.274121358
    17.000  -412.444865374  -412.354036629  -412.308289534  -412.308289534  -412.273959171
    17.500  -412.446917311  -412.354525671  -412.308122267  -412.308122267  -412.273919537
    18.000  -412.453351039  -412.359814951  -412.312825917  -412.312825917  -412.274103648
    18.500  -412.461131408  -412.366980275  -412.319473234  -412.319473234  -412.274363755
    19.000  -412.466021500  -412.371910673  -412.323918261  -412.323918261  -412.274475776
    19.500  -412.465840510  -412.372525092  -412.324030017  -412.324030017  -412.274400672
    20.000  -412.461280663  -412.369557533  -412.320494257  -412.320494257  -412.274238898
    20.500  -412.454591859  -412.365235883  -412.315497622  -412.315497622  -412.274086817
    21.000  -412.448100689  -412.361808946  -412.311258743  -412.311258743  -412.273990946
    21.500  -412.443405646  -412.360758730  -412.309236500  -412.309236500  -412.273962108
    22.000  -412.441119573  -412.362558316  -412.309890559  -412.309890559  -412.273996326
    22.500  -412.440898844  -412.366712213  -412.312723692  -412.312723692  -412.274078544
    23.000  -412.441682969  -412.372003892  -412.316533564  -412.316533564  -412.274176428
    23.500  -412.442206279  -412.377013315  -412.319935250  -412.319935250  -412.274241979
    24.000  -412.441705347  -412.380826967  -412.322076723  -412.322076723  -412.274247440
    24.500  -412.440270797  -412.383392681  -412.322993642  -412.322993642  -412.274236444
    25.000  -412.438191756  -412.384863034  -412.322954778  -412.322954778  -412.274281805
    25.500  -412.435021197  -412.384658571  -412.321518882  -412.321518882  -412.274340163
    26.000  -412.430212074  -412.382103043  -412.318152444  -412.318152444  -412.274284795
    26.500  -412.424758515  -412.378066610  -412.313848501  -412.313848501  -412.274127790
    27.000  -412.421037461  -412.374819402  -412.310936890  -412.310936890  -412.274011966
    27.500  -412.420855525  -412.374095947  -412.311120260  -412.311120260  -412.274017132
    28.000  -412.424201114  -412.375864000  -412.314253725  -412.314253725  -412.274117886
    28.500  -412.429536475  -412.378628319  -412.318685930  -412.318685930  -412.274233313
    29.000  -412.434985614  -412.380617519  -412.322487265  -412.322487265  -412.274286428
    29.500  -412.439483628  -412.380918036  -412.324610915  -412.324610915  -412.274263621
    30.000  -412.443051517  -412.379726851  -412.325154137  -412.325154137  -412.274206269
    30.500  -412.446261343  -412.377797621  -412.324800542  -412.324800542  -412.274163054
    31.000  -412.449551375  -412.375741132  -412.324111048  -412.324111048  -412.274159300
    31.500  -412.452847863  -412.373641044  -412.323135802  -412.323135802  -412.274189716
    32.000  -412.455650566  -412.371139967  -412.321500045  -412.321500045  -412.274217609
    32.500  -412.457572844  -412.367982960  -412.318952887  -412.318952887  -412.274194706
    33.000  -412.458991293  -412.364673443  -412.316025629  -412.316025629  -412.274120039
    33.500  -412.460960558  -412.362388500  -412.313946658  -412.313946658  -412.274077310
    34.000  -412.464027889  -412.361790200  -412.313441472  -412.313441472  -412.274124483
    34.500  -412.467492822  -412.362279589  -412.313972491  -412.313972491  -412.274175794
    35.000  -412.470531026  -412.363117450  -412.314847236  -412.314847236  -412.274153114
    35.500  -412.473211207  -412.364443314  -412.316224241  -412.316224241  -412.274146578
    36.000  -412.475408468  -412.366191009  -412.318018304  -412.318018304  -412.274239572
    36.500  -412.475796554  -412.367071127  -412.318883968  -412.318883968  -412.274337454
    37.000  -412.473116877  -412.365820946  -412.317483026  -412.317483026  -412.274305588
    37.500  -412.468036566  -412.363044551  -412.314347616  -412.314347616  -412.274135409
    38.000  -412.463246124  -412.361316712  -412.311995905  -412.311995905  -412.273952639
    38.500  -412.461574814  -412.363324878  -412.313082581  -412.313082581  -412.273910542
    39.000  -412.463765052  -412.369671605  -412.318199358  -412.318199358  -412.274037908
    39.500  -412.468031403  -412.378440045  -412.325434944  -412.325434944  -412.274227105
    40.000  -412.471575172  -412.386692424  -412.331870403  -412.331870403  -412.274370050
    40.500  -412.472231269  -412.392102832  -412.335215045  -412.335215045  -412.274427802
    41.000  -412.469191957  -412.393679795  -412.334535322  -412.334535322  -412.274392357
    41.500  -412.463165434  -412.391938774  -412.330434071  -412.330434071  -412.274272349
    42.000  -412.456133927  -412.388678306  -412.324828364  -412.324828364  -412.274137133
    42.500  -412.450243903  -412.385885403  -412.319846426  -412.319846426  -412.274086474
    43.000  -412.446413049  -412.384350008  -412.316427139  -412.316427139  -412.274105453
    43.500  -412.444521588  -412.383857908  -412.314494850  -412.314494850  -412.274081710
    44.000  -412.444849489  -412.384630229  -412.314375870  -412.314375870  -412.274021671
    44.500  -412.448027546  -412.387275437  -412.316724593  -412.316724593  -412.274045639
    45.000  -412.453546124  -412.391302071  -412.321016567  -412.321016567  -412.274166455
    45.500  -412.459578697  -412.394935699  -412.325377231  -412.325377231  -412.274283956
    46.000  -412.464322783  -412.396452101  -412.327944647  -412.327944647  -412.274339465
    46.500  -412.466911900  -412.395079912  -412.327802174  -412.327802174  -412.274336120
    47.000  -412.467474905  -412.391051105  -412.325049061  -412.325049061  -412.274273101
    47.500  -412.467139004  -412.385600238  -412.320806823  -412.320806823  -412.274141305
    48.000  -412.468020978  -412.380960239  -412.317214887  -412.317214887  -412.273992146
    48.500  -412.472313220  -412.379460238  -412.316532173  -412.316532173  -412.273956826
    49.000  -412.480388080  -412.381645182  -412.319260248  -412.319260248  -412.274102715
    49.500  -412.489920255  -412.385396423  -412.323273049  -412.323273049  -412.274312450
    50.000  -412.497589407  -412.387614062  -412.325501824  -412.325501824  -412.274406196
    50.500  -412.501684240  -412.386789525  -412.324505991  -412.324505991  -412.274337387
    51.000  -412.502845952  -412.383725577  -412.321185339  -412.321185339  -412.274223499
    51.500  -412.502485686  -412.379944538  -412.317175907  -412.317175907  -412.274182040
    52.000  -412.501195694  -412.376102134  -412.313244783  -412.313244783  -412.274162920
    52.500  -412.499330059  -412.372577463  -412.309862599  -412.309862599  -412.274068893
    53.000  -412.498174321  -412.370657452  -412.308367126  -412.308367126  -412.273972125
    53.500  -412.498982097  -412.371591892  -412.309995618  -412.309995618  -412.274002852
    54.000  -412.501279858  -412.374907629  -412.314198902  -412.314198902  -412.274121870
    54.500  -412.503346611  -412.378882941  -412.319141248  -412.319141248  -412.274204120
    55.000  -412.503929868  -412.382249223  -412.323432918  -412.323432918  -412.274215861
    55.500  -412.502816378  -412.384743992  -412.326712854  -412.326712854  -412.274206490
    56.000  -412.500224126  -412.386493718  -412.329036173  -412.329036173  -412.274219112
    56.500  -412.496204551  -412.387410854  -412.330268165  -412.330268165  -412.274249076
    57.000  -412.490702939  -412.387253514  -412.330140548  -412.330140548  -412.274252037
    57.500  -412.484161356  -412.386234511  -412.328860152  -412.328860152  -412.274192850
    58.000  -412.477908732  -412.385432004  -412.327522859  -412.327522859  -412.274113391
    58.500  -412.473439374  -412.386101430  -412.327432716  -412.327432716  -412.274112600
    59.000  -412.471011540  -412.388312266  -412.328735017  -412.328735017  -412.274203453
    59.500  -412.469443636  -412.390762499  -412.330219085  -412.330219085  -412.274298598
    60.000  -412.467256582  -412.391910023  -412.330431920  -412.330431920  -412.274369226
    60.500  -412.463219868  -412.390489947  -412.328183245  -412.328183245  -412.274425054
    61.000  -412.456493329  -412.385636409  -412.322654412  -412.322654412  -412.274382384
    61.500  -412.447768224  -412.378013639  -412.314537286  -412.314537286  -412.274192581
    62.000  -412.439775026  -412.370331814  -412.306547589  -412.306547589  -412.273999437
    62.500  -412.435257232  -412.365336121  -412.301403235  -412.301403235  -412.273965210
    63.000  -412.434740541  -412.363590035  -412.299597716  -412.299597716  -412.274043738
    63.500  -412.437061744  -412.364002323  -412.299938740  -412.299938740  -412.274097217
    64.000  -412.441260305  -412.365705404  -412.301457034  -412.301457034  -412.274087095
    64.500  -412.447237623  -412.368701189  -412.304080027  -412.304080027  -412.274061796
    65.000  -412.455145202  -412.373242531  -412.308022529  -412.308022529  -412.274073815
    65.500  -412.464619209  -412.379066017  -412.313017261  -412.313017261  -412.274145885
    66.000  -412.474441897  -412.385051097  -412.317967894  -412.317967894  -412.274266954
    66.500  -412.482756623  -412.389432454  -412.321152688  -412.321152688  -412.274384476
    67.000  -412.487920123  -412.390648044  -412.321066708  -412.321066708  -412.274405237
    67.500  -412.489869207  -412.388705179  -412.317787158  -412.317787158  -412.274256446
    68.000  -412.491021393  -412.386088176  -412.313877714  -412.313877714  -412.274011175
    68.500  -412.494965533  -412.386466047  -412.313101106  -412.313101106  -412.273911350
    69.000  -412.502976892  -412.391216764  -412.316941711  -412.316941711  -412.274100848
    69.500  -412.512094615  -412.397496116  -412.322669750  -412.322669750  -412.274394925
    70.000  -412.517758321  -412.400849574  -412.325939821  -412.325939821  -412.274495712
    70.500  -412.518050358  -412.399437560  -412.324995890  -412.324995890  -412.274352182
    71.000  -412.514589612  -412.394933474  -412.321539037  -412.321539037  -412.274170136
    71.500  -412.509798459  -412.389805352  -412.317987818  -412.317987818  -412.274113550
    72.000  -412.504581302  -412.385003343  -412.315162907  -412.315162907  -412.274135099
    72.500  -412.498799840  -412.380427658  -412.312776572  -412.312776572  -412.274126750
    73.000  -412.492690223  -412.376327013  -412.310879870  -412.310879870  -412.274071598
    73.500  -412.487166943  -412.373592700  -412.310187402  -412.310187402  -412.274013612
    74.000  -412.483213624  -412.373145985  -412.311486398  -412.311486398  -412.273994827
    74.500  -412.481246375  -412.375306766  -412.315008718  -412.315008718  -412.274034506
    75.000  -412.480808144  -412.379493652  -412.320127534  -412.320127534  -412.274130791
    75.500  -412.480609884  -412.384268463  -412.325398222  -412.325398222  -412.274258919
    76.000  -412.478958199  -412.387765532  -412.328984059  -412.328984059  -412.274363893
    76.500  -412.474630439  -412.388569557  -412.329529419  -412.329529419  -412.274373048
    77.000  -412.467901935  -412.386743590  -412.327192591  -412.327192591  -412.274262411
    77.500  -412.460772881  -412.384067948  -412.323880805  -412.323880805  -412.274117325
    78.000  -412.455642265  -412.382734190  -412.321936582  -412.321936582  -412.274064729
    78.500  -412.453468078  -412.383534878  -412.322308873  -412.322308873  -412.274122014
    79.000  -412.453468260  -412.385588824  -412.324255487  -412.324255487  -412.274188259
    79.500  -412.454485427  -412.387713436  -412.326685009  -412.326685009  -412.274205985
    80.000  -412.455847222  -412.389273501  -412.328981013  -412.328981013  -412.274237953
    80.500  -412.456735614  -412.389531215  -412.330343811  -412.330343811  -412.274307074
    81.000  -412.455979203  -412.387416074  -412.329585052  -412.329585052  -412.274331067
    81.500  -412.453118955  -412.382574595  -412.326213586  -412.326213586  -412.274263079
    82.000  -412.449045535  -412.375997652  -412.321095303  -412.321095303  -412.274145787
    82.500  -412.445428322  -412.369450120  -412.315893750  -412.315893750  -412.274042378
    83.000  -412.443775925  -412.364537121  -412.312136988  -412.312136988  -412.273988967
    83.500  -412.444846741  -412.362119450  -412.310632470  -412.310632470  -412.273994416
    84.000  -412.448495193  -412.362169222  -412.311315584  -412.311315584  -412.274047718
    84.500  -412.453840920  -412.363939868  -412.313422177  -412.313422177  -412.274120379
    85.000  -412.459714146  -412.366404984  -412.315935561  -412.315935561  -412.274170545
    85.500  -412.465291485  -412.368886387  -412.318215044  -412.318215044  -412.274170537
    86.000  -412.470466772  -412.371411560  -412.320347734  -412.320347734  -412.274161842
    86.500  -412.475234798  -412.374087247  -412.322502994  -412.322502994  -412.274240682
    87.000  -412.478450133  -412.375842085  -412.323656079  -412.323656079  -412.274398996
    87.500  -412.478099794  -412.374683647  -412.321843709  -412.321843709  -412.274444287
    88.000  -412.473975152  -412.370364402  -412.316842558  -412.316842558  -412.274223689
    88.500  -412.469564193  -412.366293563  -412.312092985  -412.312092985  -412.273903535
    89.000  -412.469513302  -412.367043215  -412.312195894  -412.312195894  -412.273837958
    89.500  -412.474738603  -412.373503662  -412.318042716  -412.318042716  -412.274088271
    90.000  -412.481548045  -412.382004235  -412.325934354  -412.325934354  -412.274367935
    90.500  -412.485563597  -412.388192816  -412.331481854  -412.331481854  -412.274460734
    91.000  -412.484998608  -412.390271821  -412.332858027  -412.332858027  -412.274385692
    91.500  -412.480667489  -412.388992801  -412.330798118  -412.330798118  -412.274256202
    92.000  -412.474415551  -412.386096000  -412.327035789  -412.327035789  -412.274156409
    92.500  -412.467809979  -412.383021964  -412.323011539  -412.323011539  -412.274116676
    93.000  -412.461609135  -412.380401943  -412.319361888  -412.319361888  -412.274124846
    93.500  -412.455905245  -412.378214250  -412.316079465  -412.316079465  -412.274137362
    94.000  -412.450754905  -412.376422581  -412.313155078  -412.313155078  -412.274101074
    94.500  -412.446906096  -412.375704975  -412.311306706  -412.311306706  -412.274013228
    95.000  -412.445728916  -412.377379696  -412.311901051  -412.311901051  -412.273977911
    95.500  -412.447692136  -412.381874108  -412.315413440  -412.315413440  -412.274118123
    96.000  -412.450730041  -412.387079493  -412.319782284  -412.319782284  -412.274388296
    96.500  -412.451007383  -412.389106627  -412.321171377  -412.321171377  -412.274576041
    97.000  -412.446021632  -412.385380074  -412.317075488  -412.317075488  -412.274500185
    97.500  -412.437202952  -412.377235773  -412.308915410  -412.308915410  -412.274194718
    98.000  -412.429293341  -412.369311684  -412.301394152  -412.301394152  -412.273925263
    98.500  -412.426532511  -412.365758011  -412.298658836  -412.298658836  -412.273886660
    99.000  -412.429809149  -412.367416579  -412.301459703  -412.301459703  -412.274005655
    99.500  -412.437396098  -412.372573582  -412.307935954  -412.307935954  -412.274161966
   100.000  -412.446711226  -412.378725028  -412.315432715  -412.315432715  -412.274290702
   100.500  -412.455452655  -412.383699523  -412.321663603  -412.321663603  -412.274346479
   101.000  -412.462334871  -412.386368542  -412.325436623  -412.325436623  -412.274334178
   101.500  -412.467115924  -412.386654678  -412.326653027  -412.326653027  -412.274297279
   102.000  -412.470054454  -412.384971765  -412.325739069  -412.325739069  -412.274261873
   102.500  -412.471564172  -412.381876009  -412.323284662  -412.323284662  -412.274207407
   103.000  -412.472470543  -412.378324699  -412.320295681  -412.320295681  -412.274099210
   103.500  -412.474395129  -412.376064977  -412.318573080  -412.318573080  -412.273969281
   104.000  -412.479146993  -412.377029967  -412.320096492  -412.320096492  -412.273945521
   104.500  -412.486878218  -412.381498820  -412.325171714  -412.325171714  -412.274112083
   105.000  -412.494993538  -412.387001387  -412.331327083  -412.331327083  -412.274369135
   105.500  -412.499615510  -412.389772667  -412.334779478  -412.334779478  -412.274526380
   106.000  -412.498412692  -412.387562193  -412.333263880  -412.333263880  -412.274456502
   106.500  -412.492496973  -412.381519185  -412.327933137  -412.327933137  -412.274193471
   107.000  -412.485774533  -412.375548281  -412.322707006  -412.322707006  -412.273984464
   107.500  -412.481372976  -412.372757627  -412.320689200  -412.320689200  -412.274040223
   108.000  -412.478785488  -412.372613852  -412.321301279  -412.321301279  -412.274210253
   108.500  -412.475812518  -412.372873327  -412.322218859  -412.322218859  -412.274237242
   109.000  -412.472043854  -412.373041150  -412.322863299  -412.322863299  -412.274135233
   109.500  -412.468829955  -412.374339448  -412.324399519  -412.324399519  -412.274089811
   110.000  -412.466805962  -412.377251385  -412.327285356  -412.327285356  -412.274178636
   110.500  -412.464742957  -412.380391813  -412.330138091  -412.330138091  -412.274316720
   111.000  -412.460689418  -412.381652259  -412.330870730  -412.330870730  -412.274389080
   111.500  -412.453679671  -412.379904972  -412.328391684  -412.328391684  -412.274336340
   112.000  -412.444660792  -412.375931822  -412.323531561  -412.323531561  -412.274170545
   112.500  -412.436234718  -412.372177826  -412.318792339  -412.318792339  -412.274000880
   113.000  -412.430957391  -412.371064129  -412.316652091  -412.316652091  -412.273982201
   113.500  -412.429125855  -412.372784995  -412.317354162  -412.317354162  -412.274141454
   114.000  -412.428413535  -412.374942080  -412.318546381  -412.318546381  -412.274337563
   114.500  -412.425900931  -412.374571203  -412.317316993  -412.317316993  -412.274414530
   115.000  -412.420447062  -412.370506499  -412.312571268  -412.312571268  -412.274298494
   115.500  -412.413832584  -412.364515235  -412.306165036  -412.306165036  -412.274033887
   116.000  -412.409968089  -412.360503275  -412.302084463  -412.302084463  -412.273827186
   116.500  -412.411842548  -412.361466229  -412.303355990  -412.303355990  -412.273884319
   117.000  -412.418680131  -412.366649222  -412.309179657  -412.309179657  -412.274136972
   117.500  -412.426827038  -412.372432384  -412.315827395  -412.315827395  -412.274355689
   118.000  -412.432975367  -412.375544264  -412.319898609  -412.319898609  -412.274425133
   118.500  -412.436033072  -412.374923129  -412.320216934  -412.320216934  -412.274355658
   119.000  -412.437099730  -412.371692447  -412.317820146  -412.317820146  -412.274207700
   119.500  -412.438483104  -412.368191152  -412.314989603  -412.314989603  -412.274084719
   120.000  -412.442087421  -412.366388899  -412.313661154  -412.313661154  -412.274073674
   120.500  -412.448166461  -412.366663159  -412.314201281  -412.314201281  -412.274128143
   121.000  -412.455918647  -412.368395419  -412.316004588  -412.316004588  -412.274134329
   121.500  -412.464959993  -412.371420011  -412.318937881  -412.318937881  -412.274111409
   122.000  -412.475106210  -412.375775058  -412.323078408  -412.323078408  -412.274175686
   122.500  -412.484933054  -412.380240715  -412.327240152  -412.327240152  -412.274325332
   123.000  -412.491865376  -412.382416530  -412.329050429  -412.329050429  -412.274439907
   123.500  -412.493910408  -412.380447305  -412.326686331  -412.326686331  -412.274426498
   124.000  -412.491102672  -412.374462958  -412.320327298  -412.320327298  -412.274261680
   124.500  -412.485853001  -412.366928219  -412.312504788  -412.312504788  -412.274002534
   125.000  -412.481959818  -412.361665372  -412.307105545  -412.307105545  -412.273812956
   125.500  -412.482171652  -412.361438047  -412.306925932  -412.306925932  -412.273836651
   126.000  -412.486181858  -412.365960679  -412.311666957  -412.311666957  -412.274015840
   126.500  -412.491370149  -412.372636860  -412.318683723  -412.318683723  -412.274189993
   127.000  -412.495030434  -412.378763106  -412.325221850  -412.325221850  -412.274298260
   127.500  -412.495416025  -412.382552154  -412.329455546  -412.329455546  -412.274372020
   128.000  -412.491479054  -412.382855827  -412.330214637  -412.330214637  -412.274430127
   128.500  -412.482707831  -412.378997247  -412.326808344  -412.326808344  -412.274424078
   129.000  -412.469817476  -412.371466548  -412.319723659  -412.319723659  -412.274274923
   129.500  -412.455738460  -412.362929675  -412.311637174  -412.311637174  -412.273991687
   130.000  -412.445184371  -412.357834123  -412.307025453  -412.307025453  -412.273767063
   130.500  -412.441697460  -412.359503700  -412.309250404  -412.309250404  -412.273827851
   131.000  -412.444448607  -412.366969623  -412.317372601  -412.317372601  -412.274146671
   131.500  -412.448654903  -412.375384286  -412.326550160  -412.326550160  -412.274471616
   132.000  -412.449234041  -412.379643056  -412.331659853  -412.331659853  -412.274612028
   132.500  -412.443805901  -412.377351928  -412.330284504  -412.330284504  -412.274534828
   133.000  -412.433431939  -412.369546425  -412.323448429  -412.323448429  -412.274285733
   133.500  -412.421897143  -412.359973205  -412.314901667  -412.314901667  -412.273985088
   134.000  -412.413734810  -412.353126397  -412.309143169  -412.309143169  -412.273826171
   134.500  -412.411380175  -412.351419439  -412.308569637  -412.308569637  -412.273893352
   135.000  -412.413961385  -412.353985834  -412.312265615  -412.312265615  -412.274056055
   135.500  -412.419037219  -412.358417203  -412.317753594  -412.317753594  -412.274164344
   136.000  -412.424760799  -412.362920469  -412.323175205  -412.323175205  -412.274201208
   136.500  -412.430298213  -412.366730846  -412.327721412  -412.327721412  -412.274222565
   137.000  -412.435133825  -412.369412398  -412.330938972  -412.330938972  -412.274264182
   137.500  -412.438586672  -412.370367862  -412.332239789  -412.332239789  -412.274308150
   138.000  -412.440088068  -412.369108140  -412.331165455  -412.331165455  -412.274298092
   138.500  -412.439972789  -412.366036160  -412.328161624  -412.328161624  -412.274201519
   139.000  -412.439853610  -412.362817691  -412.324933182  -412.324933182  -412.274075760
   139.500  -412.441721305  -412.361483193  -412.323530550  -412.323530550  -412.274023167
   140.000  -412.446437994  -412.362932111  -412.324847503  -412.324847503  -412.274081747
   140.500  -412.453085820  -412.366301521  -412.328000105  -412.328000105  -412.274228852
   141.000  -412.459310579  -412.369326024  -412.330710784  -412.330710784  -412.274393438
   141.500  -412.462520068  -412.369532893  -412.330525361  -412.330525361  -412.274439529
   142.000  -412.461876764  -412.366208949  -412.326789207  -412.326789207  -412.274291683
   142.500  -412.459305924  -412.361384301  -412.321612800  -412.321612800  -412.274071558
   143.000  -412.457759260  -412.358091311  -412.318089983  -412.318089983  -412.273984694
   143.500  -412.458365022  -412.357522065  -412.317423527  -412.317423527  -412.274060830
   144.000  -412.459947539  -412.358552644  -412.318441006  -412.318441006  -412.274159638
   144.500  -412.460916683  -412.359627155  -412.319499419  -412.319499419  -412.274191902
   145.000  -412.460616826  -412.360100256  -412.319861183  -412.319861183  -412.274179692
   145.500  -412.459132507  -412.360043013  -412.319524960  -412.319524960  -412.274169945
   146.000  -412.456643040  -412.359601494  -412.318598031  -412.318598031  -412.274171999
   146.500  -412.453271194  -412.358848325  -412.317152329  -412.317152329  -412.274153036
   147.000  -412.449523779  -412.358222905  -412.315660290  -412.315660290  -412.274079299
   147.500  -412.446693335  -412.358930306  -412.315380678  -412.315380678  -412.273988285
   148.000  -412.446220821  -412.362302510  -412.317701336  -412.317701336  -412.273998509
   148.500  -412.448026689  -412.368127032  -412.322453669  -412.322453669  -412.274168663
   149.000  -412.449756516  -412.373893557  -412.327157222  -412.327157222  -412.274389441
   149.500  -412.448340128  -412.376352622  -412.328595327  -412.328595327  -412.274496725
   150.000  -412.442369925  -412.373898531  -412.325223791  -412.325223791  -412.274418663
   150.500  -412.433203113  -412.367685301  -412.318303837  -412.318303837  -412.274199244
   151.000  -412.424295789  -412.360989414  -412.311252671  -412.311252671  -412.273962495
   151.500  -412.419271966  -412.357307677  -412.307703081  -412.307703081  -412.273862892
   152.000  -412.419632845  -412.358087267  -412.309166798  -412.309166798  -412.273973425
   152.500  -412.423726554  -412.361687495  -412.313971292  -412.313971292  -412.274190051
   153.000  -412.428245802  -412.364854297  -412.318746722  -412.318746722  -412.274338028
   153.500  -412.430748899  -412.365212415  -412.320966378  -412.320966378  -412.274358863
   154.000  -412.430653535  -412.362238916  -412.319969538  -412.319969538  -412.274308605
   154.500  -412.428563742  -412.356584635  -412.316307382  -412.316307382  -412.274249108
   155.000  -412.425366331  -412.349166981  -412.310855601  -412.310855601  -412.274194098
   155.500  -412.421995414  -412.340939684  -412.304584868  -412.304584868  -412.274112563
   156.000  -412.419814375  -412.333281730  -412.298944459  -412.298944459  -412.273978177
   156.500  -412.420851696  -412.328236251  -412.296095627  -412.296095627  -412.273847057
   157.000  -412.426922656  -412.327663062  -412.298005044  -412.298005044  -412.273843276
   157.500  -412.437901610  -412.331549008  -412.304680834  -412.304680834  -412.274015936
   158.000  -412.451097948  -412.337414457  -412.313518256  -412.313518256  -412.274267133
   158.500  -412.462692662  -412.341736681  -412.320724996  -412.320724996  -412.274463110
   159.000  -412.469778915  -412.341937825  -412.323376890  -412.323376890  -412.274520479
   159.500  -412.471708071  -412.337662662  -412.320799171  -412.320799171  -412.274400945
   160.000  -412.470530251  -412.331138615  -412.315078572  -412.315078572  -412.274156167
   160.500  -412.469949997  -412.326065791  -412.310088465  -412.310088465  -412.273958346
   161.000  -412.472794599  -412.325134596  -412.308928581  -412.308928581  -412.273928518
   161.500  -412.479341653  -412.328500883  -412.312148479  -412.328500883  -412.274018214
   162.000  -412.486163939  -412.331701701  -412.312131112  -412.331701701  -412.274270485
   162.500  -412.491337677  -412.335135341  -412.310186559  -412.335135341  -412.274433059
   163.000  -412.492880240  -412.336230840  -412.305254859  -412.336230840  -412.274488297
   163.500  -412.489938267  -412.333966267  -412.297236610  -412.333966267  -412.274477822
   164.000  -412.482284039  -412.328498804  -412.288853812  -412.328498804  -412.274277197
   164.500  -412.472642313  -412.321190300  -412.277948317  -412.321190300  -412.274173566
   165.000  -412.461959337  -412.313542590  -412.267663938  -412.313542590  -412.274023227
   165.500  -412.452797705  -412.307946414  -412.260506966  -412.307946414  -412.273867954
   166.000  -412.447678798  -412.306750313  -412.258881642  -412.306750313  -412.273823008
   166.500  -412.447396066  -412.310580840  -412.263430773  -412.310580840  -412.273962351
   167.000  -412.450018775  -412.317356960  -412.272050122  -412.317356960  -412.274200492
   167.500  -412.452132773  -412.323549866  -412.281128486  -412.323549866  -412.274367773
   168.000  -412.451331420  -412.326694968  -412.288032380  -412.326694968  -412.274349641
   168.500  -412.447934926  -412.327122756  -412.292820528  -412.327122756  -412.274158310
   169.000  -412.444724053  -412.327680088  -412.297986893  -412.327680088  -412.273970205
   169.500  -412.445154304  -412.330173656  -412.306602456  -412.330173656  -412.273124984
   170.000  -412.447614475  -412.336442869  -412.317596196  -412.336442869  -412.273284414
   170.500  -412.449768017  -412.343512059  -412.327310709  -412.343512059  -412.273398495
   171.000  -412.448669481  -412.349308570  -412.331918166  -412.349308570  -412.273414197
   171.500  -412.443037339  -412.353530741  -412.329406454  -412.353530741  -412.273249784
   172.000  -412.433721556  -412.357994518  -412.320112847  -412.357994518  -412.274181015
   172.500  -412.422357552  -412.358392911  -412.313494643  -412.358392911  -412.273541448
   173.000  -412.411734119  -412.357375637  -412.309387918  -412.357375637  -412.273399087
   173.500  -412.403385648  -412.357351586  -412.306830421  -412.357351586  -412.273437570
   174.000  -412.396897363  -412.357971588  -412.304831567  -412.357971588  -412.273486542
   174.500  -412.391595409  -412.358599905  -412.302622694  -412.358599905  -412.273464921
   175.000  -412.387486993  -412.359332672  -412.300332681  -412.359332672  -412.273483627
   175.500  -412.383888968  -412.359614535  -412.297504784  -412.359614535  -412.273613870
   176.000  -412.378606613  -412.357392954  -412.292204831  -412.357392954  -412.273742550
   176.500  -412.369562175  -412.350726469  -412.282610176  -412.350726469  -412.273725671
   177.000  -412.356930414  -412.339908982  -412.269121530  -412.339908982  -412.273523595
   177.500  -412.343708379  -412.328036366  -412.254910843  -412.328036366  -412.273239978
   178.000  -412.334061836  -412.319354347  -412.244262083  -412.319354347  -412.273082483
   178.500  -412.330285758  -412.316223303  -412.239538136  -412.316223303  -412.273150328
   179.000  -412.331380571  -412.317698339  -412.239766058  -412.317698339  -412.273313949
   179.500  -412.334788981  -412.321267488  -412.242387106  -412.321267488  -412.273418855
   180.000  -412.338651035  -412.325106539  -412.245526933  -412.325106539  -412.273449634
   180.500  -412.342212410  -412.328488972  -412.248413485  -412.328488972  -412.273471512
   181.000  -412.344993339  -412.330955308  -412.250554792  -412.330955308  -412.273532484
   181.500  -412.346114487  -412.331640542  -412.251066369  -412.331640542  -412.273622321
   182.000  -412.344494045  -412.329468588  -412.248871507  -412.329468588  -412.273659663
   182.500  -412.340063747  -412.324366097  -412.243912102  -412.324366097  -412.273528433
   183.000  -412.335335532  -412.318825009  -412.238711481  -412.318825009  -412.273216385
   183.500  -412.335236650  -412.317740713  -412.238195512  -412.317740713  -412.272966856
   184.000  -412.343441251  -412.324752030  -412.246016692  -412.324752030  -412.273089381
   184.500  -412.358120558  -412.338004417  -412.260304288  -412.338004417  -412.273527049
   185.000  -412.372793639  -412.351007210  -412.274528601  -412.351007210  -412.273903585
   185.500  -412.381667809  -412.357968388  -412.282854837  -412.357968388  -412.273961245
   186.000  -412.383578680  -412.357721835  -412.284085248  -412.357721835  -412.273725977
   186.500  -412.381778305  -412.353506697  -412.281437339  -412.353506697  -412.273419195
   187.000  -412.380681920  -412.349716542  -412.279278011  -412.349716542  -412.273276768
   187.500  -412.382425134  -412.348466108  -412.279678235  -412.348466108  -412.273326887
   188.000  -412.386335965  -412.349065024  -412.281910013  -412.349065024  -412.273421823
   188.500  -412.391027493  -412.350122237  -412.284505876  -412.350122237  -412.273432853
   189.000  -412.395966823  -412.351169829  -412.286792182  -412.351169829  -412.273407759
   189.500  -412.401339447  -412.352398584  -412.288988483  -412.352398584  -412.273391246
   190.000  -412.407289263  -412.353981770  -412.291262965  -412.353981770  -412.273416879
   190.500  -412.413427658  -412.355572738  -412.293281153  -412.355572738  -412.273473482
   191.000  -412.419009785  -412.356480873  -412.294381797  -412.356480873  -412.273509570
   191.500  -412.423683712  -412.356419742  -412.294320254  -412.356419742  -412.273474708
   192.000  -412.428127462  -412.356139630  -412.293895484  -412.356139630  -412.273409609
   192.500  -412.433348955  -412.356719113  -412.294234523  -412.356719113  -412.273451280
   193.000  -412.438810767  -412.357680290  -412.294899544  -412.357680290  -412.273619670
   193.500  -412.442258885  -412.356811155  -412.293706446  -412.356811155  -412.273713709
   194.000  -412.442436060  -412.352884699  -412.289449155  -412.352884699  -412.273595737
   194.500  -412.440933634  -412.347533609  -412.283784184  -412.347533609  -412.273397050
   195.000  -412.440466020  -412.343552739  -412.279535480  -412.343552739  -412.273308277
   195.500  -412.442222641  -412.342259651  -412.278033000  -412.342259651  -412.273354261
   196.000  -412.445365449  -412.342966517  -412.278551939  -412.342966517  -412.273455478
   196.500  -412.448134835  -412.344047523  -412.279361633  -412.344047523  -412.273528410
   197.000  -412.449167527  -412.344212032  -412.279043251  -412.344212032  -412.273525215
   197.500  -412.448272387  -412.343251413  -412.277302506  -412.343251413  -412.273465270
   198.000  -412.446239666  -412.341844648  -412.274819642  -412.341844648  -412.273402518
   198.500  -412.444055659  -412.340811037  -412.272475886  -412.340811037  -412.273377708
   199.000  -412.442261951  -412.340515834  -412.270714207  -412.340515834  -412.273393525
   199.500  -412.440888226  -412.340835680  -412.269474537  -412.340835680  -412.273409603
   200.000  -412.440038040  -412.341758619  -412.268784665  -412.341758619  -412.273360793
   200.500  -412.440776491  -412.344272986  -412.269652019  -412.344272986  -412.273230802
   201.000  -412.445194960  -412.350426747  -412.274125333  -412.350426747  -412.273141073
   201.500  -412.454570139  -412.361478275  -412.283447284  -412.361478275  -412.273260561
   202.000  -412.467057328  -412.375578854  -412.295741385  -412.375578854  -412.273566862
   202.500  -412.478061749  -412.388132320  -412.306380283  -412.388132320  -412.273861171
   203.000  -412.483118418  -412.394665743  -412.310862594  -412.394665743  -412.273985956
   203.500  -412.480371396  -412.393301965  -412.307287620  -412.393301965  -412.273885997
   204.000  -412.471475954  -412.385667192  -412.297254826  -412.385667192  -412.273589761
   204.500  -412.461023774  -412.376328317  -412.285296248  -412.376328317  -412.273245597
   205.000  -412.454158339  -412.370424453  -412.276517056  -412.370424453  -412.273097828
   205.500  -412.453034660  -412.370133861  -412.273086894  -412.370133861  -412.273265274
   206.000  -412.455239295  -412.373087421  -412.272682273  -412.373087421  -412.273563636
   206.500  -412.456320171  -412.374883361  -412.271008571  -412.374883361  -412.273739306
   207.000  -412.453381257  -412.372665885  -412.265365541  -412.372665885  -412.273742769
   207.500  -412.446036412  -412.366076863  -412.255568808  -412.366076863  -412.273664753
   208.000  -412.435299396  -412.356155135  -412.242822942  -412.356155135  -412.273571064
   208.500  -412.422644284  -412.344423716  -412.228790740  -412.344423716  -412.273445039
   209.000  -412.410054971  -412.333064735  -412.215733258  -412.333064735  -412.273226690
   209.500  -412.400347247  -412.325380488  -412.206898075  -412.325380488  -412.273141309
   210.000  -412.397270833  -412.323747856  -412.205303174  -412.323747856  -412.273071549
   210.500  -412.401286740  -412.328655195  -412.211472519  -412.328655195  -412.273252511
   211.000  -412.409347112  -412.337413071  -412.222476301  -412.337413071  -412.273517922
   211.500  -412.417363183  -412.346022931  -412.234161338  -412.346022931  -412.273665871
   212.000  -412.422992953  -412.352159017  -412.244047465  -412.352159017  -412.273634490
   212.500  -412.426579294  -412.356158240  -412.252298960  -412.356158240  -412.273519286
   213.000  -412.429714744  -412.359604068  -412.260308633  -412.359604068  -412.273508452
   213.500  -412.432589088  -412.362684329  -412.268058071  -412.362684329  -412.273670018
   214.000  -412.433158178  -412.363359533  -412.273290467  -412.363359533  -412.273806222
   214.500  -412.429886951  -412.360094682  -412.274254476  -412.360094682  -412.273683834
   215.000  -412.424846145  -412.354942699  -412.272815735  -412.354942699  -412.273374068
   215.500  -412.422530043  -412.352363311  -412.273317481  -412.352363311  -412.273235073
   216.000  -412.424882211  -412.354271146  -412.277655985  -412.354271146  -412.273438775
   216.500  -412.428920536  -412.357686347  -412.282911996  -412.357686347  -412.273744048
   217.000  -412.429975093  -412.357976950  -412.284540193  -412.357976950  -412.273874805
   217.500  -412.425788509  -412.352941820  -412.280411148  -412.352941820  -412.273764816
   218.000  -412.417772345  -412.344045082  -412.272039079  -412.344045082  -412.273496528
   218.500  -412.409778942  -412.335169074  -412.263355898  -412.335169074  -412.273262303
   219.000  -412.405204560  -412.329671094  -412.257841452  -412.329671094  -412.273266626
   219.500  -412.404409221  -412.327182396  -412.256415715  -412.327182396  -412.273318151
   220.000  -412.404381024  -412.325816629  -412.256591047  -412.325816629  -412.273637615
   220.500  -412.402228510  -412.322777351  -412.254777211  -412.322777351  -412.273693475
   221.000  -412.397205161  -412.317211021  -412.250090462  -412.317211021  -412.273564139
   221.500  -412.391282566  -412.311213565  -412.244378249  -412.311213565  -412.273302216
   222.000  -412.388448363  -412.308819326  -412.241618753  -412.308819326  -412.273088872
   222.500  -412.391979544  -412.313181138  -412.245238285  -412.313181138  -412.273141771
   223.000  -412.401282913  -412.323513615  -412.254823253  -412.323513615  -412.273440131
   223.500  -412.412067637  -412.335403525  -412.266158701  -412.335403525  -412.273754171
   224.000  -412.419615891  -412.344085559  -412.274491068  -412.344085559  -412.273922962
   224.500  -412.421438326  -412.347031548  -412.277228039  -412.347031548  -412.273896731
   225.000  -412.418227918  -412.344868965  -412.274920573  -412.344868965  -412.273677738
   225.500  -412.413648687  -412.341171122  -412.271080828  -412.341171122  -412.273397547
   226.000  -412.412135641  -412.340291875  -412.270025048  -412.340291875  -412.273296610
   226.500  -412.415475538  -412.343986975  -412.273500167  -412.343986975  -412.273401220
   227.000  -412.422357114  -412.350976426  -412.280244611  -412.350976426  -412.273501745
   227.500  -412.431031848  -412.359579549  -412.288610951  -412.359579549  -412.273552682
   228.000  -412.440140931  -412.368506509  -412.297338846  -412.368506509  -412.273657128
   228.500  -412.447635411  -412.375760504  -412.304440851  -412.375760504  -412.273790850
   229.000  -412.451140868  -412.379004937  -412.307562904  -412.379004937  -412.273864102
   229.500  -412.449236746  -412.376852412  -412.305276571  -412.376852412  -412.273856299
   230.000  -412.441902163  -412.369317097  -412.297541012  -412.369317097  -412.273768205
   230.500  -412.430582635  -412.357881300  -412.285784788  -412.357881300  -412.273569289
   231.000  -412.418500205  -412.345800372  -412.273227535  -412.345800372  -412.273279538
   231.500  -412.410086948  -412.337536371  -412.264318512  -412.337536371  -412.273072750
   232.000  -412.408390198  -412.336168925  -412.262141417  -412.336168925  -412.273122729
   232.500  -412.412671089  -412.340998113  -412.266007328  -412.340998113  -412.273356031
   233.000  -412.419364886  -412.348497112  -412.272407348  -412.348497112  -412.273583948
   233.500  -412.424778954  -412.354994213  -412.277698669  -412.354994213  -412.273745343
   234.000  -412.426274040  -412.357836353  -412.279269166  -412.357836353  -412.273866174
   234.500  -412.422186592  -412.355305056  -412.275443850  -412.355305056  -412.273910777
   235.000  -412.412469537  -412.347261713  -412.266118550  -412.347261713  -412.273745243
   235.500  -412.400447669  -412.336921283  -412.254523605  -412.336921283  -412.273312368
   236.000  -412.393098165  -412.331160847  -412.247536369  -412.331160847  -412.272900754
   236.500  -412.396557779  -412.336053783  -412.251234898  -412.336053783  -412.272957087
   237.000  -412.409989547  -412.350745364  -412.264790109  -412.350745364  -412.273445378
   237.500  -412.426091986  -412.367945375  -412.280951121  -412.367945375  -412.273900737
   238.000  -412.437562799  -412.380367020  -412.292459076  -412.380367020  -412.274065278
   238.500  -412.441202779  -412.384815270  -412.296119896  -412.384815270  -412.274002433
   239.000  -412.437472078  -412.381741240  -412.292360067  -412.381741240  -412.273829049
   239.500  -412.428878748  -412.373623434  -412.283625424  -412.373623434  -412.273595925
   240.000  -412.418318793  -412.364999863  -412.275514935  -412.364999863  -412.274219280
   240.500  -412.411589606  -412.358136580  -412.269426869  -412.358136580  -412.274050601
   241.000  -412.410275499  -412.356465877  -412.268359814  -412.356465877  -412.274078579
   241.500  -412.414047526  -412.359638640  -412.271945480  -412.359638640  -412.274239122
   242.000  -412.420549075  -412.365300732  -412.277820026  -412.365300732  -412.274396515
   242.500  -412.427301717  -412.370991467  -412.283527212  -412.370991467  -412.274500450
   243.000  -412.432581573  -412.375012279  -412.287388774  -412.375012279  -412.274569617
   243.500  -412.435323967  -412.376325603  -412.288400915  -412.376325603  -412.274604223
   244.000  -412.435182353  -412.374612468  -412.286284859  -412.374612468  -412.274568755
   244.500  -412.432961167  -412.370705677  -412.281911391  -412.370705677  -412.274468940
   245.000  -412.430375406  -412.366351275  -412.277049098  -412.366351275  -412.274404100
   245.500  -412.428620362  -412.362779087  -412.272918784  -412.362779087  -412.274419323
   246.000  -412.427751823  -412.360081447  -412.269563511  -412.360081447  -412.274403525
   246.500  -412.427990868  -412.358516944  -412.267163370  -412.358516944  -412.274349230
   247.000  -412.429765994  -412.358553657  -412.266123400  -412.358553657  -412.274428350
   247.500  -412.431654193  -412.358813749  -412.265082795  -412.358813749  -412.274639739
   248.000  -412.430499010  -412.356189354  -412.261089475  -412.356189354  -412.274762470
   248.500  -412.424413779  -412.348836651  -412.252652885  -412.348836651  -412.274660077
   249.000  -412.414785514  -412.338215912  -412.241686694  -412.338215912  -412.274372728
   249.500  -412.405510162  -412.328500362  -412.231559757  -412.328500362  -412.274336467
   250.000  -412.399551767  -412.322490901  -412.225270154  -412.322490901  -412.274329306
   250.500  -412.397092738  -412.320507529  -412.222508450  -412.320507529  -412.274460175
   251.000  -412.396291315  -412.320653645  -412.221400070  -412.320653645  -412.274580673
   251.500  -412.395322280  -412.321080342  -412.220163009  -412.321080342  -412.274629151
   252.000  -412.393253543  -412.320927820  -412.218134520  -412.320927820  -412.274730328
   252.500  -412.389796542  -412.319496290  -412.216614267  -412.319496290  -412.274543793
   253.000  -412.386832565  -412.318475514  -412.216520056  -412.318475514  -412.274351270
   253.500  -412.387369483  -412.321007360  -412.220346426  -412.321007360  -412.274200333
   254.000  -412.393664210  -412.329343056  -412.230245864  -412.329343056  -412.274273380
   254.500  -412.404842172  -412.342350669  -412.244914524  -412.342350669  -412.274484273
   255.000  -412.416330753  -412.355879460  -412.260128539  -412.355879460  -412.274795961
   255.500  -412.423560180  -412.365217536  -412.271157034  -412.365217536  -412.274929055
   256.000  -412.424559353  -412.368319419  -412.275750486  -412.368319419  -412.274846143
   256.500  -412.420622849  -412.366449848  -412.275006898  -412.366449848  -412.274622114
   257.000  -412.415173488  -412.363011111  -412.272216434  -412.363011111  -412.274424198
   257.500  -412.411346800  -412.361123976  -412.270471939  -412.361123976  -412.274352602
   258.000  -412.410499158  -412.362132881  -412.271164953  -412.362132881  -412.274360451
   258.500  -412.412570895  -412.365966151  -412.274299315  -412.365966151  -412.274432787
   259.000  -412.416278241  -412.371324536  -412.278643148  -412.371324536  -412.274586180
   259.500  -412.419109104  -412.375671104  -412.281711975  -412.375671104  -412.274735558
   260.000  -412.418611025  -412.376494205  -412.281062836  -412.376494205  -412.274796771
   260.500  -412.414982428  -412.369156139  -412.283995951  -412.369156139  -412.271291062
   261.000  -412.406210901  -412.361078754  -412.277355040  -412.361078754  -412.271180243
   261.500  -412.395306965  -412.350636640  -412.267933472  -412.350636640  -412.270985704
   262.000  -412.385426714  -412.340936843  -412.258851351  -412.340936843  -412.270746850
   262.500  -412.380257782  -412.335626171  -412.253783340  -412.335626171  -412.270608945
   263.000  -412.381876903  -412.336755546  -412.254805377  -412.336755546  -412.270679667
   263.500  -412.389259296  -412.343296562  -412.260898808  -412.343296562  -412.270876004
   264.000  -412.399378760  -412.352247694  -412.269052902  -412.352247694  -412.271056845
   264.500  -412.409233048  -412.360660175  -412.276300583  -412.360660175  -412.271188369
   265.000  -412.416560757  -412.366336658  -412.280458255  -412.366336658  -412.271298266
   265.500  -412.419680064  -412.367629100  -412.280000460  -412.367629100  -412.271365507
   266.000  -412.417964041  -412.363851340  -412.274551999  -412.363851340  -412.271283117
   266.500  -412.413309962  -412.356742137  -412.266238614  -412.356742137  -412.270970606
   267.000  -412.410786356  -412.351222777  -412.260149993  -412.351222777  -412.270607497
   267.500  -412.415733386  -412.352575324  -412.261474536  -412.352575324  -412.270560026
   268.000  -412.428701497  -412.361429154  -412.270603822  -412.361429154  -412.270873025
   268.500  -412.444272082  -412.373710885  -412.282795888  -412.373710885  -412.272387225
   269.000  -412.457005215  -412.380897332  -412.291347410  -412.380897332  -412.272579197
   269.500  -412.462833564  -412.381014872  -412.292757132  -412.381014872  -412.272544891
   270.000  -412.461832756  -412.374311584  -412.287312051  -412.374311584  -412.272363986
   270.500  -412.456562657  -412.363512803  -412.277780719  -412.363512803  -412.272095029
   271.000  -412.451020179  -412.352773945  -412.268346555  -412.352773945  -412.271833061
   271.500  -412.449017963  -412.346061670  -412.262976498  -412.346061670  -412.271730432
   272.000  -412.451972173  -412.344939915  -412.263206038  -412.344939915  -412.271833163
   272.500  -412.458271964  -412.347934160  -412.267509555  -412.347934160  -412.272009256
   273.000  -412.465097001  -412.352340133  -412.273126341  -412.352340133  -412.272131871
   273.500  -412.470294361  -412.356093876  -412.277948615  -412.356093876  -412.272198384
   274.000  -412.472610878  -412.357997831  -412.280766777  -412.357997831  -412.272257789
   274.500  -412.471134605  -412.357153949  -412.280711862  -412.357153949  -412.272313554
   275.000  -412.465316139  -412.352977928  -412.277268495  -412.352977928  -412.272298807
   275.500  -412.455898883  -412.346125368  -412.271179463  -412.346125368  -412.272153920
   276.000  -412.445579843  -412.339158264  -412.265076895  -412.339158264  -412.271955983
   276.500  -412.437730281  -412.335281434  -412.262180504  -412.335281434  -412.271868203
   277.000  -412.434037331  -412.336005675  -412.263950555  -412.336005675  -412.271926178
   277.500  -412.433807228  -412.340472952  -412.269440026  -412.340472952  -412.272082245
   278.000  -412.434604203  -412.346113182  -412.275996076  -412.346113182  -412.272301313
   278.500  -412.433078948  -412.349477795  -412.280123987  -412.349477795  -412.272460391
   279.000  -412.426887183  -412.348149513  -412.279393230  -412.348149513  -412.272409350
   279.500  -412.416817126  -412.342850868  -412.274531945  -412.342850868  -412.272152782
   280.000  -412.406621652  -412.337265555  -412.269226508  -412.337265555  -412.271899749
   280.500  -412.399981188  -412.334997150  -412.267073128  -412.334997150  -412.271859746
   281.000  -412.397545619  -412.336616906  -412.268616423  -412.336616906  -412.271991538
   281.500  -412.397409164  -412.340145214  -412.271838775  -412.340145214  -412.272110881
   282.000  -412.397650723  -412.343602191  -412.274719019  -412.343602191  -412.272145411
   282.500  -412.397531361  -412.346211360  -412.276448655  -412.346211360  -412.272141556
   283.000  -412.396987498  -412.347895386  -412.276935835  -412.347895386  -412.272149025
   283.500  -412.395973381  -412.348614798  -412.276152434  -412.348614798  -412.272156073
   284.000  -412.394643602  -412.348543057  -412.274314645  -412.348543057  -412.272096558
   284.500  -412.394227240  -412.348931827  -412.272746806  -412.348931827  -412.271946708
   285.000  -412.397129882  -412.352206762  -412.273967009  -412.352206762  -412.271857136
   285.500  -412.404643486  -412.359676875  -412.279371979  -412.359676875  -412.272035018
   286.000  -412.414191132  -412.368778492  -412.286458127  -412.368778492  -412.272397643
   286.500  -412.420584671  -412.374326846  -412.290063245  -412.374326846  -412.272627678
   287.000  -412.420531104  -412.373012794  -412.286874516  -412.373012794  -412.272550535
   287.500  -412.415256060  -412.366028305  -412.278075716  -412.366028305  -412.272261935
   288.000  -412.409181369  -412.357762279  -412.268072090  -412.357762279  -412.271984603
   288.500  -412.406637612  -412.352534892  -412.261249633  -412.352534892  -412.271865114
   289.000  -412.409494237  -412.352235017  -412.259610139  -412.352235017  -412.271937155
   289.500  -412.416543834  -412.355693830  -412.262110705  -412.355693830  -412.272132986
   290.000  -412.424607357  -412.359776770  -412.265711830  -412.359776770  -412.272287062
   290.500  -412.430969535  -412.361814783  -412.267780698  -412.361814783  -412.272306298
   291.000  -412.434847095  -412.361075627  -412.267560559  -412.361075627  -412.272244599
   291.500  -412.436796300  -412.358175072  -412.265595188  -412.358175072  -412.272191747
   292.000  -412.437482177  -412.353846556  -412.262527174  -412.353846556  -412.272174539
   292.500  -412.437273576  -412.348534806  -412.258715079  -412.348534806  -412.272137870
   293.000  -412.437011501  -412.343159305  -412.255022356  -412.343159305  -412.271993023
   293.500  -412.439131914  -412.340235075  -412.253948900  -412.340235075  -412.271760779
   294.000  -412.447074787  -412.343293260  -412.259038462  -412.343293260  -412.271666868
   294.500  -412.461993135  -412.353614229  -412.271571021  -412.353614229  -412.271891091
   295.000  -412.480337383  -412.367822402  -412.288130857  -412.367822402  -412.272286044
   295.500  -412.495908951  -412.379918596  -412.302646632  -412.379918596  -412.272599960
   296.000  -412.503633790  -412.385008600  -412.310148486  -412.385008600  -412.272718195
   296.500  -412.501656571  -412.381354845  -412.308846137  -412.381354845  -412.272588483
   297.000  -412.492224658  -412.371240166  -412.300996441  -412.371240166  -412.272203322
   297.500  -412.481429232  -412.360716994  -412.292641143  -412.360716994  -412.271763671
   298.000  -412.475938264  -412.356365778  -412.290351606  -412.356365778  -412.271618407
   298.500  -412.478014817  -412.360346671  -412.296267172  -412.360346671  -412.271851736
   299.000  -412.484310931  -412.369214498  -412.306909209  -412.369214498  -412.272193736
   299.500  -412.489610035  -412.377659663  -412.316937643  -412.377659663  -412.272393072
   300.000  -412.490581963  -412.382249607  -412.322904788  -412.382249607  -412.272423966
   300.500  -412.486451027  -412.382088763  -412.323917180  -412.382088763  -412.272378495
   301.000  -412.477838112  -412.377657798  -412.320481741  -412.377657798  -412.272313384
   301.500  -412.465916086  -412.369980031  -412.313660920  -412.369980031  -412.272208292
   302.000  -412.452602280  -412.360824905  -412.305275715  -412.360824905  -412.272023316
   302.500  -412.440926823  -412.353092892  -412.298274883  -412.353092892  -412.271819388
   303.000  -412.433981487  -412.349781822  -412.295675148  -412.349781822  -412.271766811
   303.500  -412.432551363  -412.351625009  -412.298191033  -412.351625009  -412.271929495
   304.000  -412.434251458  -412.356224355  -412.303364119  -412.356224355  -412.272173137
   304.500  -412.435414990  -412.359916248  -412.307471053  -412.359916248  -412.272344321
   305.000  -412.433426750  -412.360089303  -412.307863656  -412.360089303  -412.272378057
   305.500  -412.427901301  -412.356348899  -412.304160389  -412.356348899  -412.272257781
   306.000  -412.420849304  -412.350685698  -412.298391224  -412.350685698  -412.272066738
   306.500  -412.415278474  -412.346076608  -412.293578763  -412.346076608  -412.271989163
   307.000  -412.412572725  -412.343869829  -412.291083550  -412.343869829  -412.272059360
   307.500  -412.412018289  -412.343313510  -412.290125822  -412.343313510  -412.272087056
   308.000  -412.413212681  -412.343977374  -412.290211332  -412.343977374  -412.272016274
   308.500  -412.416843674  -412.346553788  -412.291950198  -412.346553788  -412.272010883
   309.000  -412.422635819  -412.350827058  -412.295046208  -412.350827058  -412.272143633
   309.500  -412.428380031  -412.354702445  -412.297349856  -412.354702445  -412.272299307
   310.000  -412.431509415  -412.355754141  -412.296428030  -412.355754141  -412.272354898
   310.500  -412.430969614  -412.353056235  -412.291406495  -412.353056235  -412.272269863
   311.000  -412.427897841  -412.347840875  -412.283617990  -412.347840875  -412.272080937
   311.500  -412.425014865  -412.342881427  -412.275966413  -412.342881427  -412.271913881
   312.000  -412.424696029  -412.340574704  -412.270973723  -412.340574704  -412.271916793
   312.500  -412.426891572  -412.340871699  -412.268684312  -412.340871699  -412.272086135
   313.000  -412.429161331  -412.341331104  -412.266709101  -412.341331104  -412.272270252
   313.500  -412.428804446  -412.339263820  -412.262387044  -412.339263820  -412.272338755
   314.000  -412.424869716  -412.333744364  -412.254819956  -412.333744364  -412.272240135
   314.500  -412.419008079  -412.326453965  -412.245727027  -412.326453965  -412.271998135
   315.000  -412.414958510  -412.321159858  -412.238918504  -412.321159858  -412.271777112
   315.500  -412.415981749  -412.321147110  -412.237712675  -412.321147110  -412.271802717
   316.000  -412.421706220  -412.326063466  -412.241767888  -412.326063466  -412.272062388
   316.500  -412.428323565  -412.332111388  -412.247273763  -412.332111388  -412.272305640
   317.000  -412.432100047  -412.335555906  -412.250469055  -412.335555906  -412.272360727
   317.500  -412.432002765  -412.335354816  -412.250284971  -412.335354816  -412.272244076
   318.000  -412.429598405  -412.333074315  -412.248270318  -412.333074315  -412.272081321
   318.500  -412.427218863  -412.331074834  -412.246780059  -412.331074834  -412.272004284
   319.000  -412.426085114  -412.330625749  -412.247089185  -412.330625749  -412.272022590
   319.500  -412.426158226  -412.331724216  -412.249202691  -412.331724216  -412.272020788
   320.000  -412.427596124  -412.334534726  -412.253275974  -412.334534726  -412.271959044
   320.500  -412.431174299  -412.339816558  -412.260022854  -412.339816558  -412.271964937
   321.000  -412.436597123  -412.347246213  -412.269031770  -412.347246213  -412.272120129
   321.500  -412.441465700  -412.354388254  -412.277748654  -412.354388254  -412.272321975
   322.000  -412.442705497  -412.358117680  -412.282924171  -412.358117680  -412.272441442
   322.500  -412.438513183  -412.356560308  -412.282581330  -412.356560308  -412.272429017
   323.000  -412.429264019  -412.350001954  -412.276941952  -412.350001954  -412.272265349
   323.500  -412.417771441  -412.341157739  -412.268698906  -412.341157739  -412.271978149
   324.000  -412.408609617  -412.334504971  -412.262341797  -412.334504971  -412.271737445
   324.500  -412.405481633  -412.333659337  -412.261518364  -412.333659337  -412.271744496
   325.000  -412.408413114  -412.338569477  -412.266218969  -412.338569477  -412.271956750
   325.500  -412.414296256  -412.346059730  -412.273313452  -412.346059730  -412.272167186
   326.000  -412.419799910  -412.352733990  -412.279458825  -412.352733990  -412.272280505
   326.500  -412.422964309  -412.356565912  -412.282688591  -412.356565912  -412.272326194
   327.000  -412.423015666  -412.356707916  -412.282223210  -412.356707916  -412.272327655
   327.500  -412.420087245  -412.353214441  -412.278183562  -412.353214441  -412.272252129
   328.000  -412.415647195  -412.347476867  -412.272018946  -412.347476867  -412.272056486
   328.500  -412.412955888  -412.342698417  -412.266966024  -412.342698417  -412.271797273
   329.000  -412.416006116  -412.342858626  -412.267000775  -412.342858626  -412.271680804
   329.500  -412.426469102  -412.349680955  -412.273797407  -412.349680955  -412.271861857
   330.000  -412.441556363  -412.360504776  -412.284606283  -412.360504776  -412.272204320
   330.500  -412.455911959  -412.370161108  -412.294161409  -412.370161108  -412.272457941
   331.000  -412.465246885  -412.374580588  -412.298320608  -412.374580588  -412.272533251
   331.500  -412.467975456  -412.372403619  -412.295692173  -412.372403619  -412.272454801
   332.000  -412.465110174  -412.364855568  -412.287513984  -412.364855568  -412.272235695
   332.500  -412.459948921  -412.355429244  -412.277317784  -412.355429244  -412.271930807
   333.000  -412.456976981  -412.348784410  -412.269815362  -412.348784410  -412.271728741
   333.500  -412.459051659  -412.347933809  -412.268067695  -412.347933809  -412.271784880
   334.000  -412.465279794  -412.352114808  -412.271352991  -412.352114808  -412.271991620
   334.500  -412.472456324  -412.358217083  -412.276600895  -412.358217083  -412.272152755
   335.000  -412.477861185  -412.363567019  -412.281186955  -412.363567019  -412.272225585
   335.500  -412.480117059  -412.366778647  -412.283785379  -412.366778647  -412.272270301
   336.000  -412.478521925  -412.367086275  -412.283695037  -412.367086275  -412.272310784
   336.500  -412.472759502  -412.364065002  -412.280541198  -412.364065002  -412.272284473
   337.000  -412.463763188  -412.358506696  -412.275143041  -412.358506696  -412.272101977
   337.500  -412.454755410  -412.353478792  -412.270562680  -412.353478792  -412.271818831
   338.000  -412.450129638  -412.353227234  -412.271011673  -412.353227234  -412.271694254
   338.500  -412.451738855  -412.359483711  -412.278168160  -412.359483711  -412.271887642
   339.000  -412.456742230  -412.369319664  -412.289042857  -412.369319664  -412.272238574
   339.500  -412.459850240  -412.377381522  -412.298229808  -412.377381522  -412.272509400
   340.000  -412.456870571  -412.379421541  -412.301438977  -412.379421541  -412.272593877
   340.500  -412.446536623  -412.374116974  -412.297309444  -412.374116974  -412.272469068
   341.000  -412.430932200  -412.363491789  -412.287827623  -412.363491789  -412.272162457
   341.500  -412.414845609  -412.352276043  -412.277682422  -412.352276043  -412.271843458
   342.000  -412.403081848  -412.345222132  -412.271581188  -412.345222132  -412.271759632
   342.500  -412.396983750  -412.343628893  -412.270776089  -412.343628893  -412.271920998
   343.000  -412.394270190  -412.345173088  -412.272907962  -412.345173088  -412.272102028
   343.500  -412.392172654  -412.345827216  -412.277065665  -412.345827216  -412.270966423
   344.000  -412.389198449  -412.346654130  -412.278182232  -412.346654130  -412.270971315
   344.500  -412.385147200  -412.346129737  -412.277606377  -412.346129737  -412.270981759
   345.000  -412.379870424  -412.344076536  -412.275168816  -412.344076536  -412.270999104
   345.500  -412.373333796  -412.340427557  -412.270840833  -412.340427557  -412.270960254
   346.000  -412.366445794  -412.336059089  -412.265570535  -412.336059089  -412.270827533
   346.500  -412.361405203  -412.333142645  -412.261627830  -412.333142645  -412.270704680
   347.000  -412.360125977  -412.333572587  -412.261017836  -412.333572587  -412.270745798
   347.500  -412.362171638  -412.336899068  -412.263400671  -412.336899068  -412.270898096
   348.000  -412.365357005  -412.341081140  -412.266762689  -412.341081140  -412.271076427
   348.500  -412.368275364  -412.344322155  -412.269530155  -412.344322155  -412.271127012
   349.000  -412.369896707  -412.345735559  -412.270871555  -412.345735559  -412.271195940
   349.500  -412.369355788  -412.344418030  -412.269937408  -412.344418030  -412.271195193
   350.000  -412.366982324  -412.340661480  -412.267038100  -412.340661480  -412.271026622
   350.500  -412.365372262  -412.337024950  -412.264723156  -412.337024950  -412.270831169
   351.000  -412.367314239  -412.336256091  -412.265729949  -412.336256091  -412.270837832
   351.500  -412.372730197  -412.337813623  -412.270744318  -412.337813623  -412.270616898
   352.000  -412.379466868  -412.340549242  -412.276469100  -412.340549242  -412.271486407
   352.500  -412.384768356  -412.340135054  -412.283027147  -412.340135054  -412.271572959
   353.000  -412.388459581  -412.336816499  -412.289785317  -412.336816499  -412.271303179
   353.500  -412.391168991  -412.332774140  -412.294643771  -412.332774140  -412.271283278
   354.000  -412.392839361  -412.328515698  -412.296972994  -412.328515698  -412.271302487
   354.500  -412.393341136  -412.323927472  -412.296958308  -412.323927472  -412.271265041
   355.000  -412.393430372  -412.319782300  -412.295591365  -412.319782300  -412.271141160
   355.500  -412.395050960  -412.318041303  -412.295052911  -412.318041303  -412.271026681
   356.000  -412.399865524  -412.320369497  -412.297267343  -412.320369497  -412.271092109
   356.500  -412.406893889  -412.325800165  -412.301488300  -412.325800165  -412.271340655
   357.000  -412.412510127  -412.330756438  -412.304244909  -412.330756438  -412.271566145
   357.500  -412.413362221  -412.331965094  -412.302250806  -412.331965094  -412.271592611
   358.000  -412.409011249  -412.329094120  -412.295022376  -412.329094120  -412.271398565
   358.500  -412.402239038  -412.325323118  -412.284672361  -412.325323118  -412.270802837
   359.000  -412.398991233  -412.333383939  -412.268933940  -412.333383939  -412.279587694
   359.500  -412.397597677  -412.336358818  -412.270855677  -412.336358818  -412.279568979
   360.000  -412.400800734  -412.344264826  -412.277716858  -412.344264826  -412.279759546
   360.500  -412.405796472  -412.354141539  -412.286382524  -412.354141539  -412.279997701
   361.000  -412.408936867  -412.362173537  -412.292945351  -412.362173537  -412.280106951
   361.500  -412.408315887  -412.366297544  -412.295283028  -412.366297544  -412.280072377
   362.000  -412.404194925  -412.366638821  -412.293493867  -412.366638821  -412.279981416
   362.500  -412.397840991  -412.364359809  -412.288749892  -412.364359809  -412.279904887
   363.000  -412.390460996  -412.360600422  -412.282242693  -412.360600422  -412.279854478
   363.500  -412.382968506  -412.356243531  -412.274950703  -412.356243531  -412.279794619
   364.000  -412.376436525  -412.352360521  -412.268079421  -412.352360521  -412.279690349
   364.500  -412.372504516  -412.350607734  -412.263445675  -412.350607734  -412.279580232
   365.000  -412.372737048  -412.352576690  -412.262805242  -412.352576690  -412.279581881
   365.500  -412.376984872  -412.358150260  -412.266183843  -412.358150260  -412.279754607
   366.000  -412.382613897  -412.364729057  -412.271086401  -412.364729057  -412.280006880
   366.500  -412.385819995  -412.368542690  -412.273807910  -412.368542690  -412.280196390
   367.000  -412.383771696  -412.366786966  -412.271582110  -412.366786966  -412.280228575
   367.500  -412.376130811  -412.359138797  -412.264103935  -412.359138797  -412.280067155
   368.000  -412.365547767  -412.348247150  -412.254015968  -412.348247150  -412.279776297
   368.500  -412.356558833  -412.338627722  -412.245800729  -412.338627722  -412.279535250
   369.000  -412.352912594  -412.333991019  -412.243107223  -412.333991019  -412.279489301
   369.500  -412.355417461  -412.335097872  -412.246602650  -412.335097872  -412.279621353
   370.000  -412.362095700  -412.339925429  -412.254138048  -412.339925429  -412.279811317
   370.500  -412.369933068  -412.345427338  -412.262517094  -412.345427338  -412.279949092
   371.000  -412.376571123  -412.349229865  -412.269210247  -412.349229865  -412.280000265
   371.500  -412.380940867  -412.350262657  -412.273004948  -412.350262657  -412.279991096
   372.000  -412.383000249  -412.348490185  -412.273750758  -412.348490185  -412.279946302
   372.500  -412.383413183  -412.344585840  -412.272039431  -412.344585840  -412.279858129
   373.000  -412.383597919  -412.339979424  -412.269251728  -412.339979424  -412.279722482
   373.500  -412.385641439  -412.336775902  -412.267472029  -412.336775902  -412.279604456
   374.000  -412.391250386  -412.336716633  -412.268441709  -412.336716633  -412.279615031
   374.500  -412.400187035  -412.339627042  -412.272001272  -412.339627042  -412.279770210
   375.000  -412.410077312  -412.343230667  -412.275904784  -412.343230667  -412.279949726
   375.500  -412.418134482  -412.344863987  -412.277554721  -412.344863987  -412.280032072
   376.000  -412.423264431  -412.343471835  -412.276104823  -412.343471835  -412.279950362
   376.500  -412.426257316  -412.340289389  -412.272476898  -412.340289389  -412.279771202
   377.000  -412.429741161  -412.337931224  -412.269641611  -412.337931224  -412.279634751
   377.500  -412.435587354  -412.338426153  -412.269749950  -412.338426153  -412.279666330
   378.000  -412.443273575  -412.341412123  -412.272541294  -412.341412123  -412.279815795
   378.500  -412.450557508  -412.344805980  -412.275973195  -412.344805980  -412.279922271
   379.000  -412.455728975  -412.347043800  -412.278425950  -412.347043800  -412.279900592
   379.500  -412.458878113  -412.348336711  -412.279950729  -412.348336711  -412.279803098
   380.000  -412.461237131  -412.349985643  -412.281666335  -412.349985643  -412.279747511
   380.500  -412.463570031  -412.352751077  -412.284240776  -412.352751077  -412.279794258
   381.000  -412.465353783  -412.356032862  -412.287115497  -412.356032862  -412.279876608
   381.500  -412.465657707  -412.358759654  -412.289348382  -412.358759654  -412.279891767
   382.000  -412.464474759  -412.360734787  -412.290883085  -412.360734787  -412.279846005
   382.500  -412.462591539  -412.362525906  -412.292380936  -412.362525906  -412.279842491
   383.000  -412.460184905  -412.364083991  -412.293815723  -412.364083991  -412.279928620
   383.500  -412.456178281  -412.364117010  -412.293863083  -412.364117010  -412.280036949
   384.000  -412.449185969  -412.361043354  -412.290882946  -412.361043354  -412.280074337
   384.500  -412.438907764  -412.354396140  -412.284356237  -412.354396140  -412.279987070
   385.000  -412.426959965  -412.345658951  -412.275739221  -412.345658951  -412.279780270
   385.500  -412.416677465  -412.338079149  -412.268276226  -412.338079149  -412.279561072
   386.000  -412.411427780  -412.334981108  -412.265304662  -412.334981108  -412.279490972
   386.500  -412.412289125  -412.337444713  -412.267917817  -412.337444713  -412.279603917
   387.000  -412.417563359  -412.343808903  -412.274456804  -412.343808903  -412.279772725
   387.500  -412.424531052  -412.351418130  -412.282254882  -412.351418130  -412.279893128
   388.000  -412.431054630  -412.358208718  -412.289224151  -412.358208718  -412.279963961
   388.500  -412.435789508  -412.362907212  -412.294063188  -412.362907212  -412.280008058
   389.000  -412.437958800  -412.364795399  -412.296027415  -412.364795399  -412.280001885
   389.500  -412.437690442  -412.364043901  -412.295274574  -412.364043901  -412.279888018
   390.000  -412.436714714  -412.362418571  -412.293568185  -412.362418571  -412.279673975
   390.500  -412.438100400  -412.363023160  -412.294021190  -412.363023160  -412.279507050
   391.000  -412.444103950  -412.368164357  -412.298941637  -412.368164357  -412.279563723
   391.500  -412.453793522  -412.376979026  -412.307456952  -412.376979026  -412.279823563
   392.000  -412.463344768  -412.385722390  -412.315807580  -412.385722390  -412.280092718
   392.500  -412.468729401  -412.390438685  -412.320032505  -412.390438685  -412.280225532
   393.000  -412.467919682  -412.389148740  -412.318166708  -412.389148740  -412.280194255
   393.500  -412.461473697  -412.382429574  -412.310814355  -412.382429574  -412.280018445
   394.000  -412.452242062  -412.373128258  -412.300853591  -412.373128258  -412.279758647
   394.500  -412.444271217  -412.365279834  -412.292338723  -412.365279834  -412.279565910
   395.000  -412.440502269  -412.361816503  -412.288205549  -412.361816503  -412.279574988
   395.500  -412.440871392  -412.362672549  -412.288376404  -412.362672549  -412.279727818
   396.000  -412.443086926  -412.365560521  -412.290544280  -412.365560521  -412.279863133
   396.500  -412.444923576  -412.368259838  -412.292472247  -412.368259838  -412.279917204
   397.000  -412.445305640  -412.369695660  -412.293079170  -412.369695660  -412.279929296
   397.500  -412.443904113  -412.369531223  -412.292035423  -412.369531223  -412.279940805
   398.000  -412.440590113  -412.367618688  -412.289213209  -412.367618688  -412.279940626
   398.500  -412.435573518  -412.364136521  -412.284819797  -412.364136521  -412.279884387
   399.000  -412.429936283  -412.360125097  -412.279926334  -412.360125097  -412.279777515
   399.500  -412.425401763  -412.357261079  -412.276230674  -412.357261079  -412.279726242
   400.000  -412.422817647  -412.356343879  -412.274534682  -412.356343879  -412.279804954
   400.500  -412.421187314  -412.356326694  -412.273773164  -412.356326694  -412.279921634
   401.000  -412.418888028  -412.355531978  -412.272240809  -412.355531978  -412.279970230
   401.500  -412.415136613  -412.353122123  -412.269079793  -412.353122123  -412.279976140
   402.000  -412.409824650  -412.348947482  -412.264140901  -412.348947482  -412.279968409
   402.500  -412.403213846  -412.343252275  -412.257689634  -412.343252275  -412.279886626
   403.000  -412.396644992  -412.337379486  -412.251103295  -412.337379486  -412.279721351
   403.500  -412.392498493  -412.333719039  -412.246806493  -412.333719039  -412.279608587
   404.000  -412.392315194  -412.333813297  -412.246370971  -412.333813297  -412.279649344
   404.500  -412.395431635  -412.336987053  -412.249139076  -412.336987053  -412.279765503
   405.000  -412.400026611  -412.341390031  -412.253271582  -412.341390031  -412.279839132
   405.500  -412.404805971  -412.345688804  -412.257437329  -412.345688804  -412.279853782
   406.000  -412.409382003  -412.349449718  -412.261204334  -412.349449718  -412.279853807
   406.500  -412.413705149  -412.352580112  -412.264479625  -412.352580112  -412.279870500
   407.000  -412.417631489  -412.354900004  -412.267089995  -412.354900004  -412.279887572
   407.500  -412.421150357  -412.356375874  -412.269017888  -412.356375874  -412.279850308
   408.000  -412.425123616  -412.357862151  -412.271149747  -412.357862151  -412.279727627
   408.500  -412.431549537  -412.361369140  -412.275539113  -412.361369140  -412.279615183
   409.000  -412.442032149  -412.368537193  -412.283865753  -412.368537193  -412.279693881
   409.500  -412.455279641  -412.378140282  -412.294914844  -412.378140282  -412.279977920
   410.000  -412.467002714  -412.385981557  -412.304460750  -412.385981557  -412.280254397
   410.500  -412.472968327  -412.387933134  -412.308319963  -412.387933134  -412.280324759
   411.000  -412.471998744  -412.382919167  -412.305359294  -412.382919167  -412.280145887
   411.500  -412.466692447  -412.373629222  -412.298230619  -412.373629222  -412.279825049
   412.000  -412.461743870  -412.364842488  -412.291695202  -412.364842488  -412.279585406
   412.500  -412.460618420  -412.360111789  -412.289286195  -412.360111789  -412.279598156
   413.000  -412.463111790  -412.359327222  -412.290834965  -412.359327222  -412.279787189
   413.500  -412.466358814  -412.359724260  -412.293451636  -412.359724260  -412.279939226
   414.000  -412.467849268  -412.358888591  -412.294542520  -412.358888591  -412.279954302
   414.500  -412.467013106  -412.356337809  -412.293423783  -412.356337809  -412.279883164
   415.000  -412.464661589  -412.352955946  -412.290803211  -412.352955946  -412.279812706
   415.500  -412.461747347  -412.349753948  -412.287573288  -412.349753948  -412.279792352
   416.000  -412.458616440  -412.347115566  -412.284079244  -412.347115566  -412.279815684
   416.500  -412.455106622  -412.344884897  -412.280226418  -412.344884897  -412.279823686
   417.000  -412.451402506  -412.343207935  -412.276317027  -412.343207935  -412.279749700
   417.500  -412.448902619  -412.343394649  -412.273896746  -412.343394649  -412.279623717
   418.000  -412.449589517  -412.347305181  -412.275076157  -412.347305181  -412.279621293
   418.500  -412.453515378  -412.354864610  -412.279974842  -412.354864610  -412.279850114
   419.000  -412.457391748  -412.362671724  -412.285282909  -412.362671724  -412.280150398
   419.500  -412.456861147  -412.366267616  -412.286539156  -412.366267616  -412.280276221
   420.000  -412.450096500  -412.363715141  -412.281759998  -412.363715141  -412.280138520
   420.500  -412.439184485  -412.356975655  -412.272857749  -412.356975655  -412.279852544
   421.000  -412.428437170  -412.350222164  -412.263983063  -412.350222164  -412.279637335
   421.500  -412.421164334  -412.346636163  -412.258322060  -412.346636163  -412.279615431
   422.000  -412.417851845  -412.346599471  -412.256297839  -412.346599471  -412.279716968
   422.500  -412.417032004  -412.348578231  -412.256452862  -412.348578231  -412.279816570
   423.000  -412.417107643  -412.350943175  -412.257268832  -412.350943175  -412.279856724
   423.500  -412.417303002  -412.352908378  -412.258089210  -412.352908378  -412.279851343
   424.000  -412.417547670  -412.354403526  -412.258963261  -412.354403526  -412.279840641
   424.500  -412.417921174  -412.355511689  -412.260050392  -412.355511689  -412.279850769
   425.000  -412.418281765  -412.356096177  -412.261227986  -412.356096177  -412.279869466
   425.500  -412.418451802  -412.355984129  -412.262276825  -412.355984129  -412.279847089
   426.000  -412.418900663  -412.355647945  -412.263581417  -412.355647945  -412.279749344
   426.500  -412.421113927  -412.356574561  -412.266519555  -412.356574561  -412.279647711
   427.000  -412.426474145  -412.360156265  -412.272364864  -412.360156265  -412.279692127
   427.500  -412.434242028  -412.365681609  -412.280288056  -412.365681609  -412.279895733
   428.000  -412.441454544  -412.370241174  -412.287273150  -412.370241174  -412.280074547
   428.500  -412.445476833  -412.371276005  -412.290677906  -412.371276005  -412.280071446
   429.000  -412.446234929  -412.368801656  -412.290462332  -412.368801656  -412.279922607
   429.500  -412.445731770  -412.364915196  -412.288692294  -412.364915196  -412.279802607
   430.000  -412.445601830  -412.361342657  -412.287076208  -412.361342657  -412.279817060
   430.500  -412.445619860  -412.357943579  -412.285458931  -412.357943579  -412.279884561
   431.000  -412.444757200  -412.353763578  -412.282865206  -412.353763578  -412.279882103
   431.500  -412.442897239  -412.348751798  -412.279214440  -412.348751798  -412.279802132
   432.000  -412.441028905  -412.343960170  -412.275524714  -412.343960170  -412.279722733
   432.500  -412.440182961  -412.340485506  -412.272864372  -412.340485506  -412.279707076
   433.000  -412.440509479  -412.338544327  -412.271431403  -412.338544327  -412.279758642
   433.500  -412.441206217  -412.337391132  -412.270470280  -412.337391132  -412.279838579
   434.000  -412.441111538  -412.335900631  -412.268849419  -412.335900631  -412.279891217
   434.500  -412.439585655  -412.333442192  -412.265933021  -412.333442192  -412.279855972
   435.000  -412.437391492  -412.330761531  -412.262463340  -412.330761531  -412.279714062
   435.500  -412.436809486  -412.330103221  -412.260686549  -412.330103221  -412.279573893
   436.000  -412.439939774  -412.333524476  -412.262670733  -412.333524476  -412.279612743
   436.500  -412.446271494  -412.340471873  -412.267886573  -412.340471873  -412.279820316
   437.000  -412.452898557  -412.347996599  -412.273426688  -412.347996599  -412.279972276
   437.500  -412.457627910  -412.353852081  -412.277112322  -412.353852081  -412.279928441
   438.000  -412.460976062  -412.358494842  -412.279502944  -412.358494842  -412.279787865
   438.500  -412.464751089  -412.363759407  -412.282536499  -412.363759407  -412.279739544
   439.000  -412.469385937  -412.370231018  -412.286814128  -412.370231018  -412.279832124
   439.500  -412.473472206  -412.376560606  -412.290944067  -412.376560606  -412.279942485
   440.000  -412.475404697  -412.381081387  -412.293242066  -412.381081387  -412.279971036
   440.500  -412.474706789  -412.383237780  -412.293168348  -412.383237780  -412.279924634
   441.000  -412.472003971  -412.383585030  -412.291315514  -412.383585030  -412.279856566
   441.500  -412.468281795  -412.383046628  -412.288657855  -412.383046628  -412.279815582
   442.000  -412.464153734  -412.382182415  -412.285814088  -412.382182415  -412.279830457
   442.500  -412.459444228  -412.380769743  -412.282626822  -412.380769743  -412.279897448
   443.000  -412.453289092  -412.377899974  -412.278258975  -412.377899974  -412.279965431
   443.500  -412.444927256  -412.372768395  -412.271980383  -412.372768395  -412.279948234
   444.000  -412.434925722  -412.365895264  -412.264382877  -412.365895264  -412.279807170
   444.500  -412.425561974  -412.359512432  -412.257753133  -412.359512432  -412.279667165
   445.000  -412.418924765  -412.355676413  -412.254160126  -412.355676413  -412.279723264
   445.500  -412.414303366  -412.353663385  -412.252834945  -412.353663385  -412.279930050
   446.000  -412.408885897  -412.350660063  -412.250868730  -412.350660063  -412.280022950
   446.500  -412.401407952  -412.345398142  -412.246878448  -412.345398142  -412.279878160
   447.000  -412.393933903  -412.339917351  -412.242812507  -412.339917351  -412.279656085
   447.500  -412.389613876  -412.337326854  -412.241724456  -412.337326854  -412.279595234
   448.000  -412.389362913  -412.338489832  -412.244458605  -412.338489832  -412.279709538
   448.500  -412.391549841  -412.341724806  -412.249336247  -412.341724806  -412.279829478
   449.000  -412.394291981  -412.345105267  -412.254445047  -412.345105267  -412.279856459
   449.500  -412.396973583  -412.347980619  -412.259147880  -412.347980619  -412.279818258
   450.000  -412.399983721  -412.350714655  -412.263809879  -412.350714655  -412.279776913
   450.500  -412.403836137  -412.353804040  -412.268910062  -412.353804040  -412.279772551
   451.000  -412.408547297  -412.357256469  -412.274417600  -412.357256469  -412.279816832
   451.500  -412.413466355  -412.360416893  -412.279626342  -412.360416893  -412.279889761
   452.000  -412.417596858  -412.362289002  -412.283483718  -412.362289002  -412.279936797
   452.500  -412.420430371  -412.362361932  -412.285431963  -412.362361932  -412.279891345
   453.000  -412.422824981  -412.361491626  -412.286291052  -412.361491626  -412.279766500
   453.500  -412.426658649  -412.361558782  -412.287916043  -412.361558782  -412.279712526
   454.000  -412.432655715  -412.363313032  -412.291029152  -412.363313032  -412.279852206
   454.500  -412.438773520  -412.364770808  -412.293615342  -412.364770808  -412.280067698
   455.000  -412.441869243  -412.362884846  -412.292597475  -412.362884846  -412.280130490
   455.500  -412.440948257  -412.356783214  -412.287087729  -412.356783214  -412.279962011
   456.000  -412.438325769  -412.348921530  -412.279547245  -412.348921530  -412.279707270
   456.500  -412.437526037  -412.342980388  -412.273680966  -412.342980388  -412.279594244
   457.000  -412.440053003  -412.340634174  -412.271203863  -412.340634174  -412.279672789
   457.500  -412.444612135  -412.340772408  -412.271052922  -412.340772408  -412.279791864
   458.000  -412.449158465  -412.341537582  -412.271422088  -412.341537582  -412.279830582
   458.500  -412.452719482  -412.342135258  -412.271560427  -412.342135258  -412.279796096
   459.000  -412.455469736  -412.342891554  -412.271823918  -412.342891554  -412.279745470
   459.500  -412.457953040  -412.344461505  -412.272870140  -412.344461505  -412.279722953
   460.000  -412.460420381  -412.347154352  -412.274986672  -412.347154352  -412.279745680
   460.500  -412.462567369  -412.350662372  -412.277827421  -412.350662372  -412.279803303
   461.000  -412.463726602  -412.354248828  -412.280630912  -412.354248828  -412.279849248
   461.500  -412.463565671  -412.357447821  -412.282939848  -412.357447821  -412.279824137
   462.000  -412.462846773  -412.360837030  -412.285375831  -412.360837030  -412.279743391
   462.500  -412.463023388  -412.365654363  -412.289230972  -412.365654363  -412.279745625
   463.000  -412.464240467  -412.371820100  -412.294461835  -412.371820100  -412.279923143
   463.500  -412.464128260  -412.376748568  -412.298487664  -412.376748568  -412.280144975
   464.000  -412.459666230  -412.377217396  -412.298081326  -412.377217396  -412.280197629
   464.500  -412.450213777  -412.372406303  -412.292423281  -412.372406303  -412.280021840
   465.000  -412.438420463  -412.364807686  -412.284036066  -412.364807686  -412.279759409
   465.500  -412.428169280  -412.358183790  -412.276719197  -412.358183790  -412.279623931
   466.000  -412.421575308  -412.354566939  -412.272536763  -412.354566939  -412.279662176
   466.500  -412.418228327  -412.353508261  -412.271040979  -412.353508261  -412.279742544
   467.000  -412.416938806  -412.353815439  -412.271021983  -412.353815439  -412.279762200
   467.500  -412.417235195  -412.355049370  -412.272005648  -412.355049370  -412.279736834
   468.000  -412.419287973  -412.357438268  -412.274187940  -412.357438268  -412.279722679
   468.500  -412.423134594  -412.361097138  -412.277647332  -412.361097138  -412.279756765
   469.000  -412.428155982  -412.365492023  -412.281818283  -412.365492023  -412.279836181
   469.500  -412.433132833  -412.369486091  -412.285529940  -412.369486091  -412.279918895
   470.000  -412.436906751  -412.371994925  -412.287663552  -412.371994925  -412.279932938
   470.500  -412.439461783  -412.373056129  -412.288237978  -412.373056129  -412.279823539
   471.000  -412.442544164  -412.374464272  -412.289033023  -412.374464272  -412.279671001
   471.500  -412.448355242  -412.378466532  -412.292300745  -412.378466532  -412.279684267
   472.000  -412.456581589  -412.384815408  -412.297798558  -412.384815408  -412.279940819
   472.500  -412.463455148  -412.389821365  -412.301861935  -412.389821365  -412.280212773
   473.000  -412.464901678  -412.389496497  -412.300541062  -412.389496497  -412.280253831
   473.500  -412.460095755  -412.383084294  -412.293144729  -412.383084294  -412.280066382
   474.000  -412.451546307  -412.373142439  -412.282290886  -412.373142439  -412.279849068
   474.500  -412.442367520  -412.362812885  -412.271151410  -412.362812885  -412.279751329
   475.000  -412.434111384  -412.353662297  -412.261272286  -412.353662297  -412.279741598
   475.500  -412.427052858  -412.345968915  -412.252872714  -412.345968915  -412.279723981
   476.000  -412.421467875  -412.340006282  -412.246160221  -412.340006282  -412.279675278
   476.500  -412.418021680  -412.336434754  -412.241752852  -412.336434754  -412.279634610
   477.000  -412.417254716  -412.335791739  -412.240196665  -412.335791739  -412.279643845
   477.500  -412.418985718  -412.337888296  -412.241372827  -412.337888296  -412.279719798
   478.000  -412.422077382  -412.341569180  -412.244255383  -412.341569180  -412.279847218
   478.500  -412.424714190  -412.344985079  -412.247157585  -412.344985079  -412.279970518
   479.000  -412.425281047  -412.346474791  -412.248565187  -412.346474791  -412.280002206
   479.500  -412.423612662  -412.345825575  -412.248344153  -412.345825575  -412.279898973
   480.000  -412.421447459  -412.344741026  -412.248184190  -412.344741026  -412.279768052
   480.500  -412.420804150  -412.345220648  -412.249993989  -412.345220648  -412.279773350
   481.000  -412.421735678  -412.347315449  -412.253689562  -412.347315449  -412.279888560
   481.500  -412.422656141  -412.349448348  -412.257553199  -412.349448348  -412.279951808
   482.000  -412.422549836  -412.350616216  -412.260464783  -412.350616216  -412.279909100
   482.500  -412.421824402  -412.351237498  -412.262761911  -412.351237498  -412.279845019
   483.000  -412.421185464  -412.352023739  -412.265104807  -412.352023739  -412.279854777
   483.500  -412.420331860  -412.352672742  -412.267155321  -412.352672742  -412.279920499
   484.000  -412.418194186  -412.352104812  -412.267802953  -412.352104812  -412.279947751
   484.500  -412.414242080  -412.349768832  -412.266470004  -412.349768832  -412.279896889
   485.000  -412.409102135  -412.346260786  -412.263734048  -412.346260786  -412.279806621
   485.500  -412.404055692  -412.342823535  -412.260832008  -412.342823535  -412.279733088
   486.000  -412.400210517  -412.340520814  -412.258835907  -412.340520814  -412.279709849
   486.500  -412.397971058  -412.339709886  -412.258124881  -412.339709886  -412.279741212
   487.000  -412.396966003  -412.339970784  -412.258311442  -412.339970784  -412.279801594
   487.500  -412.396453054  -412.340512405  -412.258643447  -412.340512405  -412.279835526
   488.000  -412.396142031  -412.340997938  -412.258824192  -412.340997938  -412.279789517
   488.500  -412.396885377  -412.342239428  -412.259701197  -412.342239428  -412.279697653
   489.000  -412.400052904  -412.345579618  -412.262641336  -412.345579618  -412.279708993
   489.500  -412.405446094  -412.350812687  -412.267444724  -412.350812687  -412.279897372
   490.000  -412.410396438  -412.355284260  -412.271438888  -412.355284260  -412.280096484
   490.500  -412.412113782  -412.356233589  -412.271817258  -412.356233589  -412.280087915
   491.000  -412.410747157  -412.353845942  -412.268691571  -412.353845942  -412.279865529
   491.500  -412.409479713  -412.351343170  -412.265186686  -412.351343170  -412.279637521
   492.000  -412.411576773  -412.352033294  -412.264503632  -412.352033294  -412.279594701
   492.500  -412.417640153  -412.356568592  -412.267200658  -412.356568592  -412.279724347
   493.000  -412.425691260  -412.363027781  -412.271303555  -412.363027781  -412.279881891
   493.500  -412.433213114  -412.368951721  -412.274359982  -412.368951721  -412.279961240
   494.000  -412.438777089  -412.372960921  -412.275059848  -412.372960921  -412.279954916
   494.500  -412.442258677  -412.374968197  -412.273433652  -412.374968197  -412.279912865
   495.000  -412.444159851  -412.375499678  -412.270156767  -412.375499678  -412.279885022
   495.500  -412.444859930  -412.374951593  -412.265783717  -412.374951593  -412.279894341
   496.000  -412.444276727  -412.373251509  -412.260395769  -412.373251509  -412.279924361
   496.500  -412.442116476  -412.370109683  -412.253837578  -412.370109683  -412.279922165
   497.000  -412.438642995  -412.365784293  -412.246478711  -412.365784293  -412.279838216
   497.500  -412.435290723  -412.361693040  -412.239826546  -412.361693040  -412.279718426
   498.000  -412.433879688  -412.359631605  -412.235748739  -412.359631605  -412.279712853
   498.500  -412.434542924  -412.359708988  -412.234409607  -412.359708988  -412.279867549
   499.000  -412.435182720  -412.359810772  -412.233729017  -412.359810772  -412.280005882
   499.500  -412.433889842  -412.358018025  -412.231795752  -412.358018025  -412.279966523
   500.000  -412.431159704  -412.354819442  -412.229073303  -412.354819442  -412.279824843
