 N     7.0   -1.77796540   -0.21515086    0.05586373   14.00307401
 N     7.0    1.81384839    2.32681301    0.03691456   14.00307401
 C     6.0   -0.72623942    2.29931325   -0.11955006   12.00000000
 C     6.0    3.14680318    0.14203974    0.09741992   12.00000000
 C     6.0    2.23248915   -2.31664448   -0.16121446   12.00000000
 C     6.0   -0.51576547   -2.59497872   -0.01895415   12.00000000
 O     8.0   -1.93740791   -4.26374809    0.05951414   15.99491464
 O     8.0   -2.05461720    4.27170475   -0.01274287   15.99491464
 H     1.0   -4.21758326   -0.38716542    0.13234759    1.00782504
 H     1.0    2.83771804    4.32459844    0.20607856    1.00782504
 H     1.0    4.80996962    0.41962111    0.35246757    1.00782504
 H     1.0    3.35599686   -3.94157065   -0.31737505    1.00782504
