    0.000079238    0.000044624   -0.000080349
    0.000340610    0.000534412   -0.000024637
    0.000126198   -0.000075685   -0.000325806
    0.000265135   -0.000022980    0.000081879
    0.000045273   -0.000073031   -0.000126648
    0.000066480   -0.000237388   -0.000098440
   -0.000012912    0.000001794    0.000047067
   -0.000411626    0.000031435    0.000153197
    0.000440996   -0.001520215    0.000807742
   -0.002143638   -0.003362644    0.001759120
   -0.001862694    0.000002631   -0.001633134
   -0.001817588    0.001162486    0.002575629
