 N     7.0   -1.91281321   -0.05419901   -0.15701868   14.00307401
 N     7.0    1.83191360    2.20842201   -0.05993835   14.00307401
 C     6.0   -0.91865383    2.34549568   -0.00058900   12.00000000
 C     6.0    3.29230755    0.14160814   -0.03072615   12.00000000
 C     6.0    2.13888848   -2.23010002    0.13306340   12.00000000
 C     6.0   -0.65174789   -2.41815958    0.10299138   12.00000000
 O     8.0   -1.80816845   -4.51525402   -0.00002193   15.99491464
 O     8.0   -1.97822120    4.27492353    0.11107120   15.99491464
 H     1.0   -3.53553844   -0.22578554   -0.50788890    1.00782504
 H     1.0    2.67745186    3.85230562   -0.21683813    1.00782504
 H     1.0    5.61519386    0.25337720   -0.11040362    1.00782504
 H     1.0    3.54242686   -3.69340776   -0.36200565    1.00782504
