    0.000410724    0.000023991    0.000189726
    0.000108169    0.000233341    0.000253487
   -0.000167303   -0.000448751   -0.000176660
    0.000052417   -0.000468777   -0.000100403
    0.000217345    0.000391325    0.000014701
    0.000397455    0.000265007    0.000000367
   -0.000633527   -0.000226667    0.000004083
    0.000113078    0.000232555   -0.000061120
   -0.000371460    0.004098011   -0.000518128
   -0.001563142   -0.003149544   -0.000655712
   -0.000567301    0.000134628    0.000307513
   -0.003228228   -0.001393194   -0.001120787
