    0.000025116    0.000086138   -0.000068761
   -0.000078233    0.000158317   -0.000199655
    0.000626059    0.000073530    0.000441920
    0.000058614    0.000047661    0.000066719
    0.000034455   -0.000308913    0.000326267
   -0.000223778    0.000263501   -0.000414834
   -0.000230610    0.000116473    0.000062516
   -0.000000187   -0.000087256   -0.000118829
    0.000360581   -0.002119261    0.001172220
    0.000969096   -0.000495925   -0.000147432
   -0.000904608   -0.001035762   -0.000079710
   -0.001981316   -0.001095513   -0.000984160
