 N     7.0   -1.90276357   -0.07655837   -0.34416730   14.00307401
 N     7.0    1.79025689    2.21302581    0.04437460   14.00307401
 C     6.0   -0.79935310    2.33739114   -0.05324495   12.00000000
 C     6.0    3.31344202    0.06559633   -0.03768139   12.00000000
 C     6.0    2.10117630   -2.18809615   -0.00933735   12.00000000
 C     6.0   -0.57059412   -2.48140234   -0.05608950   12.00000000
 O     8.0   -1.74181561   -4.41808960    0.22080548   15.99491464
 O     8.0   -2.06125990    4.24386891    0.16172738   15.99491464
 H     1.0   -3.90380834   -0.14172738   -0.35600534    1.00782504
 H     1.0    2.34414968    4.36045621    0.45070421    1.00782504
 H     1.0    5.27697812    0.27061209   -0.02009752    1.00782504
 H     1.0    3.15888960   -3.90909136   -0.04795194    1.00782504
