   -0.000301015   -0.000182810   -0.000025993
   -0.000006034   -0.000318452   -0.000218571
   -0.000198458    0.000086843   -0.000082006
    0.000112354    0.000427577    0.000220952
    0.000171627    0.000002700    0.000081147
   -0.000582524   -0.000157310    0.000057091
    0.000222755   -0.000005929   -0.000047236
    0.000194739    0.000129891    0.000047392
    0.001966779   -0.001998300    0.000832293
    0.001464997    0.001516556    0.000367162
    0.000022653   -0.000349590    0.000069204
    0.000278090    0.001542924   -0.001187262
