 N     7.0   -1.88791474   -0.12037402   -0.30068635   14.00307401
 N     7.0    1.93985782    2.28509735   -0.12085445   14.00307401
 C     6.0   -0.86376149    2.29045212   -0.15937971   12.00000000
 C     6.0    3.27808687    0.08974820   -0.05020962   12.00000000
 C     6.0    2.26136139   -2.24037066    0.10005987   12.00000000
 C     6.0   -0.59716690   -2.51476194    0.13280177   12.00000000
 O     8.0   -1.97130680   -4.44196167    0.03037245   15.99491464
 O     8.0   -2.00836274    4.32155328    0.27461074   15.99491464
 H     1.0   -3.70732510   -0.16185064   -0.28616929    1.00782504
 H     1.0    2.44585827    4.41441954    0.16689533    1.00782504
 H     1.0    5.07120400    0.56010912    0.00851261    1.00782504
 H     1.0    3.11684344   -4.21537627    0.74794094    1.00782504
