    0.000240597    0.000032822    0.000221545
   -0.000246698    0.000046107    0.000076808
    0.000044117    0.000196690    0.000262146
    0.000478072    0.000396339   -0.000031473
   -0.000340184    0.000018876   -0.000188768
    0.000232361    0.000085672   -0.000070586
    0.000024468   -0.000344824    0.000004866
   -0.000444127   -0.000128244   -0.000288849
    0.000824003    0.000360130    0.000156479
    0.000894951   -0.001658066    0.000507447
   -0.000680013   -0.002134882    0.000577108
    0.000798406    0.001877989   -0.000379825
