     0.000  -412.446364435  -412.304093126  -412.214496319  -412.214496319  -412.164763952
     0.500  -412.457997972  -412.313869324  -412.225137667  -412.225137667  -412.166031088
     1.000  -412.474970683  -412.329858545  -412.243038872  -412.243038872  -412.166700592
     1.500  -412.485162011  -412.340132769  -412.255929077  -412.255929077  -412.166511564
     2.000  -412.488847731  -412.345092295  -412.264018023  -412.264018023  -412.166210202
     2.500  -412.489393534  -412.348186647  -412.270606223  -412.270606223  -412.166145786
     3.000  -412.487584787  -412.350266258  -412.276347135  -412.276347135  -412.166352888
     3.500  -412.480760428  -412.348692130  -412.278349872  -412.278349872  -412.166725342
     4.000  -412.464566032  -412.339038986  -412.271937180  -412.271937180  -412.166955632
     4.500  -412.437776175  -412.319863949  -412.255503727  -412.255503727  -412.166519626
     5.000  -412.409372535  -412.299786868  -412.237627149  -412.237627149  -412.165340658
     5.500  -412.397603765  -412.296620629  -412.236163770  -412.236163770  -412.164753375
     6.000  -412.410969858  -412.318471725  -412.259258789  -412.259258789  -412.165730679
     6.500  -412.435834525  -412.351431489  -412.292970062  -412.292970062  -412.166993872
     7.000  -412.452784709  -412.375913549  -412.317648260  -412.317648260  -412.167554150
     7.500  -412.451678894  -412.381634860  -412.322998914  -412.322998914  -412.167665313
     8.000  -412.430410884  -412.366333184  -412.306868520  -412.306868520  -412.167460802
     8.500  -412.393768660  -412.334624056  -412.274141205  -412.274141205  -412.166441573
     9.000  -412.358727767  -412.303324910  -412.242037696  -412.242037696  -412.164969001
     9.500  -412.346091343  -412.293154360  -412.231649923  -412.231649923  -412.165095526
    10.000  -412.354286020  -412.302571588  -412.241561663  -412.241561663  -412.166329898
    10.500  -412.365311923  -412.313689767  -412.253753847  -412.253753847  -412.166739305
    11.000  -412.370576411  -412.318037657  -412.259545060  -412.259545060  -412.166444596
    11.500  -412.372331697  -412.317974165  -412.261114591  -412.261114591  -412.166108624
    12.000  -412.374696608  -412.317727793  -412.262552802  -412.262552802  -412.165982933
    12.500  -412.379271794  -412.319026905  -412.265485404  -412.265485404  -412.166087808
    13.000  -412.384492895  -412.320455287  -412.268426743  -412.268426743  -412.166361311
    13.500  -412.386669116  -412.318482953  -412.267810637  -412.267810637  -412.166606112
    14.000  -412.383159883  -412.310623008  -412.261151181  -412.261151181  -412.166455255
    14.500  -412.377365961  -412.300409357  -412.252006633  -412.252006633  -412.165848225
    15.000  -412.378427949  -412.297087777  -412.249640726  -412.249640726  -412.165594343
    15.500  -412.390206067  -412.304601813  -412.257974124  -412.257974124  -412.166044790
    16.000  -412.406709810  -412.317042475  -412.271027529  -412.271027529  -412.166441329
    16.500  -412.421286340  -412.327868001  -412.282174413  -412.282174413  -412.166683066
    17.000  -412.429138222  -412.332437354  -412.286725006  -412.286725006  -412.167090526
    17.500  -412.424320980  -412.324969149  -412.278935011  -412.278935011  -412.167323993
    18.000  -412.404896447  -412.303610741  -412.257113166  -412.257113166  -412.166611588
    18.500  -412.382653705  -412.280116386  -412.233275118  -412.233275118  -412.165277973
    19.000  -412.376128726  -412.272939899  -412.226087157  -412.226087157  -412.165278922
    19.500  -412.385448854  -412.282200521  -412.235646574  -412.235646574  -412.166331836
    20.000  -412.395441232  -412.292806302  -412.246625760  -412.246625760  -412.166696021
    20.500  -412.398618111  -412.297347140  -412.251354560  -412.251354560  -412.166410807
    21.000  -412.397352291  -412.298197377  -412.252046158  -412.252046158  -412.166084765
    21.500  -412.395768278  -412.299405552  -412.252695635  -412.252695635  -412.165970882
    22.000  -412.395463771  -412.302447454  -412.254802437  -412.254802437  -412.166089200
    22.500  -412.394950596  -412.305699013  -412.256810103  -412.256810103  -412.166340453
    23.000  -412.391318403  -412.306116789  -412.255765531  -412.255765531  -412.166435359
    23.500  -412.384630134  -412.303638673  -412.251711704  -412.251711704  -412.165995282
    24.000  -412.382444813  -412.305708867  -412.252198837  -412.252198837  -412.165358075
    24.500  -412.393794168  -412.321254131  -412.266230521  -412.266230521  -412.165635046
    25.000  -412.414819971  -412.346315338  -412.289860467  -412.289860467  -412.166570787
    25.500  -412.432005525  -412.367269110  -412.309415711  -412.309415711  -412.167058061
    26.000  -412.437073611  -412.375720074  -412.316435550  -412.316435550  -412.167041439
    26.500  -412.429328914  -412.370850966  -412.310079645  -412.310079645  -412.166966466
    27.000  -412.410232952  -412.354008196  -412.291758340  -412.291758340  -412.166878234
    27.500  -412.383040064  -412.328342838  -412.264798586  -412.264798586  -412.166229737
    28.000  -412.359169652  -412.305176394  -412.240783935  -412.240783935  -412.165169423
    28.500  -412.353590118  -412.299400622  -412.234821227  -412.234821227  -412.165326896
    29.000  -412.364184734  -412.308890607  -412.244771877  -412.244771877  -412.166387923
    29.500  -412.375593502  -412.318355539  -412.255102400  -412.255102400  -412.166754368
    30.000  -412.380372267  -412.320455941  -412.258172830  -412.258172830  -412.166491766
    30.500  -412.380584969  -412.317371941  -412.255926686  -412.255926686  -412.166203367
    31.000  -412.379754007  -412.312754015  -412.251868896  -412.251868896  -412.166138951
    31.500  -412.378740317  -412.307597124  -412.246932841  -412.246932841  -412.166275198
    32.000  -412.375944409  -412.300429500  -412.239665848  -412.239665848  -412.166385845
    32.500  -412.370785929  -412.290777785  -412.229693819  -412.229693819  -412.166074755
    33.000  -412.368910727  -412.284371201  -412.222915086  -412.222915086  -412.165361205
    33.500  -412.380487957  -412.291457657  -412.229759416  -412.229759416  -412.165257000
    34.000  -412.406548857  -412.313171962  -412.251464063  -412.251464063  -412.166089501
    34.500  -412.435013080  -412.337573099  -412.276063949  -412.276063949  -412.166804519
    35.000  -412.454341804  -412.353269821  -412.292073605  -412.292073605  -412.166986029
    35.500  -412.460618702  -412.356461614  -412.295594423  -412.295594423  -412.166932683
    36.000  -412.454386757  -412.347749378  -412.287158803  -412.287158803  -412.166842683
    36.500  -412.437949676  -412.329429600  -412.269050665  -412.269050665  -412.166556822
    37.000  -412.417570606  -412.307703842  -412.247551212  -412.247551212  -412.165728746
    37.500  -412.406606970  -412.295856610  -412.236117352  -412.236117352  -412.165033157
    38.000  -412.414542382  -412.303377242  -412.244394945  -412.244394945  -412.165704190
    38.500  -412.431908138  -412.320937895  -412.263074354  -412.263074354  -412.166676648
    39.000  -412.443550694  -412.333597669  -412.277111230  -412.277111230  -412.166818644
    39.500  -412.444988423  -412.337044766  -412.282051511  -412.282051511  -412.166521767
    40.000  -412.439115592  -412.334228906  -412.280710004  -412.280710004  -412.166307687
    40.500  -412.428809514  -412.327957633  -412.275783056  -412.275783056  -412.166319238
    41.000  -412.414434369  -412.318419463  -412.267384701  -412.267384701  -412.166421830
    41.500  -412.395772263  -412.305151559  -412.255018014  -412.255018014  -412.166255750
    42.000  -412.376978383  -412.292036151  -412.242571971  -412.242571971  -412.165595732
    42.500  -412.368494586  -412.289250891  -412.240252387  -412.240252387  -412.165140816
    43.000  -412.376801634  -412.303048211  -412.254320983  -412.254320983  -412.165680305
    43.500  -412.394475379  -412.325822487  -412.277138161  -412.277138161  -412.166490799
    44.000  -412.409253278  -412.345179200  -412.296255976  -412.296255976  -412.166847486
    44.500  -412.414596430  -412.354492324  -412.305011746  -412.305011746  -412.166937854
    45.000  -412.408480840  -412.351681407  -412.301333624  -412.301333624  -412.167028894
    45.500  -412.390040831  -412.335834237  -412.284385461  -412.284385461  -412.166995102
    46.000  -412.361415275  -412.309031474  -412.256417311  -412.256417311  -412.166375752
    46.500  -412.333577248  -412.282170725  -412.228584159  -412.228584159  -412.165162840
    47.000  -412.324381096  -412.273042036  -412.218928312  -412.218928312  -412.164733038
    47.500  -412.339732576  -412.287559829  -412.233441986  -412.233441986  -412.165721180
    48.000  -412.365808482  -412.312003099  -412.258253636  -412.258253636  -412.166647353
    48.500  -412.387820983  -412.331733533  -412.278481750  -412.278481750  -412.166814754
    49.000  -412.401204833  -412.342325151  -412.289500184  -412.289500184  -412.166665627
    49.500  -412.406874852  -412.344800783  -412.292212861  -412.292212861  -412.166598728
    50.000  -412.405495551  -412.339908029  -412.287319442  -412.287319442  -412.166666701
    50.500  -412.396607081  -412.327261116  -412.274438112  -412.274438112  -412.166608666
    51.000  -412.382379271  -412.309108367  -412.255860910  -412.255860910  -412.166044623
    51.500  -412.372107946  -412.294836215  -412.241043436  -412.241043436  -412.165273290
    52.000  -412.376722485  -412.295479782  -412.241082715  -412.241082715  -412.165360042
    52.500  -412.394862936  -412.309801898  -412.254762145  -412.254762145  -412.166130474
    53.000  -412.415025431  -412.326439497  -412.270696273  -412.270696273  -412.166560699
    53.500  -412.429319533  -412.337655656  -412.281111378  -412.281111378  -412.166575579
    54.000  -412.436033404  -412.341888885  -412.284422359  -412.284422359  -412.166569837
    54.500  -412.434729535  -412.338826731  -412.280324810  -412.280324810  -412.166700166
    55.000  -412.424090934  -412.327222983  -412.267627098  -412.267627098  -412.166731960
    55.500  -412.405363139  -412.308312130  -412.247672108  -412.247672108  -412.166216435
    56.000  -412.387779565  -412.291231388  -412.229729901  -412.229729901  -412.165411623
    56.500  -412.383493596  -412.287995890  -412.225884574  -412.225884574  -412.165437833
    57.000  -412.393095984  -412.299078922  -412.236531297  -412.236531297  -412.166016200
    57.500  -412.408626545  -412.316451593  -412.253449317  -412.253449317  -412.166220425
    58.000  -412.425548415  -412.335553736  -412.271897720  -412.271897720  -412.166318264
    58.500  -412.440943601  -412.353478764  -412.288883125  -412.288883125  -412.166614660
    59.000  -412.449736632  -412.365154620  -412.299352159  -412.299352159  -412.166929704
    59.500  -412.447073107  -412.365668850  -412.298488939  -412.298488939  -412.167007141
    60.000  -412.432428669  -412.354363543  -412.285778690  -412.285778690  -412.166566306
    60.500  -412.413380043  -412.338638411  -412.268787387  -412.268787387  -412.165670034
    61.000  -412.403138380  -412.331535488  -412.260706750  -412.260706750  -412.165320723
    61.500  -412.406641766  -412.337867556  -412.266414948  -412.266414948  -412.165952191
    62.000  -412.415139017  -412.348805567  -412.277028256  -412.277028256  -412.166537418
    62.500  -412.419340356  -412.355010151  -412.283073371  -412.283073371  -412.166603927
    63.000  -412.417026743  -412.354228138  -412.282155848  -412.282155848  -412.166486849
    63.500  -412.409353868  -412.347594909  -412.275312532  -412.275312532  -412.166467880
    64.000  -412.396855725  -412.335632871  -412.263048725  -412.263048725  -412.166506634
    64.500  -412.380056984  -412.318853146  -412.245965462  -412.245965462  -412.166250995
    65.000  -412.364276136  -412.302546955  -412.229546937  -412.229546937  -412.165478469
    65.500  -412.361259047  -412.298428642  -412.225738978  -412.225738978  -412.165034251
    66.000  -412.376972305  -412.312472700  -412.240644727  -412.240644727  -412.165765196
    66.500  -412.401132193  -412.334466853  -412.263991677  -412.263991677  -412.166728280
    67.000  -412.419194666  -412.349959058  -412.281144108  -412.281144108  -412.167074052
    67.500  -412.425021968  -412.352857807  -412.285814725  -412.285814725  -412.166920719
    68.000  -412.420617759  -412.345144781  -412.279831000  -412.279831000  -412.166550600
    68.500  -412.411760652  -412.332546284  -412.268813857  -412.268813857  -412.166288527
    69.000  -412.402957899  -412.319552602  -412.257209079  -412.257209079  -412.166290278
    69.500  -412.395506345  -412.307534762  -412.246414857  -412.246414857  -412.166097709
    70.000  -412.392912859  -412.300156160  -412.240184075  -412.240184075  -412.165633524
    70.500  -412.400809755  -412.303237607  -412.244427961  -412.244427961  -412.165788260
    71.000  -412.416204907  -412.313962323  -412.256341984  -412.256341984  -412.166416641
    71.500  -412.429388870  -412.322771043  -412.266291979  -412.266291979  -412.166656940
    72.000  -412.435349134  -412.324783621  -412.269296266  -412.269296266  -412.166525143
    72.500  -412.434772563  -412.320802588  -412.266082822  -412.266082822  -412.166404915
    73.000  -412.429046988  -412.312302660  -412.258107473  -412.258107473  -412.166438260
    73.500  -412.418184575  -412.299332327  -412.245471316  -412.245471316  -412.166426072
    74.000  -412.403737316  -412.283410459  -412.229824931  -412.229824931  -412.165950559
    74.500  -412.393995011  -412.272738346  -412.219555229  -412.219555229  -412.165138784
    75.000  -412.400631170  -412.278915935  -412.226403158  -412.226403158  -412.165128643
    75.500  -412.423661772  -412.301986068  -412.250377198  -412.250377198  -412.166027911
    76.000  -412.450127296  -412.329116400  -412.278432983  -412.278432983  -412.166688670
    76.500  -412.469090782  -412.349510075  -412.299505417  -412.299505417  -412.166860412
    77.000  -412.476700116  -412.359379923  -412.309600712  -412.309600712  -412.166906797
    77.500  -412.472013704  -412.357729106  -412.307638811  -412.307638811  -412.166945483
    78.000  -412.455285926  -412.344624982  -412.293742436  -412.293742436  -412.166758334
    78.500  -412.430700649  -412.323938002  -412.271989199  -412.271989199  -412.166134388
    79.000  -412.408556109  -412.305584896  -412.252622344  -412.252622344  -412.165380337
    79.500  -412.400102417  -412.300469178  -412.246905180  -412.246905180  -412.165257442
    80.000  -412.407028393  -412.310089468  -412.256550423  -412.256550423  -412.165917012
    80.500  -412.419651621  -412.324756887  -412.271819602  -412.271819602  -412.166578054
    81.000  -412.427461877  -412.334074101  -412.282053140  -412.282053140  -412.166749318
    81.500  -412.426613903  -412.334337557  -412.283231548  -412.283231548  -412.166641155
    82.000  -412.417850205  -412.326399750  -412.275968652  -412.275968652  -412.166568069
    82.500  -412.402245117  -412.311394352  -412.261271893  -412.261271893  -412.166580753
    83.000  -412.380575750  -412.290104771  -412.239895053  -412.239895053  -412.166389459
    83.500  -412.357380561  -412.267022424  -412.216379551  -412.216379551  -412.165658845
    84.000  -412.344418517  -412.253830064  -412.202501498  -412.202501498  -412.164952950
    84.500  -412.351690003  -412.260475429  -412.208282750  -412.208282750  -412.165321393
    85.000  -412.374045259  -412.281817822  -412.228592889  -412.228592889  -412.166177938
    85.500  -412.398482349  -412.304905141  -412.250453264  -412.250453264  -412.166545450
    86.000  -412.417834272  -412.322610427  -412.266735417  -412.266735417  -412.166532460
    86.500  -412.430871404  -412.333708992  -412.276271139  -412.276271139  -412.166519854
    87.000  -412.437242028  -412.337813253  -412.278796187  -412.278796187  -412.166613577
    87.500  -412.435742295  -412.333631125  -412.273228237  -412.273228237  -412.166648218
    88.000  -412.426567636  -412.321186384  -412.259936497  -412.259936497  -412.166329580
    88.500  -412.415117899  -412.305595526  -412.244578495  -412.244578495  -412.165627964
    89.000  -412.411601234  -412.296772482  -412.237697813  -412.237697813  -412.165164381
    89.500  -412.422510700  -412.301361928  -412.245926821  -412.245926821  -412.165498428
    90.000  -412.443474195  -412.315589524  -412.264637213  -412.264637213  -412.166203544
    90.500  -412.464199107  -412.329537013  -412.283280299  -412.283280299  -412.166653670
    91.000  -412.477155031  -412.335811478  -412.294267752  -412.294267752  -412.166787032
    91.500  -412.479443833  -412.331643631  -412.294734906  -412.294734906  -412.166828434
    92.000  -412.470330883  -412.316463153  -412.283984765  -412.283984765  -412.166820464
    92.500  -412.450984067  -412.291596076  -412.263184324  -412.263184324  -412.166459034
    93.000  -412.428500919  -412.264262633  -412.239362361  -412.239362361  -412.165572525
    93.500  -412.416626769  -412.248296152  -412.226130203  -412.226130203  -412.165061644
    94.000  -412.422723241  -412.251116181  -412.230709045  -412.230709045  -412.165666610
    94.500  -412.438414651  -412.264351127  -412.244669957  -412.244669957  -412.166389338
    95.000  -412.452171929  -412.276439143  -412.256549969  -412.256549969  -412.166549043
    95.500  -412.459817417  -412.283249465  -412.262283336  -412.262283336  -412.166443648
    96.000  -412.461827561  -412.285453714  -412.262432079  -412.262432079  -412.166356970
    96.500  -412.459276353  -412.284361041  -412.258175568  -412.258175568  -412.166257993
    97.000  -412.453781992  -412.281695862  -412.251360499  -412.251360499  -412.166012301
    97.500  -412.448894824  -412.280958489  -412.245907632  -412.245907632  -412.165732138
    98.000  -412.448255251  -412.285695621  -412.245864792  -412.245864792  -412.165783965
    98.500  -412.450913649  -412.294956726  -412.250593963  -412.250593963  -412.166160383
    99.000  -412.451582434  -412.303536102  -412.255012412  -412.255012412  -412.166389155
    99.500  -412.446796862  -412.307558089  -412.255827535  -412.255827535  -412.166251820
   100.000  -412.438516175  -412.308185240  -412.254835195  -412.254835195  -412.165971239
   100.500  -412.431444312  -412.310070354  -412.256238067  -412.256238067  -412.165891415
   101.000  -412.427342802  -412.315171198  -412.261369632  -412.261369632  -412.166238099
   101.500  -412.422104574  -412.319442964  -412.265812579  -412.265812579  -412.166679812
   102.000  -412.410819638  -412.317898426  -412.264376639  -412.264376639  -412.166534112
   102.500  -412.397070193  -412.313901715  -412.260315499  -412.260315499  -412.165748094
   103.000  -412.392300047  -412.318586444  -412.264664051  -412.264664051  -412.165545623
   103.500  -412.399408901  -412.334543316  -412.279851607  -412.279851607  -412.166337069
   104.000  -412.407491826  -412.350602872  -412.294520220  -412.294520220  -412.166944393
   104.500  -412.406800429  -412.356790035  -412.298607582  -412.298607582  -412.166962927
   105.000  -412.395750962  -412.351345698  -412.290466972  -412.290466972  -412.166729444
   105.500  -412.377254917  -412.337094216  -412.273228136  -412.273228136  -412.166385408
   106.000  -412.356490303  -412.319220469  -412.252497816  -412.252497816  -412.165869812
   106.500  -412.341086689  -412.305424765  -412.236394957  -412.236394957  -412.165374643
   107.000  -412.337938150  -412.302689506  -412.232203663  -412.232203663  -412.165356520
   107.500  -412.347191806  -412.311234176  -412.240259512  -412.240259512  -412.165769099
   108.000  -412.362865548  -412.325120781  -412.254567556  -412.254567556  -412.166124995
   108.500  -412.379340218  -412.338752356  -412.269363180  -412.269363180  -412.166267964
   109.000  -412.394021003  -412.349551956  -412.281840609  -412.281840609  -412.166354498
   109.500  -412.405502413  -412.356148836  -412.290369356  -412.290369356  -412.166515043
   110.000  -412.411759366  -412.356587139  -412.292725254  -412.292725254  -412.166730209
   110.500  -412.410499260  -412.348682646  -412.286483859  -412.286483859  -412.166815597
   111.000  -412.401997579  -412.332846742  -412.271895235  -412.271895235  -412.166447262
   111.500  -412.393523288  -412.316502017  -412.256341873  -412.256341873  -412.165523200
   112.000  -412.399112126  -412.313876949  -412.254131724  -412.254131724  -412.165026518
   112.500  -412.424971298  -412.331459430  -412.271876591  -412.271876591  -412.165931246
   113.000  -412.457572892  -412.356098570  -412.296509420  -412.296509420  -412.167039390
   113.500  -412.479087099  -412.370356681  -412.310634868  -412.310634868  -412.167323635
   114.000  -412.482794234  -412.367816755  -412.307881146  -412.307881146  -412.167070786
   114.500  -412.471187991  -412.351146006  -412.290977647  -412.290977647  -412.166582688
   115.000  -412.451594336  -412.327733775  -412.267385024  -412.267385024  -412.165908940
   115.500  -412.434275196  -412.307835388  -412.247409968  -412.247409968  -412.165373415
   116.000  -412.427100058  -412.299280187  -412.238897652  -412.238897652  -412.165434947
   116.500  -412.429431537  -412.301387395  -412.241128644  -412.241128644  -412.165852067
   117.000  -412.435197760  -412.308054116  -412.247928458  -412.247928458  -412.166092607
   117.500  -412.440244742  -412.315110976  -412.255051000  -412.255051000  -412.166084761
   118.000  -412.444017343  -412.321992144  -412.261865016  -412.261865016  -412.166020832
   118.500  -412.447113379  -412.329271911  -412.268895717  -412.268895717  -412.166051672
   119.000  -412.449030462  -412.336391866  -412.275551999  -412.275551999  -412.166242929
   119.500  -412.447185208  -412.340660978  -412.279130501  -412.279130501  -412.166581337
   120.000  -412.437333615  -412.337654794  -412.275229370  -412.275229370  -412.166891939
   120.500  -412.416564980  -412.324193002  -412.260740838  -412.260740838  -412.166732094
   121.000  -412.389613325  -412.304652260  -412.240173535  -412.240173535  -412.165787631
   121.500  -412.371630219  -412.293789803  -412.228441008  -412.228441008  -412.164978057
   122.000  -412.374286654  -412.302950069  -412.236973553  -412.236973553  -412.165576880
   122.500  -412.389422038  -412.323792782  -412.257381930  -412.257381930  -412.166764186
   123.000  -412.399343638  -412.338562677  -412.271798474  -412.271798474  -412.167304574
   123.500  -412.394589702  -412.337768914  -412.270674553  -412.270674553  -412.167099436
   124.000  -412.377251008  -412.323459777  -412.256107175  -412.256107175  -412.166426193
   124.500  -412.356932546  -412.305184020  -412.237780018  -412.237780018  -412.165719737
   125.000  -412.343696963  -412.292953173  -412.225852878  -412.225852878  -412.165534817
   125.500  -412.340330098  -412.289518440  -412.223160949  -412.223160949  -412.165809915
   126.000  -412.343031695  -412.291062128  -412.225867307  -412.225867307  -412.166009318
   126.500  -412.348549616  -412.294328598  -412.230613696  -412.230613696  -412.165970673
   127.000  -412.356936490  -412.299383540  -412.237324735  -412.237324735  -412.165860707
   127.500  -412.369505741  -412.307579272  -412.247209662  -412.247209662  -412.165823420
   128.000  -412.386654872  -412.319392521  -412.260619240  -412.260619240  -412.165909968
   128.500  -412.406965729  -412.333535233  -412.276165940  -412.276165940  -412.166135614
   129.000  -412.426980724  -412.346732410  -412.290507370  -412.290507370  -412.166490698
   129.500  -412.441577367  -412.354080466  -412.298713283  -412.298713283  -412.166847458
   130.000  -412.446259051  -412.351300021  -412.296527263  -412.296527263  -412.166839611
   130.500  -412.442398157  -412.339937247  -412.285573273  -412.285573273  -412.166200909
   131.000  -412.439736545  -412.329866471  -412.275819241  -412.275819241  -412.165651677
   131.500  -412.445970474  -412.328945878  -412.275156476  -412.275156476  -412.166032060
   132.000  -412.456052178  -412.332384910  -412.278740456  -412.278740456  -412.166687305
   132.500  -412.460102750  -412.330640072  -412.276969391  -412.276969391  -412.166901613
   133.000  -412.454117279  -412.320030266  -412.266200199  -412.266200199  -412.166568859
   133.500  -412.442341765  -412.305037095  -412.251058508  -412.251058508  -412.165944488
   134.000  -412.433034706  -412.294040940  -412.240102003  -412.240102003  -412.165700103
   134.500  -412.429251610  -412.290137853  -412.236530108  -412.236530108  -412.165992229
   135.000  -412.426723103  -412.289048898  -412.236051992  -412.236051992  -412.166238131
   135.500  -412.421431878  -412.286710888  -412.234506665  -412.234506665  -412.166166834
   136.000  -412.413869501  -412.283528082  -412.232172818  -412.232172818  -412.165947527
   136.500  -412.407096952  -412.282442084  -412.231855421  -412.231855421  -412.165768364
   137.000  -412.403909619  -412.286101564  -412.236069541  -412.236069541  -412.165718008
   137.500  -412.405320813  -412.295349858  -412.245532172  -412.245532172  -412.165827412
   138.000  -412.410031605  -412.308691558  -412.258630871  -412.258630871  -412.166092190
   138.500  -412.414590135  -412.322434622  -412.271577944  -412.271577944  -412.166437662
   139.000  -412.414742025  -412.332019444  -412.279763062  -412.279763062  -412.166635162
   139.500  -412.408870526  -412.335451253  -412.281227073  -412.281227073  -412.166387064
   140.000  -412.401547467  -412.336882268  -412.280281392  -412.280281392  -412.165925680
   140.500  -412.399402503  -412.342558464  -412.283425948  -412.283425948  -412.166080896
   141.000  -412.400478042  -412.350244271  -412.288688823  -412.288688823  -412.166717973
   141.500  -412.396085596  -412.351086133  -412.287444660  -412.287444660  -412.166897130
   142.000  -412.383302516  -412.342078517  -412.276892069  -412.276892069  -412.166415526
   142.500  -412.368616944  -412.329681832  -412.263665883  -412.263665883  -412.165754259
   143.000  -412.361253656  -412.323135687  -412.257095416  -412.257095416  -412.165535907
   143.500  -412.364278186  -412.325548578  -412.260239468  -412.260239468  -412.165883683
   144.000  -412.372755289  -412.332040994  -412.268035231  -412.268035231  -412.166282145
   144.500  -412.380530971  -412.336526976  -412.274131404  -412.274131404  -412.166378146
   145.000  -412.385499714  -412.336990768  -412.276237077  -412.276237077  -412.166250242
   145.500  -412.389012321  -412.334908086  -412.275591453  -412.275591453  -412.166071587
   146.000  -412.393412637  -412.332790339  -412.274534449  -412.274534449  -412.165942854
   146.500  -412.400381445  -412.332527007  -412.274857329  -412.274857329  -412.165915548
   147.000  -412.410075614  -412.334515016  -412.276929130  -412.276929130  -412.166016157
   147.500  -412.420789007  -412.337305656  -412.279337126  -412.279337126  -412.166212148
   148.000  -412.429595165  -412.338226139  -412.279511969  -412.279511969  -412.166349715
   148.500  -412.434741627  -412.335752323  -412.276100390  -412.276100390  -412.166186707
   149.000  -412.438829574  -412.332675974  -412.272116067  -412.272116067  -412.165767702
   149.500  -412.447476987  -412.334786668  -412.273557747  -412.273557747  -412.165718047
   150.000  -412.460904982  -412.342500963  -412.280943973  -412.280943973  -412.166307890
   150.500  -412.470708569  -412.347646797  -412.286061262  -412.286061262  -412.166864965
   151.000  -412.468741616  -412.342299049  -412.280879071  -412.280879071  -412.166840700
   151.500  -412.455211324  -412.326813487  -412.265674926  -412.265674926  -412.166267965
   152.000  -412.438389802  -412.309513180  -412.248756460  -412.248756460  -412.165625903
   152.500  -412.427504877  -412.299605469  -412.239338204  -412.239338204  -412.165482239
   153.000  -412.424801636  -412.299277553  -412.239600743  -412.239600743  -412.165810813
   153.500  -412.425633073  -412.303806038  -412.244793514  -412.244793514  -412.166149542
   154.000  -412.424740366  -412.307832855  -412.249521146  -412.249521146  -412.166255830
   154.500  -412.420106390  -412.309205653  -412.251582196  -412.251582196  -412.166182445
   155.000  -412.412580882  -412.308595626  -412.251574787  -412.251574787  -412.166058896
   155.500  -412.404067150  -412.307686982  -412.251080045  -412.251080045  -412.165977613
   156.000  -412.396068451  -412.307729370  -412.251226568  -412.251226568  -412.165991283
   156.500  -412.388846421  -412.308705913  -412.251876725  -412.251876725  -412.166115764
   157.000  -412.381249663  -412.309170519  -412.251494589  -412.251494589  -412.166274471
   157.500  -412.372011418  -412.307560568  -412.248491550  -412.248491550  -412.166229310
   158.000  -412.363064920  -412.305538873  -412.244596987  -412.244596987  -412.165809649
   158.500  -412.361038513  -412.309528753  -412.246393579  -412.246393579  -412.165500309
   159.000  -412.370033611  -412.323533569  -412.258086021  -412.258086021  -412.165946137
   159.500  -412.383562898  -412.341075973  -412.273377751  -412.273377751  -412.166643310
   160.000  -412.391208807  -412.351810078  -412.282071723  -412.282071723  -412.166814616
   160.500  -412.389559228  -412.352397935  -412.280975697  -412.280975697  -412.166461618
   161.000  -412.382909489  -412.347180720  -412.274575824  -412.274575824  -412.166072455
   161.500  -412.376528818  -412.341432302  -412.268264031  -412.268264031  -412.166033059
   162.000  -412.371352246  -412.336051670  -412.262992503  -412.262992503  -412.166158291
   162.500  -412.366179202  -412.329770102  -412.257455329  -412.257455329  -412.166082166
   163.000  -412.362333443  -412.323828690  -412.252772156  -412.252772156  -412.165856531
   163.500  -412.363061675  -412.321410705  -412.251930118  -412.251930118  -412.165777281
   164.000  -412.369568028  -412.323718575  -412.255889671  -412.255889671  -412.165921886
   164.500  -412.379791843  -412.328773382  -412.262437900  -412.262437900  -412.166125349
   165.000  -412.390537805  -412.333536987  -412.268364211  -412.268364211  -412.166274793
   165.500  -412.399214371  -412.335616670  -412.271192954  -412.271192954  -412.166396983
   166.000  -412.403802257  -412.333193461  -412.269113492  -412.269113492  -412.166509465
   166.500  -412.402991375  -412.325125612  -412.261078039  -412.261078039  -412.166447201
   167.000  -412.398701971  -412.313448032  -412.249298187  -412.249298187  -412.165955927
   167.500  -412.398844358  -412.306140119  -412.241984941  -412.241984941  -412.165384915
   168.000  -412.411322090  -412.311184107  -412.247321444  -412.247321444  -412.165660987
   168.500  -412.432039189  -412.324638420  -412.261441899  -412.261441899  -412.166503258
   169.000  -412.448673282  -412.334414744  -412.272217800  -412.272217800  -412.166855064
   169.500  -412.455069432  -412.334612436  -412.273698936  -412.273698936  -412.166528448
   170.000  -412.454926280  -412.329156626  -412.269799120  -412.269799120  -412.166008710
   170.500  -412.455060728  -412.325041077  -412.267520852  -412.267520852  -412.165863280
   171.000  -412.457405406  -412.324315329  -412.268894160  -412.268894160  -412.166137565
   171.500  -412.458232800  -412.323297676  -412.270164035  -412.270164035  -412.166393688
   172.000  -412.453969180  -412.318385809  -412.267608518  -412.267608518  -412.166366737
   172.500  -412.445186553  -412.310052251  -412.261564089  -412.261564089  -412.166090713
   173.000  -412.436249609  -412.302483904  -412.256134738  -412.256134738  -412.165744267
   173.500  -412.432459082  -412.300742968  -412.256406754  -412.256406754  -412.165595852
   174.000  -412.436038185  -412.306821361  -412.264478275  -412.264478275  -412.165809195
   174.500  -412.443864471  -412.317433962  -412.277171870  -412.277171870  -412.166262885
   175.000  -412.449307660  -412.325871911  -412.287794723  -412.287794723  -412.166695424
   175.500  -412.446297428  -412.326000775  -412.290149488  -412.290149488  -412.166846266
   176.000  -412.433600819  -412.316480182  -412.282796173  -412.282796173  -412.166448102
   176.500  -412.418232112  -412.304172026  -412.272488181  -412.272488181  -412.165713568
   177.000  -412.411065032  -412.299798934  -412.269838706  -412.269838706  -412.165662869
   177.500  -412.413009578  -412.304187324  -412.275558015  -412.275558015  -412.166441132
   178.000  -412.413314395  -412.306575382  -412.278800640  -412.278800640  -412.166936948
   178.500  -412.404437678  -412.299436382  -412.272046208  -412.272046208  -412.166632138
   179.000  -412.390242357  -412.286634741  -412.259258510  -412.259258510  -412.165909821
   179.500  -412.380665895  -412.278102353  -412.250491692  -412.250491692  -412.165561276
   180.000  -412.380519110  -412.278665230  -412.250630168  -412.250630168  -412.165832133
   180.500  -412.385921947  -412.284506808  -412.255818746  -412.255818746  -412.166166356
   181.000  -412.391465501  -412.290332167  -412.260664982  -412.260664982  -412.166234525
   181.500  -412.395283966  -412.294411769  -412.263339855  -412.263339855  -412.166165599
   182.000  -412.397843956  -412.297335150  -412.264357311  -412.264357311  -412.166123722
   182.500  -412.399646960  -412.299677853  -412.264257378  -412.264257378  -412.166139002
   183.000  -412.400674732  -412.301431627  -412.263043040  -412.263043040  -412.166146996
   183.500  -412.401175866  -412.302800059  -412.260987638  -412.260987638  -412.166100651
   184.000  -412.402117166  -412.304658220  -412.259133711  -412.259133711  -412.166093852
   184.500  -412.403834035  -412.307233434  -412.257986734  -412.257986734  -412.166226216
   185.000  -412.405062132  -412.309173250  -412.256532779  -412.256532779  -412.166239904
   185.500  -412.406510915  -412.311168274  -412.255724599  -412.255724599  -412.165887984
   186.000  -412.413108578  -412.318196610  -412.260649230  -412.260649230  -412.165818170
   186.500  -412.425212617  -412.330711723  -412.271717884  -412.271717884  -412.166477347
   187.000  -412.433326532  -412.339332656  -412.279405182  -412.279405182  -412.167035891
   187.500  -412.429000886  -412.335702942  -412.275194626  -412.275194626  -412.166877039
   188.000  -412.414104763  -412.321739893  -412.260886588  -412.260886588  -412.166183993
   188.500  -412.398463292  -412.307277693  -412.246254500  -412.246254500  -412.165613359
   189.000  -412.390181745  -412.300415193  -412.239371096  -412.239371096  -412.165667481
   189.500  -412.388644196  -412.300530470  -412.239598601  -412.239598601  -412.166010912
   190.000  -412.388683044  -412.302449409  -412.241751496  -412.241751496  -412.166146523
   190.500  -412.387601192  -412.303461755  -412.243110646  -412.243110646  -412.166059614
   191.000  -412.386047670  -412.304192853  -412.244293180  -412.244293180  -412.165939203
   191.500  -412.385510570  -412.306096939  -412.246741690  -412.246741690  -412.165908558
   192.000  -412.386408965  -412.309549465  -412.250810411  -412.250810411  -412.166006071
   192.500  -412.387456334  -412.313207722  -412.255124371  -412.255124371  -412.166212847
   193.000  -412.386009448  -412.314352543  -412.256928353  -412.256928353  -412.166440918
   193.500  -412.379521742  -412.310332964  -412.253550194  -412.253550194  -412.166514729
   194.000  -412.368196929  -412.301218999  -412.245076919  -412.245076919  -412.166238141
   194.500  -412.357540282  -412.292369931  -412.236948249  -412.236948249  -412.165650442
   195.000  -412.356901173  -412.293018794  -412.238517375  -412.238517375  -412.165366217
   195.500  -412.370163955  -412.307006960  -412.253707740  -412.253707740  -412.166033021
   196.000  -412.387609115  -412.324654737  -412.272800063  -412.272800063  -412.166997051
   196.500  -412.394963036  -412.331770399  -412.281461834  -412.281461834  -412.167226995
   197.000  -412.388022766  -412.324222565  -412.275422460  -412.275422460  -412.166649747
   197.500  -412.374511950  -412.309774991  -412.262371984  -412.262371984  -412.165901564
   198.000  -412.364832404  -412.298841656  -412.252715107  -412.252715107  -412.165695796
   198.500  -412.362021067  -412.294454999  -412.249488576  -412.249488576  -412.165964133
   199.000  -412.362292535  -412.292818014  -412.248882901  -412.248882901  -412.166143288
   199.500  -412.362550801  -412.290826010  -412.247772276  -412.247772276  -412.166067420
   200.000  -412.363286593  -412.288976224  -412.246634609  -412.246634609  -412.165897351
   200.500  -412.366638243  -412.289433107  -412.247622541  -412.247622541  -412.165778917
   201.000  -412.374182874  -412.293822797  -412.252356868  -412.252356868  -412.165775125
   201.500  -412.385851418  -412.302146420  -412.260839238  -412.260839238  -412.165912705
   202.000  -412.399511447  -412.312355481  -412.271026561  -412.271026561  -412.166198710
   202.500  -412.411012236  -412.320378874  -412.278868743  -412.278868743  -412.166570154
   203.000  -412.415466282  -412.321369620  -412.279579115  -412.279579115  -412.166779472
   203.500  -412.411176877  -412.313589940  -412.271547721  -412.271547721  -412.166432537
   204.000  -412.404727983  -412.303486674  -412.261416342  -412.261416342  -412.165644726
   204.500  -412.407972737  -412.302743731  -412.261050146  -412.261050146  -412.165472180
   205.000  -412.423541671  -412.313919116  -412.273057981  -412.273057981  -412.166261651
   205.500  -412.440365411  -412.326052364  -412.286377688  -412.286377688  -412.166967539
   206.000  -412.447682938  -412.328631260  -412.290346957  -412.290346957  -412.166868514
   206.500  -412.445782885  -412.322225551  -412.285421146  -412.285421146  -412.166288294
   207.000  -412.441896849  -412.314302046  -412.278972778  -412.278972778  -412.166023927
   207.500  -412.439446008  -412.308458807  -412.274456168  -412.274456168  -412.166193949
   208.000  -412.436016765  -412.302410821  -412.269398675  -412.269398675  -412.166295544
   208.500  -412.429766116  -412.294406602  -412.261886752  -412.261886752  -412.166146119
   209.000  -412.422380939  -412.286196648  -412.253573000  -412.253573000  -412.165902303
   209.500  -412.417184098  -412.281141116  -412.247777789  -412.247777789  -412.165717400
   210.000  -412.416847350  -412.281922834  -412.247173430  -412.247173430  -412.165657401
   210.500  -412.422266143  -412.289418361  -412.252639102  -412.252639102  -412.165746233
   211.000  -412.432147608  -412.302286661  -412.262843215  -412.262843215  -412.165990327
   211.500  -412.443003040  -412.316959429  -412.274239276  -412.274239276  -412.166343840
   212.000  -412.450082665  -412.328567344  -412.282009745  -412.282009745  -412.166617070
   212.500  -412.450373019  -412.333940236  -412.283092868  -412.283092868  -412.166498559
   213.000  -412.446599957  -412.335602051  -412.280241235  -412.280241235  -412.166057955
   213.500  -412.445277072  -412.339793272  -412.280122982  -412.280122982  -412.166023485
   214.000  -412.447083884  -412.346822702  -412.283648355  -412.283648355  -412.166479751
   214.500  -412.445990225  -412.350325348  -412.284896226  -412.284896226  -412.166679817
   215.000  -412.439038102  -412.347255428  -412.280805660  -412.280805660  -412.166433338
   215.500  -412.429566373  -412.341068312  -412.274555595  -412.274555595  -412.166054623
   216.000  -412.422638404  -412.336998804  -412.271112599  -412.271112599  -412.165975549
   216.500  -412.418912485  -412.335855077  -412.271076619  -412.271076619  -412.166251395
   217.000  -412.414047380  -412.333391184  -412.270040654  -412.270040654  -412.166444959
   217.500  -412.404587470  -412.326192082  -412.264456674  -412.264456674  -412.166357758
   218.000  -412.391146963  -412.314865726  -412.254826307  -412.254826307  -412.166136907
   218.500  -412.376706223  -412.302354787  -412.244001605  -412.244001605  -412.165934792
   219.000  -412.364303878  -412.291640344  -412.234890118  -412.234890118  -412.165809746
   219.500  -412.355970431  -412.284686861  -412.229397697  -412.229397697  -412.165775234
   220.000  -412.352384842  -412.282109883  -412.228104209  -412.228104209  -412.165844388
   220.500  -412.352659842  -412.282971983  -412.230068594  -412.230068594  -412.166024903
   221.000  -412.354360302  -412.284808872  -412.232862106  -412.232862106  -412.166252940
   221.500  -412.354695710  -412.284822213  -412.233766244  -412.233766244  -412.166308690
   222.000  -412.353735284  -412.283085616  -412.232972791  -412.232972791  -412.165995607
   222.500  -412.356436429  -412.284564371  -412.235560991  -412.235560991  -412.165752172
   223.000  -412.366099591  -412.292577338  -412.244882048  -412.244882048  -412.166260309
   223.500  -412.376104510  -412.300547364  -412.254265013  -412.254265013  -412.166909582
   224.000  -412.378005153  -412.300088526  -412.255164641  -412.255164641  -412.166715922
   224.500  -412.374514871  -412.293974423  -412.250223218  -412.250223218  -412.165942004
   225.000  -412.376097760  -412.292735484  -412.249898593  -412.249898593  -412.165614954
   225.500  -412.387057578  -412.300779189  -412.258570801  -412.258570801  -412.166001407
   226.000  -412.401541467  -412.312418375  -412.270561546  -412.270561546  -412.166442137
   226.500  -412.412168061  -412.320476057  -412.278751549  -412.278751549  -412.166518783
   227.000  -412.416475778  -412.322677944  -412.280977836  -412.280977836  -412.166331261
   227.500  -412.416183503  -412.320863314  -412.279239231  -412.279239231  -412.166091383
   228.000  -412.414241130  -412.318019567  -412.276709825  -412.276709825  -412.165914241
   228.500  -412.412970738  -412.316434456  -412.275860767  -412.275860767  -412.165837389
   229.000  -412.413378169  -412.317041618  -412.277743907  -412.277743907  -412.165878040
   229.500  -412.414912942  -412.319226457  -412.281702063  -412.281702063  -412.166050979
   230.000  -412.415413963  -412.320785979  -412.285280830  -412.285280830  -412.166320785
   230.500  -412.411838619  -412.318592308  -412.285028578  -412.285028578  -412.166499394
   231.000  -412.403129256  -412.311401129  -412.279506961  -412.279506961  -412.166245231
   231.500  -412.394491352  -412.304148756  -412.273664792  -412.273664792  -412.165643193
   232.000  -412.394851628  -412.305522282  -412.276303300  -412.276303300  -412.165662988
   232.500  -412.403974015  -412.315172154  -412.287165037  -412.287165037  -412.166445801
   233.000  -412.411050940  -412.322315693  -412.295499976  -412.295499976  -412.166827005
   233.500  -412.409787227  -412.320747724  -412.295114720  -412.295114720  -412.166518266
   234.000  -412.403288609  -412.313654399  -412.289197725  -412.289197725  -412.166203771
   234.500  -412.395575491  -412.305093487  -412.281762216  -412.281762216  -412.166223632
   235.000  -412.386729345  -412.295135953  -412.272774458  -412.272774458  -412.166247094
   235.500  -412.376664885  -412.283636549  -412.261982735  -412.261982735  -412.166052836
   236.000  -412.368054837  -412.273195168  -412.251931564  -412.251931564  -412.165813157
   236.500  -412.364153885  -412.267040791  -412.245851329  -412.245851329  -412.165730608
   237.000  -412.365978904  -412.266246195  -412.244850663  -412.244850663  -412.165796317
   237.500  -412.372313764  -412.269719274  -412.247874465  -412.247874465  -412.165894858
   238.000  -412.381317784  -412.275757009  -412.253247187  -412.253247187  -412.165979841
   238.500  -412.391332646  -412.282813594  -412.259431649  -412.259431649  -412.166091111
   239.000  -412.400460241  -412.289054448  -412.264593454  -412.264593454  -412.166282611
   239.500  -412.405976655  -412.291769655  -412.266020438  -412.266020438  -412.166517122
   240.000  -412.405186206  -412.288231529  -412.260993379  -412.260993379  -412.166548165
   240.500  -412.399107154  -412.279392175  -412.250494654  -412.250494654  -412.166070291
   241.000  -412.395852673  -412.273308226  -412.242609030  -412.242609030  -412.165507364
   241.500  -412.403561652  -412.278107989  -412.245492009  -412.245492009  -412.165825785
   242.000  -412.418100586  -412.289712332  -412.255107302  -412.255107302  -412.166500300
   242.500  -412.429732509  -412.298437740  -412.261931263  -412.261931263  -412.166485178
   243.000  -412.436968443  -412.302755095  -412.264784619  -412.264784619  -412.166119350
   243.500  -412.443402346  -412.306148868  -412.267538900  -412.267538900  -412.166102199
   244.000  -412.448801591  -412.308373066  -412.270056537  -412.270056537  -412.166315631
   244.500  -412.449983965  -412.306402268  -412.269062932  -412.269062932  -412.166385670
   245.000  -412.445678343  -412.299164083  -412.263122570  -412.263122570  -412.166271637
   245.500  -412.437368891  -412.288235770  -412.253587781  -412.253587781  -412.166082612
   246.000  -412.427935681  -412.276499975  -412.243225354  -412.243225354  -412.165869159
   246.500  -412.420816073  -412.267363378  -412.235345599  -412.235345599  -412.165658980
   247.000  -412.419313698  -412.264093429  -412.233124587  -412.233124587  -412.165552436
   247.500  -412.425058915  -412.268311225  -412.238084421  -412.238084421  -412.165666350
   248.000  -412.436380566  -412.278373636  -412.248496118  -412.248496118  -412.165997659
   248.500  -412.448414146  -412.289458024  -412.259497730  -412.259497730  -412.166410574
   249.000  -412.455239137  -412.295670180  -412.265224012  -412.265224012  -412.166690532
   249.500  -412.453373214  -412.293510964  -412.262287242  -412.262287242  -412.166538174
   250.000  -412.445971756  -412.286071415  -412.253975825  -412.253975825  -412.165910905
   250.500  -412.442286867  -412.282526008  -412.249711559  -412.249711559  -412.165619231
   251.000  -412.446379877  -412.286907656  -412.253744087  -412.253744087  -412.166181368
   251.500  -412.450869305  -412.291875029  -412.258878053  -412.258878053  -412.166623640
   252.000  -412.449415643  -412.291170436  -412.258942356  -412.258942356  -412.166292217
   252.500  -412.445844934  -412.288699493  -412.257887225  -412.257887225  -412.165794202
   253.000  -412.446464268  -412.290836269  -412.262036554  -412.262036554  -412.165847763
   253.500  -412.450470803  -412.296848410  -412.270443745  -412.270443745  -412.166216192
   254.000  -412.452542054  -412.301490302  -412.277523765  -412.277523765  -412.166390480
   254.500  -412.449726487  -412.301873784  -412.280032625  -412.280032625  -412.166327572
   255.000  -412.442609799  -412.298610793  -412.278304209  -412.278304209  -412.166186734
   255.500  -412.433236845  -412.293711592  -412.274203445  -412.274203445  -412.166048691
   256.000  -412.423798454  -412.289261837  -412.269816036  -412.269816036  -412.165920298
   256.500  -412.416353373  -412.287156998  -412.267148554  -412.267148554  -412.165826895
   257.000  -412.412356455  -412.288665151  -412.267624847  -412.267624847  -412.165858903
   257.500  -412.411395616  -412.293196988  -412.270800758  -412.270800758  -412.166092713
   258.000  -412.410308203  -412.297432574  -412.273473557  -412.273473557  -412.166424902
   258.500  -412.404946232  -412.297072791  -412.271445269  -412.271445269  -412.166514849
   259.000  -412.395032621  -412.291677376  -412.264378454  -412.264378454  -412.166111072
   259.500  -412.386874453  -412.287381564  -412.258517954  -412.258517954  -412.165736989
   260.000  -412.385646099  -412.289208330  -412.258989995  -412.258989995  -412.166164008
   260.500  -412.385787976  -412.291495624  -412.260222697  -412.260222697  -412.166821506
   261.000  -412.378564568  -412.285454479  -412.253526440  -412.253526440  -412.166702687
   261.500  -412.365752408  -412.272839905  -412.240793295  -412.240793295  -412.165885788
   262.000  -412.358524931  -412.264825904  -412.233345634  -412.233345634  -412.165438871
   262.500  -412.362863081  -412.267415079  -412.237262969  -412.237262969  -412.165829208
   263.000  -412.373178532  -412.275060153  -412.246962785  -412.246962785  -412.166277755
   263.500  -412.382187694  -412.280550783  -412.255127379  -412.255127379  -412.166327295
   264.000  -412.387964193  -412.282072743  -412.259825813  -412.259825813  -412.166169682
   264.500  -412.392036933  -412.281304876  -412.262634046  -412.262634046  -412.166024519
   265.000  -412.396205827  -412.280226146  -412.265434659  -412.265434659  -412.165954426
   265.500  -412.401399517  -412.279972181  -412.269241054  -412.269241054  -412.165945964
   266.000  -412.407774919  -412.280973284  -412.274229568  -412.274229568  -412.166000292
   266.500  -412.414878619  -412.283367664  -412.279646938  -412.279646938  -412.166215567
   267.000  -412.421362290  -412.286978768  -412.283375993  -412.286978768  -412.166319479
   267.500  -412.424415605  -412.288776449  -412.282355293  -412.288776449  -412.166605821
   268.000  -412.422179860  -412.286359470  -412.275875944  -412.286359470  -412.166417804
   268.500  -412.418637252  -412.283485985  -412.268346828  -412.283485985  -412.165917808
   269.000  -412.420776986  -412.287267952  -412.266913187  -412.287267952  -412.166031447
   269.500  -412.426644382  -412.295997052  -412.269768076  -412.295997052  -412.166814842
   270.000  -412.424838442  -412.299706349  -412.265505452  -412.299706349  -412.168157878
   270.500  -412.409368336  -412.290582780  -412.248656610  -412.290582780  -412.167719626
   271.000  -412.385793708  -412.275293305  -412.224549173  -412.275293305  -412.166964386
   271.500  -412.364610454  -412.264321656  -412.203691182  -412.264321656  -412.166649059
   272.000  -412.350600597  -412.262234749  -412.190877037  -412.262234749  -412.166887807
   272.500  -412.340861389  -412.265747352  -412.183225995  -412.265747352  -412.167162043
   273.000  -412.331493325  -412.270456193  -412.176855481  -412.270456193  -412.167216447
   273.500  -412.321660689  -412.274889982  -412.170916008  -412.274889982  -412.167158334
   274.000  -412.312643324  -412.279439173  -412.166528958  -412.279439173  -412.167139165
   274.500  -412.306254886  -412.284070140  -412.164896892  -412.284070140  -412.167488915
   275.000  -412.305325688  -412.286162183  -412.168082881  -412.305325688  -412.166806776
   275.500  -412.310273602  -412.284524681  -412.170638512  -412.310273602  -412.167352640
   276.000  -412.317834640  -412.279513102  -412.173959282  -412.317834640  -412.167695822
   276.500  -412.323126959  -412.270495886  -412.175047353  -412.323126959  -412.167925928
   277.000  -412.323408658  -412.255870010  -412.171432829  -412.323408658  -412.167892142
   277.500  -412.320412555  -412.237898790  -412.164719816  -412.320412555  -412.167369382
   278.000  -412.322401917  -412.225385684  -412.162951050  -412.322401917  -412.166921449
   278.500  -412.335437342  -412.225094753  -412.171972688  -412.335437342  -412.167495768
   279.000  -412.351561607  -412.229963331  -412.183671858  -412.351561607  -412.168457463
   279.500  -412.357029865  -412.227170891  -412.184295793  -412.357029865  -412.168697515
   280.000  -412.347723858  -412.213116619  -412.170051071  -412.347723858  -412.168146013
   280.500  -412.331029297  -412.194909223  -412.148928885  -412.331029297  -412.167435625
   281.000  -412.316759070  -412.181484278  -412.131152466  -412.316759070  -412.167262503
   281.500  -412.307556404  -412.174417484  -412.119285525  -412.307556404  -412.167504736
   282.000  -412.302184166  -412.159386255  -412.142020663  -412.302184166  -412.170135174
   282.500  -412.292937672  -412.156771442  -412.138550512  -412.292937672  -412.170035259
   283.000  -412.283446203  -412.153946194  -412.133812812  -412.283446203  -412.169853642
   283.500  -412.276119731  -412.152724459  -412.130302839  -412.276119731  -412.169720010
   284.000  -412.272868651  -412.154744383  -412.129889758  -412.272868651  -412.169677992
   284.500  -412.274298425  -412.160516032  -412.133126664  -412.274298425  -412.169742879
   285.000  -412.279430246  -412.169046479  -412.139052377  -412.279430246  -412.169927431
   285.500  -412.285571928  -412.177655656  -412.145099365  -412.285571928  -412.170222599
   286.000  -412.288680192  -412.182311346  -412.147484923  -412.288680192  -412.170508036
   286.500  -412.285483346  -412.179735311  -412.143350315  -412.285483346  -412.170455818
   287.000  -412.278180621  -412.172086327  -412.135426816  -412.278180621  -412.169839228
   287.500  -412.276398112  -412.168925130  -412.133804927  -412.276398112  -412.169385229
   288.000  -412.286516514  -412.176646078  -412.145006840  -412.286516514  -412.169951551
   288.500  -412.301071961  -412.188020307  -412.161349397  -412.301071961  -412.170647422
   289.000  -412.310043207  -412.193601215  -412.172292165  -412.310043207  -412.170534931
   289.500  -412.313690186  -412.194714467  -412.177160156  -412.313690186  -412.170101988
   290.000  -412.316970655  -412.197604059  -412.179720769  -412.316970655  -412.170080145
   290.500  -412.319888564  -412.202325646  -412.179864831  -412.319888564  -412.170295233
   291.000  -412.319169064  -412.204635342  -412.174953117  -412.319169064  -412.170268129
   291.500  -412.316828562  -412.213978124  -412.181132012  -412.316828562  -412.173028655
   292.000  -412.308953987  -412.209442268  -412.176739305  -412.308953987  -412.172817394
   292.500  -412.301577157  -412.205054710  -412.172222276  -412.301577157  -412.172666027
   293.000  -412.296990325  -412.203098774  -412.169901412  -412.296990325  -412.172594634
   293.500  -412.296332934  -412.204727357  -412.170959429  -412.296332934  -412.172607239
   294.000  -412.299461544  -412.209827679  -412.175299102  -412.299461544  -412.172719667
   294.500  -412.304738133  -412.216803561  -412.181319325  -412.304738133  -412.172951416
   295.000  -412.308896248  -412.222432652  -412.185769070  -412.308896248  -412.173263035
   295.500  -412.307951613  -412.222762369  -412.184645325  -412.307951613  -412.173433312
   296.000  -412.300952239  -412.216693087  -412.176693059  -412.300952239  -412.173347680
   296.500  -412.293350393  -412.209894151  -412.167747605  -412.293350393  -412.172749983
   297.000  -412.294018984  -412.211053360  -412.166371159  -412.294018984  -412.172888986
   297.500  -412.301350517  -412.218563619  -412.170905936  -412.301350517  -412.173573323
   298.000  -412.306093099  -412.223242127  -412.172076892  -412.306093099  -412.173639452
   298.500  -412.306728087  -412.223755135  -412.171831438  -412.306728087  -412.173412748
   299.000  -412.308450419  -412.225189163  -412.172044459  -412.308450419  -412.173227286
   299.500  -412.313594141  -412.229984705  -412.175374664  -412.313594141  -412.173520982
   300.000  -412.318005821  -412.234006305  -412.177800987  -412.318005821  -412.173746307
   300.500  -412.318152199  -412.233727501  -412.176061545  -412.318152199  -412.173660698
   301.000  -412.314801933  -412.229883845  -412.171551267  -412.314801933  -412.173442518
   301.500  -412.310705967  -412.225316624  -412.169499117  -412.310705967  -412.173244118
   302.000  -412.309164914  -412.224369099  -412.171553240  -412.309164914  -412.173185567
   302.500  -412.311939615  -412.228122385  -412.177623621  -412.311939615  -412.173219494
   303.000  -412.318505860  -412.235861676  -412.187614519  -412.318505860  -412.173336906
   303.500  -412.327085032  -412.245762111  -412.199738208  -412.327085032  -412.173529241
   304.000  -412.334854244  -412.254948563  -412.211011675  -412.334854244  -412.173768893
   304.500  -412.338575319  -412.260098418  -412.217978836  -412.338575319  -412.173924651
   305.000  -412.336723210  -412.259587187  -412.218867289  -412.336723210  -412.173739993
   305.500  -412.332844018  -412.256884067  -412.216981276  -412.332844018  -412.173233371
   306.000  -412.334296942  -412.259320314  -412.219507661  -412.334296942  -412.173152936
   306.500  -412.342097271  -412.267926388  -412.227412094  -412.342097271  -412.173853110
   307.000  -412.346752123  -412.273245869  -412.231266116  -412.346752123  -412.174443169
   307.500  -412.340013904  -412.267079580  -412.222981208  -412.340013904  -412.174219360
   308.000  -412.325019080  -412.252624103  -412.205929604  -412.325019080  -412.173427600
   308.500  -412.312820624  -412.240999222  -412.191459615  -412.312820624  -412.172977487
   309.000  -412.309668437  -412.238522764  -412.186119168  -412.309668437  -412.173292756
   309.500  -412.311142190  -412.240830905  -412.185695907  -412.311142190  -412.173748390
   310.000  -412.310112926  -412.240814697  -412.183127095  -412.310112926  -412.173858025
   310.500  -412.304012996  -412.235873919  -412.175804178  -412.304012996  -412.173701140
   311.000  -412.294458621  -412.227547891  -412.165269150  -412.294458621  -412.173478502
   311.500  -412.284435445  -412.218723521  -412.154456157  -412.284435445  -412.173303151
   312.000  -412.276459708  -412.211818231  -412.145877210  -412.276459708  -412.173219840
   312.500  -412.271774407  -412.207987934  -412.140816213  -412.271774407  -412.173246913
   313.000  -412.270033518  -412.206815217  -412.138981164  -412.270033518  -412.173387689
   313.500  -412.269330898  -412.206343723  -412.138478741  -412.269330898  -412.173597279
   314.000  -412.267089685  -412.203977521  -412.136669723  -412.267089685  -412.173700892
   314.500  -412.262809240  -412.199230936  -412.132924398  -412.262809240  -412.173422685
   315.000  -412.261525623  -412.197178549  -412.132104020  -412.261525623  -412.172893866
   315.500  -412.270879219  -412.205501158  -412.141664362  -412.270879219  -412.172957947
   316.000  -412.289796100  -412.223148381  -412.160393684  -412.289796100  -412.173771011
   316.500  -412.306729747  -412.238585213  -412.176690655  -412.306729747  -412.174386806
   317.000  -412.312332469  -412.242484062  -412.181220648  -412.312332469  -412.174283662
   317.500  -412.307610207  -412.235886974  -412.175030828  -412.307610207  -412.173649918
   318.000  -412.301430750  -412.227700955  -412.167031057  -412.301430750  -412.173090137
   318.500  -412.301693307  -412.225847574  -412.165147901  -412.301693307  -412.173091156
   319.000  -412.308545693  -412.230467195  -412.169536867  -412.308545693  -412.173423581
   319.500  -412.317089684  -412.236626101  -412.175291618  -412.317089684  -412.173655652
   320.000  -412.323408338  -412.240358533  -412.178483954  -412.323408338  -412.173682372
   320.500  -412.326558778  -412.240683814  -412.178170699  -412.326558778  -412.173586704
   321.000  -412.327593504  -412.238648624  -412.175427467  -412.327593504  -412.173464819
   321.500  -412.328130768  -412.235908181  -412.171926879  -412.328130768  -412.173384407
   322.000  -412.329287178  -412.233654904  -412.168872737  -412.329287178  -412.173387662
   322.500  -412.331017037  -412.231945734  -412.166334803  -412.331017037  -412.173493562
   323.000  -412.331875358  -412.229446126  -412.162999506  -412.331875358  -412.173671128
   323.500  -412.329642479  -412.224036054  -412.156783303  -412.329642479  -412.173767120
   324.000  -412.323701112  -412.215170468  -412.147200380  -412.323701112  -412.173522088
   324.500  -412.318356182  -412.207194927  -412.138686127  -412.318356182  -412.173000612
   325.000  -412.321021964  -412.207545243  -412.138795362  -412.321021964  -412.172941194
   325.500  -412.332335959  -412.216883999  -412.148307511  -412.332335959  -412.173601170
   326.000  -412.343117362  -412.226071193  -412.158147240  -412.343117362  -412.174159906
   326.500  -412.345099558  -412.226884126  -412.160061263  -412.345099558  -412.174080655
   327.000  -412.338900886  -412.219961259  -412.154566462  -412.338900886  -412.173556490
   327.500  -412.331609292  -412.212373539  -412.148570536  -412.331609292  -412.173157947
   328.000  -412.328742677  -412.209588510  -412.147384715  -412.328742677  -412.173223871
   328.500  -412.329582431  -412.210808254  -412.150088466  -412.329582431  -412.173437245
   329.000  -412.331071032  -412.212866852  -412.153432918  -412.331071032  -412.173439988
   329.500  -412.332762004  -412.215188053  -412.156803660  -412.332762004  -412.173280676
   330.000  -412.336587172  -412.219571793  -412.161997420  -412.336587172  -412.173159357
   330.500  -412.344209848  -412.227563961  -412.170579200  -412.344209848  -412.173173682
   331.000  -412.355531589  -412.238968764  -412.182365005  -412.355531589  -412.173308172
   331.500  -412.368769745  -412.251921204  -412.195484329  -412.368769745  -412.173520732
   332.000  -412.381022139  -412.263449338  -412.206932895  -412.381022139  -412.173783722
   332.500  -412.388820712  -412.270032739  -412.213140726  -412.388820712  -412.174018166
   333.000  -412.389569663  -412.269048586  -412.211435171  -412.389569663  -412.173996469
   333.500  -412.384852051  -412.262087974  -412.203378445  -412.384852051  -412.173528014
   334.000  -412.382247571  -412.256784387  -412.196614428  -412.382247571  -412.173094172
   334.500  -412.387960000  -412.259456047  -412.197521658  -412.387960000  -412.173453047
   335.000  -412.397192667  -412.265514884  -412.201694309  -412.397192667  -412.174120141
   335.500  -412.400372870  -412.265877120  -412.201150197  -412.400372870  -412.174130506
   336.000  -412.396145991  -412.258925330  -412.193735077  -412.396145991  -412.173770504
   336.500  -412.390151678  -412.250263184  -412.184238350  -412.390151678  -412.173431749
   337.000  -412.386951833  -412.244326124  -412.177408874  -412.386951833  -412.173494251
   337.500  -412.385771424  -412.240279661  -412.172627693  -412.385771424  -412.173665813
   338.000  -412.384044386  -412.235504545  -412.167406370  -412.384044386  -412.173693384
   338.500  -412.380999616  -412.229188582  -412.160984334  -412.380999616  -412.173611517
   339.000  -412.377495606  -412.222156681  -412.154194856  -412.377495606  -412.173527134
   339.500  -412.374554887  -412.215357525  -412.148027566  -412.374554887  -412.173481638
   340.000  -412.371548167  -412.200070727  -412.154679958  -412.371548167  -412.172957590
   340.500  -412.369332780  -412.195424837  -412.151682652  -412.369332780  -412.173000177
   341.000  -412.367041569  -412.191711159  -412.148027035  -412.367041569  -412.173083315
   341.500  -412.363446566  -412.187726924  -412.142561102  -412.363446566  -412.173198609
   342.000  -412.357253198  -412.182081576  -412.134013010  -412.357253198  -412.173231313
   342.500  -412.349012370  -412.175109458  -412.122947736  -412.349012370  -412.172945657
   343.000  -412.344027704  -412.171879119  -412.114672991  -412.344027704  -412.172436393
   343.500  -412.349874977  -412.179829269  -412.116725969  -412.349874977  -412.172483844
   344.000  -412.365859260  -412.198282377  -412.128265917  -412.365859260  -412.173239362
   344.500  -412.381806470  -412.217666085  -412.137372842  -412.381806470  -412.172696921
   345.000  -412.386868617  -412.236380850  -412.142051392  -412.386868617  -412.169942159
   345.500  -412.386067802  -412.241734730  -412.145965774  -412.386067802  -412.169503187
   346.000  -412.386092228  -412.247744527  -412.151314403  -412.386092228  -412.169458291
   346.500  -412.387582821  -412.255180149  -412.158401211  -412.387582821  -412.169675950
   347.000  -412.387357489  -412.260729917  -412.163668031  -412.387357489  -412.169743928
   347.500  -412.383998750  -412.262756874  -412.165352429  -412.383998750  -412.169616495
   348.000  -412.378959316  -412.262532844  -412.164670575  -412.378959316  -412.169443783
   348.500  -412.374602647  -412.262320480  -412.163854764  -412.374602647  -412.169327896
   349.000  -412.372615894  -412.263768802  -412.164539906  -412.372615894  -412.169296964
   349.500  -412.373475759  -412.267348705  -412.167201915  -412.373475759  -412.169347435
   350.000  -412.376452563  -412.272327875  -412.171134862  -412.376452563  -412.169471003
   350.500  -412.379759889  -412.276902520  -412.174581199  -412.379759889  -412.169652543
   351.000  -412.380893617  -412.278528876  -412.175063629  -412.380893617  -412.169826134
   351.500  -412.377799684  -412.275093175  -412.170557339  -412.377799684  -412.169806789
   352.000  -412.371553443  -412.267602273  -412.162181049  -412.371553443  -412.169426891
   352.500  -412.368024142  -412.261873316  -412.155873367  -412.368024142  -412.169062617
   353.000  -412.372099162  -412.262794919  -412.156622963  -412.372099162  -412.169382514
   353.500  -412.379294719  -412.265967399  -412.160082690  -412.379294719  -412.170014957
   354.000  -412.380608894  -412.262553833  -412.157439467  -412.380608894  -412.170139924
   354.500  -412.373558982  -412.250294172  -412.146475343  -412.373558982  -412.169724523
   355.000  -412.363330679  -412.234625114  -412.132715961  -412.363330679  -412.169273261
   355.500  -412.355995935  -412.221870707  -412.122625543  -412.355995935  -412.169186700
   356.000  -412.352914275  -412.213624729  -412.117936775  -412.352914275  -412.169376462
   356.500  -412.351625081  -412.207635710  -412.116426242  -412.351625081  -412.169518554
   357.000  -412.350075815  -412.202039658  -412.115944583  -412.350075815  -412.169493509
   357.500  -412.348462052  -412.197176435  -412.116206239  -412.348462052  -412.169382705
   358.000  -412.348277664  -412.194605015  -412.118109625  -412.348277664  -412.169285529
   358.500  -412.350897806  -412.195692253  -412.122587983  -412.350897806  -412.169253968
   359.000  -412.356750039  -412.200828800  -412.129806800  -412.356750039  -412.169311408
   359.500  -412.364933098  -412.209080803  -412.138715412  -412.364933098  -412.169469661
   360.000  -412.373105439  -412.218105798  -412.146850551  -412.373105439  -412.169699784
   360.500  -412.373479711  -412.210810731  -412.196299189  -412.373479711  -412.165705541
   361.000  -412.372002982  -412.211330379  -412.194954328  -412.372002982  -412.165593671
   361.500  -412.373964850  -412.224718033  -412.151526622  -412.373964850  -412.172134414
   362.000  -412.372836859  -412.225569950  -412.153629072  -412.372836859  -412.171843049
   362.500  -412.373728050  -412.218629545  -412.194320750  -412.373728050  -412.165965098
   363.000  -412.382666602  -412.229142236  -412.201659930  -412.382666602  -412.166626231
   363.500  -412.389726256  -412.247284843  -412.179033395  -412.389726256  -412.172502313
   364.000  -412.382700183  -412.241379892  -412.174621238  -412.382700183  -412.171977018
   364.500  -412.374619313  -412.234239905  -412.168906813  -412.374619313  -412.171628598
   365.000  -412.370246617  -412.230614543  -412.166588228  -412.370246617  -412.171772788
   365.500  -412.367658348  -412.228549922  -412.165672877  -412.367658348  -412.172003175
   366.000  -412.363340740  -412.224488608  -412.162586647  -412.363340740  -412.172021834
   366.500  -412.356558364  -412.217648458  -412.156560475  -412.356558364  -412.171904342
   367.000  -412.348724161  -412.209410215  -412.149011302  -412.348724161  -412.171775424
   367.500  -412.341626983  -412.201562606  -412.141769427  -412.341626983  -412.171684045
   368.000  -412.336581598  -412.195464731  -412.136222881  -412.336581598  -412.171648275
   368.500  -412.334080166  -412.191709198  -412.132970539  -412.334080166  -412.171698637
   369.000  -412.332533480  -412.179912969  -412.148365722  -412.332533480  -412.170832622
   369.500  -412.331868602  -412.177938118  -412.148575166  -412.331868602  -412.171084789
   370.000  -412.327649360  -412.172600145  -412.144770129  -412.327649360  -412.171290864
   370.500  -412.317899424  -412.162006280  -412.134903197  -412.317899424  -412.171115844
   371.000  -412.306462839  -412.150035278  -412.122790704  -412.306462839  -412.170508045
   371.500  -412.302427194  -412.145744560  -412.117560714  -412.302427194  -412.170337386
   372.000  -412.308204795  -412.151479853  -412.121726113  -412.308204795  -412.171026007
   372.500  -412.314595728  -412.157993648  -412.126229205  -412.314595728  -412.171501610
   373.000  -412.314677487  -412.158373542  -412.124309933  -412.314677487  -412.171162879
   373.500  -412.312506904  -412.156741023  -412.120161235  -412.312506904  -412.170611442
   374.000  -412.315255829  -412.160410426  -412.120902033  -412.315255829  -412.170584322
   374.500  -412.321890997  -412.178217986  -412.122959019  -412.321890997  -412.170040578
   375.000  -412.328726781  -412.186513949  -412.130322084  -412.328726781  -412.170201014
   375.500  -412.331893427  -412.191324287  -412.133896004  -412.331893427  -412.170072085
   376.000  -412.332597067  -412.193839177  -412.134851596  -412.332597067  -412.169850773
   376.500  -412.333766783  -412.196966336  -412.136078342  -412.333766783  -412.169684803
   377.000  -412.337774686  -412.203071840  -412.139894315  -412.337774686  -412.169619644
   377.500  -412.345584338  -412.213111256  -412.147214402  -412.345584338  -412.169652845
   378.000  -412.356677876  -412.226487394  -412.157526135  -412.356677876  -412.169784739
   378.500  -412.369054253  -412.241054133  -412.168889736  -412.369054253  -412.170029269
   379.000  -412.379185205  -412.253186810  -412.177819171  -412.379185205  -412.170353071
   379.500  -412.382841788  -412.258623007  -412.180079692  -412.382841788  -412.170543544
   380.000  -412.378754755  -412.256127356  -412.173942580  -412.378754755  -412.170468200
   380.500  -412.372365099  -412.250917932  -412.165804310  -412.372365099  -412.169795508
   381.000  -412.373241966  -412.253261031  -412.165212650  -412.373241966  -412.169556816
   381.500  -412.380876367  -412.261566588  -412.170618115  -412.380876367  -412.170389883
   382.000  -412.383157332  -412.264331821  -412.170466421  -412.383157332  -412.170736211
   382.500  -412.373978193  -412.255494075  -412.158686282  -412.373978193  -412.170338856
   383.000  -412.357826698  -412.239544859  -412.139788908  -412.357826698  -412.169769056
   383.500  -412.342350489  -412.224101626  -412.121471475  -412.342350489  -412.169516039
   384.000  -412.331197907  -412.212769009  -412.107487312  -412.331197907  -412.169598046
   384.500  -412.323314507  -412.204452743  -412.096930080  -412.323314507  -412.169727410
   385.000  -412.316698689  -412.197123883  -412.087945627  -412.316698689  -412.169724608
   385.500  -412.311079493  -412.190497869  -412.080366829  -412.311079493  -412.169620462
   386.000  -412.307713142  -412.185830517  -412.075491799  -412.307713142  -412.169514551
   386.500  -412.308008716  -412.184543168  -412.074715927  -412.308008716  -412.169475793
   387.000  -412.312473069  -412.187167865  -412.078497426  -412.312473069  -412.169531824
   387.500  -412.320256175  -412.192892444  -412.085925470  -412.320256175  -412.169687761
   388.000  -412.329107797  -412.199514152  -412.094692751  -412.329107797  -412.169918947
   388.500  -412.335913207  -412.203966908  -412.101634976  -412.335913207  -412.170101596
   389.000  -412.338743425  -412.204357579  -412.104773005  -412.338743425  -412.169960711
   389.500  -412.340622138  -412.203723167  -412.107068366  -412.340622138  -412.169395550
   390.000  -412.349919124  -412.210439466  -412.116820634  -412.349919124  -412.169075263
   390.500  -412.370902828  -412.228817521  -412.138246397  -412.370902828  -412.169587920
   391.000  -412.396411160  -412.251800027  -412.164171521  -412.396411160  -412.170254918
   391.500  -412.416410695  -412.269488534  -412.184579731  -412.416410695  -412.170431614
   392.000  -412.427265965  -412.278358976  -412.195860956  -412.427265965  -412.170233083
   392.500  -412.431080980  -412.280577812  -412.200146189  -412.431080980  -412.169951902
   393.000  -412.431633883  -412.279937892  -412.201239347  -412.431633883  -412.169765959
   393.500  -412.431636505  -412.279129881  -412.201869937  -412.431636505  -412.169727228
   394.000  -412.431852470  -412.278873073  -412.202812899  -412.431852470  -412.169788436
   394.500  -412.431672454  -412.278507294  -412.203492827  -412.431672454  -412.169859499
   395.000  -412.430335511  -412.277234335  -412.203248222  -412.430335511  -412.169874790
   395.500  -412.427830056  -412.275032877  -412.202235060  -412.427830056  -412.169833236
   396.000  -412.424892442  -412.272656278  -412.201353391  -412.424892442  -412.169790337
   396.500  -412.422207217  -412.270825378  -412.201354247  -412.422207217  -412.169819215
   397.000  -412.419474286  -412.269200742  -412.201839141  -412.419474286  -412.169964249
   397.500  -412.414818017  -412.266137944  -412.200550722  -412.414818017  -412.170147156
   398.000  -412.406532814  -412.259141825  -412.194770818  -412.406532814  -412.170801008
   398.500  -412.393826098  -412.248961119  -412.185361646  -412.393826098  -412.170424993
   399.000  -412.383186225  -412.241218268  -412.177766368  -412.383186225  -412.169956227
   399.500  -412.381088863  -412.242333217  -412.178435576  -412.381088863  -412.170109161
   400.000  -412.385622196  -412.250317946  -412.185513851  -412.385622196  -412.170654452
   400.500  -412.389403167  -412.257675239  -412.191722843  -412.389403167  -412.170812001
   401.000  -412.389661596  -412.261486869  -412.194397262  -412.389661596  -412.170594268
   401.500  -412.388695140  -412.263896185  -412.195897101  -412.388695140  -412.170501615
   402.000  -412.387520987  -412.265788928  -412.197242890  -412.387520987  -412.170677717
   402.500  -412.383776469  -412.264705603  -412.196026359  -412.383776469  -412.170858630
   403.000  -412.374941927  -412.258060747  -412.189650832  -412.374941927  -412.170876001
   403.500  -412.360714980  -412.245511018  -412.177720199  -412.360714980  -412.170761117
   404.000  -412.342809106  -412.228753752  -412.161839797  -412.342809106  -412.170554917
   404.500  -412.324405166  -412.210992763  -412.145078542  -412.324405166  -412.170268868
   405.000  -412.309469485  -412.196865568  -412.132171960  -412.309469485  -412.169492656
   405.500  -412.303149846  -412.190097011  -412.126164789  -412.303149846  -412.169424266
   406.000  -412.305795940  -412.191784657  -412.128279146  -412.305795940  -412.169689036
   406.500  -412.313604489  -412.198130273  -412.134753200  -412.313604489  -412.170132354
   407.000  -412.320318035  -412.202863627  -412.139483476  -412.320318035  -412.170466596
   407.500  -412.321549504  -412.201569741  -412.138286203  -412.321549504  -412.170414816
   408.000  -412.318800673  -412.195718529  -412.132853660  -412.318800673  -412.169934133
   408.500  -412.319331731  -412.192552239  -412.130594585  -412.319331731  -412.169628631
   409.000  -412.327439274  -412.196376173  -412.135913308  -412.327439274  -412.170087868
   409.500  -412.337004128  -412.201116755  -412.142769451  -412.337004128  -412.170722509
   410.000  -412.339417122  -412.198249880  -412.142621224  -412.339417122  -412.170647648
   410.500  -412.335914534  -412.189134129  -412.136752833  -412.335914534  -412.169864825
   411.000  -412.337189385  -412.184612835  -412.135855599  -412.337189385  -412.169429226
   411.500  -412.348905105  -412.190525521  -412.145519233  -412.348905105  -412.169937263
   412.000  -412.364039946  -412.200054178  -412.158602989  -412.364039946  -412.170493004
   412.500  -412.374021670  -412.204858501  -412.166428753  -412.374021670  -412.170528666
   413.000  -412.377146105  -412.203484689  -412.167236484  -412.377146105  -412.170301004
   413.500  -412.375961908  -412.198720570  -412.163577138  -412.375961908  -412.170103390
   414.000  -412.373079402  -412.193350812  -412.158130452  -412.373079402  -412.170023494
   414.500  -412.369641520  -412.188567780  -412.152188396  -412.369641520  -412.170033459
   415.000  -412.365604652  -412.184225816  -412.145924909  -412.365604652  -412.170066986
   415.500  -412.360681947  -412.179815451  -412.139292070  -412.360681947  -412.170064146
   416.000  -412.355204823  -412.175405565  -412.132808501  -412.355204823  -412.170014571
   416.500  -412.350513873  -412.172862956  -412.127748155  -412.350513873  -412.170170212
   417.000  -412.347851768  -412.171534546  -412.125974774  -412.347851768  -412.170027425
   417.500  -412.350100922  -412.175054032  -412.129912954  -412.350100922  -412.169885861
   418.000  -412.359188462  -412.185292109  -412.141341722  -412.359188462  -412.170168594
   418.500  -412.370742184  -412.197875808  -412.155706157  -412.370742184  -412.170941036
   419.000  -412.373792885  -412.201874179  -412.161848762  -412.373792885  -412.171543092
   419.500  -412.360220287  -412.189208374  -412.151467365  -412.360220287  -412.171307748
   420.000  -412.334667556  -412.164525943  -412.129024696  -412.334667556  -412.170113865
   420.500  -412.314731452  -412.145374122  -412.111941337  -412.314731452  -412.169255612
   421.000  -412.312319320  -412.143143844  -412.112287564  -412.312319320  -412.169799118
   421.500  -412.319462807  -412.150582083  -412.121124502  -412.319462807  -412.170545635
   422.000  -412.324073173  -412.155286675  -412.126675033  -412.324073173  -412.170566046
   422.500  -412.323927042  -412.154923358  -412.126645083  -412.323927042  -412.170238876
   423.000  -412.322654401  -412.153073043  -412.124632176  -412.322654401  -412.169961561
   423.500  -412.323916488  -412.153356853  -412.124317184  -412.323916488  -412.169838047
   424.000  -412.329404768  -412.157437118  -412.127460104  -412.329404768  -412.169855176
   424.500  -412.338795148  -412.164977426  -412.133842990  -412.338795148  -412.169989120
   425.000  -412.350066704  -412.173962885  -412.141571286  -412.350066704  -412.170218261
   425.500  -412.359932324  -412.181122583  -412.147483390  -412.359932324  -412.170478070
   426.000  -412.365017525  -412.183092851  -412.148309429  -412.365017525  -412.170587389
   426.500  -412.364624944  -412.179168766  -412.143423743  -412.364624944  -412.170319961
   427.000  -412.363492407  -412.174068992  -412.137611123  -412.363492407  -412.169849129
   427.500  -412.368616448  -412.174791862  -412.137919110  -412.368616448  -412.169830033
   428.000  -412.380463711  -412.181864699  -412.144902394  -412.380463711  -412.170337260
   428.500  -412.391879164  -412.188262230  -412.151542776  -412.391879164  -412.170839404
   429.000  -412.395189699  -412.186485965  -412.150348269  -412.395189699  -412.171141098
   429.500  -412.386034156  -412.172357093  -412.137171816  -412.386034156  -412.171130740
   430.000  -412.365747658  -412.147373659  -412.113588730  -412.365747658  -412.170460075
   430.500  -412.345255429  -412.122585621  -412.090806045  -412.345255429  -412.169462105
   431.000  -412.338723002  -412.112353412  -412.083317572  -412.338723002  -412.169455238
   431.500  -412.346525555  -412.117756256  -412.091316976  -412.346525555  -412.170227207
   432.000  -412.357467109  -412.128180743  -412.102992407  -412.357467109  -412.170575846
   432.500  -412.364823547  -412.136834344  -412.111555006  -412.364823547  -412.170434244
   433.000  -412.369089838  -412.143970976  -412.117598997  -412.369089838  -412.170228591
   433.500  -412.372507682  -412.151486329  -412.123316760  -412.372507682  -412.170169884
   434.000  -412.375649093  -412.159679547  -412.128960672  -412.375649093  -412.170290775
   434.500  -412.376733497  -412.166660271  -412.132392944  -412.376733497  -412.170534855
   435.000  -412.372514676  -412.169118290  -412.130183281  -412.372514676  -412.170743630
   435.500  -412.360822708  -412.164778010  -412.120173928  -412.360822708  -412.170629247
   436.000  -412.344613141  -412.156395127  -412.105517775  -412.344613141  -412.170056554
   436.500  -412.332957920  -412.152735191  -412.095594874  -412.332957920  -412.169590402
   437.000  -412.332675238  -412.160264462  -412.097419902  -412.332675238  -412.169878443
   437.500  -412.339873801  -412.174819920  -412.106999175  -412.339873801  -412.170466172
   438.000  -412.345726430  -412.187428397  -412.115214439  -412.345726430  -412.170714276
   438.500  -412.345640615  -412.193407500  -412.117184225  -412.345640615  -412.170629833
   439.000  -412.340146285  -412.193199729  -412.113219805  -412.340146285  -412.170436432
   439.500  -412.331971642  -412.189440986  -412.105911818  -412.331971642  -412.170218836
   440.000  -412.324626304  -412.185555694  -412.098726984  -412.324626304  -412.169906610
   440.500  -412.322897648  -412.186254555  -412.096530019  -412.322897648  -412.169549081
   441.000  -412.331611210  -412.196278799  -412.104387505  -412.331611210  -412.169532486
   441.500  -412.350646266  -412.215405928  -412.122662308  -412.350646266  -412.169983203
   442.000  -412.373615870  -412.237251244  -412.145658002  -412.373615870  -412.170431807
   442.500  -412.393848312  -412.255455435  -412.167013430  -412.393848312  -412.170582003
   443.000  -412.408564383  -412.267590085  -412.183609868  -412.408564383  -412.170576062
   443.500  -412.417437944  -412.273458366  -412.194725667  -412.417437944  -412.170591560
   444.000  -412.420273159  -412.272886127  -412.199885151  -412.420273159  -412.170626748
   444.500  -412.417152427  -412.265940497  -412.198948713  -412.417152427  -412.170478092
   445.000  -412.411262571  -412.255784309  -412.194946988  -412.411262571  -412.169981580
   445.500  -412.410394830  -412.250209603  -412.195592774  -412.410394830  -412.169558532
   446.000  -412.420469441  -412.255187854  -412.206775437  -412.420469441  -412.169837174
   446.500  -412.437402722  -412.266737296  -412.224407835  -412.437402722  -412.170443099
   447.000  -412.451920628  -412.275742575  -412.239237045  -412.451920628  -412.170705741
   447.500  -412.458957380  -412.277350355  -412.246269505  -412.458957380  -412.170622996
   448.000  -412.458639925  -412.271956643  -412.245736991  -412.458639925  -412.170471985
   448.500  -412.452641781  -412.261562355  -412.239413655  -412.452641781  -412.170395186
   449.000  -412.441971707  -412.247576452  -412.228351367  -412.441971707  -412.170341685
   449.500  -412.427500197  -412.231399293  -412.213363774  -412.427500197  -412.170170802
   450.000  -412.411784652  -412.217279065  -412.196136237  -412.411784652  -412.169637172
   450.500  -412.399700369  -412.206219867  -412.184042367  -412.399700369  -412.169440923
   451.000  -412.393562596  -412.202407147  -412.178540855  -412.393562596  -412.169595228
   451.500  -412.391377424  -412.203805397  -412.177785854  -412.391377424  -412.169913441
   452.000  -412.388815929  -412.205970811  -412.177477573  -412.388815929  -412.170133336
   452.500  -412.382667850  -412.205552287  -412.174271990  -412.382667850  -412.170241941
   453.000  -412.371347332  -412.200789720  -412.166353701  -412.371347332  -412.170307614
   453.500  -412.354301721  -412.190895854  -412.152943277  -412.354301721  -412.170251929
   454.000  -412.333297057  -412.177275187  -412.135674643  -412.333297057  -412.169874503
   454.500  -412.314753075  -412.166167787  -412.120736671  -412.314753075  -412.169317890
   455.000  -412.306980043  -412.165885490  -412.116211692  -412.306980043  -412.169223500
   455.500  -412.311299534  -412.177506088  -412.123351005  -412.311299534  -412.169731624
   456.000  -412.320337569  -412.193739004  -412.134440611  -412.320337569  -412.170169217
   456.500  -412.326466535  -412.222106549  -412.142249874  -412.326466535  -412.169682052
   457.000  -412.328674205  -412.229352237  -412.151154822  -412.328674205  -412.169567450
   457.500  -412.327328551  -412.232221530  -412.155568669  -412.327328551  -412.169452892
   458.000  -412.323924049  -412.232148460  -412.156888973  -412.323924049  -412.169414753
   458.500  -412.319070592  -412.229688370  -412.155648474  -412.319070592  -412.169466646
   459.000  -412.312286941  -412.224312692  -412.151301789  -412.312286941  -412.169551782
   459.500  -412.302999083  -412.215405379  -412.143216411  -412.302999083  -412.169482298
   460.000  -412.293263214  -412.204980056  -412.133385246  -412.293263214  -412.169077092
   460.500  -412.289679808  -412.199590647  -412.128333069  -412.289679808  -412.168651487
   461.000  -412.298317469  -412.205265508  -412.134047789  -412.298317469  -412.168857511
   461.500  -412.316117837  -412.218931607  -412.147403868  -412.316117837  -412.169534100
   462.000  -412.333010880  -412.230538989  -412.158283232  -412.333010880  -412.170020778
   462.500  -412.341130371  -412.232275368  -412.158788890  -412.341130371  -412.170122539
   463.000  -412.338634403  -412.222389164  -412.147078959  -412.338634403  -412.169865704
   463.500  -412.329687646  -412.205176828  -412.127381832  -412.329687646  -412.169286565
   464.000  -412.323099488  -412.189616919  -412.108663940  -412.323099488  -412.168807523
   464.500  -412.325793455  -412.182786650  -412.098108628  -412.325793455  -412.168944517
   465.000  -412.336071862  -412.182656801  -412.094246344  -412.336071862  -412.169266917
   465.500  -412.343752132  -412.184445611  -412.095677549  -412.343752132  -412.166532255
   466.000  -412.349850957  -412.179474943  -412.092648485  -412.349850957  -412.166677462
   466.500  -412.350646784  -412.170568099  -412.085847230  -412.350646784  -412.166500912
   467.000  -412.348237741  -412.160649057  -412.076917664  -412.348237741  -412.166315419
   467.500  -412.345359999  -412.152070892  -412.068223040  -412.345359999  -412.166191625
   468.000  -412.344000168  -412.146566312  -412.061887204  -412.344000168  -412.166133890
   468.500  -412.345165261  -412.145021419  -412.059180741  -412.345165261  -412.166149420
   469.000  -412.348782495  -412.147256606  -412.060319134  -412.348782495  -412.166210883
   469.500  -412.354160074  -412.152263725  -412.065019048  -412.354160074  -412.166181230
   470.000  -412.357683608  -412.156907548  -412.084437198  -412.357683608  -412.162835141
   470.500  -412.369249382  -412.162544478  -412.106181198  -412.369249382  -412.164025257
   471.000  -412.385288739  -412.182839038  -412.130289947  -412.385288739  -412.164246173
   471.500  -412.403696780  -412.206756386  -412.156831422  -412.403696780  -412.164837490
   472.000  -412.416465013  -412.226231879  -412.177424727  -412.416465013  -412.165239907
   472.500  -412.418416777  -412.236056291  -412.186589145  -412.418416777  -412.165058457
   473.000  -412.412341614  -412.240234251  -412.186817037  -412.412341614  -412.164639393
   473.500  -412.406169342  -412.250976843  -412.188828503  -412.406169342  -412.164452919
   474.000  -412.403496685  -412.258436112  -412.201926094  -412.403496685  -412.164727489
   474.500  -412.400236138  -412.264896267  -412.213780147  -412.400236138  -412.164940918
   475.000  -412.392966182  -412.266655471  -412.220345369  -412.392966182  -412.164869336
   475.500  -412.382148633  -412.263909319  -412.221642748  -412.382148633  -412.164667832
   476.000  -412.370414882  -412.259044779  -412.220004609  -412.370414882  -412.164483654
   476.500  -412.360407265  -412.254504464  -412.217890502  -412.360407265  -412.164365291
   477.000  -412.353905526  -412.251925165  -412.216992260  -412.353905526  -412.164314855
   477.500  -412.351690784  -412.252001428  -412.218065914  -412.351690784  -412.164328897
   478.000  -412.353567395  -412.254499283  -412.220930197  -412.353567395  -412.164405167
   478.500  -412.358416137  -412.258303968  -412.224508301  -412.358416137  -412.164524574
   479.000  -412.364534795  -412.261761579  -412.227180255  -412.364534795  -412.164617938
   479.500  -412.370675543  -412.263721336  -412.227845614  -412.370675543  -412.164585679
   480.000  -412.377332269  -412.264821325  -412.227228983  -412.377332269  -412.164469391
   480.500  -412.385965159  -412.266699368  -412.227090904  -412.385965159  -412.164543126
   481.000  -412.395492726  -412.268469120  -412.226681155  -412.395492726  -412.164848125
   481.500  -412.402045818  -412.266473746  -412.222490642  -412.402045818  -412.164920073
   482.000  -412.404744343  -412.260076811  -412.214054945  -412.404744343  -412.164616909
   482.500  -412.407232283  -412.253423433  -412.205423384  -412.407232283  -412.164614541
   483.000  -412.410403891  -412.255641323  -412.196201281  -412.410403891  -412.164450118
   483.500  -412.411900753  -412.249175594  -412.188993304  -412.411900753  -412.164601747
   484.000  -412.408791706  -412.238438795  -412.179072068  -412.408791706  -412.164461059
   484.500  -412.402683279  -412.225195503  -412.167829842  -412.402683279  -412.164220497
   485.000  -412.396817183  -412.213007014  -412.157884162  -412.396817183  -412.164053253
   485.500  -412.393659245  -412.204762595  -412.151426092  -412.393659245  -412.163982787
   486.000  -412.394365386  -412.201983923  -412.149578084  -412.394365386  -412.163971820
   486.500  -412.399104175  -412.204984572  -412.152256722  -412.399104175  -412.164018032
   487.000  -412.407130735  -412.213035574  -412.158354731  -412.407130735  -412.164125815
   487.500  -412.416762762  -412.224400516  -412.165928656  -412.416762762  -412.164288641
   488.000  -412.425526048  -412.236404351  -412.172401626  -412.425526048  -412.164476683
   488.500  -412.431165519  -412.240959116  -412.180717533  -412.431165519  -412.165310516
   489.000  -412.430361605  -412.246839851  -412.177419920  -412.430361605  -412.165330099
   489.500  -412.423954581  -412.247430908  -412.168623006  -412.423954581  -412.165292576
   490.000  -412.413402737  -412.249161494  -412.240330290  -412.413402737  -412.165547726
   490.500  -412.397024039  -412.246253900  -412.125084164  -412.397024039  -412.163784989
   491.000  -412.382604251  -412.224618635  -412.220862176  -412.382604251  -412.165328225
   491.500  -412.370140589  -412.215901156  -412.211589995  -412.370140589  -412.165214228
   492.000  -412.362733531  -412.212221390  -412.205924828  -412.362733531  -412.165648470
   492.500  -412.354242850  -412.206777357  -412.198319745  -412.354242850  -412.165926527
   493.000  -412.340031405  -412.194755066  -412.184305346  -412.340031405  -412.165754643
   493.500  -412.321693722  -412.177693294  -412.165521100  -412.321693722  -412.165408085
   494.000  -412.303844048  -412.160167301  -412.146594946  -412.303844048  -412.165122003
   494.500  -412.290614460  -412.146275116  -412.131675408  -412.290614460  -412.164960035
   495.000  -412.284445618  -412.138433827  -412.123242213  -412.284445618  -412.164907415
   495.500  -412.286145377  -412.137445705  -412.122173719  -412.286145377  -412.164936880
   496.000  -412.295235393  -412.142853528  -412.128091175  -412.295235393  -412.165030398
   496.500  -412.310213849  -412.153216606  -412.139605725  -412.310213849  -412.165181070
   497.000  -412.328685594  -412.166264141  -412.154419079  -412.328685594  -412.165384511
   497.500  -412.347493268  -412.179074155  -412.169408598  -412.347493268  -412.165617260
   498.000  -412.363161264  -412.188624028  -412.180976859  -412.363161264  -412.165813491
   498.500  -412.372927393  -412.192936878  -412.186012475  -412.372927393  -412.165897512
   499.000  -412.375737435  -412.191506567  -412.185436491  -412.375737435  -412.165679110
   499.500  -412.372858372  -412.184657256  -412.178386589  -412.372858372  -412.165620499
   500.000  -412.366243036  -412.174770165  -412.168218911  -412.366243036  -412.165312682
