     0.000  -412.494271667  -412.315644582  -412.266456524  -412.266456524  -412.248315702
     0.500  -412.495814240  -412.320224404  -412.271572604  -412.271572604  -412.248391595
     1.000  -412.499244847  -412.326997503  -412.279049920  -412.279049920  -412.248513536
     1.500  -412.502749483  -412.334088984  -412.287005358  -412.287005358  -412.248680577
     2.000  -412.503927089  -412.339028457  -412.292968617  -412.292968617  -412.248871861
     2.500  -412.500269446  -412.339214416  -412.294355344  -412.294355344  -412.249000011
     3.000  -412.490639480  -412.333385839  -412.289950202  -412.289950202  -412.248876470
     3.500  -412.477920344  -412.324275674  -412.282569346  -412.282569346  -412.248399913
     4.000  -412.469701052  -412.319325024  -412.279759083  -412.279759083  -412.247998957
     4.500  -412.471721333  -412.324175780  -412.287246207  -412.287246207  -412.248261507
     5.000  -412.480231687  -412.335064122  -412.301271788  -412.301271788  -412.248850639
     5.500  -412.486398409  -412.343209796  -412.312970327  -412.312970327  -412.249121652
     6.000  -412.485352635  -412.343822209  -412.317402714  -412.317402714  -412.249032582
     6.500  -412.477683261  -412.337569475  -412.315037107  -412.315037107  -412.248823332
     7.000  -412.466313921  -412.327460053  -412.308619233  -412.308619233  -412.248645552
     7.500  -412.454110754  -412.316471659  -412.300785195  -412.300785195  -412.248532322
     8.000  -412.443139977  -412.306800679  -412.293369207  -412.293369207  -412.248459183
     8.500  -412.434808976  -412.299897595  -412.287667070  -412.287667070  -412.248387929
     9.000  -412.430163600  -412.296632084  -412.284868905  -412.284868905  -412.248325061
     9.500  -412.429936816  -412.297462332  -412.285947548  -412.285947548  -412.248313669
    10.000  -412.434255087  -412.302428459  -412.291042344  -412.291042344  -412.248397353
    10.500  -412.442148255  -412.310768892  -412.298847114  -412.298847114  -412.248587294
    11.000  -412.451173928  -412.320286904  -412.306518324  -412.306518324  -412.248844000
    11.500  -412.457661551  -412.327235674  -412.310344621  -412.327235674  -412.249083634
    12.000  -412.460128958  -412.334163232  -412.306713775  -412.334163232  -412.249217862
    12.500  -412.455678649  -412.336551782  -412.295852786  -412.336551782  -412.248760380
    13.000  -412.450674677  -412.342370663  -412.286786713  -412.342370663  -412.248281674
    13.500  -412.454016067  -412.357173097  -412.291322196  -412.357173097  -412.248591569
    14.000  -412.463439788  -412.375067712  -412.306252139  -412.375067712  -412.249191438
    14.500  -412.468201689  -412.386981973  -412.317393226  -412.386981973  -412.249511119
    15.000  -412.462164271  -412.387154233  -412.317722645  -412.387154233  -412.249351809
    15.500  -412.446611832  -412.376975291  -412.308192319  -412.376975291  -412.249003698
    16.000  -412.426315086  -412.361273335  -412.293427770  -412.361273335  -412.248661634
    16.500  -412.406339751  -412.345167405  -412.278434522  -412.345167405  -412.248406863
    17.000  -412.390554701  -412.332587593  -412.267058572  -412.332587593  -412.248274012
    17.500  -412.380996863  -412.325639697  -412.261322766  -412.325639697  -412.248263239
    18.000  -412.377826384  -412.324557551  -412.261366855  -412.324557551  -412.248338826
    18.500  -412.379835716  -412.328205084  -412.265947756  -412.328205084  -412.248451244
    19.000  -412.385168250  -412.334789110  -412.273158117  -412.334789110  -412.248575682
    19.500  -412.391698007  -412.342239117  -412.280816730  -412.342239117  -412.248733127
    20.000  -412.396821981  -412.347997414  -412.286283122  -412.347997414  -412.248958765
    20.500  -412.397162090  -412.348722044  -412.286188421  -412.348722044  -412.249204580
    21.000  -412.389654948  -412.341365289  -412.277554126  -412.341365289  -412.249205662
    21.500  -412.375519944  -412.327130261  -412.261765062  -412.327130261  -412.248650252
    22.000  -412.363706847  -412.314915709  -412.247973308  -412.314915709  -412.247988889
    22.500  -412.363597126  -412.314051390  -412.245703529  -412.314051390  -412.248190130
    23.000  -412.372542818  -412.321882301  -412.252320033  -412.321882301  -412.248839144
    23.500  -412.380934484  -412.328839788  -412.258134922  -412.328839788  -412.249034516
    24.000  -412.384555267  -412.330761480  -412.258855864  -412.330761480  -412.248837936
    24.500  -412.385109802  -412.329394759  -412.256162550  -412.329394759  -412.248616728
    25.000  -412.385347597  -412.327509826  -412.252830074  -412.327509826  -412.248506079
    25.500  -412.386753894  -412.326599587  -412.250398294  -412.326599587  -412.248471429
    26.000  -412.389785736  -412.327119565  -412.249387822  -412.327119565  -412.248453113
    26.500  -412.394657252  -412.329278153  -412.250069179  -412.329278153  -412.248426042
    27.000  -412.401709785  -412.333409303  -412.252824684  -412.333409303  -412.248396558
    27.500  -412.411325320  -412.339888126  -412.258061625  -412.339888126  -412.248386563
    28.000  -412.423592608  -412.348798998  -412.265883275  -412.348798998  -412.248426711
    28.500  -412.437845523  -412.359475343  -412.275636572  -412.359475343  -412.248554683
    29.000  -412.452140899  -412.369977286  -412.285400869  -412.369977286  -412.248798941
    29.500  -412.462991563  -412.376818980  -412.291733854  -412.376818980  -412.249112729
    30.000  -412.466363024  -412.375951831  -412.290682208  -412.375951831  -412.249261610
    30.500  -412.461258221  -412.366331227  -412.281382668  -412.366331227  -412.248915357
    31.000  -412.453665862  -412.353872382  -412.270020104  -412.353872382  -412.248339444
    31.500  -412.451866931  -412.346805090  -412.265135349  -412.346805090  -412.248437823
    32.000  -412.454695927  -412.344080625  -412.265840878  -412.344080625  -412.249023628
    32.500  -412.453628516  -412.337690358  -412.263746027  -412.337690358  -412.249166099
    33.000  -412.444937712  -412.324801437  -412.254843058  -412.324801437  -412.248824491
    33.500  -412.432128990  -412.309542432  -412.242142311  -412.309542432  -412.248404313
    34.000  -412.420837979  -412.297742075  -412.231025119  -412.297742075  -412.248148053
    34.500  -412.414744927  -412.293080514  -412.225264717  -412.293080514  -412.248122679
    35.000  -412.414563876  -412.295909805  -412.225991417  -412.295909805  -412.248261059
    35.500  -412.418995877  -412.304191606  -412.232251088  -412.304191606  -412.248408823
    36.000  -412.426055912  -412.315471231  -412.241990075  -412.315471231  -412.248512824
    36.500  -412.434059743  -412.327898489  -412.253308112  -412.327898489  -412.248567560
    37.000  -412.441990334  -412.340373323  -412.264985125  -412.340373323  -412.248595018
    37.500  -412.449276773  -412.352243675  -412.276270257  -412.352243675  -412.248633169
    38.000  -412.455241959  -412.362748442  -412.286320193  -412.362748442  -412.248729790
    38.500  -412.458440992  -412.370357449  -412.293540848  -412.370357449  -412.248921403
    39.000  -412.456292051  -412.372401598  -412.295232112  -412.372401598  -412.249157573
    39.500  -412.446152706  -412.366146307  -412.288683153  -412.366146307  -412.249171577
    40.000  -412.429307245  -412.352777596  -412.275173829  -412.352777596  -412.248623357
    40.500  -412.414709559  -412.341160785  -412.263707727  -412.341160785  -412.247959776
    41.000  -412.411604798  -412.340502847  -412.263584925  -412.340502847  -412.248239902
    41.500  -412.416128543  -412.346981412  -412.270948117  -412.346981412  -412.249019515
    42.000  -412.416852788  -412.349260433  -412.274332860  -412.349260433  -412.249274143
    42.500  -412.408729596  -412.342378077  -412.268646829  -412.342378077  -412.249031912
    43.000  -412.394223769  -412.328852577  -412.256317678  -412.328852577  -412.248670690
    43.500  -412.378269062  -412.313643232  -412.242248044  -412.313643232  -412.248380312
    44.000  -412.365126111  -412.301025382  -412.230674425  -412.301025382  -412.248214906
    44.500  -412.357308320  -412.293533017  -412.224100813  -412.293533017  -412.248170460
    45.000  -412.355533431  -412.291920994  -412.223258143  -412.291920994  -412.248202557
    45.500  -412.359322002  -412.295764828  -412.227701266  -412.295764828  -412.248259019
    46.000  -412.367745537  -412.304200874  -412.236538911  -412.304200874  -412.248318682
    46.500  -412.379768008  -412.316254171  -412.248743596  -412.316254171  -412.248399640
    47.000  -412.394035977  -412.330616532  -412.262935365  -412.330616532  -412.248542729
    47.500  -412.408347377  -412.345110496  -412.276896471  -412.345110496  -412.248787592
    48.000  -412.419210915  -412.356245319  -412.287168130  -412.356245319  -412.249122860
    48.500  -412.422361334  -412.359721982  -412.289550252  -412.359721982  -412.249356413
    49.000  -412.416034082  -412.353698007  -412.282365040  -412.353698007  -412.249035330
    49.500  -412.406970859  -412.344800578  -412.272458692  -412.344800578  -412.248138782
    50.000  -412.408570835  -412.346322783  -412.273323813  -412.346322783  -412.247986590
    50.500  -412.422927988  -412.360323020  -412.287076103  -412.360323020  -412.248981468
    51.000  -412.436023511  -412.372821218  -412.299632194  -412.372821218  -412.249657264
    51.500  -412.436685685  -412.372690102  -412.299721199  -412.372690102  -412.249546560
    52.000  -412.424987556  -412.359993724  -412.287320754  -412.359993724  -412.249102159
    52.500  -412.406958193  -412.340691469  -412.268371228  -412.340691469  -412.248641720
    53.000  -412.389569548  -412.321650578  -412.249753363  -412.321650578  -412.248273656
    53.500  -412.378614576  -412.308555635  -412.237166952  -412.308555635  -412.248054831
    54.000  -412.377593490  -412.304826788  -412.234029970  -412.304826788  -412.248027547
    54.500  -412.386993676  -412.310929538  -412.240779894  -412.310929538  -412.248176761
    55.000  -412.404477000  -412.324583363  -412.255078771  -412.324583363  -412.248415884
    55.500  -412.426137439  -412.342021803  -412.273076568  -412.342021803  -412.248647705
    56.000  -412.447964918  -412.359442458  -412.290864158  -412.359442458  -412.248837381
    56.500  -412.466477336  -412.373616279  -412.305086640  -412.373616279  -412.249022197
    57.000  -412.478362007  -412.381501925  -412.312568251  -412.381501925  -412.249256372
    57.500  -412.479982128  -412.379715592  -412.309818007  -412.379715592  -412.249493090
    58.000  -412.468552252  -412.365645278  -412.294234641  -412.365645278  -412.249420131
    58.500  -412.446959258  -412.342168224  -412.268993882  -412.342168224  -412.248626742
    59.000  -412.428297790  -412.322156372  -412.247581482  -412.322156372  -412.247694609
    59.500  -412.425962876  -412.318805611  -412.243686843  -412.318805611  -412.247979353
    60.000  -412.436116241  -412.328351353  -412.253468011  -412.328351353  -412.248883319
    60.500  -412.444880098  -412.337288525  -412.262668064  -412.337288525  -412.249215647
    61.000  -412.445247863  -412.338764245  -412.264000206  -412.338764245  -412.249085350
    61.500  -412.438068773  -412.333326974  -412.258508196  -412.333326974  -412.248828811
    62.000  -412.426665680  -412.324137316  -412.249470135  -412.324137316  -412.248626402
    62.500  -412.414056903  -412.314108269  -412.239678664  -412.314108269  -412.248486312
    63.000  -412.402586277  -412.305466147  -412.231229485  -412.305466147  -412.248368158
    63.500  -412.394348353  -412.300179619  -412.225973854  -412.300179619  -412.248245215
    64.000  -412.391459165  -412.300242440  -412.225804790  -412.300242440  -412.248140988
    64.500  -412.395616150  -412.307247946  -412.232237741  -412.307247946  -412.248129808
    65.000  -412.406992485  -412.321296438  -412.245326540  -412.321296438  -412.248273158
    65.500  -412.423384254  -412.340145270  -412.262824746  -412.340145270  -412.248560312
    66.000  -412.440403191  -412.359392970  -412.280370912  -412.359392970  -412.248941130
    66.500  -412.452355681  -412.373340086  -412.292351063  -412.373340086  -412.249355055
    67.000  -412.453561572  -412.376287912  -412.293205918  -412.376287912  -412.249604511
    67.500  -412.441767164  -412.365938501  -412.280832977  -412.365938501  -412.249239488
    68.000  -412.424083027  -412.349336855  -412.262506485  -412.349336855  -412.248247394
    68.500  -412.415043187  -412.340971445  -412.252894695  -412.340971445  -412.247969560
    69.000  -412.418600582  -412.344824245  -412.256012451  -412.344824245  -412.248808846
    69.500  -412.423257433  -412.349506445  -412.260358229  -412.349506445  -412.249335800
    70.000  -412.420193601  -412.346327036  -412.257100430  -412.346327036  -412.249149680
    70.500  -412.410541516  -412.336517838  -412.247387463  -412.336517838  -412.248740870
    71.000  -412.399537535  -412.325370930  -412.236496649  -412.325370930  -412.248434428
    71.500  -412.391498812  -412.317223938  -412.228791108  -412.317223938  -412.248308008
    72.000  -412.388291718  -412.313940553  -412.226167077  -412.313940553  -412.248334444
    72.500  -412.389572593  -412.315161182  -412.228278413  -412.315161182  -412.248441159
    73.000  -412.393820157  -412.319341219  -412.233561969  -412.319341219  -412.248536356
    73.500  -412.399666657  -412.325087405  -412.240572353  -412.325087405  -412.248552003
    74.000  -412.406851317  -412.332116898  -412.248952761  -412.332116898  -412.248500665
    74.500  -412.415978348  -412.341024133  -412.259222148  -412.341024133  -412.248491631
    75.000  -412.426923181  -412.351701101  -412.271205324  -412.351701101  -412.248652671
    75.500  -412.437104251  -412.361602018  -412.282320224  -412.361602018  -412.249016733
    76.000  -412.441193447  -412.365432809  -412.287277600  -412.365432809  -412.249484875
    76.500  -412.433088158  -412.357085100  -412.280028085  -412.357085100  -412.249707886
    77.000  -412.411751713  -412.335444350  -412.259581919  -412.335444350  -412.249012670
    77.500  -412.389742645  -412.312937390  -412.238528681  -412.312937390  -412.247657932
    78.000  -412.386352785  -412.308750073  -412.236169264  -412.308750073  -412.247743983
    78.500  -412.400530525  -412.321845536  -412.251422030  -412.321845536  -412.248992419
    79.000  -412.414261369  -412.334336443  -412.266213035  -412.334336443  -412.249418474
    79.500  -412.418741190  -412.337560656  -412.271677145  -412.337560656  -412.249095189
    80.000  -412.416562979  -412.334200982  -412.270358112  -412.334200982  -412.248704119
    80.500  -412.412654765  -412.329219983  -412.267151111  -412.329219983  -412.248478124
    81.000  -412.410149242  -412.325759105  -412.265175512  -412.325759105  -412.248394924
    81.500  -412.410245196  -412.325016675  -412.265637704  -412.325016675  -412.248391817
    82.000  -412.412968809  -412.327022511  -412.268587109  -412.327022511  -412.248427530
    82.500  -412.417771162  -412.331237205  -412.273507355  -412.331237205  -412.248476363
    83.000  -412.423933305  -412.336954202  -412.279710591  -412.336954202  -412.248514920
    83.500  -412.430926856  -412.343656460  -412.286691739  -412.343656460  -412.248523915
    84.000  -412.438668550  -412.351268213  -412.294375247  -412.351268213  -412.248518372
    84.500  -412.447245362  -412.359878867  -412.302840217  -412.359878867  -412.248582497
    85.000  -412.455677257  -412.368510173  -412.311093257  -412.368510173  -412.248845569
    85.500  -412.460208366  -412.373410340  -412.315379491  -412.373410340  -412.249351293
    86.000  -412.454157540  -412.367897380  -412.309058761  -412.367897380  -412.249832770
    86.500  -412.432623179  -412.347043655  -412.287328642  -412.347043655  -412.249523182
    87.000  -412.403238532  -412.318417266  -412.257973257  -412.318417266  -412.248077541
    87.500  -412.387530806  -412.303470335  -412.242661418  -412.303470335  -412.247518588
    88.000  -412.393237741  -412.309924347  -412.249150746  -412.309924347  -412.248720412
    88.500  -412.403683107  -412.321156801  -412.260615593  -412.321156801  -412.249414966
    89.000  -412.406291651  -412.324644156  -412.264249229  -412.324644156  -412.249145311
    89.500  -412.402314286  -412.321642629  -412.261087737  -412.321642629  -412.248696269
    90.000  -412.397208512  -412.317580069  -412.256439285  -412.317580069  -412.248433610
    90.500  -412.394574476  -412.316016296  -412.253832635  -412.316016296  -412.248354503
    91.000  -412.395534851  -412.318040372  -412.254382384  -412.318040372  -412.248373394
    91.500  -412.399764487  -412.323304372  -412.257801843  -412.323304372  -412.248427770
    92.000  -412.406381385  -412.330911603  -412.263275001  -412.330911603  -412.248491044
    92.500  -412.414375245  -412.339838140  -412.269870157  -412.339838140  -412.248557328
    93.000  -412.422739944  -412.349057669  -412.276658001  -412.349057669  -412.248624420
    93.500  -412.430544941  -412.357606842  -412.282769261  -412.357606842  -412.248684679
    94.000  -412.437069853  -412.364716145  -412.287522225  -412.364716145  -412.248732762
    94.500  -412.441845016  -412.369855171  -412.290461811  -412.369855171  -412.248803284
    95.000  -412.444098044  -412.372191277  -412.290820056  -412.372191277  -412.248989273
    95.500  -412.441550211  -412.369399058  -412.286341567  -412.369399058  -412.249297830
    96.000  -412.430807648  -412.358053894  -412.273693079  -412.358053894  -412.249347497
    96.500  -412.412974616  -412.339230154  -412.254072269  -412.339230154  -412.248621404
    97.000  -412.399263868  -412.324111579  -412.238778987  -412.324111579  -412.247875888
    97.500  -412.399646847  -412.322686646  -412.237819214  -412.322686646  -412.248373788
    98.000  -412.407390012  -412.328323100  -412.244437052  -412.328323100  -412.249125349
    98.500  -412.410909883  -412.329598646  -412.247011138  -412.329598646  -412.249136575
    99.000  -412.408071967  -412.324537065  -412.243380176  -412.324537065  -412.248762274
    99.500  -412.403113306  -412.317488523  -412.237759670  -412.317488523  -412.248448006
   100.000  -412.400266917  -412.312744167  -412.234356564  -412.312744167  -412.248312974
   100.500  -412.401491081  -412.312276782  -412.235097631  -412.312276782  -412.248316629
   101.000  -412.406766173  -412.316051316  -412.239933670  -412.316051316  -412.248391054
   101.500  -412.414997867  -412.322942932  -412.247750132  -412.322942932  -412.248486488
   102.000  -412.424744217  -412.331477682  -412.257099054  -412.331477682  -412.248577169
   102.500  -412.434613695  -412.340242144  -412.266596802  -412.340242144  -412.248656713
   103.000  -412.443376497  -412.348002836  -412.275029508  -412.348002836  -412.248734056
   103.500  -412.449862169  -412.353602609  -412.281240312  -412.353602609  -412.248825794
   104.000  -412.452768598  -412.355761739  -412.283927075  -412.355761739  -412.248936120
   104.500  -412.450724944  -412.353122215  -412.281699911  -412.353122215  -412.249007129
   105.000  -412.443293659  -412.345230742  -412.274089907  -412.345230742  -412.248873864
   105.500  -412.433310109  -412.334868058  -412.263911267  -412.334868058  -412.248400549
   106.000  -412.428168722  -412.329352146  -412.258570735  -412.329352146  -412.247923611
   106.500  -412.434524320  -412.335281925  -412.264767718  -412.335281925  -412.248111302
   107.000  -412.449598908  -412.349885283  -412.279766225  -412.349885283  -412.248792107
   107.500  -412.463424756  -412.363257943  -412.293604239  -412.363257943  -412.249208608
   108.000  -412.469033545  -412.368508841  -412.299282525  -412.368508841  -412.249171068
   108.500  -412.465969149  -412.365237490  -412.296289744  -412.365237490  -412.248922955
   109.000  -412.457352689  -412.356586399  -412.287698428  -412.356586399  -412.248671131
   109.500  -412.446757424  -412.346126094  -412.277047290  -412.346126094  -412.248496497
   110.000  -412.436806362  -412.336463564  -412.266954854  -412.336463564  -412.248402442
   110.500  -412.428967468  -412.329048931  -412.258906197  -412.329048931  -412.248364372
   111.000  -412.423850464  -412.324477212  -412.253541173  -412.324477212  -412.248357189
   111.500  -412.421553278  -412.322837014  -412.250986712  -412.322837014  -412.248371423
   112.000  -412.421805178  -412.323854680  -412.250994744  -412.323854680  -412.248416391
   112.500  -412.423848720  -412.326776683  -412.252836213  -412.326776683  -412.248513415
   113.000  -412.426187657  -412.330109182  -412.255099433  -412.330109182  -412.248673069
   113.500  -412.426573504  -412.331570106  -412.255789123  -412.331570106  -412.248859623
   114.000  -412.422837566  -412.328705520  -412.253716485  -412.328705520  -412.249106178
   114.500  -412.413457741  -412.317245724  -412.257790702  -412.317245724  -412.244052401
   115.000  -412.407201950  -412.313528276  -412.255765151  -412.313528276  -412.243803683
   115.500  -412.408196275  -412.317939624  -412.257575859  -412.317939624  -412.243684956
   116.000  -412.418383527  -412.334690098  -412.259063232  -412.334690098  -412.247438329
   116.500  -412.428640631  -412.349562985  -412.271216251  -412.349562985  -412.247110971
   117.000  -412.436212058  -412.361040375  -412.282420018  -412.361040375  -412.247171809
   117.500  -412.439409050  -412.367856144  -412.289570519  -412.367856144  -412.247139217
   118.000  -412.438282153  -412.370147119  -412.292450537  -412.370147119  -412.247054816
   118.500  -412.433882161  -412.369005555  -412.292008813  -412.369005555  -412.246960235
   119.000  -412.427552996  -412.365793060  -412.289531427  -412.365793060  -412.246894545
   119.500  -412.420311753  -412.361527693  -412.285987554  -412.361527693  -412.246876990
   120.000  -412.412532531  -412.356574222  -412.281705982  -412.356574222  -412.246897686
   120.500  -412.404060763  -412.350765343  -412.276491438  -412.350765343  -412.246929548
   121.000  -412.394590561  -412.343785364  -412.270005609  -412.343785364  -412.246950107
   121.500  -412.383992705  -412.335502533  -412.262099001  -412.335502533  -412.246956705
   122.000  -412.372379314  -412.326034840  -412.252878375  -412.326034840  -412.246961682
   122.500  -412.360014509  -412.315655938  -412.242619559  -412.315655938  -412.246949849
   123.000  -412.347687347  -412.305159005  -412.232140676  -412.305159005  -412.246823406
   123.500  -412.338100764  -412.297236983  -412.224188864  -412.297236983  -412.246505932
   124.000  -412.336399607  -412.297013906  -412.223959526  -412.297013906  -412.246280090
   124.500  -412.345734694  -412.307623234  -412.234645225  -412.307623234  -412.246584484
   125.000  -412.361543984  -412.324503528  -412.251700294  -412.324503528  -412.247172671
   125.500  -412.374918402  -412.338757594  -412.266206029  -412.338757594  -412.247464388
   126.000  -412.380692711  -412.345228189  -412.272974224  -412.345228189  -412.247362706
   126.500  -412.379490612  -412.344536823  -412.272607112  -412.344536823  -412.247098565
   127.000  -412.374726996  -412.340093723  -412.268506714  -412.340093723  -412.246871765
   127.500  -412.369600645  -412.335098337  -412.263867358  -412.335098337  -412.246749164
   128.000  -412.365929023  -412.331375466  -412.260501653  -412.331375466  -412.246703247
   128.500  -412.364411655  -412.329632281  -412.259092368  -412.329632281  -412.246688658
   129.000  -412.365240138  -412.330060440  -412.259794364  -412.330060440  -412.246689465
   129.500  -412.368345108  -412.332577937  -412.262479940  -412.332577937  -412.246716108
   130.000  -412.373272090  -412.336703376  -412.266620166  -412.336703376  -412.246784715
   130.500  -412.378968235  -412.341343368  -412.271080898  -412.341343368  -412.246904988
   131.000  -412.383692873  -412.344703831  -412.274045698  -412.344703831  -412.247064319
   131.500  -412.385335744  -412.344607053  -412.273348639  -412.344607053  -412.247185098
   132.000  -412.382734222  -412.339804597  -412.267805702  -412.339804597  -412.247095589
   132.500  -412.378106608  -412.332407799  -412.259653699  -412.332407799  -412.246701370
   133.000  -412.377799078  -412.328641367  -412.255283420  -412.328641367  -412.246351117
   133.500  -412.386950840  -412.333537345  -412.259870766  -412.333537345  -412.246532745
   134.000  -412.403028301  -412.344500912  -412.270890754  -412.344500912  -412.247011102
   134.500  -412.418844066  -412.354345113  -412.281152896  -412.354345113  -412.247267814
   135.000  -412.429842613  -412.358561128  -412.286136305  -412.358561128  -412.247231026
   135.500  -412.435814539  -412.357023850  -412.285728089  -412.357023850  -412.247069422
   136.000  -412.438749086  -412.351847288  -412.282071552  -412.351847288  -412.246900920
   136.500  -412.440954944  -412.345520060  -412.277655970  -412.345520060  -412.246775554
   137.000  -412.444134617  -412.339994491  -412.274344860  -412.339994491  -412.246720203
   137.500  -412.448919289  -412.336221233  -412.272874267  -412.336221233  -412.246738313
   138.000  -412.454832017  -412.334086671  -412.272821034  -412.334086671  -412.246798900
   138.500  -412.460749628  -412.332837436  -412.273096734  -412.332837436  -412.246863875
   139.000  -412.465489902  -412.331630587  -412.272568983  -412.331630587  -412.246917950
   139.500  -412.468074570  -412.329776298  -412.270330835  -412.329776298  -412.246972724
   140.000  -412.467665943  -412.326653960  -412.265663847  -412.326653960  -412.247030779
   140.500  -412.463632049  -412.321766712  -412.258149755  -412.321766712  -412.247044298
   141.000  -412.456419941  -412.315585070  -412.248645518  -412.315585070  -412.246883089
   141.500  -412.449395198  -412.311353650  -412.241164041  -412.311353650  -412.246487067
   142.000  -412.449059567  -412.315327537  -412.242821388  -412.315327537  -412.246211256
   142.500  -412.459535935  -412.331347155  -412.257850280  -412.331347155  -412.246522119
   143.000  -412.476436025  -412.354757100  -412.281423116  -412.354757100  -412.247136247
   143.500  -412.490641088  -412.376174693  -412.303754946  -412.376174693  -412.247491281
   144.000  -412.496208092  -412.389385848  -412.318247774  -412.389385848  -412.247509002
   144.500  -412.492218278  -412.393195651  -412.323429695  -412.393195651  -412.247369781
   145.000  -412.480474634  -412.389149395  -412.320670539  -412.389149395  -412.247200885
   145.500  -412.463504734  -412.379560974  -412.312180586  -412.379560974  -412.247043221
   146.000  -412.443777738  -412.366743867  -412.300215998  -412.366743867  -412.246902496
   146.500  -412.423518063  -412.352826351  -412.286875243  -412.352826351  -412.246781923
   147.000  -412.404621045  -412.339659272  -412.273994207  -412.339659272  -412.246690198
   147.500  -412.388512543  -412.328663132  -412.262983426  -412.328663132  -412.246641620
   148.000  -412.375932120  -412.320596437  -412.254592540  -412.320596437  -412.246657817
   148.500  -412.366630686  -412.315238091  -412.248595391  -412.315238091  -412.246760846
   149.000  -412.359132845  -412.311139225  -412.243551207  -412.311139225  -412.246934859
   149.500  -412.351188225  -412.306059738  -412.237265719  -412.306059738  -412.247049758
   150.000  -412.341846546  -412.299043313  -412.228881078  -412.299043313  -412.246872194
   150.500  -412.334565444  -412.293526154  -412.221992555  -412.293526154  -412.246404661
   151.000  -412.336344181  -412.296491336  -412.223761455  -412.296491336  -412.246224288
   151.500  -412.349630491  -412.310394975  -412.236768246  -412.310394975  -412.246652871
   152.000  -412.368198032  -412.329048057  -412.254848609  -412.329048057  -412.247131812
   152.500  -412.384444480  -412.344892808  -412.270401398  -412.344892808  -412.247255814
   153.000  -412.395549593  -412.355138120  -412.280578833  -412.355138120  -412.247151090
   153.500  -412.402397107  -412.360675337  -412.286228241  -412.360675337  -412.247018365
   154.000  -412.406718710  -412.363226221  -412.289038792  -412.363226221  -412.246934330
   154.500  -412.409748434  -412.364007540  -412.290195046  -412.364007540  -412.246896722
   155.000  -412.412108123  -412.363620108  -412.290262399  -412.363620108  -412.246881221
   155.500  -412.414081909  -412.362334489  -412.289464207  -412.362334489  -412.246871353
   156.000  -412.415850128  -412.360328272  -412.287924866  -412.360328272  -412.246862354
   156.500  -412.417551640  -412.357757560  -412.285742989  -412.357757560  -412.246862096
   157.000  -412.419179716  -412.354654807  -412.282900756  -412.354654807  -412.246887065
   157.500  -412.420350462  -412.350702413  -412.279044382  -412.350702413  -412.246958114
   158.000  -412.420107853  -412.345024414  -412.273302072  -412.345024414  -412.247060067
   158.500  -412.417310155  -412.336566558  -412.264680343  -412.336566558  -412.247079281
   159.000  -412.412417746  -412.325867054  -412.253864507  -412.325867054  -412.246834008
   159.500  -412.409710173  -412.317275344  -412.245430386  -412.317275344  -412.246429352
   160.000  -412.415070435  -412.316761387  -412.245584545  -412.316761387  -412.246409980
   160.500  -412.428519359  -412.324492930  -412.254595668  -412.324492930  -412.246877550
   161.000  -412.442950863  -412.333590806  -412.265420271  -412.333590806  -412.247254905
   161.500  -412.451879434  -412.337841639  -412.271447714  -412.337841639  -412.247268358
   162.000  -412.453931859  -412.336130103  -412.271103467  -412.336130103  -412.247083504
   162.500  -412.451094432  -412.330642376  -412.266228751  -412.330642376  -412.246883171
   163.000  -412.446020388  -412.324166458  -412.259436911  -412.324166458  -412.246738089
   163.500  -412.440799014  -412.318859610  -412.252892765  -412.318859610  -412.246651100
   164.000  -412.436779970  -412.316065856  -412.248129086  -412.316065856  -412.246607260
   164.500  -412.434738477  -412.316461081  -412.246181263  -412.316461081  -412.246597992
   165.000  -412.434996452  -412.320158371  -412.247614982  -412.320158371  -412.246624470
   165.500  -412.437335662  -412.326667962  -412.252279840  -412.326667962  -412.246702716
   166.000  -412.440702995  -412.334686809  -412.258967234  -412.334686809  -412.246853078
   166.500  -412.442972354  -412.341894818  -412.265279190  -412.341894818  -412.247066552
   167.000  -412.441229445  -412.345224693  -412.268023600  -412.345224693  -412.247265030
   167.500  -412.433132915  -412.342196838  -412.264622709  -412.342196838  -412.247269093
   168.000  -412.419583368  -412.333575751  -412.255786982  -412.333575751  -412.246910202
   168.500  -412.406642339  -412.325295345  -412.247431298  -412.325295345  -412.246418290
   169.000  -412.401619570  -412.324569799  -412.246756720  -412.324569799  -412.246396689
   169.500  -412.404902858  -412.331747595  -412.254071129  -412.331747595  -412.246846333
   170.000  -412.409934962  -412.340279637  -412.262757698  -412.340279637  -412.247179477
   170.500  -412.411162632  -412.344637548  -412.267216301  -412.344637548  -412.247185317
   171.000  -412.407688422  -412.343939263  -412.266510915  -412.343939263  -412.247028098
   171.500  -412.401397382  -412.340070349  -412.262493355  -412.340070349  -412.246865764
   172.000  -412.394596783  -412.335328567  -412.257444590  -412.335328567  -412.246756348
   172.500  -412.388966323  -412.331381700  -412.253025804  -412.331381700  -412.246705054
   173.000  -412.385361649  -412.329075584  -412.250087064  -412.329075584  -412.246700766
   173.500  -412.383923870  -412.328547080  -412.248776600  -412.328547080  -412.246729854
   174.000  -412.384271293  -412.329416883  -412.248733531  -412.329416883  -412.246777886
   174.500  -412.385716110  -412.331006534  -412.249300909  -412.331006534  -412.246833297
   175.000  -412.387447918  -412.332520041  -412.249705685  -412.332520041  -412.246894620
   175.500  -412.388574496  -412.333083090  -412.249093629  -412.333083090  -412.246974218
   176.000  -412.388016558  -412.331634081  -412.246422203  -412.331634081  -412.247065656
   176.500  -412.384749988  -412.327164271  -412.240704832  -412.327164271  -412.247075538
   177.000  -412.379248960  -412.320151040  -412.232459780  -412.320151040  -412.246853284
   177.500  -412.375287253  -412.314363504  -412.225512868  -412.314363504  -412.246499290
   178.000  -412.378045680  -412.314972551  -412.225097065  -412.314972551  -412.246450378
   178.500  -412.388181639  -412.322648469  -412.231908567  -412.322648469  -412.246790793
   179.000  -412.400741756  -412.332477330  -412.241017330  -412.332477330  -412.247092298
   179.500  -412.410827282  -412.339617321  -412.247545885  -412.339617321  -412.247139115
   180.000  -412.417037833  -412.342727627  -412.250125476  -412.342727627  -412.247036929
   180.500  -412.420415273  -412.342905560  -412.249850931  -412.342905560  -412.246909089
   181.000  -412.422645416  -412.341899007  -412.248480366  -412.341899007  -412.246804374
   181.500  -412.425226410  -412.341272616  -412.247604767  -412.341272616  -412.246729088
   182.000  -412.429249297  -412.342197587  -412.248420634  -412.342197587  -412.246687178
   182.500  -412.435310312  -412.345356481  -412.251640147  -412.345356481  -412.246684422
   183.000  -412.443394798  -412.350825590  -412.257367888  -412.350825590  -412.246730394
   183.500  -412.452744377  -412.357931514  -412.264964276  -412.357931514  -412.246833231
   184.000  -412.461762099  -412.365147141  -412.272943563  -412.365147141  -412.246993370
   184.500  -412.468068681  -412.370146095  -412.279016853  -412.370146095  -412.247186330
   185.000  -412.468966332  -412.370291934  -412.280509581  -412.370291934  -412.247326149
   185.500  -412.462716312  -412.364024929  -412.275465354  -412.364024929  -412.247255961
   186.000  -412.450611920  -412.352960265  -412.264640137  -412.352960265  -412.246934392
   186.500  -412.437908801  -412.342183013  -412.253358217  -412.342183013  -412.246547234
   187.000  -412.430675015  -412.337237486  -412.248179388  -412.337237486  -412.246483099
   187.500  -412.429947718  -412.338947358  -412.250212659  -412.338947358  -412.246805324
   188.000  -412.431119805  -412.342683218  -412.254715280  -412.342683218  -412.247106302
   188.500  -412.429452805  -412.343722255  -412.256769057  -412.343722255  -412.247163904
   189.000  -412.423549295  -412.340660348  -412.254795871  -412.340660348  -412.247064911
   189.500  -412.414524632  -412.334569516  -412.249746230  -412.334569516  -412.246940631
   190.000  -412.404156309  -412.327154804  -412.243250418  -412.327154804  -412.246847906
   190.500  -412.393939066  -412.319821288  -412.236676689  -412.319821288  -412.246785602
   191.000  -412.384989941  -412.313591070  -412.231038247  -412.313591070  -412.246734086
   191.500  -412.378266499  -412.309332676  -412.227214330  -412.309332676  -412.246680333
   192.000  -412.374715968  -412.307921001  -412.226104875  -412.307921001  -412.246629022
   192.500  -412.375173935  -412.310146328  -412.228533532  -412.310146328  -412.246605489
   193.000  -412.379984326  -412.316337963  -412.234871381  -412.316337963  -412.246646854
   193.500  -412.388473176  -412.325836012  -412.244502847  -412.325836012  -412.246781522
   194.000  -412.398622039  -412.336652006  -412.255489420  -412.336652006  -412.246985973
   194.500  -412.407535839  -412.345924466  -412.265019602  -412.345924466  -412.247145092
   195.000  -412.413197783  -412.351654772  -412.271155438  -412.351654772  -412.247097101
   195.500  -412.416538436  -412.354771886  -412.274882854  -412.354771886  -412.246885350
   196.000  -412.420498463  -412.358200532  -412.279155492  -412.358200532  -412.246848951
   196.500  -412.425563550  -412.362416367  -412.284409516  -412.362416367  -412.247079231
   197.000  -412.428629254  -412.364325441  -412.287434722  -412.364325441  -412.247247115
   197.500  -412.427125357  -412.361394868  -412.285535168  -412.361394868  -412.247205986
   198.000  -412.421217707  -412.353856466  -412.278773654  -412.353856466  -412.247074524
   198.500  -412.412476910  -412.343377931  -412.268657942  -412.343377931  -412.246943247
   199.000  -412.402599292  -412.331775978  -412.256853507  -412.331775978  -412.246822724
   199.500  -412.393215151  -412.320793237  -412.244986372  -412.320793237  -412.246708331
   200.000  -412.385902877  -412.312100875  -412.234643520  -412.312100875  -412.246616181
   200.500  -412.382001190  -412.307084394  -412.227207756  -412.307084394  -412.246559245
   201.000  -412.382351997  -412.306595312  -412.223606958  -412.306595312  -412.246550344
   201.500  -412.387107064  -412.310755390  -412.224131523  -412.310755390  -412.246595597
   202.000  -412.395577319  -412.318830075  -412.228258212  -412.318830075  -412.246707205
   202.500  -412.406065166  -412.329076853  -412.234460806  -412.329076853  -412.246895411
   203.000  -412.415775488  -412.338673276  -412.240103200  -412.338673276  -412.247140631
   203.500  -412.421338977  -412.344229771  -412.241970353  -412.344229771  -412.247312651
   204.000  -412.420951926  -412.343912931  -412.238413189  -412.343912931  -412.247155253
   204.500  -412.417814130  -412.340867322  -412.232783680  -412.340867322  -412.246647971
   205.000  -412.419454380  -412.342551258  -412.232734750  -412.342551258  -412.246446722
   205.500  -412.428631847  -412.351671523  -412.241078950  -412.351671523  -412.246922470
   206.000  -412.438759865  -412.361627816  -412.251180537  -412.361627816  -412.247377288
   206.500  -412.442850652  -412.365440299  -412.255910399  -412.365440299  -412.247360602
   207.000  -412.440221053  -412.362427688  -412.254398993  -412.362427688  -412.247109457
   207.500  -412.433943324  -412.355650523  -412.249540764  -412.355650523  -412.246911538
   208.000  -412.426748782  -412.347825549  -412.243929981  -412.347825549  -412.246830176
   208.500  -412.419848428  -412.340150593  -412.238689463  -412.340150593  -412.246797403
   209.000  -412.413736510  -412.333109767  -412.234259087  -412.333109767  -412.246754504
   209.500  -412.409027656  -412.327308732  -412.231215109  -412.327308732  -412.246694612
   210.000  -412.406584229  -412.323604848  -412.230381490  -412.323604848  -412.246639432
   210.500  -412.407193237  -412.322791051  -412.232495778  -412.322791051  -412.246614957
   211.000  -412.411172309  -412.325204351  -412.237819606  -412.325204351  -412.246642322
   211.500  -412.418028765  -412.330387650  -412.245803795  -412.330387650  -412.246745588
   212.000  -412.426120021  -412.336746569  -412.254764866  -412.336746569  -412.246952117
   212.500  -412.432369346  -412.341255434  -412.261617378  -412.341255434  -412.247256986
   213.000  -412.432655041  -412.339833087  -412.262284419  -412.339833087  -412.247506613
   213.500  -412.424503188  -412.330018325  -412.254389784  -412.330018325  -412.247302930
   214.000  -412.412608718  -412.316481036  -412.242765302  -412.316481036  -412.246495780
   214.500  -412.409214155  -412.311423266  -412.239768162  -412.311423266  -412.246112841
   215.000  -412.419572918  -412.320101763  -412.250675731  -412.320101763  -412.246832818
   215.500  -412.433551699  -412.332457400  -412.265267048  -412.332457400  -412.247497183
   216.000  -412.440425803  -412.337863025  -412.272681812  -412.337863025  -412.247456667
   216.500  -412.439122061  -412.335311502  -412.271731740  -412.335311502  -412.247084546
   217.000  -412.434182091  -412.329374168  -412.266893242  -412.329374168  -412.246767326
   217.500  -412.430018805  -412.324472878  -412.262570101  -412.324472878  -412.246631108
   218.000  -412.428634314  -412.322623380  -412.260797519  -412.322623380  -412.246638236
   218.500  -412.429945975  -412.323767421  -412.261556257  -412.323767421  -412.246694591
   219.000  -412.433079001  -412.327062822  -412.264044594  -412.327062822  -412.246735087
   219.500  -412.437351169  -412.331855395  -412.267652045  -412.331855395  -412.246747411
   220.000  -412.442499350  -412.337896402  -412.272173793  -412.337896402  -412.246755954
   220.500  -412.448358524  -412.345012893  -412.277488853  -412.345012893  -412.246796007
   221.000  -412.454327875  -412.352577689  -412.283021005  -412.352577689  -412.246907232
   221.500  -412.458820891  -412.358959377  -412.287194469  -412.358959377  -412.247119234
   222.000  -412.458953225  -412.361213071  -412.287126062  -412.361213071  -412.247401878
   222.500  -412.451334617  -412.355861849  -412.279426619  -412.355861849  -412.247535350
   223.000  -412.435615787  -412.342433227  -412.263751871  -412.342433227  -412.247110705
   223.500  -412.419652254  -412.328636458  -412.247969984  -412.328636458  -412.246278300
   224.000  -412.415640240  -412.326554720  -412.244290390  -412.326554720  -412.246255912
   224.500  -412.423864677  -412.336455786  -412.252992923  -412.336455786  -412.247139494
   225.000  -412.431546840  -412.345639297  -412.261264047  -412.345639297  -412.247671585
   225.500  -412.429499025  -412.345008830  -412.259863040  -412.345008830  -412.247559124
   226.000  -412.417951772  -412.334839582  -412.248959571  -412.334839582  -412.247193703
   226.500  -412.401788007  -412.319998534  -412.233379315  -412.319998534  -412.246840067
   227.000  -412.386291011  -412.305721234  -412.218364250  -412.305721234  -412.246596625
   227.500  -412.375271664  -412.295773405  -412.207713224  -412.295773405  -412.246489260
   228.000  -412.370490970  -412.291896361  -412.203211564  -412.291896361  -412.246490690
   228.500  -412.371973886  -412.294126851  -412.204941983  -412.294126851  -412.246547892
   229.000  -412.378767407  -412.301547680  -412.212029097  -412.301547680  -412.246626812
   229.500  -412.389491087  -412.312825005  -412.223173501  -412.312825005  -412.246727415
   230.000  -412.402407493  -412.326267677  -412.236704432  -412.326267677  -412.246871710
   230.500  -412.415181572  -412.339574322  -412.250329709  -412.339574322  -412.247079285
   231.000  -412.424701555  -412.349644023  -412.260953604  -412.349644023  -412.247327954
   231.500  -412.427602371  -412.353089302  -412.265207907  -412.353089302  -412.247479268
   232.000  -412.422484945  -412.348448382  -412.261684823  -412.348448382  -412.247264842
   232.500  -412.413479065  -412.339755809  -412.254509741  -412.339755809  -412.246661607
   233.000  -412.409582409  -412.335911950  -412.252669716  -412.335911950  -412.246357024
   233.500  -412.415068281  -412.341135733  -412.260384073  -412.341135733  -412.246782609
   234.000  -412.423982141  -412.349478834  -412.271572715  -412.349478834  -412.247274184
   234.500  -412.428635410  -412.353288763  -412.278360584  -412.353288763  -412.247350602
   235.000  -412.426899563  -412.350458421  -412.278406383  -412.350458421  -412.247162990
   235.500  -412.420961401  -412.343159348  -412.273686706  -412.343159348  -412.246930282
   236.000  -412.414196738  -412.334718150  -412.267394814  -412.334718150  -412.246732699
   236.500  -412.409681102  -412.328146451  -412.262466462  -412.328146451  -412.246592727
   237.000  -412.409626178  -412.325601419  -412.261033329  -412.325601419  -412.246537229
   237.500  -412.414897227  -412.327924160  -412.263951074  -412.327924160  -412.246580404
   238.000  -412.424788363  -412.334427369  -412.270577649  -412.334427369  -412.246695196
   238.500  -412.437417685  -412.343288130  -412.279171330  -412.343288130  -412.246835336
   239.000  -412.450421346  -412.352227639  -412.287568932  -412.352227639  -412.246982231
   239.500  -412.461333402  -412.358869200  -412.293567784  -412.358869200  -412.247140203
   240.000  -412.467683151  -412.360809368  -412.295017738  -412.360809368  -412.247285114
   240.500  -412.467592335  -412.356171276  -412.290453918  -412.356171276  -412.247292466
   241.000  -412.461698049  -412.345478397  -412.281057321  -412.345478397  -412.246997787
   241.500  -412.455081935  -412.333689532  -412.272553082  -412.333689532  -412.246499607
   242.000  -412.454429902  -412.328077518  -412.271788608  -412.328077518  -412.246334470
   242.500  -412.460705838  -412.330729572  -412.278981643  -412.330729572  -412.246709777
   243.000  -412.468338507  -412.336411910  -412.287902442  -412.336411910  -412.247045440
   243.500  -412.472135209  -412.339864824  -412.293120264  -412.339864824  -412.247081484
   244.000  -412.470983096  -412.339908486  -412.293463788  -412.339908486  -412.246967116
   244.500  -412.466248199  -412.337841253  -412.290300290  -412.337841253  -412.246855711
   245.000  -412.459623802  -412.335234583  -412.285333327  -412.335234583  -412.246786984
   245.500  -412.452413507  -412.333188784  -412.279856972  -412.333188784  -412.246740160
   246.000  -412.445751319  -412.332532290  -412.274964053  -412.332532290  -412.246688017
   246.500  -412.440895881  -412.334130001  -412.271837191  -412.334130001  -412.246639199
   247.000  -412.439013753  -412.338716333  -412.271541815  -412.338716333  -412.246638697
   247.500  -412.440396548  -412.346220401  -412.274261990  -412.346220401  -412.246733005
   248.000  -412.443741541  -412.355126378  -412.278609249  -412.355126378  -412.246924408
   248.500  -412.446173058  -412.362495419  -412.281669080  -412.362495419  -412.247168242
   249.000  -412.444098648  -412.364758778  -412.279868588  -412.364758778  -412.247367473
   249.500  -412.434942188  -412.359387206  -412.270707788  -412.359387206  -412.247333096
   250.000  -412.420000052  -412.347708668  -412.255608542  -412.347708668  -412.246902636
   250.500  -412.406124513  -412.336594008  -412.241578671  -412.336594008  -412.246398557
   251.000  -412.400532615  -412.333287043  -412.235991375  -412.333287043  -412.246471961
   251.500  -412.402194617  -412.336820003  -412.237940561  -412.336820003  -412.246962871
   252.000  -412.403865656  -412.340036301  -412.240268251  -412.340036301  -412.247223840
   252.500  -412.400916265  -412.338384834  -412.238412826  -412.338384834  -412.247146460
   253.000  -412.393649637  -412.332228154  -412.232725446  -412.332228154  -412.246958015
   253.500  -412.384466708  -412.324003541  -412.225626549  -412.324003541  -412.246807574
   254.000  -412.375531386  -412.315903468  -412.219247830  -412.315903468  -412.246726837
   254.500  -412.368124848  -412.309229802  -412.214778384  -412.309229802  -412.246692009
   255.000  -412.362889863  -412.304640504  -412.212707889  -412.304640504  -412.246668789
   255.500  -412.360309699  -412.302622977  -412.213322199  -412.302622977  -412.246632052
   256.000  -412.361046625  -412.303829722  -412.217068633  -412.303829722  -412.246588379
   256.500  -412.365800430  -412.308935790  -412.224449400  -412.308935790  -412.246594022
   257.000  -412.374469863  -412.317802062  -412.235217781  -412.317802062  -412.246733634
   257.500  -412.384999035  -412.328326388  -412.247248510  -412.328326388  -412.247038242
   258.000  -412.393154823  -412.336223570  -412.256322031  -412.336223570  -412.247374186
   258.500  -412.394811580  -412.337306991  -412.258392457  -412.337306991  -412.247393564
   259.000  -412.390988270  -412.332522175  -412.254589502  -412.332522175  -412.246844189
   259.500  -412.390366140  -412.330474909  -412.253685267  -412.330474909  -412.246323560
   260.000  -412.400253552  -412.338428406  -412.263012360  -412.338428406  -412.246664896
   260.500  -412.415892767  -412.351637624  -412.277755970  -412.351637624  -412.247300494
   261.000  -412.427592690  -412.360461218  -412.288133773  -412.360461218  -412.247459172
   261.500  -412.431707304  -412.361299854  -412.290431765  -412.361299854  -412.247248068
   262.000  -412.430369032  -412.356312078  -412.286762303  -412.356312078  -412.246984939
   262.500  -412.427114280  -412.349041197  -412.280694978  -412.349041197  -412.246803542
   263.000  -412.424591165  -412.342136554  -412.274962118  -412.342136554  -412.246714638
   263.500  -412.424176191  -412.336972374  -412.271086730  -412.336972374  -412.246693801
   264.000  -412.426238127  -412.333911181  -412.269659268  -412.333911181  -412.246720666
   264.500  -412.430478534  -412.332620620  -412.270714792  -412.332620620  -412.246774926
   265.000  -412.436221167  -412.332394298  -412.274028204  -412.332394298  -412.246827405
   265.500  -412.442596482  -412.332621169  -412.279120018  -412.332621169  -412.246830088
   266.000  -412.448606271  -412.333191654  -412.284827379  -412.333191654  -412.246856813
   266.500  -412.453098159  -412.333683618  -412.289407143  -412.333683618  -412.246992548
   267.000  -412.454348966  -412.332448064  -412.290721055  -412.332448064  -412.247195261
   267.500  -412.450398857  -412.327363723  -412.286625125  -412.327363723  -412.247228079
   268.000  -412.442464743  -412.319446551  -412.278297308  -412.319446551  -412.246754000
   268.500  -412.438590057  -412.316555688  -412.273836544  -412.316555688  -412.246207653
   269.000  -412.446448280  -412.326240530  -412.281033576  -412.326240530  -412.246569010
   269.500  -412.460890750  -412.343305448  -412.294879533  -412.343305448  -412.247340447
   270.000  -412.470312011  -412.356105847  -412.303899611  -412.356105847  -412.247566112
   270.500  -412.470019913  -412.359815819  -412.303483000  -412.359815819  -412.247327396
   271.000  -412.462601223  -412.356768821  -412.296216120  -412.356768821  -412.247011336
   271.500  -412.452596137  -412.351196949  -412.286558858  -412.351196949  -412.246788062
   272.000  -412.443536187  -412.346356848  -412.277920236  -412.346356848  -412.246670307
   272.500  -412.437396390  -412.344032587  -412.272153926  -412.344032587  -412.246630187
   273.000  -412.434910898  -412.344847108  -412.269904224  -412.344847108  -412.246638404
   273.500  -412.435977787  -412.348656061  -412.271014726  -412.348656061  -412.246678721
   274.000  -412.439930549  -412.354797273  -412.274794363  -412.354797273  -412.246747473
   274.500  -412.445618775  -412.362155717  -412.280086006  -412.362155717  -412.246854210
   275.000  -412.451308230  -412.369048779  -412.285156414  -412.369048779  -412.247015573
   275.500  -412.454511886  -412.373045048  -412.287525457  -412.373045048  -412.247237357
   276.000  -412.452057436  -412.371020102  -412.284040623  -412.371020102  -412.247472064
   276.500  -412.441064766  -412.360126132  -412.271873922  -412.360126132  -412.247536567
   277.000  -412.421917933  -412.340753780  -412.251518175  -412.340753780  -412.247112594
   277.500  -412.402342910  -412.320614708  -412.230868740  -412.320614708  -412.246298379
   278.000  -412.394491337  -412.311854451  -412.222261597  -412.311854451  -412.246119080
   278.500  -412.400845626  -412.317005707  -412.228286277  -412.317005707  -412.246861238
   279.000  -412.410696157  -412.325475092  -412.238212005  -412.325475092  -412.247428451
   279.500  -412.414523240  -412.327879323  -412.242406920  -412.327879323  -412.247389706
   280.000  -412.411324146  -412.323328142  -412.239736144  -412.323328142  -412.247083554
   280.500  -412.404771545  -412.315566438  -412.233763148  -412.315566438  -412.246798425
   281.000  -412.398849024  -412.308612764  -412.228406351  -412.308612764  -412.246619485
   281.500  -412.396226936  -412.305143102  -412.226313673  -412.305143102  -412.246539881
   282.000  -412.398156678  -412.306395947  -412.228757479  -412.306395947  -412.246531300
   282.500  -412.404796769  -412.312508796  -412.235940819  -412.312508796  -412.246570736
   283.000  -412.415533838  -412.322848825  -412.247308760  -412.322848825  -412.246644572
   283.500  -412.429167329  -412.336207862  -412.261705810  -412.336207862  -412.246754328
   284.000  -412.443902808  -412.350800312  -412.277354107  -412.350800312  -412.246912591
   284.500  -412.457199215  -412.364112018  -412.291689241  -412.364112018  -412.247132047
   285.000  -412.465689156  -412.372809647  -412.301287165  -412.372809647  -412.247390285
   285.500  -412.465711415  -412.373250991  -412.302410712  -412.373250991  -412.247568010
   286.000  -412.455324327  -412.363462196  -412.293043193  -412.363462196  -412.247417976
   286.500  -412.437813745  -412.346620353  -412.276415198  -412.346620353  -412.246823012
   287.000  -412.422521424  -412.331904315  -412.261845850  -412.331904315  -412.246305590
   287.500  -412.417019741  -412.326745864  -412.256916156  -412.326745864  -412.246501258
   288.000  -412.418703239  -412.328495991  -412.259045376  -412.328495991  -412.247018453
   288.500  -412.419732682  -412.329370781  -412.260428311  -412.329370781  -412.247228239
   289.000  -412.415994853  -412.325361263  -412.256986478  -412.325361263  -412.247117200
   289.500  -412.408260200  -412.317337029  -412.249516850  -412.317337029  -412.246904487
   290.000  -412.399287845  -412.308129415  -412.240788244  -412.308129415  -412.246718140
   290.500  -412.391756004  -412.300463388  -412.233478192  -412.300463388  -412.246593060
   291.000  -412.387557018  -412.296258464  -412.229485384  -412.296258464  -412.246526084
   291.500  -412.387730111  -412.296571683  -412.229873772  -412.296571683  -412.246507578
   292.000  -412.392560881  -412.301702970  -412.234973603  -412.301702970  -412.246530937
   292.500  -412.401655027  -412.311272990  -412.244445073  -412.311272990  -412.246597874
   293.000  -412.413921373  -412.324201071  -412.257255441  -412.324201071  -412.246714958
   293.500  -412.427498180  -412.338625505  -412.271597478  -412.338625505  -412.246883018
   294.000  -412.439790391  -412.351936306  -412.284917668  -412.351936306  -412.247074926
   294.500  -412.447930669  -412.361236372  -412.294366443  -412.361236372  -412.247214295
   295.000  -412.449941497  -412.364503832  -412.297957104  -412.364503832  -412.247192457
   295.500  -412.446232305  -412.362095461  -412.296063216  -412.362095461  -412.246983869
   296.000  -412.439820661  -412.356975752  -412.291644996  -412.356975752  -412.246756073
   296.500  -412.433982919  -412.352380151  -412.287901087  -412.352380151  -412.246706351
   297.000  -412.429593069  -412.349158322  -412.285617050  -412.349158322  -412.246795086
   297.500  -412.425474862  -412.346128472  -412.283529829  -412.346128472  -412.246866598
   298.000  -412.420474345  -412.342144878  -412.280413170  -412.342144878  -412.246868494
   298.500  -412.414376566  -412.337009546  -412.275999041  -412.337009546  -412.246828155
   299.000  -412.407652891  -412.331213189  -412.270715163  -412.331213189  -412.246772006
   299.500  -412.401082557  -412.325553065  -412.265297491  -412.325553065  -412.246712342
   300.000  -412.395548705  -412.320921990  -412.260576206  -412.320921990  -412.246656908
   300.500  -412.391897055  -412.318166435  -412.257335568  -412.318166435  -412.246613444
   301.000  -412.390794300  -412.317947582  -412.256177906  -412.317947582  -412.246591901
   301.500  -412.392573927  -412.320586475  -412.257383144  -412.320586475  -412.246602505
   302.000  -412.397069199  -412.325901069  -412.260755084  -412.325901069  -412.246654984
   302.500  -412.403485028  -412.333076179  -412.265507187  -412.333076179  -412.246747222
   303.000  -412.410453896  -412.340718590  -412.270325052  -412.340718590  -412.246851616
   303.500  -412.416476187  -412.347292300  -412.273808011  -412.347292300  -412.246909434
   304.000  -412.420743062  -412.351945552  -412.275283277  -412.351945552  -412.246874851
   304.500  -412.423718989  -412.355097170  -412.275372293  -412.355097170  -412.246793758
   305.000  -412.426456891  -412.357768514  -412.275279413  -412.357768514  -412.246791450
   305.500  -412.428997250  -412.359993906  -412.275170971  -412.359993906  -412.246892712
   306.000  -412.430080147  -412.360535345  -412.273883397  -412.360535345  -412.246974473
   306.500  -412.428706882  -412.358432224  -412.270492226  -412.358432224  -412.246953132
   307.000  -412.425246368  -412.354096535  -412.265424195  -412.354096535  -412.246871321
   307.500  -412.420914454  -412.348783277  -412.259932968  -412.348783277  -412.246802565
   308.000  -412.416754878  -412.343575278  -412.255071087  -412.343575278  -412.246771698
   308.500  -412.413263756  -412.339006447  -412.251305699  -412.339006447  -412.246759130
   309.000  -412.410646608  -412.335315419  -412.248772589  -412.335315419  -412.246742172
   309.500  -412.409151468  -412.332771144  -412.247615134  -412.332771144  -412.246718064
   310.000  -412.409129694  -412.331723916  -412.248059711  -412.331723916  -412.246702334
   310.500  -412.410821551  -412.332382405  -412.250219080  -412.332382405  -412.246719145
   311.000  -412.414012577  -412.334464075  -412.253766295  -412.334464075  -412.246788817
   311.500  -412.417757834  -412.336923403  -412.257672868  -412.336923403  -412.246910478
   312.000  -412.420495508  -412.338068423  -412.260339871  -412.338068423  -412.247024202
   312.500  -412.421017009  -412.336549567  -412.260584608  -412.336549567  -412.246998163
   313.000  -412.420333306  -412.333243572  -412.259533014  -412.333243572  -412.246747567
   313.500  -412.422433845  -412.332054055  -412.261379234  -412.332054055  -412.246504898
   314.000  -412.430683421  -412.336390299  -412.269724910  -412.336390299  -412.246642499
   314.500  -412.442864273  -412.344333302  -412.282465133  -412.344333302  -412.247024277
   315.000  -412.452996384  -412.350427786  -412.293510727  -412.350427786  -412.247228904
   315.500  -412.457291773  -412.351374075  -412.298864498  -412.351374075  -412.247167646
   316.000  -412.455964187  -412.347676117  -412.298592220  -412.347676117  -412.246993713
   316.500  -412.451207300  -412.341674560  -412.294816875  -412.341674560  -412.246839656
   317.000  -412.445163138  -412.335586476  -412.289662429  -412.335586476  -412.246751270
   317.500  -412.439134423  -412.330750011  -412.284457594  -412.330750011  -412.246717117
   318.000  -412.433661195  -412.327712602  -412.279811665  -412.327712602  -412.246710035
   318.500  -412.428929866  -412.326603892  -412.276038725  -412.326603892  -412.246711739
   319.000  -412.425124815  -412.327403983  -412.273516557  -412.327403983  -412.246722656
   319.500  -412.422501236  -412.329970124  -412.272697546  -412.329970124  -412.246743178
   320.000  -412.421150552  -412.333977627  -412.273704369  -412.333977627  -412.246785091
   320.500  -412.420606775  -412.338722205  -412.275886587  -412.338722205  -412.246879928
   321.000  -412.419495583  -412.342737808  -412.277602725  -412.342737808  -412.247050521
   321.500  -412.415459815  -412.343617142  -412.276276705  -412.343617142  -412.247257361
   322.000  -412.406018051  -412.338829429  -412.269304418  -412.338829429  -412.247321436
   322.500  -412.391365404  -412.328514015  -412.256862191  -412.328514015  -412.246968599
   323.000  -412.377763033  -412.318877850  -412.245270190  -412.318877850  -412.246351286
   323.500  -412.374257813  -412.318935812  -412.243649834  -412.318935812  -412.246307551
   324.000  -412.381361072  -412.329207807  -412.252532885  -412.329207807  -412.246955167
   324.500  -412.389662424  -412.340317495  -412.262461869  -412.340317495  -412.247423705
   325.000  -412.391389685  -412.344515789  -412.265590112  -412.344515789  -412.247393147
   325.500  -412.385867344  -412.341123836  -412.261182916  -412.341123836  -412.247120599
   326.000  -412.376528453  -412.333554408  -412.252638709  -412.333554408  -412.246843837
   326.500  -412.367311745  -412.325724658  -412.243886110  -412.325724658  -412.246661311
   327.000  -412.360929438  -412.320335442  -412.237646470  -412.320335442  -412.246592857
   327.500  -412.358418189  -412.318428006  -412.234980412  -412.318428006  -412.246613906
   328.000  -412.359453592  -412.319694511  -412.235599337  -412.319694511  -412.246675772
   328.500  -412.363058421  -412.323179986  -412.238565927  -412.323179986  -412.246735163
   329.000  -412.368262012  -412.327934903  -412.242945088  -412.327934903  -412.246773735
   329.500  -412.374400814  -412.333312748  -412.248097513  -412.333312748  -412.246799982
   330.000  -412.381012197  -412.338865278  -412.253570139  -412.338865278  -412.246841766
   330.500  -412.387433784  -412.343946559  -412.258698374  -412.343946559  -412.246935511
   331.000  -412.392303793  -412.347217976  -412.262115358  -412.347217976  -412.247101930
   331.500  -412.393388269  -412.346474688  -412.261593548  -412.346474688  -412.247281783
   332.000  -412.388687526  -412.339742957  -412.255161968  -412.339742957  -412.247253627
   332.500  -412.379705136  -412.328530983  -412.244372416  -412.328530983  -412.246780154
   333.000  -412.374079033  -412.320450548  -412.236908447  -412.320450548  -412.246219915
   333.500  -412.379768586  -412.323426431  -412.240735105  -412.323426431  -412.246380245
   334.000  -412.394516171  -412.335192756  -412.253545789  -412.335192756  -412.247031572
   334.500  -412.408671477  -412.346131122  -412.265607543  -412.346131122  -412.247371403
   335.000  -412.416132218  -412.350193304  -412.270738390  -412.350193304  -412.247295612
   335.500  -412.416929157  -412.347463073  -412.268913014  -412.347463073  -412.247067121
   336.000  -412.413911838  -412.340829586  -412.262954739  -412.340829586  -412.246851702
   336.500  -412.410119142  -412.333360687  -412.255907508  -412.333360687  -412.246699157
   337.000  -412.407816395  -412.327343091  -412.250073274  -412.327343091  -412.246614649
   337.500  -412.408293338  -412.324088740  -412.246804684  -412.324088740  -412.246590633
   338.000  -412.411935877  -412.324008318  -412.246568467  -412.324008318  -412.246611363
   338.500  -412.418435969  -412.326822673  -412.249144611  -412.326822673  -412.246659968
   339.000  -412.427024324  -412.331797401  -412.253848859  -412.331797401  -412.246729189
   339.500  -412.436592916  -412.337862524  -412.259651132  -412.337862524  -412.246820940
   340.000  -412.445687246  -412.343605412  -412.265164879  -412.343605412  -412.246934848
   340.500  -412.452571502  -412.347329691  -412.268714549  -412.347329691  -412.247038466
   341.000  -412.455757178  -412.347576829  -412.268868220  -412.347576829  -412.247047806
   341.500  -412.455182243  -412.344301814  -412.265622344  -412.344301814  -412.246887934
   342.000  -412.453101923  -412.339768522  -412.261296885  -412.339768522  -412.246650306
   342.500  -412.452703479  -412.337180505  -412.259145147  -412.337180505  -412.246579687
   343.000  -412.454911135  -412.337498916  -412.260141611  -412.337498916  -412.246731342
   343.500  -412.457637534  -412.338690016  -412.262213950  -412.338690016  -412.246897608
   344.000  -412.458438524  -412.338358619  -412.262889873  -412.338358619  -412.246935240
   344.500  -412.456589450  -412.335807827  -412.261375923  -412.335807827  -412.246870541
   345.000  -412.452917581  -412.331866338  -412.258397756  -412.331866338  -412.246774630
   345.500  -412.448832959  -412.327923734  -412.255249851  -412.327923734  -412.246690105
   346.000  -412.445639648  -412.325251956  -412.253119529  -412.325251956  -412.246637291
   346.500  -412.444182815  -412.324661806  -412.252758520  -412.324661806  -412.246624662
   347.000  -412.444695486  -412.326357828  -412.254344800  -412.326357828  -412.246650790
   347.500  -412.446819083  -412.329961630  -412.257519199  -412.329961630  -412.246704342
   348.000  -412.449763396  -412.334670121  -412.261539514  -412.334670121  -412.246775689
   348.500  -412.452472017  -412.339413407  -412.265437479  -412.339413407  -412.246858327
   349.000  -412.453764677  -412.342989084  -412.268138086  -412.342989084  -412.246933275
   349.500  -412.452687323  -412.344403927  -412.268793077  -412.344403927  -412.246942607
   350.000  -412.449344960  -412.343704261  -412.267589017  -412.343704261  -412.246821324
   350.500  -412.445669226  -412.342748735  -412.266500886  -412.342748735  -412.246627587
   351.000  -412.444403378  -412.344211718  -412.268256790  -412.344211718  -412.246583648
   351.500  -412.446151248  -412.348652938  -412.273382185  -412.348652938  -412.246774565
   352.000  -412.448342974  -412.353488166  -412.279181552  -412.353488166  -412.246991544
   352.500  -412.447924403  -412.355664971  -412.282464356  -412.355664971  -412.247056000
   353.000  -412.443852664  -412.354138085  -412.282072135  -412.354138085  -412.246990327
   353.500  -412.436986240  -412.349751585  -412.278774642  -412.349751585  -412.246884229
   354.000  -412.428884519  -412.344044533  -412.274066293  -412.344044533  -412.246787873
   354.500  -412.421039467  -412.338493105  -412.269391692  -412.338493105  -412.246709810
   355.000  -412.414674246  -412.334321381  -412.265940625  -412.334321381  -412.246649837
   355.500  -412.410705712  -412.332466490  -412.264612632  -412.332466490  -412.246617416
   356.000  -412.409584704  -412.333418325  -412.265859748  -412.333418325  -412.246630985
   356.500  -412.411039524  -412.336952476  -412.269430977  -412.336952476  -412.246702347
   357.000  -412.413932971  -412.341970534  -412.274224495  -412.341970534  -412.246829685
   357.500  -412.416353560  -412.346566609  -412.278369025  -412.346566609  -412.246997912
   358.000  -412.415940990  -412.348338714  -412.279539786  -412.348338714  -412.247160724
   358.500  -412.410754389  -412.345252860  -412.275818024  -412.345252860  -412.247183772
   359.000  -412.401320379  -412.337706609  -412.267743909  -412.337706609  -412.246882677
   359.500  -412.392781995  -412.330712284  -412.260469262  -412.330712284  -412.246405402
   360.000  -412.392011836  -412.331051408  -412.260867731  -412.331051408  -412.246385939
   360.500  -412.399223436  -412.338915591  -412.269130601  -412.338915591  -412.246905059
   361.000  -412.407171978  -412.347096688  -412.277967093  -412.347096688  -412.247280458
   361.500  -412.410014938  -412.349807347  -412.281480134  -412.349807347  -412.247249004
   362.000  -412.407475268  -412.346816552  -412.279347061  -412.346816552  -412.247037294
   362.500  -412.402186711  -412.340791060  -412.274171362  -412.340791060  -412.246851460
   363.000  -412.396699740  -412.334311416  -412.268489681  -412.334311416  -412.246749890
   363.500  -412.392459943  -412.328856273  -412.263747401  -412.328856273  -412.246713385
   364.000  -412.389988894  -412.324986034  -412.260475854  -412.324986034  -412.246705376
   364.500  -412.389399690  -412.322854618  -412.258802987  -412.322854618  -412.246696330
   365.000  -412.390828741  -412.322637222  -412.258881775  -412.322637222  -412.246674606
   365.500  -412.394589044  -412.324682245  -412.261040128  -412.324682245  -412.246654736
   366.000  -412.400941894  -412.329280073  -412.265555093  -412.329280073  -412.246673231
   366.500  -412.409536541  -412.336108289  -412.272096232  -412.336108289  -412.246772576
   367.000  -412.418815944  -412.343637928  -412.279140905  -412.343637928  -412.246970270
   367.500  -412.425827612  -412.348948393  -412.283792235  -412.348948393  -412.247234716
   368.000  -412.426868062  -412.348370760  -412.282433094  -412.348370760  -412.247444387
   368.500  -412.419537657  -412.339543538  -412.272784462  -412.339543538  -412.247347404
   369.000  -412.406430424  -412.325096234  -412.257598317  -412.325096234  -412.246764749
   369.500  -412.396789461  -412.314303733  -412.246292245  -412.314303733  -412.246194793
   370.000  -412.398765804  -412.315349735  -412.247158309  -412.315349735  -412.246421812
   370.500  -412.409184373  -412.325102431  -412.257063727  -412.325102431  -412.247058546
   371.000  -412.418471980  -412.334038201  -412.266352257  -412.334038201  -412.247329376
   371.500  -412.421481336  -412.337050620  -412.269705500  -412.337050620  -412.247216852
   372.000  -412.418836824  -412.334789057  -412.267551588  -412.334789057  -412.247003200
   372.500  -412.413213276  -412.329936564  -412.262405081  -412.329936564  -412.246838963
   373.000  -412.406917191  -412.324790907  -412.256483538  -412.324790907  -412.246747635
   373.500  -412.401324741  -412.320701653  -412.251148842  -412.320701653  -412.246709011
   374.000  -412.397088859  -412.318275778  -412.247099718  -412.318275778  -412.246697330
   374.500  -412.394499061  -412.317736214  -412.244707168  -412.317736214  -412.246689726
   375.000  -412.393811637  -412.319254023  -412.244314182  -412.319254023  -412.246670803
   375.500  -412.395468783  -412.323172045  -412.246433128  -412.323172045  -412.246639859
   376.000  -412.400068983  -412.329985540  -412.251699330  -412.329985540  -412.246623856
   376.500  -412.407929834  -412.339917595  -412.260437199  -412.339917595  -412.246674689
   377.000  -412.418314820  -412.352158314  -412.271905549  -412.352158314  -412.246836092
   377.500  -412.428827860  -412.364267736  -412.283710700  -412.364267736  -412.247093493
   378.000  -412.435720648  -412.372481655  -412.292128992  -412.372481655  -412.247333884
   378.500  -412.435632380  -412.373446444  -412.293846241  -412.373446444  -412.247359355
   379.000  -412.428410904  -412.367029570  -412.288773795  -412.367029570  -412.247050936
   379.500  -412.418494138  -412.357690798  -412.281408660  -412.357690798  -412.246662957
   380.000  -412.411271808  -412.350837609  -412.277156669  -412.350837609  -412.246623253
   380.500  -412.407505285  -412.347242808  -412.276710858  -412.347242808  -412.246857211
   381.000  -412.404026169  -412.343756543  -412.276752714  -412.343756543  -412.246991932
   381.500  -412.398570221  -412.338173488  -412.274821163  -412.338173488  -412.246938064
   382.000  -412.391404891  -412.330889492  -412.270987024  -412.330889492  -412.246812690
   382.500  -412.383967269  -412.323527252  -412.266523850  -412.323527252  -412.246706896
   383.000  -412.377555037  -412.317578728  -412.262612903  -412.317578728  -412.246648436
   383.500  -412.372922846  -412.313917570  -412.259935842  -412.313917570  -412.246629902
   384.000  -412.370364874  -412.312830964  -412.258740259  -412.312830964  -412.246637857
   384.500  -412.369908110  -412.314200750  -412.259026865  -412.314200750  -412.246658424
   385.000  -412.371482169  -412.317715005  -412.260721694  -412.317715005  -412.246680227
   385.500  -412.375033692  -412.323052894  -412.263795628  -412.323052894  -412.246696679
   386.000  -412.380519034  -412.329958181  -412.268249639  -412.329958181  -412.246719431
   386.500  -412.387692608  -412.338065158  -412.273889395  -412.338065158  -412.246772389
   387.000  -412.395770014  -412.346562207  -412.279979174  -412.346562207  -412.246860717
   387.500  -412.403415221  -412.354143287  -412.285224016  -412.354143287  -412.246935018
   388.000  -412.409459234  -412.359684494  -412.288484979  -412.359684494  -412.246928764
   388.500  -412.413807841  -412.363114676  -412.289678698  -412.363114676  -412.246861042
   389.000  -412.417217252  -412.365175429  -412.289543599  -412.365175429  -412.246835625
   389.500  -412.420002328  -412.366135419  -412.288341349  -412.366135419  -412.246884134
   390.000  -412.421605981  -412.365376246  -412.285437117  -412.365376246  -412.246925022
   390.500  -412.421573876  -412.362384593  -412.280293360  -412.362384593  -412.246900016
   391.000  -412.420326149  -412.357535459  -412.273262304  -412.357535459  -412.246829780
   391.500  -412.418921536  -412.351862628  -412.265369243  -412.351862628  -412.246759116
   392.000  -412.418425449  -412.346434960  -412.257698121  -412.346434960  -412.246715972
   392.500  -412.419484203  -412.341934237  -412.250989160  -412.341934237  -412.246706934
   393.000  -412.422197044  -412.338532160  -412.245545609  -412.338532160  -412.246728303
   393.500  -412.426164349  -412.335937465  -412.241341782  -412.335937465  -412.246773566
   394.000  -412.430600147  -412.333499250  -412.238258022  -412.333499250  -412.246840051
   394.500  -412.434435129  -412.330272854  -412.236524740  -412.330272854  -412.246943934
   395.000  -412.436313722  -412.324972308  -412.237648899  -412.324972308  -412.246999894
   395.500  -412.435787982  -412.317879714  -412.241587629  -412.317879714  -412.246754764
   396.000  -412.433950871  -412.311052430  -412.243887641  -412.311052430  -412.246770573
   396.500  -412.431246473  -412.304854605  -412.244206117  -412.304854605  -412.246704986
   397.000  -412.429041492  -412.300486903  -412.244042826  -412.300486903  -412.246572268
   397.500  -412.429511478  -412.300019197  -412.245582164  -412.300019197  -412.246466739
   398.000  -412.434231031  -412.304939931  -412.250418231  -412.304939931  -412.246520993
   398.500  -412.442394971  -412.314364676  -412.257818087  -412.314364676  -412.246734374
   399.000  -412.450896896  -412.325131776  -412.264765912  -412.325131776  -412.246937876
   399.500  -412.456662619  -412.334154432  -412.268221622  -412.334154432  -412.246995458
   400.000  -412.458611717  -412.340423095  -412.266898556  -412.340423095  -412.246887359
   400.500  -412.457923881  -412.345552339  -412.260729552  -412.345552339  -412.246490337
   401.000  -412.455249937  -412.351262907  -412.254568417  -412.351262907  -412.247436926
   401.500  -412.449668378  -412.353382149  -412.255987374  -412.353382149  -412.247159814
   402.000  -412.443961814  -412.354859078  -412.259415102  -412.354859078  -412.247094190
   402.500  -412.438954850  -412.356683698  -412.263804678  -412.356683698  -412.247081018
   403.000  -412.434859262  -412.358999760  -412.268712677  -412.358999760  -412.247102082
   403.500  -412.431373694  -412.361419029  -412.273524172  -412.361419029  -412.247156654
   404.000  -412.427659849  -412.363046935  -412.277263049  -412.363046935  -412.247243962
   404.500  -412.422397881  -412.362542980  -412.278576717  -412.362542980  -412.247347390
   405.000  -412.414130595  -412.358452150  -412.276035365  -412.358452150  -412.247412505
   405.500  -412.402157009  -412.350083691  -412.268991845  -412.350083691  -412.247348107
   406.000  -412.387855813  -412.338819844  -412.258886202  -412.338819844  -412.247108223
   406.500  -412.375098670  -412.328531896  -412.249648326  -412.328531896  -412.246844361
   407.000  -412.367843892  -412.323187561  -412.245287887  -412.323187561  -412.246825447
   407.500  -412.366374813  -412.323107305  -412.246127005  -412.323107305  -412.247063468
   408.000  -412.367133248  -412.324796274  -412.248630472  -412.324796274  -412.247297274
   408.500  -412.366349121  -412.324558817  -412.249033534  -412.324558817  -412.247361748
   409.000  -412.362639607  -412.321078046  -412.245942669  -412.321078046  -412.247284296
   409.500  -412.356864400  -412.315263251  -412.240195309  -412.315263251  -412.247150603
   410.000  -412.350917626  -412.309038997  -412.233659726  -412.309038997  -412.247020074
   410.500  -412.346760419  -412.304385218  -412.228279903  -412.304385218  -412.246922396
   411.000  -412.345906584  -412.302822714  -412.225572575  -412.302822714  -412.246868995
   411.500  -412.349187081  -412.305184046  -412.226399168  -412.305184046  -412.246865114
   412.000  -412.356652132  -412.311514326  -412.230864604  -412.311514326  -412.246912494
   412.500  -412.367535585  -412.321039519  -412.238274060  -412.321039519  -412.247010730
   413.000  -412.380278781  -412.332192719  -412.247143040  -412.332192719  -412.247152290
   413.500  -412.392689286  -412.342774064  -412.255342386  -412.342774064  -412.247310467
   414.000  -412.402446879  -412.350433307  -412.260597886  -412.350433307  -412.247418346
   414.500  -412.408189419  -412.353737037  -412.261583568  -412.353737037  -412.247376099
   415.000  -412.410844708  -412.353530551  -412.259249467  -412.353530551  -412.247171534
   415.500  -412.413558374  -412.352882432  -412.256742389  -412.352882432  -412.246996225
   416.000  -412.418894179  -412.354299867  -412.256612153  -412.354299867  -412.247048137
   416.500  -412.426160667  -412.357070161  -412.258158454  -412.357070161  -412.247227492
   417.000  -412.432682152  -412.358537682  -412.258732200  -412.358537682  -412.247324753
   417.500  -412.436719778  -412.357017935  -412.256686006  -412.357017935  -412.247303729
   418.000  -412.438236265  -412.352554974  -412.252158152  -412.352554974  -412.247237561
   418.500  -412.438018091  -412.346030350  -412.246211010  -412.346030350  -412.247173068
   419.000  -412.436942145  -412.338433642  -412.240121627  -412.338433642  -412.247122842
   419.500  -412.435760004  -412.330646777  -412.235235373  -412.330646777  -412.247083746
   420.000  -412.435047764  -412.323513517  -412.232877352  -412.323513517  -412.247024616
   420.500  -412.435286383  -412.318227139  -412.233502391  -412.318227139  -412.246933542
   421.000  -412.436902850  -412.316026696  -412.236132439  -412.316026696  -412.246925905
   421.500  -412.439789077  -412.317119360  -412.239756976  -412.317119360  -412.246961274
   422.000  -412.443184404  -412.320959483  -412.243430736  -412.320959483  -412.247047118
   422.500  -412.445652496  -412.326135633  -412.246622603  -412.326135633  -412.247238154
   423.000  -412.445536452  -412.330205891  -412.249573514  -412.330205891  -412.247292808
   423.500  -412.442527435  -412.332222132  -412.251936219  -412.332222132  -412.247185288
   424.000  -412.438411832  -412.333802684  -412.254621775  -412.333802684  -412.246976494
   424.500  -412.436370660  -412.337989543  -412.260188447  -412.337989543  -412.246866934
   425.000  -412.438059259  -412.346265992  -412.269850728  -412.346265992  -412.247015400
   425.500  -412.441467468  -412.356437373  -412.281255093  -412.356437373  -412.247273195
   426.000  -412.442893171  -412.364624081  -412.290422626  -412.364624081  -412.247409001
   426.500  -412.440204212  -412.368531086  -412.295001128  -412.368531086  -412.247385024
   427.000  -412.433606480  -412.368219474  -412.295033968  -412.368219474  -412.247292188
   427.500  -412.424455287  -412.364923869  -412.291773945  -412.364923869  -412.247209931
   428.000  -412.414059888  -412.359864225  -412.286488611  -412.359864225  -412.247163061
   428.500  -412.403236680  -412.353803370  -412.280006031  -412.353803370  -412.247140779
   429.000  -412.392411693  -412.347148382  -412.272802958  -412.347148382  -412.247125513
   429.500  -412.381862788  -412.340186049  -412.265228211  -412.340186049  -412.247109100
   430.000  -412.371842802  -412.333198891  -412.257608221  -412.333198891  -412.247095858
   430.500  -412.362533928  -412.326410078  -412.250188485  -412.326410078  -412.247096619
   431.000  -412.353901766  -412.319832159  -412.242980929  -412.319832159  -412.247121486
   431.500  -412.345581868  -412.313147694  -412.235651014  -412.313147694  -412.247165600
   432.000  -412.337009297  -412.305835463  -412.227653899  -412.305835463  -412.247189613
   432.500  -412.328057127  -412.297805828  -412.218882904  -412.297805828  -412.247117361
   433.000  -412.320112674  -412.290474690  -412.210757302  -412.290474690  -412.246910467
   433.500  -412.316420351  -412.287105972  -412.206567860  -412.287105972  -412.246702188
   434.000  -412.320015722  -412.290747698  -412.209401170  -412.290747698  -412.246722366
   434.500  -412.330575276  -412.301082603  -412.218970951  -412.301082603  -412.246968935
   435.000  -412.344443930  -412.314450358  -412.231634863  -412.314450358  -412.247209232
   435.500  -412.357840284  -412.327044176  -412.243599440  -412.327044176  -412.247305595
   436.000  -412.369018518  -412.337066519  -412.253087000  -412.337066519  -412.247287932
   436.500  -412.378054811  -412.344517626  -412.260118645  -412.344517626  -412.247229067
   437.000  -412.385813071  -412.350168452  -412.265473376  -412.350168452  -412.247175170
   437.500  -412.393187269  -412.354814871  -412.269925059  -412.354814871  -412.247145029
   438.000  -412.400746980  -412.358937691  -412.273893777  -412.358937691  -412.247140561
   438.500  -412.408653212  -412.362636485  -412.277380756  -412.362636485  -412.247154766
   439.000  -412.416730712  -412.365718963  -412.280074948  -412.365718963  -412.247178749
   439.500  -412.424575475  -412.367825098  -412.281499872  -412.367825098  -412.247210878
   440.000  -412.431585601  -412.368465124  -412.281082880  -412.368465124  -412.247257069
   440.500  -412.436908786  -412.366964011  -412.278127818  -412.366964011  -412.247320129
   441.000  -412.439482448  -412.362483221  -412.271864422  -412.362483221  -412.247375373
   441.500  -412.438500956  -412.354459183  -412.261907274  -412.354459183  -412.247352585
   442.000  -412.434491049  -412.343643649  -412.249313541  -412.343643649  -412.247179488
   442.500  -412.430201107  -412.332968548  -412.237449802  -412.332968548  -412.246925936
   443.000  -412.429348712  -412.326297780  -412.230702812  -412.326297780  -412.246833039
   443.500  -412.433208104  -412.325066456  -412.230929839  -412.325066456  -412.246986545
   444.000  -412.439364825  -412.327122589  -412.235780395  -412.327122589  -412.247173781
   444.500  -412.444563476  -412.329517163  -412.241236082  -412.329517163  -412.247235130
   445.000  -412.447329234  -412.330945901  -412.244876872  -412.330945901  -412.247194340
   445.500  -412.447930543  -412.331712883  -412.246459893  -412.331712883  -412.247120710
   446.000  -412.447279648  -412.332731040  -412.246747799  -412.332731040  -412.247065029
   446.500  -412.446165627  -412.334719538  -412.246761699  -412.334719538  -412.247056147
   447.000  -412.445018619  -412.337791358  -412.247684253  -412.337791358  -412.247075883
   447.500  -412.444060020  -412.341655926  -412.250320678  -412.341655926  -412.247082323
   448.000  -412.443414481  -412.346064630  -412.254576894  -412.346064630  -412.247097677
   448.500  -412.442954868  -412.350660322  -412.259822572  -412.350660322  -412.247136677
   449.000  -412.442183987  -412.354772367  -412.265131190  -412.354772367  -412.247202895
   449.500  -412.440203498  -412.357365728  -412.269294266  -412.357365728  -412.247291231
   450.000  -412.435845692  -412.357172044  -412.270936893  -412.357172044  -412.247368757
   450.500  -412.428241134  -412.353256671  -412.269061994  -412.353256671  -412.247357440
   451.000  -412.417988282  -412.346181823  -412.264200300  -412.346181823  -412.247179655
   451.500  -412.408068213  -412.338919102  -412.259297191  -412.338919102  -412.246919127
   452.000  -412.402362126  -412.335367166  -412.258203858  -412.335367166  -412.246848576
   452.500  -412.401846227  -412.336547625  -412.261851276  -412.336547625  -412.247060619
   453.000  -412.403384574  -412.339393669  -412.267038200  -412.339393669  -412.247305050
   453.500  -412.403148057  -412.340147312  -412.269865389  -412.340147312  -412.247371226
   454.000  -412.399768367  -412.337495725  -412.268910099  -412.337495725  -412.247278566
   454.500  -412.394342667  -412.332567681  -412.265240480  -412.332567681  -412.247132085
   455.000  -412.388957542  -412.327460404  -412.260938885  -412.327460404  -412.247010570
   455.500  -412.385445124  -412.324000737  -412.257851603  -412.324000737  -412.246950093
   456.000  -412.384757317  -412.323128504  -412.256953961  -412.323128504  -412.246953257
   456.500  -412.386879088  -412.324816597  -412.258256398  -412.324816597  -412.247000213
   457.000  -412.391102010  -412.328349648  -412.261073379  -412.328349648  -412.247067216
   457.500  -412.396379553  -412.332681696  -412.264376566  -412.332681696  -412.247142251
   458.000  -412.401528979  -412.336638682  -412.266998424  -412.336638682  -412.247226010
   458.500  -412.405261704  -412.338948919  -412.267665998  -412.338948919  -412.247318225
   459.000  -412.406271554  -412.338325015  -412.265095358  -412.338325015  -412.247388001
   459.500  -412.403783664  -412.334007436  -412.258545304  -412.334007436  -412.247353038
   460.000  -412.398780562  -412.326983101  -412.249050628  -412.326983101  -412.247134509
   460.500  -412.394903859  -412.320888632  -412.240327809  -412.320888632  -412.246838725
   461.000  -412.396597377  -412.320168852  -412.236923816  -412.320168852  -412.246773815
   461.500  -412.404779274  -412.325771959  -412.239890005  -412.325771959  -412.247025367
   462.000  -412.415703844  -412.334016762  -412.245641435  -412.334016762  -412.247311296
   462.500  -412.424800886  -412.340418162  -412.249788264  -412.340418162  -412.247423350
   463.000  -412.429875793  -412.342863422  -412.250321915  -412.342863422  -412.247391783
   463.500  -412.431015091  -412.341505158  -412.247504153  -412.341505158  -412.247307906
   464.000  -412.429341339  -412.337512390  -412.242609770  -412.337512390  -412.247212209
   464.500  -412.426319601  -412.332385638  -412.237227661  -412.332385638  -412.247105963
   465.000  -412.423617946  -412.327830027  -412.233118097  -412.327830027  -412.246994122
   465.500  -412.422944489  -412.325608378  -412.232036166  -412.325608378  -412.246907594
   466.000  -412.425527044  -412.327042824  -412.235153711  -412.327042824  -412.246893262
   466.500  -412.431447727  -412.332340810  -412.242337812  -412.332340810  -412.246973628
   467.000  -412.439360525  -412.340268752  -412.251932414  -412.340268752  -412.247130880
   467.500  -412.446865175  -412.348465247  -412.261352790  -412.348465247  -412.247306814
   468.000  -412.451382569  -412.354316810  -412.268051855  -412.354316810  -412.247429546
   468.500  -412.451266553  -412.356089079  -412.270540757  -412.356089079  -412.247421993
   469.000  -412.446905749  -412.354053251  -412.269340741  -412.354053251  -412.247255618
   469.500  -412.440985467  -412.350763566  -412.267160753  -412.350763566  -412.247045215
   470.000  -412.436714725  -412.349296563  -412.267113004  -412.349296563  -412.246992682
   470.500  -412.435029343  -412.350459144  -412.269950794  -412.350459144  -412.247124829
   471.000  -412.434173881  -412.352372043  -412.273697583  -412.352372043  -412.247268835
   471.500  -412.432019400  -412.352786960  -412.276010101  -412.352786960  -412.247307440
   472.000  -412.427846776  -412.350871343  -412.275993148  -412.350871343  -412.247261937
   472.500  -412.422214161  -412.347083843  -412.274075647  -412.347083843  -412.247196289
   473.000  -412.416065517  -412.342292266  -412.271114843  -412.342292266  -412.247150267
   473.500  -412.410116932  -412.337161588  -412.267773438  -412.337161588  -412.247131411
   474.000  -412.404710175  -412.332006277  -412.264363569  -412.332006277  -412.247126159
   474.500  -412.400003229  -412.326975430  -412.261026701  -412.326975430  -412.247110863
   475.000  -412.396333089  -412.322406543  -412.258097208  -412.322406543  -412.247063215
   475.500  -412.394512632  -412.319118359  -412.256392105  -412.319118359  -412.246991207
   476.000  -412.395669587  -412.318248412  -412.257058331  -412.318248412  -412.246948273
   476.500  -412.400420781  -412.320437192  -412.260746794  -412.320437192  -412.246999369
   477.000  -412.407966803  -412.324932521  -412.266716105  -412.324932521  -412.247131024
   477.500  -412.416299920  -412.329807302  -412.273039562  -412.329807302  -412.247238469
   478.000  -412.423652614  -412.333406788  -412.278048711  -412.333406788  -412.247251465
   478.500  -412.429481822  -412.335327533  -412.281306211  -412.335327533  -412.247228552
   479.000  -412.433787131  -412.335733579  -412.282915883  -412.335733579  -412.247244016
   479.500  -412.436185478  -412.334427239  -412.282600483  -412.334427239  -412.247260908
   480.000  -412.436320873  -412.331256223  -412.280115132  -412.331256223  -412.247215455
   480.500  -412.434699370  -412.326930232  -412.276087185  -412.326930232  -412.247112910
   481.000  -412.432661254  -412.322971208  -412.271982329  -412.322971208  -412.247005103
   481.500  -412.431726771  -412.321019144  -412.269443316  -412.321019144  -412.246930020
   482.000  -412.433015950  -412.322240220  -412.269689248  -412.322240220  -412.246902235
   482.500  -412.436982232  -412.327070093  -412.273230340  -412.327070093  -412.246921731
   483.000  -412.443364146  -412.335189115  -412.279806227  -412.335189115  -412.246985219
   483.500  -412.451229819  -412.345577352  -412.288435376  -412.345577352  -412.247087358
   484.000  -412.459071229  -412.356609025  -412.297519276  -412.356609025  -412.247218066
   484.500  -412.464994375  -412.366242081  -412.305049410  -412.366242081  -412.247351975
   485.000  -412.467139513  -412.372443770  -412.309037592  -412.372443770  -412.247438710
   485.500  -412.464443434  -412.373964307  -412.308290783  -412.373964307  -412.247413006
   486.000  -412.457536106  -412.371246842  -412.303320350  -412.371246842  -412.247255259
   486.500  -412.448882496  -412.366588137  -412.296501057  -412.366588137  -412.247069148
   487.000  -412.441227326  -412.362606759  -412.290524017  -412.362606759  -412.247025291
   487.500  -412.435286618  -412.359948173  -412.286091521  -412.359948173  -412.247152701
   488.000  -412.429342223  -412.356882296  -412.281499170  -412.356882296  -412.247305071
   488.500  -412.421206689  -412.351248254  -412.274589325  -412.351248254  -412.247351002
   489.000  -412.410117391  -412.342323132  -412.264631726  -412.342323132  -412.247280164
   489.500  -412.397013422  -412.331081859  -412.252588413  -412.331081859  -412.247151546
   490.000  -412.383763639  -412.319415975  -412.240336157  -412.319415975  -412.247022026
   490.500  -412.372324462  -412.309291800  -412.229824436  -412.309291800  -412.246922813
   491.000  -412.364232007  -412.302245949  -412.222569292  -412.302245949  -412.246865570
   491.500  -412.360393893  -412.299179767  -412.219455150  -412.299179767  -412.246851120
   492.000  -412.361040902  -412.300315088  -412.220685702  -412.300315088  -412.246879510
   492.500  -412.365724563  -412.305192964  -412.225788774  -412.305192964  -412.246951024
   493.000  -412.373322931  -412.312680087  -412.233620770  -412.312680087  -412.247065047
   493.500  -412.382085180  -412.321015109  -412.242412003  -412.321015109  -412.247211534
   494.000  -412.389869992  -412.328044154  -412.250009269  -412.328044154  -412.247347224
   494.500  -412.394880836  -412.331956037  -412.254607831  -412.331956037  -412.247378926
   495.000  -412.397064729  -412.332677608  -412.256151249  -412.332677608  -412.247214562
   495.500  -412.399209260  -412.332971215  -412.257418920  -412.332971215  -412.246946362
   496.000  -412.405275574  -412.336779450  -412.262344749  -412.336779450  -412.246887993
   496.500  -412.416065447  -412.344909406  -412.271675370  -412.344909406  -412.247139864
   497.000  -412.427962836  -412.353785513  -412.281725617  -412.353785513  -412.247412640
   497.500  -412.436790888  -412.359303863  -412.288264243  -412.359303863  -412.247496077
   498.000  -412.440920168  -412.359922824  -412.289657405  -412.359922824  -412.247436134
   498.500  -412.440897972  -412.356280246  -412.286500120  -412.356280246  -412.247336278
   499.000  -412.438036054  -412.349768562  -412.280197148  -412.349768562  -412.247239785
   499.500  -412.433701101  -412.341823009  -412.272228053  -412.341823009  -412.247152324
   500.000  -412.429183181  -412.333787997  -412.264002459  -412.333787997  -412.247072352
