 N     7.0   -1.83549317   -0.01455109   -0.14275114   14.00307401
 N     7.0    1.95696680    2.31005020    0.10714496   14.00307401
 C     6.0   -0.79681672    2.40054205   -0.15226273   12.00000000
 C     6.0    3.17246219    0.11654705   -0.05869159   12.00000000
 C     6.0    2.03091599   -2.36414497    0.05524952   12.00000000
 C     6.0   -0.64129236   -2.48567040    0.04772104   12.00000000
 O     8.0   -1.86413341   -4.42855818    0.07904385   15.99491464
 O     8.0   -2.00202925    4.14712475    0.09116638   15.99491464
 H     1.0   -3.64536027    0.13116455   -0.27544558    1.00782504
 H     1.0    2.88667402    3.64523280    0.16914396    1.00782504
 H     1.0    5.45571853    0.68706502   -0.22808984    1.00782504
 H     1.0    3.20847772   -3.74076799   -0.54146711    1.00782504
