    0.000182521    0.000162658   -0.000084461
   -0.000076442   -0.000073075   -0.000197765
   -0.000311335    0.000500432   -0.000029927
   -0.000164613    0.000205874    0.000102202
   -0.000073754   -0.000215316   -0.000064207
    0.000211583    0.000213132   -0.000096370
   -0.000214285   -0.000123089    0.000093581
    0.000395962   -0.000446041    0.000163159
   -0.002151507    0.001841151   -0.000417244
    0.001177342    0.000665567   -0.000133528
    0.000475107   -0.001659204    0.000817397
    0.000320384   -0.001428120    0.000598604
