     0.000  -412.520180714  -412.350394723  -412.284862665  -412.284862665  -412.251098561
     0.500  -412.521441240  -412.354918008  -412.287653263  -412.287653263  -412.251076779
     1.000  -412.523853735  -412.361321820  -412.292585613  -412.292585613  -412.251095296
     1.500  -412.526742435  -412.369124224  -412.299286878  -412.299286878  -412.251186051
     2.000  -412.528499198  -412.376871294  -412.306407877  -412.306407877  -412.251352582
     2.500  -412.526757457  -412.382306142  -412.311661588  -412.311661588  -412.251527170
     3.000  -412.519498381  -412.383400868  -412.312896245  -412.312896245  -412.251563606
     3.500  -412.507130341  -412.380375236  -412.310210485  -412.310210485  -412.251340764
     4.000  -412.493882510  -412.377110579  -412.307393925  -412.307393925  -412.251013008
     4.500  -412.485141626  -412.378554100  -412.309322818  -412.309322818  -412.250998932
     5.000  -412.481643554  -412.384997951  -412.316206727  -412.316206727  -412.251368549
     5.500  -412.478504456  -412.391170535  -412.322684072  -412.322684072  -412.251715342
     6.000  -412.470696242  -412.391733644  -412.323358901  -412.323358901  -412.251774472
     6.500  -412.457121705  -412.385364966  -412.316910521  -412.316910521  -412.251594352
     7.000  -412.440299021  -412.374440722  -412.305781987  -412.305781987  -412.251313058
     7.500  -412.424370675  -412.363037973  -412.294160197  -412.294160197  -412.251051668
     8.000  -412.413202411  -412.355015814  -412.286026338  -412.286026338  -412.250904187
     8.500  -412.408945508  -412.352555090  -412.283669091  -412.283669091  -412.250900247
     9.000  -412.411588957  -412.355689824  -412.287196337  -412.287196337  -412.250991267
     9.500  -412.419648501  -412.362985482  -412.295196586  -412.295196586  -412.251111569
    10.000  -412.431137427  -412.372507089  -412.305701175  -412.305701175  -412.251237739
    10.500  -412.443968407  -412.382231326  -412.316600390  -412.316600390  -412.251383028
    11.000  -412.455831212  -412.389937847  -412.325551893  -412.325551893  -412.251553336
    11.500  -412.464184288  -412.393211791  -412.330013623  -412.330013623  -412.251698647
    12.000  -412.467095909  -412.390284102  -412.328119783  -412.328119783  -412.251684520
    12.500  -412.465219027  -412.381995288  -412.320670299  -412.320670299  -412.251381204
    13.000  -412.463313696  -412.373306089  -412.312644927  -412.312644927  -412.250947301
    13.500  -412.467523117  -412.370577581  -412.310449239  -412.310449239  -412.250855034
    14.000  -412.478867179  -412.375075597  -412.315374940  -412.315374940  -412.251215068
    14.500  -412.491822081  -412.381543203  -412.322153497  -412.322153497  -412.251585134
    15.000  -412.500311198  -412.384158534  -412.324936736  -412.324936736  -412.251672556
    15.500  -412.502214055  -412.381009860  -412.321800628  -412.321800628  -412.251546681
    16.000  -412.498830005  -412.373548079  -412.314208281  -412.314208281  -412.251361004
    16.500  -412.492709521  -412.364425767  -412.304843322  -412.304843322  -412.251194731
    17.000  -412.486339406  -412.356197802  -412.296299546  -412.296299546  -412.251061943
    17.500  -412.481764655  -412.350956613  -412.290707755  -412.290707755  -412.250967024
    18.000  -412.480417585  -412.350172352  -412.289567667  -412.289567667  -412.250933631
    18.500  -412.482738938  -412.354317142  -412.293369217  -412.293369217  -412.250987773
    19.000  -412.487817697  -412.362503509  -412.301226019  -412.301226019  -412.251128174
    19.500  -412.493446921  -412.372527901  -412.310916569  -412.310916569  -412.251328606
    20.000  -412.496591070  -412.381317743  -412.319332919  -412.319332919  -412.251549689
    20.500  -412.494135358  -412.385656534  -412.323214846  -412.323214846  -412.251713267
    21.000  -412.484235322  -412.383513244  -412.320494683  -412.320494683  -412.251670925
    21.500  -412.468482832  -412.376202898  -412.312472222  -412.312472222  -412.251316566
    22.000  -412.452981638  -412.369480350  -412.304909275  -412.304909275  -412.250885084
    22.500  -412.444502248  -412.369740495  -412.304214138  -412.304214138  -412.250867335
    23.000  -412.443708698  -412.377293925  -412.310699933  -412.310699933  -412.251276825
    23.500  -412.444904795  -412.386142686  -412.318375117  -412.318375117  -412.251635438
    24.000  -412.442518909  -412.390469734  -412.321479485  -412.321479485  -412.251693909
    24.500  -412.435062806  -412.388604296  -412.318476765  -412.318476765  -412.251544397
    25.000  -412.424249478  -412.382145256  -412.311162191  -412.311162191  -412.251341779
    25.500  -412.412818180  -412.373779345  -412.302431428  -412.302431428  -412.251173888
    26.000  -412.403182866  -412.365909416  -412.294848148  -412.294848148  -412.251066850
    26.500  -412.396996944  -412.360194127  -412.290136991  -412.290136991  -412.251013825
    27.000  -412.395219609  -412.357596747  -412.289211707  -412.289211707  -412.250998187
    27.500  -412.398301669  -412.358568059  -412.292367231  -412.292367231  -412.251017986
    28.000  -412.406132176  -412.363004483  -412.299273461  -412.299273461  -412.251099820
    28.500  -412.417590793  -412.369823870  -412.308601733  -412.308601733  -412.251274083
    29.000  -412.430104696  -412.376542172  -412.317658963  -412.317658963  -412.251521703
    29.500  -412.440018697  -412.379651082  -412.322805005  -412.322805005  -412.251734828
    30.000  -412.444315314  -412.376326036  -412.321180877  -412.321180877  -412.251732205
    30.500  -412.443296972  -412.367086669  -412.313364686  -412.313364686  -412.251396402
    31.000  -412.441957964  -412.357156143  -412.304697754  -412.304697754  -412.250952308
    31.500  -412.446413522  -412.352900903  -412.301661611  -412.301661611  -412.250887262
    32.000  -412.457263803  -412.355213365  -412.305198115  -412.305198115  -412.251238389
    32.500  -412.469096429  -412.359007375  -412.310190646  -412.310190646  -412.251548369
    33.000  -412.476677523  -412.359369897  -412.311653117  -412.311653117  -412.251578804
    33.500  -412.478720220  -412.355284186  -412.308500927  -412.308500927  -412.251429842
    34.000  -412.476872204  -412.348597289  -412.302533721  -412.302533721  -412.251252668
    34.500  -412.473543203  -412.341846792  -412.296259706  -412.296259706  -412.251121932
    35.000  -412.470664098  -412.337031207  -412.291655905  -412.291655905  -412.251050492
    35.500  -412.469355816  -412.335287934  -412.289847953  -412.289847953  -412.251029729
    36.000  -412.470012562  -412.336991882  -412.291196215  -412.291196215  -412.251045217
    36.500  -412.472478840  -412.341942612  -412.295486595  -412.295486595  -412.251087433
    37.000  -412.476187397  -412.349505736  -412.302072381  -412.302072381  -412.251156754
    37.500  -412.480165652  -412.358617417  -412.309880458  -412.309880458  -412.251266956
    38.000  -412.482868121  -412.367607329  -412.317243387  -412.317243387  -412.251430962
    38.500  -412.482105010  -412.374114367  -412.321824583  -412.321824583  -412.251603605
    39.000  -412.475869991  -412.375901120  -412.321445647  -412.321445647  -412.251631597
    39.500  -412.464580871  -412.373092875  -412.316327873  -412.316327873  -412.251369242
    40.000  -412.452767038  -412.369880812  -412.310781780  -412.310781780  -412.251004553
    40.500  -412.445979155  -412.371470870  -412.310114165  -412.310114165  -412.251007209
    41.000  -412.444432223  -412.377767696  -412.314271134  -412.314271134  -412.251389963
    41.500  -412.442831335  -412.383214691  -412.317689425  -412.317689425  -412.251680041
    42.000  -412.436723965  -412.383140787  -412.315703558  -412.315703558  -412.251657520
    42.500  -412.425988775  -412.377248254  -412.308080858  -412.308080858  -412.251446742
    43.000  -412.413448201  -412.368232365  -412.297636943  -412.297636943  -412.251212698
    43.500  -412.402484760  -412.359398072  -412.287815256  -412.287815256  -412.251039311
    44.000  -412.395701561  -412.353309226  -412.281287518  -412.281287518  -412.250948229
    44.500  -412.394524382  -412.351375621  -412.279505286  -412.279505286  -412.250935158
    45.000  -412.399242960  -412.353888074  -412.282712447  -412.282712447  -412.250985475
    45.500  -412.409187505  -412.360199767  -412.290136341  -412.290136341  -412.251084812
    46.000  -412.422925192  -412.368941291  -412.300223114  -412.300223114  -412.251219116
    46.500  -412.438447645  -412.378228117  -412.310885051  -412.310885051  -412.251375176
    47.000  -412.453375492  -412.385875439  -412.319759284  -412.319759284  -412.251534937
    47.500  -412.465293492  -412.389727377  -412.324576365  -412.324576365  -412.251651817
    48.000  -412.472572414  -412.388449458  -412.323982899  -412.323982899  -412.251616041
    48.500  -412.475996013  -412.383122136  -412.319146236  -412.319146236  -412.251329421
    49.000  -412.479813571  -412.378269267  -412.314758433  -412.314758433  -412.250982926
    49.500  -412.488604032  -412.378729454  -412.315842581  -412.315842581  -412.251021016
    50.000  -412.501313845  -412.383709587  -412.321737343  -412.321737343  -412.251425598
    50.500  -412.511608260  -412.387139881  -412.326421736  -412.326421736  -412.251706632
    51.000  -412.514556153  -412.384324490  -412.325195415  -412.325195415  -412.251662273
    51.500  -412.509958674  -412.375241338  -412.318008937  -412.318008937  -412.251440191
    52.000  -412.500643593  -412.362829356  -412.307756834  -412.307756834  -412.251209945
    52.500  -412.489958203  -412.350493239  -412.297775113  -412.297775113  -412.251046261
    53.000  -412.480477821  -412.340828660  -412.290560660  -412.290560660  -412.250959861
    53.500  -412.473697108  -412.335324698  -412.287477232  -412.287477232  -412.250939687
    54.000  -412.470119083  -412.334455823  -412.288856835  -412.288856835  -412.250973622
    54.500  -412.469408691  -412.337830426  -412.294162670  -412.294162670  -412.251055289
    55.000  -412.470489793  -412.344277467  -412.302094067  -412.302094067  -412.251183201
    55.500  -412.471592400  -412.351884495  -412.310646274  -412.310646274  -412.251354178
    56.000  -412.470399397  -412.358143072  -412.317261159  -412.317261159  -412.251538065
    56.500  -412.464613883  -412.360517119  -412.319401956  -412.319401956  -412.251648204
    57.000  -412.453344170  -412.357831657  -412.315944503  -412.315944503  -412.251543548
    57.500  -412.439087409  -412.352265255  -412.309162625  -412.309162625  -412.251172331
    58.000  -412.427981817  -412.349626734  -412.304983548  -412.304983548  -412.250843255
    58.500  -412.425029522  -412.354618459  -412.308212822  -412.308212822  -412.251002791
    59.000  -412.428126648  -412.364898735  -412.316562107  -412.316562107  -412.251483011
    59.500  -412.430315697  -412.373333812  -412.322918087  -412.322918087  -412.251755275
    60.000  -412.427078045  -412.375268576  -412.322673953  -412.322673953  -412.251684171
    60.500  -412.418822994  -412.371006875  -412.316242592  -412.316242592  -412.251445946
    61.000  -412.408707150  -412.363630675  -412.306866324  -412.306866324  -412.251205702
    61.500  -412.400182209  -412.356544785  -412.298117411  -412.298117411  -412.251034886
    62.000  -412.395811185  -412.352282163  -412.292654492  -412.292654492  -412.250948478
    62.500  -412.396968853  -412.352195861  -412.291876049  -412.291876049  -412.250939366
    63.000  -412.403887744  -412.356506633  -412.295957874  -412.295957874  -412.250996712
    63.500  -412.415786001  -412.364448364  -412.304004732  -412.304004732  -412.251108890
    64.000  -412.430995668  -412.374423788  -412.314237388  -412.314237388  -412.251264518
    64.500  -412.447117002  -412.384184109  -412.324212356  -412.324212356  -412.251446474
    65.000  -412.461299958  -412.391118172  -412.331155876  -412.331155876  -412.251620678
    65.500  -412.470851303  -412.392843592  -412.332589682  -412.332589682  -412.251714746
    66.000  -412.474453080  -412.388382025  -412.327530384  -412.327530384  -412.251608828
    66.500  -412.473923261  -412.379881351  -412.318211462  -412.318211462  -412.251242441
    67.000  -412.474680510  -412.373055852  -412.310499127  -412.310499127  -412.250880125
    67.500  -412.481587928  -412.373042131  -412.309688243  -412.309688243  -412.250970215
    68.000  -412.492955243  -412.378420004  -412.314462103  -412.314462103  -412.251405057
    68.500  -412.502029459  -412.382696465  -412.318362066  -412.318362066  -412.251673077
    69.000  -412.504045984  -412.381319425  -412.316835084  -412.316835084  -412.251616392
    69.500  -412.499018153  -412.374435399  -412.310027078  -412.310027078  -412.251397529
    70.000  -412.489781739  -412.364929832  -412.300828077  -412.300828077  -412.251174773
    70.500  -412.479606040  -412.356049793  -412.292487127  -412.292487127  -412.251016091
    71.000  -412.471011878  -412.350244593  -412.287429282  -412.287429282  -412.250934415
    71.500  -412.465460606  -412.348866160  -412.286941361  -412.286941361  -412.250923420
    72.000  -412.463382386  -412.352198943  -412.291204106  -412.291204106  -412.250974855
    72.500  -412.464278635  -412.359560046  -412.299401707  -412.299401707  -412.251082049
    73.000  -412.466824974  -412.369398672  -412.309836866  -412.309836866  -412.251238188
    73.500  -412.469005890  -412.379429090  -412.320081889  -412.320081889  -412.251428927
    74.000  -412.468386496  -412.386904916  -412.327276286  -412.327276286  -412.251618140
    74.500  -412.462725283  -412.389240387  -412.328781355  -412.328781355  -412.251726151
    75.000  -412.451237886  -412.385298069  -412.323496154  -412.323496154  -412.251618160
    75.500  -412.436442145  -412.377268689  -412.313764819  -412.313764819  -412.251231990
    76.000  -412.424505273  -412.371065169  -412.305760863  -412.305760863  -412.250863516
    76.500  -412.420650771  -412.371765698  -412.304870589  -412.304870589  -412.250961490
    77.000  -412.423256236  -412.377714309  -412.309701479  -412.309701479  -412.251368795
    77.500  -412.426038778  -412.382666863  -412.314169702  -412.314169702  -412.251596162
    78.000  -412.424886893  -412.382566791  -412.314282606  -412.314282606  -412.251543389
    78.500  -412.419897847  -412.377545304  -412.310158015  -412.310158015  -412.251375875
    79.000  -412.413317731  -412.369849301  -412.303963668  -412.303963668  -412.251221795
    79.500  -412.407556687  -412.361860652  -412.297945309  -412.297945309  -412.251121290
    80.000  -412.404400588  -412.355323288  -412.293664580  -412.293664580  -412.251072094
    80.500  -412.404894865  -412.351250460  -412.291926411  -412.291926411  -412.251063344
    81.000  -412.409408004  -412.350016898  -412.292896572  -412.292896572  -412.251087310
    81.500  -412.417678652  -412.351433392  -412.296204510  -412.296204510  -412.251142070
    82.000  -412.428821040  -412.354769018  -412.300986756  -412.300986756  -412.251228060
    82.500  -412.441340825  -412.358766657  -412.305914988  -412.305914988  -412.251341849
    83.000  -412.453264061  -412.361753369  -412.309308261  -412.309308261  -412.251464676
    83.500  -412.462536890  -412.362004652  -412.309499193  -412.309499193  -412.251543623
    84.000  -412.467959635  -412.358636646  -412.305723727  -412.305723727  -412.251474458
    84.500  -412.470709910  -412.353090738  -412.299599742  -412.299599742  -412.251195167
    85.000  -412.474861569  -412.349640259  -412.295601379  -412.295601379  -412.250930038
    85.500  -412.483908600  -412.351938137  -412.297538316  -412.297538316  -412.251044098
    86.000  -412.495953309  -412.358242864  -412.303707350  -412.303707350  -412.251408039
    86.500  -412.505461307  -412.363186435  -412.308641735  -412.308641735  -412.251594883
    87.000  -412.509133164  -412.363626571  -412.309013804  -412.309013804  -412.251512458
    87.500  -412.507641840  -412.360357544  -412.305424813  -412.305424813  -412.251327036
    88.000  -412.503493371  -412.355952139  -412.300312853  -412.300312853  -412.251171856
    88.500  -412.498956382  -412.352677889  -412.295920962  -412.295920962  -412.251082421
    89.000  -412.495378096  -412.351814894  -412.293618200  -412.293618200  -412.251044126
    89.500  -412.493318570  -412.353806457  -412.294012780  -412.294012780  -412.251039580
    90.000  -412.492808817  -412.358539562  -412.297172624  -412.297172624  -412.251064245
    90.500  -412.493465307  -412.365473540  -412.302701812  -412.302701812  -412.251119712
    91.000  -412.494504704  -412.373654431  -412.309732077  -412.309732077  -412.251205109
    91.500  -412.494780334  -412.381747463  -412.316952521  -412.316952521  -412.251314035
    92.000  -412.492909505  -412.388161904  -412.322740738  -412.322740738  -412.251432538
    92.500  -412.487523864  -412.391302148  -412.325432050  -412.325432050  -412.251526835
    93.000  -412.477844197  -412.390140166  -412.323918443  -412.323918443  -412.251514563
    93.500  -412.464851345  -412.385394343  -412.318855192  -412.318855192  -412.251315938
    94.000  -412.452100712  -412.380363681  -412.313509860  -412.313509860  -412.251065181
    94.500  -412.443488217  -412.378722217  -412.311551023  -412.311551023  -412.251081255
    95.000  -412.438958853  -412.380250576  -412.312762888  -412.312762888  -412.251350115
    95.500  -412.434709814  -412.381037389  -412.313249332  -412.313249332  -412.251526167
    96.000  -412.427861836  -412.378133554  -412.310113217  -412.310113217  -412.251467143
    96.500  -412.418800795  -412.371877435  -412.303791696  -412.303791696  -412.251284214
    97.000  -412.409896577  -412.364609927  -412.296748929  -412.296748929  -412.251111823
    97.500  -412.403577044  -412.358742906  -412.291501889  -412.291501889  -412.251012632
    98.000  -412.401330162  -412.355757530  -412.289575693  -412.289575693  -412.250989952
    98.500  -412.403572804  -412.356069241  -412.291351414  -412.291351414  -412.251022319
    99.000  -412.409919784  -412.359301632  -412.296343807  -412.296343807  -412.251086269
    99.500  -412.419494347  -412.364606756  -412.303550351  -412.303550351  -412.251166227
   100.000  -412.431139589  -412.370891151  -412.311712645  -412.311712645  -412.251251641
   100.500  -412.443553532  -412.376959497  -412.319499329  -412.319499329  -412.251336140
   101.000  -412.455390671  -412.381620819  -412.325632511  -412.325632511  -412.251415385
   101.500  -412.465345018  -412.383767334  -412.328978058  -412.328978058  -412.251476147
   102.000  -412.472400470  -412.382608235  -412.328780572  -412.328780572  -412.251468455
   102.500  -412.476545251  -412.378368576  -412.325354591  -412.325354591  -412.251341577
   103.000  -412.479328892  -412.372836085  -412.320614663  -412.320614663  -412.251183889
   103.500  -412.482551158  -412.368051269  -412.316733138  -412.316733138  -412.251182242
   104.000  -412.485861764  -412.363917222  -412.313710214  -412.313710214  -412.251319935
   104.500  -412.487002633  -412.358444186  -412.309589669  -412.309589669  -412.251399100
   105.000  -412.484455849  -412.350382879  -412.303087239  -412.303087239  -412.251338693
   105.500  -412.478753603  -412.340509184  -412.294881854  -412.294881854  -412.251202462
   106.000  -412.471747131  -412.330870003  -412.286870760  -412.286870760  -412.251068434
   106.500  -412.465460836  -412.323624357  -412.281026272  -412.281026272  -412.250978347
   107.000  -412.461391349  -412.320344084  -412.278713267  -412.278713267  -412.250946000
   107.500  -412.460204658  -412.321708201  -412.280432168  -412.280432168  -412.250970029
   108.000  -412.461674877  -412.327428971  -412.285816363  -412.285816363  -412.251038106
   108.500  -412.464846856  -412.336406590  -412.293819225  -412.293819225  -412.251128916
   109.000  -412.468409808  -412.347114874  -412.303054968  -412.303054968  -412.251217296
   109.500  -412.471136061  -412.358051974  -412.312183133  -412.312183133  -412.251290243
   110.000  -412.472116523  -412.367985490  -412.320107067  -412.320107067  -412.251354571
   110.500  -412.470677214  -412.375875525  -412.325890802  -412.325890802  -412.251413356
   111.000  -412.466352832  -412.380868004  -412.328759867  -412.328759867  -412.251425040
   111.500  -412.459386859  -412.382821966  -412.328651832  -412.328651832  -412.251350620
   112.000  -412.451106131  -412.382720564  -412.326639619  -412.326639619  -412.251259776
   112.500  -412.442919126  -412.381702306  -412.323956738  -412.323956738  -412.251265705
   113.000  -412.434881291  -412.379642389  -412.320558742  -412.320558742  -412.251337496
   113.500  -412.426104303  -412.375555073  -412.315513823  -412.315513823  -412.251353139
   114.000  -412.416381221  -412.369194816  -412.308608598  -412.308608598  -412.251277401
   114.500  -412.406785451  -412.361633228  -412.300919169  -412.300919169  -412.251161656
   115.000  -412.399032774  -412.354599787  -412.294149141  -412.294149141  -412.251062095
   115.500  -412.394678344  -412.349669229  -412.289808025  -412.289808025  -412.251004125
   116.000  -412.394703121  -412.347844294  -412.288793412  -412.288793412  -412.250990775
   116.500  -412.399412890  -412.349462563  -412.291308252  -412.291308252  -412.251018656
   117.000  -412.408453530  -412.354225001  -412.296906502  -412.296906502  -412.251081531
   117.500  -412.420875587  -412.361275310  -412.304597623  -412.304597623  -412.251166864
   118.000  -412.435308488  -412.369386138  -412.313054420  -412.313054420  -412.251255440
   118.500  -412.450245483  -412.377244332  -412.320913236  -412.320913236  -412.251333828
   119.000  -412.464265145  -412.383660012  -412.326990542  -412.326990542  -412.251400225
   119.500  -412.476141379  -412.387654174  -412.330368287  -412.330368287  -412.251431480
   120.000  -412.485238715  -412.388832490  -412.330758955  -412.330758955  -412.251373426
   120.500  -412.492199295  -412.388056283  -412.329151513  -412.329151513  -412.251248174
   121.000  -412.498465261  -412.386967838  -412.327308786  -412.327308786  -412.251216411
   121.500  -412.504164930  -412.385891447  -412.325632640  -412.325632640  -412.251338227
   122.000  -412.507389745  -412.383116072  -412.322444533  -412.322444533  -412.251448925
   122.500  -412.506354945  -412.377044714  -412.316155679  -412.316155679  -412.251415929
   123.000  -412.501274932  -412.368053415  -412.307147353  -412.307147353  -412.251275356
   123.500  -412.494002652  -412.358118972  -412.297406411  -412.297406411  -412.251121162
   124.000  -412.486719075  -412.349506906  -412.289206849  -412.289206849  -412.251013476
   124.500  -412.481021499  -412.343873475  -412.284182630  -412.284182630  -412.250969685
   125.000  -412.477631064  -412.341989098  -412.283021586  -412.283021586  -412.250981629
   125.500  -412.476481234  -412.343819147  -412.285566578  -412.285566578  -412.251029281
   126.000  -412.476972361  -412.348742595  -412.291107111  -412.291107111  -412.251093507
   126.500  -412.478258841  -412.355829370  -412.298677996  -412.298677996  -412.251162271
   127.000  -412.479471945  -412.364065650  -412.307250852  -412.307250852  -412.251239091
   127.500  -412.479698451  -412.372334221  -412.315685609  -412.315685609  -412.251348672
   128.000  -412.477682872  -412.379109004  -412.322425763  -412.322425763  -412.251492372
   128.500  -412.471930703  -412.382557509  -412.325618132  -412.325618132  -412.251567665
   129.000  -412.462164655  -412.382016503  -412.324609664  -412.324609664  -412.251440033
   129.500  -412.450872332  -412.379584863  -412.321548737  -412.321548737  -412.251221263
   130.000  -412.441425954  -412.378297541  -412.319548301  -412.319548301  -412.251226326
   130.500  -412.433914662  -412.377995520  -412.318527495  -412.318527495  -412.251440076
   131.000  -412.425377870  -412.375560087  -412.315433870  -412.315433870  -412.251547918
   131.500  -412.414031797  -412.369111939  -412.308466879  -412.308466879  -412.251441437
   132.000  -412.401079471  -412.359801274  -412.298875744  -412.298875744  -412.251237216
   132.500  -412.389305012  -412.350391983  -412.289522367  -412.289522367  -412.251057641
   133.000  -412.381294685  -412.343473492  -412.283060189  -412.283060189  -412.250957020
   133.500  -412.378558958  -412.340572368  -412.281019136  -412.281019136  -412.250943619
   134.000  -412.381365237  -412.341979629  -412.283620918  -412.283620918  -412.251002861
   134.500  -412.388915435  -412.346930487  -412.289973662  -412.289973662  -412.251108158
   135.000  -412.399723543  -412.353989561  -412.298485056  -412.298485056  -412.251223251
   135.500  -412.412144052  -412.361592181  -412.307433079  -412.307433079  -412.251312101
   136.000  -412.424869792  -412.368552915  -412.315501646  -412.315501646  -412.251369855
   136.500  -412.436970340  -412.374106448  -412.321839496  -412.321839496  -412.251442736
   137.000  -412.447278620  -412.377288864  -412.325453510  -412.325453510  -412.251559158
   137.500  -412.454179822  -412.376711359  -412.324992479  -412.324992479  -412.251599532
   138.000  -412.457394002  -412.372320694  -412.320509517  -412.320509517  -412.251383771
   138.500  -412.460114113  -412.367525077  -412.315568341  -412.315568341  -412.251073989
   139.000  -412.466382758  -412.366579079  -412.314564657  -412.314564657  -412.251110856
   139.500  -412.475320224  -412.368830742  -412.316901481  -412.316901481  -412.251436170
   140.000  -412.481897909  -412.369487742  -412.317745093  -412.317745093  -412.251608157
   140.500  -412.482927114  -412.365575045  -412.314033020  -412.314033020  -412.251511455
   141.000  -412.479159039  -412.358007748  -412.306595192  -412.306595192  -412.251304794
   141.500  -412.473312649  -412.349616085  -412.298189657  -412.298189657  -412.251124318
   142.000  -412.468010581  -412.343094693  -412.291440092  -412.291440092  -412.251016907
   142.500  -412.464915938  -412.340152719  -412.287984177  -412.287984177  -412.250981302
   143.000  -412.464624465  -412.341395976  -412.288396359  -412.288396359  -412.251002002
   143.500  -412.466831640  -412.346471445  -412.292386677  -412.292386677  -412.251062140
   144.000  -412.470633113  -412.354375974  -412.299081173  -412.299081173  -412.251137273
   144.500  -412.474979425  -412.363931982  -412.307414907  -412.307414907  -412.251201112
   145.000  -412.479084866  -412.374196432  -412.316493740  -412.316493740  -412.251266796
   145.500  -412.482201475  -412.384216282  -412.325357667  -412.325357667  -412.251407068
   146.000  -412.482657664  -412.392055224  -412.332032930  -412.332032930  -412.251637276
   146.500  -412.477851224  -412.394787565  -412.333563753  -412.333563753  -412.251761761
   147.000  -412.467040648  -412.391308539  -412.328864379  -412.328864379  -412.251531882
   147.500  -412.454358461  -412.385395069  -412.321796082  -412.321796082  -412.251128024
   148.000  -412.445792712  -412.382751713  -412.318182004  -412.318182004  -412.251095376
   148.500  -412.441922336  -412.383792380  -412.318523658  -412.318523658  -412.251425284
   149.000  -412.437993339  -412.383707211  -412.318036313  -412.318036313  -412.251621195
   149.500  -412.430637706  -412.379132047  -412.313342536  -412.313342536  -412.251527703
   150.000  -412.420622882  -412.370855307  -412.305211378  -412.305211378  -412.251307895
   150.500  -412.410881341  -412.361828627  -412.296580913  -412.296580913  -412.251115397
   151.000  -412.404212250  -412.354867816  -412.290248137  -412.290248137  -412.251010411
   151.500  -412.402236298  -412.351611983  -412.287815695  -412.287815695  -412.250995507
   152.000  -412.405256671  -412.352390328  -412.289554156  -412.289554156  -412.251048257
   152.500  -412.412561169  -412.356531984  -412.294712559  -412.294712559  -412.251133908
   153.000  -412.422933240  -412.362885172  -412.302046760  -412.302046760  -412.251213351
   153.500  -412.435217763  -412.370388865  -412.310405663  -412.310405663  -412.251263023
   154.000  -412.448621918  -412.378376849  -412.319047120  -412.319047120  -412.251312912
   154.500  -412.462226931  -412.386085587  -412.327158732  -412.327158732  -412.251450418
   155.000  -412.473840967  -412.391495105  -412.332704521  -412.332704521  -412.251689633
   155.500  -412.480063486  -412.391370259  -412.332477102  -412.332477102  -412.251822395
   156.000  -412.479365210  -412.384314655  -412.325161299  -412.325161299  -412.251578389
   156.500  -412.475535795  -412.374212602  -412.314765307  -412.314765307  -412.251114345
   157.000  -412.475019581  -412.367594454  -412.307939561  -412.307939561  -412.250999339
   157.500  -412.479288082  -412.366055889  -412.306334021  -412.306334021  -412.251279238
   158.000  -412.484114470  -412.365539773  -412.305873639  -412.305873639  -412.251471186
   158.500  -412.485998001  -412.362730191  -412.303194505  -412.303194505  -412.251412639
   159.000  -412.484992472  -412.357844412  -412.298479854  -412.298479854  -412.251254332
   159.500  -412.482941181  -412.352854447  -412.293693905  -412.293693905  -412.251124602
   160.000  -412.481542647  -412.349555672  -412.290639951  -412.290639951  -412.251061103
   160.500  -412.481647544  -412.348871349  -412.290245989  -412.290245989  -412.251059339
   161.000  -412.483255635  -412.350853530  -412.292552152  -412.292552152  -412.251100993
   161.500  -412.485781103  -412.354945734  -412.296971618  -412.296971618  -412.251156710
   162.000  -412.488510560  -412.360438419  -412.302747878  -412.302747878  -412.251187985
   162.500  -412.491162567  -412.367022995  -412.309516347  -412.309516347  -412.251177268
   163.000  -412.494076348  -412.374976066  -412.317494301  -412.317494301  -412.251180316
   163.500  -412.497355224  -412.384295082  -412.326619332  -412.326619332  -412.251312490
   164.000  -412.499325047  -412.393145232  -412.335000513  -412.335000513  -412.251589415
   164.500  -412.496543293  -412.397854653  -412.338928135  -412.338928135  -412.251790733
   165.000  -412.486995104  -412.396105763  -412.336087589  -412.336087589  -412.251640327
   165.500  -412.473627134  -412.390486018  -412.329125839  -412.329125839  -412.251264161
   166.000  -412.462141935  -412.386334831  -412.323473388  -412.323473388  -412.251181186
   166.500  -412.454008234  -412.384809580  -412.320372816  -412.320372816  -412.251446185
   167.000  -412.445641032  -412.382091069  -412.316077504  -412.316077504  -412.251597116
   167.500  -412.434516673  -412.375490578  -412.307990285  -412.307990285  -412.251463062
   168.000  -412.422032736  -412.366296304  -412.297528956  -412.297528956  -412.251209934
   168.500  -412.411537075  -412.357795761  -412.288127429  -412.288127429  -412.251007691
   169.000  -412.405848961  -412.352789791  -412.282706225  -412.282706225  -412.250924635
   169.500  -412.406130592  -412.352455642  -412.282498492  -412.282498492  -412.250958640
   170.000  -412.411846586  -412.356300723  -412.286986964  -412.286986964  -412.251071457
   170.500  -412.421312266  -412.362712681  -412.294459670  -412.294459670  -412.251204871
   171.000  -412.432550349  -412.369822942  -412.302896805  -412.302896805  -412.251296976
   171.500  -412.444165102  -412.376390316  -412.310885703  -412.310885703  -412.251320504
   172.000  -412.455675229  -412.382131845  -412.317984118  -412.317984118  -412.251326126
   172.500  -412.466757751  -412.386962777  -412.323980814  -412.323980814  -412.251411639
   173.000  -412.475945330  -412.389674321  -412.327589526  -412.327589526  -412.251589930
   173.500  -412.480599141  -412.387881887  -412.326408844  -412.326408844  -412.251703129
   174.000  -412.479236242  -412.380324590  -412.319229393  -412.319229393  -412.251541941
   174.500  -412.474313875  -412.369637363  -412.308792311  -412.308792311  -412.251162356
   175.000  -412.471087104  -412.361222768  -412.300618065  -412.300618065  -412.250981993
   175.500  -412.471904670  -412.357579978  -412.297276646  -412.297276646  -412.251172849
   176.000  -412.473908913  -412.356016658  -412.296080925  -412.296080925  -412.251390436
   176.500  -412.473533151  -412.353123539  -412.293590227  -412.293590227  -412.251391396
   177.000  -412.470165623  -412.348400149  -412.289281251  -412.289281251  -412.251250254
   177.500  -412.465481117  -412.343564958  -412.284878152  -412.284878152  -412.251106699
   178.000  -412.461476446  -412.340598133  -412.282377268  -412.282377268  -412.251029122
   178.500  -412.459329953  -412.340612975  -412.282908478  -412.282908478  -412.251029595
   179.000  -412.459151633  -412.343624504  -412.286485251  -412.286485251  -412.251086639
   179.500  -412.460274294  -412.348849655  -412.292303782  -412.292303782  -412.251157740
   180.000  -412.461874548  -412.355332880  -412.299372063  -412.299372063  -412.251198898
   180.500  -412.463593936  -412.362570239  -412.307134649  -412.307134649  -412.251206265
   181.000  -412.465522575  -412.370492199  -412.315465954  -412.315465954  -412.251248347
   181.500  -412.467229162  -412.378494745  -412.323701369  -412.323701369  -412.251393396
   182.000  -412.466859673  -412.384536458  -412.329752083  -412.329752083  -412.251590428
   182.500  -412.461945982  -412.385947889  -412.330933400  -412.330933400  -412.251669126
   183.000  -412.451834334  -412.381866608  -412.326421336  -412.326421336  -412.251496643
   183.500  -412.439398601  -412.374965559  -412.318988756  -412.318988756  -412.251186103
   184.000  -412.429211804  -412.369647068  -412.313169705  -412.313169705  -412.251069917
   184.500  -412.422994716  -412.367508650  -412.310678375  -412.310678375  -412.251238556
   185.000  -412.418422643  -412.366144751  -412.309178567  -412.309178567  -412.251407475
   185.500  -412.412899828  -412.362900608  -412.306047419  -412.306047419  -412.251387432
   186.000  -412.406407144  -412.357701193  -412.301223986  -412.301223986  -412.251242865
   186.500  -412.400877483  -412.352418911  -412.296582755  -412.296582755  -412.251099230
   187.000  -412.398429540  -412.349110342  -412.294160464  -412.294160464  -412.251025607
   187.500  -412.400271055  -412.348925720  -412.295055836  -412.295055836  -412.251032400
   188.000  -412.406456089  -412.351880201  -412.299201615  -412.299201615  -412.251094276
   188.500  -412.416212585  -412.357200509  -412.305720649  -412.305720649  -412.251165175
   189.000  -412.428564235  -412.363966755  -412.313590387  -412.313590387  -412.251206653
   189.500  -412.442818277  -412.371613571  -412.322165010  -412.322165010  -412.251233529
   190.000  -412.458289906  -412.379652860  -412.330916021  -412.330916021  -412.251323010
   190.500  -412.473267170  -412.386620553  -412.338384428  -412.338384428  -412.251513291
   191.000  -412.484625476  -412.389659569  -412.341769588  -412.341769588  -412.251701378
   191.500  -412.489430717  -412.386085232  -412.338497877  -412.338497877  -412.251701342
   192.000  -412.487619480  -412.376029857  -412.328872033  -412.328872033  -412.251429453
   192.500  -412.483025559  -412.363446064  -412.317067648  -412.317067648  -412.251072964
   193.000  -412.480540694  -412.353263354  -412.308266305  -412.308266305  -412.250958507
   193.500  -412.481597007  -412.346868399  -412.304123347  -412.304123347  -412.251109663
   194.000  -412.483760590  -412.341730493  -412.302353664  -412.302353664  -412.251264093
   194.500  -412.484354498  -412.335230188  -412.300294732  -412.300294732  -412.251301526
   195.000  -412.482726952  -412.327156646  -412.297048398  -412.297048398  -412.251251322
   195.500  -412.479862830  -412.318882520  -412.293190323  -412.293190323  -412.251175856
   196.000  -412.477155535  -412.311825945  -412.289763413  -412.289763413  -412.251124197
   196.500  -412.475585171  -412.306845145  -412.287528882  -412.287528882  -412.251107712
   197.000  -412.475525844  -412.304219200  -412.286767250  -412.286767250  -412.251111423
   197.500  -412.476958692  -412.303883857  -412.287470036  -412.287470036  -412.251111518
   198.000  -412.479844419  -412.305789991  -412.289680797  -412.289680797  -412.251093149
   198.500  -412.484336316  -412.310098520  -412.293679115  -412.293679115  -412.251081438
   199.000  -412.490414942  -412.316803123  -412.299584790  -412.299584790  -412.251144006
   199.500  -412.496985456  -412.324812373  -412.306422711  -412.306422711  -412.251314934
   200.000  -412.501546965  -412.331608051  -412.311761159  -412.311761159  -412.251498532
   200.500  -412.501651383  -412.334694396  -412.313157672  -412.313157672  -412.251515554
   201.000  -412.497366993  -412.334059746  -412.310629761  -412.310629761  -412.251315725
   201.500  -412.491752261  -412.332664783  -412.307146421  -412.307146421  -412.251124337
   202.000  -412.487631055  -412.333247262  -412.305421243  -412.305421243  -412.251173820
   202.500  -412.484457460  -412.335205041  -412.304790407  -412.304790407  -412.251348385
   203.000  -412.479770273  -412.336023217  -412.302684202  -412.302684202  -412.251414390
   203.500  -412.472460855  -412.334488237  -412.297923026  -412.297923026  -412.251323997
   204.000  -412.463581694  -412.331344352  -412.291593738  -412.291593738  -412.251167037
   204.500  -412.455142909  -412.328203856  -412.285806736  -412.285806736  -412.251051367
   205.000  -412.448810342  -412.326704692  -412.282245464  -412.282245464  -412.251007042
   205.500  -412.445339643  -412.327809460  -412.281639976  -412.281639976  -412.251022469
   206.000  -412.444574384  -412.331505178  -412.283821822  -412.283821822  -412.251081173
   206.500  -412.445708764  -412.337028571  -412.287972092  -412.287972092  -412.251153041
   207.000  -412.447748663  -412.343356767  -412.293074287  -412.293074287  -412.251204161
   207.500  -412.450009507  -412.349744904  -412.298415101  -412.298415101  -412.251223822
   208.000  -412.452236430  -412.355872057  -412.303710681  -412.303710681  -412.251252503
   208.500  -412.454014358  -412.361264945  -412.308524012  -412.308524012  -412.251342915
   209.000  -412.454141189  -412.364681470  -412.311636825  -412.311636825  -412.251444924
   209.500  -412.451425469  -412.364903473  -412.311847071  -412.311847071  -412.251411920
   210.000  -412.446624395  -412.362669721  -412.309903487  -412.309903487  -412.251223987
   210.500  -412.442489928  -412.360724136  -412.308546932  -412.308546932  -412.251105156
   211.000  -412.440689090  -412.360749177  -412.309416041  -412.309416041  -412.251201470
   211.500  -412.439855512  -412.361419649  -412.311094478  -412.311094478  -412.251351797
   212.000  -412.437700287  -412.360500159  -412.311230445  -412.311230445  -412.251379478
   212.500  -412.433565346  -412.357381337  -412.309105216  -412.309105216  -412.251296088
   213.000  -412.428481793  -412.353131229  -412.305702815  -412.305702815  -412.251190730
   213.500  -412.423940772  -412.349266706  -412.302485343  -412.302485343  -412.251121440
   214.000  -412.420973303  -412.346839616  -412.300473336  -412.300473336  -412.251104013
   214.500  -412.419849880  -412.346139464  -412.299942505  -412.299942505  -412.251130351
   215.000  -412.420178495  -412.346791607  -412.300519154  -412.300519154  -412.251177997
   215.500  -412.421248892  -412.348100409  -412.301521901  -412.301521901  -412.251214515
   216.000  -412.422517245  -412.349533123  -412.302443696  -412.302443696  -412.251216887
   216.500  -412.423912266  -412.351026422  -412.303256392  -412.303256392  -412.251209086
   217.000  -412.425471447  -412.352623854  -412.304045068  -412.304045068  -412.251259379
   217.500  -412.426449963  -412.353585170  -412.304114055  -412.304114055  -412.251380399
   218.000  -412.425262619  -412.352326581  -412.301934046  -412.301934046  -412.251450661
   218.500  -412.421213774  -412.348147809  -412.296872637  -412.296872637  -412.251332717
   219.000  -412.416240497  -412.342978139  -412.290935888  -412.290935888  -412.251108235
   219.500  -412.413591315  -412.340067897  -412.287433624  -412.287433624  -412.251039891
   220.000  -412.414250996  -412.340427283  -412.287389097  -412.287389097  -412.251177331
   220.500  -412.416257872  -412.342144271  -412.288851069  -412.288851069  -412.251297130
   221.000  -412.417696270  -412.343360310  -412.289896036  -412.289896036  -412.251269865
   221.500  -412.418667949  -412.344222360  -412.290612595  -412.290612595  -412.251163203
   222.000  -412.420536292  -412.346120540  -412.292348540  -412.292348540  -412.251083781
   222.500  -412.424390930  -412.350151575  -412.296178137  -412.296178137  -412.251081983
   223.000  -412.430247056  -412.356322191  -412.302095617  -412.302095617  -412.251149242
   223.500  -412.437120358  -412.363624737  -412.309085643  -412.309085643  -412.251247270
   224.000  -412.443590213  -412.370599051  -412.315683353  -412.315683353  -412.251329558
   224.500  -412.448503998  -412.376034828  -412.320680853  -412.320680853  -412.251357076
   225.000  -412.451542050  -412.379535687  -412.323697945  -412.323697945  -412.251326718
   225.500  -412.453213738  -412.381517175  -412.325184993  -412.325184993  -412.251299075
   226.000  -412.453976690  -412.382328919  -412.325543117  -412.325543117  -412.251349645
   226.500  -412.453232753  -412.381253149  -412.324124781  -412.324124781  -412.251449057
   227.000  -412.449837643  -412.377016073  -412.319743553  -412.319743553  -412.251443122
   227.500  -412.444232797  -412.369925176  -412.312810964  -412.312810964  -412.251240194
   228.000  -412.439546299  -412.362986756  -412.306434344  -412.306434344  -412.251006060
   228.500  -412.439141707  -412.359485553  -412.303959146  -412.303959146  -412.251007913
   229.000  -412.442988725  -412.359384100  -412.305336126  -412.305336126  -412.251216417
   229.500  -412.448003733  -412.359671690  -412.307476394  -412.307476394  -412.251377324
   230.000  -412.451533756  -412.357832051  -412.307759033  -412.307759033  -412.251374199
   230.500  -412.453223679  -412.353683106  -412.305911703  -412.305911703  -412.251263685
   231.000  -412.454397507  -412.348738261  -412.303382739  -412.303382739  -412.251137136
   231.500  -412.456724604  -412.344859777  -412.301986473  -412.301986473  -412.251061031
   232.000  -412.461181011  -412.343210062  -412.302842829  -412.302842829  -412.251066843
   232.500  -412.467574977  -412.343770282  -412.305885712  -412.305885712  -412.251136740
   233.000  -412.474808792  -412.345590743  -412.310119738  -412.310119738  -412.251212782
   233.500  -412.481711944  -412.347619796  -412.314454452  -412.314454452  -412.251245689
   234.000  -412.487714565  -412.349375660  -412.318380266  -412.318380266  -412.251253279
   234.500  -412.492587221  -412.350692714  -412.321702120  -412.321702120  -412.251310293
   235.000  -412.495461462  -412.350753304  -412.323549080  -412.323549080  -412.251441902
   235.500  -412.494592855  -412.347848770  -412.322134585  -412.322134585  -412.251543217
   236.000  -412.488909364  -412.340925734  -412.316315393  -412.316315393  -412.251455992
   236.500  -412.480143583  -412.331716128  -412.307746568  -412.307746568  -412.251174278
   237.000  -412.472647923  -412.324563255  -412.300719429  -412.300719429  -412.250951067
   237.500  -412.469746934  -412.322799060  -412.298522464  -412.298522464  -412.251006370
   238.000  -412.470695539  -412.325707559  -412.300407520  -412.300407520  -412.251212930
   238.500  -412.472344788  -412.330178895  -412.303245011  -412.303245011  -412.251337439
   239.000  -412.472484418  -412.334021268  -412.304851937  -412.304851937  -412.251336073
   239.500  -412.470763802  -412.336864673  -412.304902910  -412.304902910  -412.251282731
   240.000  -412.467777085  -412.339244362  -412.304011913  -412.304011913  -412.251233454
   240.500  -412.464207477  -412.341746863  -412.302880105  -412.302880105  -412.251199588
   241.000  -412.460588924  -412.344772585  -412.302058451  -412.302058451  -412.251171891
   241.500  -412.457384170  -412.348608427  -412.302021976  -412.302021976  -412.251147329
   242.000  -412.455020038  -412.353483494  -412.303190422  -412.303190422  -412.251132532
   242.500  -412.453794182  -412.359512537  -412.305816209  -412.305816209  -412.251139016
   243.000  -412.453703480  -412.366557570  -412.309797058  -412.309797058  -412.251187736
   243.500  -412.454114336  -412.373884397  -412.314348167  -412.314348167  -412.251307362
   244.000  -412.453399761  -412.379766579  -412.317660289  -412.317660289  -412.251474980
   244.500  -412.449386593  -412.381914952  -412.317377493  -412.317377493  -412.251567100
   245.000  -412.441133210  -412.379250558  -412.312416719  -412.312416719  -412.251451583
   245.500  -412.430677542  -412.373672941  -412.304745282  -412.304745282  -412.251173282
   246.000  -412.422174031  -412.369224263  -412.298526633  -412.298526633  -412.250993370
   246.500  -412.418222018  -412.368441044  -412.296424963  -412.296424963  -412.251064325
   247.000  -412.417802690  -412.370293976  -412.297502724  -412.297502724  -412.251221084
   247.500  -412.418473466  -412.372366181  -412.299382102  -412.299382102  -412.251277477
   248.000  -412.419079329  -412.373544467  -412.300938316  -412.300938316  -412.251238589
   248.500  -412.419925190  -412.374180807  -412.302465489  -412.302465489  -412.251193282
   249.000  -412.421576602  -412.374890902  -412.304481390  -412.304481390  -412.251195766
   249.500  -412.424018314  -412.375715688  -412.306898790  -412.306898790  -412.251244407
   250.000  -412.426620470  -412.376090295  -412.309009727  -412.309009727  -412.251300110
   250.500  -412.428686377  -412.375391878  -412.310051553  -412.310051553  -412.251310714
   251.000  -412.430190156  -412.373674875  -412.309957476  -412.309957476  -412.251248379
   251.500  -412.432116012  -412.372005914  -412.309701844  -412.309701844  -412.251157805
   252.000  -412.435749191  -412.371750960  -412.310590364  -412.310590364  -412.251150388
   252.500  -412.441103234  -412.373001371  -412.312685625  -412.312685625  -412.251290533
   253.000  -412.446093551  -412.373746828  -412.313979830  -412.313979830  -412.251488643
   253.500  -412.447878145  -412.371215859  -412.311735768  -412.311735768  -412.251557630
   254.000  -412.445546754  -412.364565063  -412.305174746  -412.305174746  -412.251384437
   254.500  -412.441639362  -412.356402445  -412.296990866  -412.296990866  -412.251086496
   255.000  -412.440343184  -412.350995746  -412.291533945  -412.291533945  -412.250948792
   255.500  -412.443536849  -412.350328569  -412.290836187  -412.290836187  -412.251062410
   256.000  -412.449503974  -412.352813305  -412.293314418  -412.293314418  -412.251225794
   256.500  -412.455607753  -412.355950338  -412.296442944  -412.296442944  -412.251277548
   257.000  -412.460692072  -412.358709957  -412.299158127  -412.299158127  -412.251236805
   257.500  -412.465026506  -412.361465308  -412.301806676  -412.301806676  -412.251183030
   258.000  -412.469205963  -412.364888349  -412.305046249  -412.305046249  -412.251167247
   258.500  -412.473360382  -412.369160356  -412.309053032  -412.309053032  -412.251201249
   259.000  -412.476957583  -412.373772854  -412.313319163  -412.313319163  -412.251263904
   259.500  -412.479123236  -412.377845562  -412.316968020  -412.316968020  -412.251308886
   260.000  -412.479323419  -412.380801901  -412.319429501  -412.319429501  -412.251294952
   260.500  -412.477912998  -412.382910082  -412.320982810  -412.320982810  -412.251242595
   261.000  -412.475776453  -412.384919415  -412.322395824  -412.322395824  -412.251242311
   261.500  -412.473056474  -412.386788465  -412.323659487  -412.323659487  -412.251349960
   262.000  -412.468434829  -412.386974160  -412.323280777  -412.323280777  -412.251492251
   262.500  -412.460199445  -412.383514630  -412.319370933  -412.319370933  -412.251522267
   263.000  -412.448341051  -412.376150351  -412.311758181  -412.311758181  -412.251356627
   263.500  -412.435635589  -412.367439827  -412.303068968  -412.303068968  -412.251106533
   264.000  -412.425909794  -412.361049450  -412.296980415  -412.296980415  -412.251015980
   264.500  -412.420647537  -412.358366965  -412.294821248  -412.294821248  -412.251134516
   265.000  -412.418268065  -412.357766543  -412.294865330  -412.294865330  -412.251265114
   265.500  -412.416764368  -412.357226381  -412.294993758  -412.294993758  -412.251278621
   266.000  -412.415678999  -412.356292469  -412.294679562  -412.294679562  -412.251213476
   266.500  -412.415757152  -412.355727456  -412.294639103  -412.294639103  -412.251150989
   267.000  -412.417795546  -412.356358704  -412.295677385  -412.295677385  -412.251135645
   267.500  -412.421942979  -412.358381517  -412.297982984  -412.297982984  -412.251169587
   268.000  -412.427633701  -412.361294668  -412.301059376  -412.301059376  -412.251225817
   268.500  -412.433982161  -412.364296037  -412.304121010  -412.304121010  -412.251261359
   269.000  -412.440424845  -412.366930085  -412.306731578  -412.306731578  -412.251242979
   269.500  -412.447138871  -412.369505522  -412.309221358  -412.309221358  -412.251202231
   270.000  -412.454531206  -412.372580404  -412.312167937  -412.312167937  -412.251236060
   270.500  -412.461934927  -412.375655345  -412.315078330  -412.315078330  -412.251377858
   271.000  -412.467236170  -412.376781921  -412.316010758  -412.316010758  -412.251510943
   271.500  -412.468556061  -412.374227251  -412.313254922  -412.313254922  -412.251477893
   272.000  -412.466476034  -412.368685091  -412.307557493  -412.307557493  -412.251247262
   272.500  -412.464380641  -412.363616810  -412.302459779  -412.302459779  -412.250992507
   273.000  -412.465865222  -412.362678631  -412.301692376  -412.301692376  -412.250959936
   273.500  -412.471310636  -412.366311904  -412.305734877  -412.305734877  -412.251154205
   274.000  -412.477810694  -412.371677772  -412.311731740  -412.311731740  -412.251345818
   274.500  -412.482321134  -412.375789249  -412.316637085  -412.316637085  -412.251399205
   275.000  -412.483750223  -412.377584282  -412.319308292  -412.319308292  -412.251354434
   275.500  -412.482582016  -412.377541219  -412.320136943  -412.320136943  -412.251294948
   276.000  -412.479691458  -412.376496276  -412.319874431  -412.319874431  -412.251266393
   276.500  -412.475616133  -412.374921619  -412.318915803  -412.318915803  -412.251270811
   277.000  -412.470478367  -412.372855076  -412.317235896  -412.317235896  -412.251279770
   277.500  -412.464394110  -412.370314240  -412.314806637  -412.314806637  -412.251250472
   278.000  -412.458066789  -412.367895875  -412.312196829  -412.312196829  -412.251167434
   278.500  -412.452923941  -412.366917238  -412.310709433  -412.310709433  -412.251096812
   279.000  -412.450095749  -412.368395888  -412.311357821  -412.311357821  -412.251155559
   279.500  -412.448804116  -412.371439163  -412.313253653  -412.313253653  -412.251358622
   280.000  -412.446241240  -412.373120375  -412.313493117  -412.313493117  -412.251551945
   280.500  -412.439817939  -412.370725972  -412.309417612  -412.309417612  -412.251542990
   281.000  -412.429937730  -412.364533223  -412.301400199  -412.301400199  -412.251281200
   281.500  -412.420597173  -412.358420152  -412.293444417  -412.293444417  -412.250966124
   282.000  -412.416391257  -412.356886445  -412.290175676  -412.290175676  -412.250894949
   282.500  -412.418374975  -412.360924701  -412.292677140  -412.292677140  -412.251086702
   283.000  -412.423734977  -412.367688017  -412.298146545  -412.298146545  -412.251298592
   283.500  -412.429107839  -412.373793611  -412.303217270  -412.303217270  -412.251378210
   284.000  -412.432935739  -412.377666254  -412.306323171  -412.306323171  -412.251351620
   284.500  -412.435318150  -412.379388665  -412.307554103  -412.307554103  -412.251298149
   285.000  -412.436909581  -412.379604859  -412.307554495  -412.307554495  -412.251268834
   285.500  -412.438131345  -412.378740518  -412.306736785  -412.306736785  -412.251272226
   286.000  -412.439006150  -412.376845719  -412.305122215  -412.305122215  -412.251281332
   286.500  -412.439528604  -412.373971921  -412.302721796  -412.302721796  -412.251251793
   287.000  -412.440260061  -412.370771430  -412.300142365  -412.300142365  -412.251167438
   287.500  -412.442456493  -412.368626492  -412.298723810  -412.298723810  -412.251094013
   288.000  -412.447062985  -412.368641705  -412.299536343  -412.299536343  -412.251140533
   288.500  -412.453235217  -412.370158165  -412.301897903  -412.301897903  -412.251314093
   289.000  -412.458347141  -412.370746093  -412.303372890  -412.303372890  -412.251471470
   289.500  -412.460097767  -412.368292217  -412.301864242  -412.301864242  -412.251448654
   290.000  -412.458870485  -412.363341471  -412.297951979  -412.297951979  -412.251227455
   290.500  -412.457874490  -412.359232089  -412.295005909  -412.295005909  -412.251011780
   291.000  -412.460173831  -412.359132280  -412.296187712  -412.296187712  -412.251024009
   291.500  -412.465606095  -412.362965071  -412.301363213  -412.301363213  -412.251201675
   292.000  -412.471532626  -412.368152175  -412.307870731  -412.307870731  -412.251335885
   292.500  -412.475721415  -412.372483786  -412.313432570  -412.313432570  -412.251360382
   293.000  -412.477504667  -412.375271433  -412.317328738  -412.317328738  -412.251330573
   293.500  -412.477138547  -412.376712941  -412.319756754  -412.319756754  -412.251301730
   294.000  -412.474988593  -412.377085327  -412.321011608  -412.321011608  -412.251296389
   294.500  -412.471166623  -412.376391806  -412.321116347  -412.321116347  -412.251311696
   295.000  -412.465572181  -412.374410104  -412.319862769  -412.319862769  -412.251320893
   295.500  -412.458293284  -412.371098086  -412.317216587  -412.317216587  -412.251280310
   296.000  -412.450203538  -412.367196229  -412.313920205  -412.313920205  -412.251175784
   296.500  -412.443052499  -412.364319022  -412.311584812  -412.311584812  -412.251089164
   297.000  -412.438224214  -412.363715140  -412.311446501  -412.311446501  -412.251149482
   297.500  -412.434986474  -412.364513358  -412.312615166  -412.312615166  -412.251348624
   298.000  -412.430691968  -412.363922328  -412.312285996  -412.312285996  -412.251499540
   298.500  -412.423424509  -412.359880411  -412.308410240  -412.308410240  -412.251429104
   299.000  -412.414425809  -412.353495816  -412.302141456  -412.302141456  -412.251170818
   299.500  -412.407507430  -412.348478833  -412.297243938  -412.297243938  -412.250981367
   300.000  -412.405435152  -412.347543886  -412.296450844  -412.296450844  -412.251044926
   300.500  -412.407428427  -412.349912452  -412.298936939  -412.298936939  -412.251220397
   301.000  -412.410976475  -412.353112219  -412.302134019  -412.302134019  -412.251296012
   301.500  -412.414788310  -412.355905979  -412.304700696  -412.304700696  -412.251254988
   302.000  -412.419227461  -412.358714152  -412.306978069  -412.306978069  -412.251194919
   302.500  -412.425008647  -412.362307456  -412.309698274  -412.309698274  -412.251185179
   303.000  -412.432161891  -412.366772754  -412.312948827  -412.312948827  -412.251230806
   303.500  -412.439914376  -412.371395388  -412.316048782  -412.316048782  -412.251298259
   304.000  -412.447191293  -412.375159796  -412.318039910  -412.318039910  -412.251339367
   304.500  -412.453347102  -412.377483874  -412.318412243  -412.318412243  -412.251311740
   305.000  -412.458768802  -412.378826478  -412.317699844  -412.317699844  -412.251220557
   305.500  -412.464714053  -412.380531381  -412.317314117  -412.317314117  -412.251157269
   306.000  -412.471957623  -412.383479093  -412.318187404  -412.318187404  -412.251226830
   306.500  -412.479365815  -412.386660534  -412.319348964  -412.319348964  -412.251395231
   307.000  -412.484436866  -412.387706018  -412.318474345  -412.318474345  -412.251489535
   307.500  -412.485795255  -412.385364095  -412.314382686  -412.314382686  -412.251369763
   308.000  -412.485153900  -412.381452552  -412.308991775  -412.308991775  -412.251101673
   308.500  -412.486240046  -412.379789238  -412.306222854  -412.306222854  -412.250955371
   309.000  -412.490989077  -412.382403094  -412.308164740  -412.308164740  -412.251083969
   309.500  -412.497450959  -412.387450693  -412.312961208  -412.312961208  -412.251311873
   310.000  -412.502127643  -412.391541131  -412.317148175  -412.317148175  -412.251420358
   310.500  -412.503125110  -412.392862737  -412.318816030  -412.318816030  -412.251383671
   311.000  -412.500755436  -412.391766181  -412.318218443  -412.318218443  -412.251288407
   311.500  -412.496368612  -412.389588577  -412.316608397  -412.316608397  -412.251216339
   312.000  -412.491118860  -412.387424037  -412.315006954  -412.315006954  -412.251202567
   312.500  -412.485399183  -412.385565616  -412.313642169  -412.313642169  -412.251232053
   313.000  -412.479031662  -412.383702446  -412.312148838  -412.312148838  -412.251254876
   313.500  -412.471978440  -412.381637779  -412.310291394  -412.310291394  -412.251222374
   314.000  -412.464997076  -412.379951754  -412.308632255  -412.308632255  -412.251144382
   314.500  -412.459413765  -412.379781554  -412.308316632  -412.308316632  -412.251114672
   315.000  -412.455765075  -412.381470832  -412.309723819  -412.309723819  -412.251217633
   315.500  -412.452673789  -412.383453411  -412.311351971  -412.311351971  -412.251395859
   316.000  -412.447712631  -412.383125963  -412.310693689  -412.310693689  -412.251482440
   316.500  -412.439795173  -412.379248353  -412.306635576  -412.306635576  -412.251365323
   317.000  -412.430737376  -412.373515657  -412.301015539  -412.301015539  -412.251122215
   317.500  -412.424056726  -412.369366980  -412.297397125  -412.297397125  -412.250987800
   318.000  -412.421685129  -412.368702860  -412.297745153  -412.297745153  -412.251076963
   318.500  -412.422379436  -412.370290321  -412.300808683  -412.300808683  -412.251245264
   319.000  -412.423634060  -412.371659504  -412.304030238  -412.304030238  -412.251330657
   319.500  -412.424026435  -412.371433978  -412.305906560  -412.305906560  -412.251320609
   320.000  -412.423576557  -412.369681084  -412.306368136  -412.306368136  -412.251275808
   320.500  -412.422933747  -412.367096757  -412.305981225  -412.305981225  -412.251241667
   321.000  -412.422664028  -412.364294802  -412.305247694  -412.305247694  -412.251233013
   321.500  -412.422983315  -412.361543408  -412.304347142  -412.304347142  -412.251239924
   322.000  -412.423890055  -412.358901932  -412.303274779  -412.303274779  -412.251230729
   322.500  -412.425598139  -412.356656188  -412.302279803  -412.302279803  -412.251179870
   323.000  -412.428857177  -412.355640358  -412.302181327  -412.302181327  -412.251116019
   323.500  -412.434488340  -412.356771327  -412.303899559  -412.303899559  -412.251122251
   324.000  -412.442236083  -412.359897835  -412.307299629  -412.307299629  -412.251235700
   324.500  -412.450314144  -412.363343014  -412.310732085  -412.310732085  -412.251373842
   325.000  -412.456615141  -412.365108645  -412.312240009  -412.312240009  -412.251403170
   325.500  -412.460625582  -412.364785592  -412.311470049  -412.311470049  -412.251270613
   326.000  -412.464123584  -412.364251253  -412.310362328  -412.310362328  -412.251090196
   326.500  -412.469506808  -412.366005922  -412.311465959  -412.311465959  -412.251055073
   327.000  -412.477140263  -412.370531694  -412.315274510  -412.315274510  -412.251191348
   327.500  -412.484950947  -412.375883608  -412.319819306  -412.319819306  -412.251341528
   328.000  -412.490539236  -412.379781978  -412.322780757  -412.322780757  -412.251393463
   328.500  -412.492853303  -412.381261707  -412.323164568  -412.323164568  -412.251362369
   329.000  -412.492142685  -412.380611732  -412.321250115  -412.321250115  -412.251304920
   329.500  -412.489186544  -412.378601360  -412.317818285  -412.317818285  -412.251256697
   330.000  -412.484743887  -412.375935741  -412.313603498  -412.313603498  -412.251223579
   330.500  -412.479435550  -412.373146256  -412.309179506  -412.309179506  -412.251191293
   331.000  -412.473934763  -412.370790546  -412.305153399  -412.305153399  -412.251141386
   331.500  -412.469191338  -412.369680925  -412.302393217  -412.302393217  -412.251082230
   332.000  -412.466243312  -412.370701543  -412.301840472  -412.301840472  -412.251069309
   332.500  -412.465384889  -412.373977512  -412.303678052  -412.303678052  -412.251160593
   333.000  -412.465395406  -412.378111919  -412.306558560  -412.306558560  -412.251323439
   333.500  -412.464067383  -412.380720995  -412.308139369  -412.308139369  -412.251430094
   334.000  -412.460058073  -412.380292212  -412.306946828  -412.306946828  -412.251367595
   334.500  -412.454464464  -412.377772476  -412.303967438  -412.303967438  -412.251164673
   335.000  -412.450307564  -412.376067777  -412.302137652  -412.302137652  -412.251012758
   335.500  -412.449821936  -412.377346804  -412.303625841  -412.303625841  -412.251059660
   336.000  -412.452429478  -412.381018034  -412.307795225  -412.307795225  -412.251219712
   336.500  -412.455826807  -412.384803289  -412.312288310  -412.312288310  -412.251331209
   337.000  -412.458228869  -412.386964633  -412.315278734  -412.315278734  -412.251352891
   337.500  -412.459103959  -412.387027601  -412.316216033  -412.316216033  -412.251330928
   338.000  -412.458619967  -412.385222360  -412.315276602  -412.315276602  -412.251306316
   338.500  -412.457064078  -412.381904609  -412.312781643  -412.312781643  -412.251284726
   339.000  -412.454733113  -412.377444303  -412.309084002  -412.309084002  -412.251249277
   339.500  -412.452160665  -412.372451517  -412.304789616  -412.304789616  -412.251181679
   340.000  -412.450360556  -412.368020309  -412.300995167  -412.300995167  -412.251086773
   340.500  -412.450706858  -412.365611170  -412.299164939  -412.299164939  -412.251013193
   341.000  -412.454185746  -412.366305145  -412.300381294  -412.300381294  -412.251034690
   341.500  -412.460349092  -412.369757105  -412.304298276  -412.304298276  -412.251176769
   342.000  -412.467015291  -412.373891969  -412.308841746  -412.308841746  -412.251362373
   342.500  -412.471440539  -412.376062866  -412.311379410  -412.311379410  -412.251453001
   343.000  -412.472358210  -412.375080890  -412.310755052  -412.310755052  -412.251353714
   343.500  -412.471264004  -412.372495443  -412.308566529  -412.308566529  -412.251137086
   344.000  -412.471225527  -412.371412873  -412.307965943  -412.307965943  -412.251035643
   344.500  -412.473636336  -412.373268451  -412.310405236  -412.310405236  -412.251156529
   345.000  -412.476767591  -412.376385526  -412.314184273  -412.314184273  -412.251333999
   345.500  -412.477953024  -412.378151525  -412.316639378  -412.316639378  -412.251400566
   346.000  -412.475994473  -412.377405670  -412.316552067  -412.316552067  -412.251360116
   346.500  -412.471299301  -412.374562348  -412.314288000  -412.314288000  -412.251291446
   347.000  -412.464828538  -412.370556554  -412.310743334  -412.310743334  -412.251245699
   347.500  -412.457326342  -412.366075909  -412.306573566  -412.306573566  -412.251228271
   348.000  -412.449203819  -412.361449202  -412.302078645  -412.302078645  -412.251214753
   348.500  -412.440873710  -412.356985835  -412.297541643  -412.297541643  -412.251174367
   349.000  -412.433165884  -412.353397470  -412.293651271  -412.293651271  -412.251101858
   349.500  -412.427344412  -412.351820659  -412.291527794  -412.291527794  -412.251042167
   350.000  -412.424407598  -412.353121254  -412.292034986  -412.292034986  -412.251066467
   350.500  -412.424073154  -412.356885757  -412.294777402  -412.294777402  -412.251198555
   351.000  -412.424475950  -412.361121177  -412.297811823  -412.297811823  -412.251374149
   351.500  -412.423163911  -412.363252354  -412.298654920  -412.298654920  -412.251467456
   352.000  -412.418991769  -412.362016617  -412.296183507  -412.296183507  -412.251362807
   352.500  -412.413719977  -412.359069214  -412.292226168  -412.292226168  -412.251094023
   353.000  -412.411288784  -412.358270199  -412.290810655  -412.290810655  -412.250924844
   353.500  -412.414069155  -412.361948090  -412.294373433  -412.294373433  -412.251050363
   354.000  -412.420270997  -412.368310121  -412.301132163  -412.301132163  -412.251298462
   354.500  -412.426211147  -412.373694221  -412.307351196  -412.307351196  -412.251424783
   355.000  -412.429775438  -412.376012511  -412.310827077  -412.310827077  -412.251403341
   355.500  -412.431057164  -412.375383194  -412.311553610  -412.311553610  -412.251324848
   356.000  -412.431155067  -412.372933384  -412.310543684  -412.310543684  -412.251255205
   356.500  -412.431161413  -412.369799063  -412.308832215  -412.308832215  -412.251206753
   357.000  -412.431898273  -412.366871032  -412.307224308  -412.307224308  -412.251162693
   357.500  -412.434102290  -412.364983269  -412.306486450  -412.306486450  -412.251108950
   358.000  -412.438579208  -412.365065339  -412.307501054  -412.307501054  -412.251061999
   358.500  -412.445928764  -412.367861166  -412.310984630  -412.310984630  -412.251069263
   359.000  -412.455860708  -412.373236289  -412.316793571  -412.316793571  -412.251167351
   359.500  -412.466702181  -412.379676318  -412.323421829  -412.323421829  -412.251340198
   360.000  -412.475695989  -412.384575017  -412.328290864  -412.328290864  -412.251517945
   360.500  -412.480135744  -412.385358319  -412.328880386  -412.328880386  -412.251588832
   361.000  -412.479107354  -412.381214114  -412.324463660  -412.324463660  -412.251439285
   361.500  -412.475006771  -412.374605963  -412.317612751  -412.317612751  -412.251120756
   362.000  -412.472460124  -412.370204415  -412.313098118  -412.313098118  -412.250949963
   362.500  -412.473835968  -412.370421521  -412.313376769  -412.313376769  -412.251113421
   363.000  -412.476755848  -412.372932853  -412.316092509  -412.316092509  -412.251363969
   363.500  -412.477350842  -412.373918149  -412.317347703  -412.317347703  -412.251446616
   364.000  -412.473983116  -412.371760019  -412.315446477  -412.315446477  -412.251375916
   364.500  -412.467385433  -412.367168326  -412.311049838  -412.311049838  -412.251266444
   365.000  -412.459114753  -412.361634918  -412.305631447  -412.305631447  -412.251182141
   365.500  -412.450538836  -412.356426348  -412.300462978  -412.300462978  -412.251126855
   366.000  -412.442692075  -412.352447761  -412.296465453  -412.296465453  -412.251080162
   366.500  -412.436499576  -412.350473304  -412.294431774  -412.294431774  -412.251036255
   367.000  -412.432798876  -412.351172580  -412.295049900  -412.295049900  -412.251025745
   367.500  -412.431891791  -412.354673153  -412.298452881  -412.298452881  -412.251088676
   368.000  -412.432980892  -412.360003062  -412.303663414  -412.303663414  -412.251226619
   368.500  -412.434176475  -412.365106337  -412.308615139  -412.308615139  -412.251389168
   369.000  -412.433280042  -412.367627858  -412.310955832  -412.310955832  -412.251497246
   369.500  -412.429039147  -412.366174102  -412.309324695  -412.309324695  -412.251454595
   370.000  -412.422569127  -412.361737256  -412.304785955  -412.304785955  -412.251210076
   370.500  -412.417824367  -412.358177092  -412.301293562  -412.301293562  -412.250928866
   371.000  -412.418955405  -412.359596456  -412.303019283  -412.303019283  -412.250931313
   371.500  -412.425919109  -412.365965758  -412.309932871  -412.309932871  -412.251223078
   372.000  -412.434418553  -412.373059164  -412.317735270  -412.317735270  -412.251480214
   372.500  -412.440310487  -412.376840244  -412.322291545  -412.322291545  -412.251536749
   373.000  -412.442234841  -412.376071455  -412.322285572  -412.322285572  -412.251463043
   373.500  -412.440898739  -412.371587410  -412.318514084  -412.318514084  -412.251361029
   374.000  -412.437629504  -412.364845993  -412.312432506  -412.312432506  -412.251269933
   374.500  -412.433713426  -412.357267131  -412.305480353  -412.305480353  -412.251182700
   375.000  -412.430419951  -412.350255224  -412.299089294  -412.299089294  -412.251087742
   375.500  -412.429114112  -412.345311417  -412.294779937  -412.294779937  -412.251003419
   376.000  -412.430943147  -412.343717263  -412.293837438  -412.293837438  -412.250982198
   376.500  -412.436075667  -412.345771882  -412.296543332  -412.296543332  -412.251064537
   377.000  -412.443144147  -412.350227632  -412.301616610  -412.301616610  -412.251232748
   377.500  -412.449538458  -412.354574926  -412.306510818  -412.306510818  -412.251419834
   378.000  -412.452470339  -412.356095842  -412.308483333  -412.308483333  -412.251534754
   378.500  -412.450434703  -412.353314289  -412.306062095  -412.306062095  -412.251470650
   379.000  -412.444758424  -412.347541980  -412.300596027  -412.300596027  -412.251190653
   379.500  -412.439811806  -412.343103240  -412.296462695  -412.296462695  -412.250908764
   380.000  -412.439712752  -412.344068303  -412.297761206  -412.297761206  -412.250949016
   380.500  -412.443932688  -412.349883070  -412.303908975  -412.303908975  -412.251251676
   381.000  -412.448075698  -412.356147924  -412.310425247  -412.310425247  -412.251477915
   381.500  -412.448524138  -412.359238334  -412.313594282  -412.313594282  -412.251499990
   382.000  -412.444585479  -412.358431976  -412.312622791  -412.312622791  -412.251406439
   382.500  -412.437491142  -412.354900502  -412.308642093  -412.308642093  -412.251293492
   383.000  -412.428994778  -412.350311466  -412.303305754  -412.303305754  -412.251192609
   383.500  -412.420809531  -412.346271290  -412.298224040  -412.298224040  -412.251097337
   384.000  -412.414591122  -412.344314311  -412.294948164  -412.294948164  -412.251010952
   384.500  -412.411800294  -412.345770804  -412.294835959  -412.294835959  -412.250971490
   385.000  -412.413109276  -412.351179553  -412.298464684  -412.298464684  -412.251024665
   385.500  -412.417750849  -412.359645924  -412.304988764  -412.304988764  -412.251170928
   386.000  -412.423528828  -412.368856372  -412.312159183  -412.312159183  -412.251361168
   386.500  -412.427578383  -412.375844718  -412.317091151  -412.317091151  -412.251529205
   387.000  -412.427452862  -412.378076353  -412.317356189  -412.317356189  -412.251594400
   387.500  -412.422445912  -412.374766271  -412.312300538  -412.312300538  -412.251459139
   388.000  -412.414937251  -412.368220642  -412.304378546  -412.304378546  -412.251130552
   388.500  -412.409952360  -412.363398518  -412.298683538  -412.298683538  -412.250874335
   389.000  -412.411265552  -412.364026362  -412.299007917  -412.299007917  -412.250957509
   389.500  -412.417798054  -412.369005966  -412.304211764  -412.304211764  -412.251238421
   390.000  -412.425446121  -412.374242668  -412.310065367  -412.310065367  -412.251423397
   390.500  -412.431202406  -412.376761923  -412.313416001  -412.313416001  -412.251443922
   391.000  -412.434445549  -412.375995795  -412.313528061  -412.313528061  -412.251380031
   391.500  -412.435964126  -412.372810626  -412.311137760  -412.311137760  -412.251294887
   392.000  -412.437000915  -412.368557025  -412.307508607  -412.307508607  -412.251200997
   392.500  -412.438962669  -412.364780467  -412.304141464  -412.304141464  -412.251096694
   393.000  -412.443354385  -412.363154385  -412.302697695  -412.302697695  -412.251005573
   393.500  -412.451369561  -412.365070387  -412.304576731  -412.304576731  -412.250982257
   394.000  -412.463089583  -412.370827719  -412.310099716  -412.310099716  -412.251064974
   394.500  -412.476974398  -412.379112774  -412.317981695  -412.317981695  -412.251229350
   395.000  -412.490249491  -412.387370447  -412.325702187  -412.325702187  -412.251413644
   395.500  -412.499871272  -412.392748498  -412.330455717  -412.330455717  -412.251560876
   396.000  -412.503507601  -412.393058566  -412.330121083  -412.330121083  -412.251605087
   396.500  -412.500629802  -412.387847715  -412.324341903  -412.324341903  -412.251462851
   397.000  -412.493620761  -412.379503578  -412.315624521  -412.315624521  -412.251154356
   397.500  -412.487151300  -412.372650488  -412.308699399  -412.308699399  -412.250935164
   398.000  -412.484446191  -412.370453539  -412.306776453  -412.306776453  -412.251029204
   398.500  -412.484271952  -412.371634303  -412.308533672  -412.308533672  -412.251274455
   399.000  -412.483046186  -412.372573192  -412.310248570  -412.310248570  -412.251407195
   399.500  -412.478566379  -412.371010100  -412.309551857  -412.309551857  -412.251394940
   400.000  -412.470804992  -412.366822751  -412.306236766  -412.306236766  -412.251328953
   400.500  -412.460763120  -412.360881445  -412.301121104  -412.301121104  -412.251260758
   401.000  -412.449680845  -412.354271943  -412.295263162  -412.295263162  -412.251179917
   401.500  -412.439083342  -412.348357476  -412.290013198  -412.290013198  -412.251068315
   402.000  -412.430923370  -412.344932654  -412.287160112  -412.287160112  -412.250960016
   402.500  -412.426998407  -412.345647354  -412.288349763  -412.288349763  -412.250936141
   403.000  -412.427779569  -412.350840539  -412.293912785  -412.293912785  -412.251035742
   403.500  -412.431870727  -412.358999945  -412.302324398  -412.302324398  -412.251208504
   404.000  -412.436722507  -412.367477768  -412.310926648  -412.310926648  -412.251380954
   404.500  -412.439756021  -412.373613240  -412.317063516  -412.317063516  -412.251507981
   405.000  -412.439185959  -412.375552503  -412.318911092  -412.318911092  -412.251534784
   405.500  -412.434932138  -412.373157386  -412.316390945  -412.316390945  -412.251381874
   406.000  -412.429623255  -412.369010441  -412.312166238  -412.312166238  -412.251085339
   406.500  -412.427729429  -412.367558753  -412.310752926  -412.310752926  -412.250921147
   407.000  -412.431605735  -412.371171699  -412.314535277  -412.314535277  -412.251085767
   407.500  -412.438881146  -412.377531712  -412.321141606  -412.321141606  -412.251368766
   408.000  -412.445247229  -412.382406727  -412.326243958  -412.326243958  -412.251502503
   408.500  -412.448297494  -412.383465856  -412.327421722  -412.327421722  -412.251473666
   409.000  -412.448066665  -412.380806279  -412.324716696  -412.324716696  -412.251384692
   409.500  -412.445707197  -412.375630753  -412.319314302  -412.319314302  -412.251292017
   410.000  -412.442612544  -412.369379278  -412.312665316  -412.312665316  -412.251190961
   410.500  -412.440363836  -412.363685125  -412.306430128  -412.306430128  -412.251073728
   411.000  -412.440734922  -412.360388980  -412.302476527  -412.302476527  -412.250980663
   411.500  -412.445034123  -412.360885766  -412.302218475  -412.302218475  -412.250983717
   412.000  -412.453078174  -412.365100254  -412.305584915  -412.305584915  -412.251101684
   412.500  -412.462933017  -412.371223175  -412.310760264  -412.310760264  -412.251275984
   413.000  -412.471770554  -412.376557498  -412.315040748  -412.315040748  -412.251437575
   413.500  -412.476974817  -412.378610740  -412.315939415  -412.315939415  -412.251539800
   414.000  -412.477004576  -412.375939192  -412.312045402  -412.312045402  -412.251519423
   414.500  -412.472408837  -412.369156217  -412.304034898  -412.304034898  -412.251304478
   415.000  -412.466663630  -412.361764728  -412.295498676  -412.295498676  -412.250976830
   415.500  -412.464634277  -412.358638995  -412.291392734  -412.291392734  -412.250841802
   416.000  -412.468250599  -412.361722982  -412.293699012  -412.293699012  -412.251038117
   416.500  -412.474659646  -412.368190734  -412.299569693  -412.299569693  -412.251308043
   417.000  -412.479689575  -412.373893596  -412.304792748  -412.304792748  -412.251416385
   417.500  -412.481338096  -412.376823724  -412.307290207  -412.307290207  -412.251381735
   418.000  -412.479850461  -412.377181011  -412.307207046  -412.307207046  -412.251305736
   418.500  -412.476355780  -412.376010948  -412.305556349  -412.305556349  -412.251234408
   419.000  -412.472110881  -412.374458299  -412.303473265  -412.303473265  -412.251158713
   419.500  -412.468494707  -412.373771672  -412.302217572  -412.302217572  -412.251075635
   420.000  -412.466939121  -412.375244723  -412.303105704  -412.303105704  -412.251029937
   420.500  -412.468231578  -412.379526948  -412.306815362  -412.306815362  -412.251077258
   421.000  -412.471742440  -412.385857580  -412.312611191  -412.312611191  -412.251207342
   421.500  -412.475575128  -412.392221156  -412.318499681  -412.318499681  -412.251355212
   422.000  -412.477515589  -412.396300189  -412.322186365  -412.322186365  -412.251470293
   422.500  -412.475867107  -412.396311142  -412.321919804  -412.321919804  -412.251523084
   423.000  -412.470016764  -412.391569450  -412.317064483  -412.317064483  -412.251462729
   423.500  -412.461195807  -412.383248146  -412.308860487  -412.308860487  -412.251245452
   424.000  -412.452903700  -412.374804964  -412.300834639  -412.300834639  -412.250976379
   424.500  -412.449152404  -412.370237188  -412.297022581  -412.297022581  -412.250911903
   425.000  -412.450902868  -412.370531329  -412.298383747  -412.298383747  -412.251117896
   425.500  -412.455198274  -412.372800235  -412.301932432  -412.301932432  -412.251358135
   426.000  -412.458357986  -412.373462895  -412.303953710  -412.303953710  -412.251447784
   426.500  -412.458748578  -412.370997068  -412.302798196  -412.302798196  -412.251402121
   427.000  -412.456826304  -412.365968072  -412.298937602  -412.298937602  -412.251299717
   427.500  -412.454063508  -412.359949369  -412.293893768  -412.293893768  -412.251185145
   428.000  -412.452211116  -412.354783278  -412.289499341  -412.289499341  -412.251075715
   428.500  -412.452924516  -412.352209540  -412.287517656  -412.287517656  -412.251001328
   429.000  -412.457236377  -412.353340537  -412.289106570  -412.289106570  -412.251011473
   429.500  -412.464839228  -412.357946377  -412.294086695  -412.294086695  -412.251119382
   430.000  -412.473928893  -412.364301205  -412.300773775  -412.300773775  -412.251270153
   430.500  -412.482022977  -412.370002725  -412.306787908  -412.306787908  -412.251395931
   431.000  -412.487001974  -412.373011270  -412.310093106  -412.310093106  -412.251468771
   431.500  -412.487635667  -412.372168607  -412.309525441  -412.309525441  -412.251476984
   432.000  -412.483859658  -412.367465617  -412.305070786  -412.305070786  -412.251384100
   432.500  -412.477274335  -412.360533892  -412.298367979  -412.298367979  -412.251167906
   433.000  -412.471254997  -412.354758002  -412.292825257  -412.292825257  -412.250935018
   433.500  -412.469239991  -412.353584854  -412.291910982  -412.291910982  -412.250890784
   434.000  -412.471858860  -412.357671891  -412.296279949  -412.296279949  -412.251074288
   434.500  -412.476395818  -412.364350018  -412.303230298  -412.303230298  -412.251301595
   435.000  -412.479330269  -412.370141560  -412.309232153  -412.309232153  -412.251424835
   435.500  -412.478607964  -412.372999536  -412.312186731  -412.312186731  -412.251435888
   436.000  -412.474006705  -412.372653987  -412.311783078  -412.311783078  -412.251368049
   436.500  -412.466725162  -412.370198667  -412.309086364  -412.309086364  -412.251236271
   437.000  -412.459045231  -412.367760070  -412.306213501  -412.306213501  -412.251072169
   437.500  -412.453709809  -412.367893190  -412.305726327  -412.305726327  -412.250958964
   438.000  -412.452614717  -412.372292885  -412.309341857  -412.309341857  -412.250981320
   438.500  -412.455573038  -412.380576083  -412.316714060  -412.316714060  -412.251131365
   439.000  -412.460418216  -412.390399720  -412.325551798  -412.325551798  -412.251316879
   439.500  -412.464328551  -412.398793906  -412.332955546  -412.332955546  -412.251459117
   440.000  -412.465052693  -412.403390992  -412.336649657  -412.336649657  -412.251531768
   440.500  -412.461431127  -412.402947864  -412.335502353  -412.335502353  -412.251520635
   441.000  -412.453679148  -412.397626591  -412.329798001  -412.329798001  -412.251399981
   441.500  -412.443702444  -412.389307956  -412.321532339  -412.321532339  -412.251188170
   442.000  -412.434686601  -412.381179180  -412.313972979  -412.313972979  -412.251011310
   442.500  -412.429251912  -412.375891179  -412.309784656  -412.309784656  -412.251001778
   443.000  -412.427629390  -412.373735988  -412.309191119  -412.309191119  -412.251125308
   443.500  -412.428070504  -412.373053169  -412.310397101  -412.310397101  -412.251246766
   444.000  -412.428697385  -412.372071725  -412.311468676  -412.311468676  -412.251304090
   444.500  -412.428508691  -412.369907114  -412.311367505  -412.311367505  -412.251313694
   445.000  -412.427284393  -412.366457993  -412.309870574  -412.309870574  -412.251289606
   445.500  -412.425412367  -412.362226055  -412.307397656  -412.307397656  -412.251221837
   446.000  -412.423962676  -412.358385387  -412.305077399  -412.305077399  -412.251120434
   446.500  -412.424435257  -412.356528731  -412.304485883  -412.304485883  -412.251049218
   447.000  -412.427794127  -412.357702625  -412.306671671  -412.306671671  -412.251075159
   447.500  -412.433514044  -412.361456368  -412.311197307  -412.311197307  -412.251191731
   448.000  -412.439671293  -412.365933041  -412.316227932  -412.316227932  -412.251333080
   448.500  -412.443920682  -412.368843945  -412.319505337  -412.319505337  -412.251439298
   449.000  -412.444462807  -412.368430976  -412.319311568  -412.319311568  -412.251474860
   449.500  -412.440665983  -412.364083116  -412.315086252  -412.315086252  -412.251412286
   450.000  -412.433485899  -412.356753342  -412.307840896  -412.307840896  -412.251245994
   450.500  -412.425444401  -412.348940469  -412.300132468  -412.300132468  -412.251047235
   451.000  -412.419486816  -412.343558226  -412.294916356  -412.294916356  -412.250952860
   451.500  -412.417034537  -412.342002276  -412.293596419  -412.293596419  -412.251019735
   452.000  -412.417187041  -412.343360135  -412.295230642  -412.295230642  -412.251156576
   452.500  -412.417944642  -412.345629187  -412.297762069  -412.297762069  -412.251256587
   453.000  -412.417760105  -412.347255889  -412.299578557  -412.299578557  -412.251294871
   453.500  -412.416034222  -412.347620804  -412.300013496  -412.300013496  -412.251286761
   454.000  -412.412979401  -412.346897582  -412.299212195  -412.299212195  -412.251235563
   454.500  -412.409543104  -412.345977786  -412.298056400  -412.298056400  -412.251146629
   455.000  -412.407223763  -412.346290947  -412.297980512  -412.297980512  -412.251070823
   455.500  -412.407259386  -412.348998851  -412.300158421  -412.300158421  -412.251081908
   456.000  -412.409574652  -412.353947407  -412.304449751  -412.304449751  -412.251185119
   456.500  -412.412715979  -412.359605787  -412.309333231  -412.309333231  -412.251304887
   457.000  -412.414900592  -412.364116442  -412.312961503  -412.312961503  -412.251384004
   457.500  -412.414892148  -412.366170424  -412.314042594  -412.314042594  -412.251424156
   458.000  -412.412093755  -412.365099654  -412.311939960  -412.311939960  -412.251429052
   458.500  -412.406559466  -412.360888463  -412.306689101  -412.306689101  -412.251364114
   459.000  -412.399449630  -412.354632674  -412.299450825  -412.299450825  -412.251206976
   459.500  -412.393219712  -412.348735009  -412.292691472  -412.292691472  -412.251032725
   460.000  -412.390471804  -412.345764158  -412.289019514  -412.289019514  -412.250972913
   460.500  -412.392128777  -412.346631905  -412.289347350  -412.289347350  -412.251052663
   461.000  -412.397063503  -412.350215825  -412.292520675  -412.292520675  -412.251173233
   461.500  -412.403439658  -412.354690772  -412.296671028  -412.296671028  -412.251255036
   462.000  -412.409917028  -412.358727824  -412.300435449  -412.300435449  -412.251289039
   462.500  -412.415909152  -412.361754766  -412.303224043  -412.303224043  -412.251281444
   463.000  -412.421528524  -412.363909412  -412.305171033  -412.305171033  -412.251228273
   463.500  -412.427569620  -412.366031242  -412.307120382  -412.307120382  -412.251151375
   464.000  -412.435089883  -412.369248020  -412.310206324  -412.310206324  -412.251120284
   464.500  -412.444384866  -412.373952399  -412.314823456  -412.314823456  -412.251186830
   465.000  -412.454278359  -412.379088559  -412.319911421  -412.319911421  -412.251312851
   465.500  -412.462684324  -412.382707555  -412.323510379  -412.323510379  -412.251412929
   466.000  -412.467864648  -412.383215611  -412.324014470  -412.324014470  -412.251441534
   466.500  -412.469175977  -412.380111956  -412.320916825  -412.320916825  -412.251403842
   467.000  -412.467082126  -412.373990097  -412.314820100  -412.314820100  -412.251313892
   467.500  -412.462976337  -412.366355002  -412.307253106  -412.307253106  -412.251172868
   468.000  -412.459055675  -412.359491074  -412.300541143  -412.300541143  -412.251013459
   468.500  -412.457694243  -412.355839908  -412.297165482  -412.297165482  -412.250936920
   469.000  -412.459956596  -412.356519829  -412.298255520  -412.298255520  -412.251017591
   469.500  -412.464598058  -412.360329365  -412.302577211  -412.302577211  -412.251186934
   470.000  -412.469042771  -412.364718258  -412.307511073  -412.307511073  -412.251317075
   470.500  -412.471234082  -412.367623012  -412.310918122  -412.310918122  -412.251357246
   471.000  -412.470502114  -412.368326091  -412.312024884  -412.312024884  -412.251322748
   471.500  -412.467437712  -412.367331716  -412.311309435  -412.311309435  -412.251232586
   472.000  -412.463573113  -412.366055052  -412.310189172  -412.310189172  -412.251109685
   472.500  -412.460932234  -412.366384315  -412.310571689  -412.310571689  -412.251014275
   473.000  -412.461073363  -412.369735219  -412.313897433  -412.313897433  -412.251021100
   473.500  -412.464012231  -412.375983674  -412.320062118  -412.320062118  -412.251138221
   474.000  -412.468105066  -412.383358638  -412.327303220  -412.327303220  -412.251295953
   474.500  -412.471031491  -412.389429626  -412.333191318  -412.333191318  -412.251426328
   475.000  -412.470839416  -412.392152913  -412.335682032  -412.335682032  -412.251503117
   475.500  -412.466441877  -412.390366039  -412.333616336  -412.333616336  -412.251512812
   476.000  -412.457874266  -412.384038572  -412.326980311  -412.326980311  -412.251431825
   476.500  -412.446611873  -412.374585514  -412.317219804  -412.317219804  -412.251253694
   477.000  -412.435546649  -412.364846187  -412.307210085  -412.307210085  -412.251047043
   477.500  -412.427866802  -412.357967222  -412.300128759  -412.300128759  -412.250946958
   478.000  -412.425134986  -412.355492219  -412.297522808  -412.297522808  -412.251013327
   478.500  -412.426449328  -412.356523466  -412.298472033  -412.298472033  -412.251158345
   479.000  -412.429642678  -412.358918182  -412.300796288  -412.300796288  -412.251268244
   479.500  -412.432935876  -412.360931147  -412.302719635  -412.302719635  -412.251310516
   480.000  -412.435545272  -412.361819636  -412.303484406  -412.303484406  -412.251298949
   480.500  -412.437560453  -412.361720512  -412.303229981  -412.303229981  -412.251243796
   481.000  -412.439748635  -412.361458483  -412.302792852  -412.302792852  -412.251166639
   481.500  -412.443146721  -412.362141220  -412.303292285  -412.303292285  -412.251124980
   482.000  -412.448218006  -412.364315695  -412.305275885  -412.305275885  -412.251164799
   482.500  -412.454233876  -412.367347252  -412.308091489  -412.308091489  -412.251259098
   483.000  -412.459655263  -412.369792730  -412.310263537  -412.310263537  -412.251343446
   483.500  -412.463046010  -412.370304578  -412.310409183  -412.310409183  -412.251389207
   484.000  -412.463552950  -412.368103712  -412.307722688  -412.307722688  -412.251404080
   484.500  -412.460891361  -412.362958213  -412.301964493  -412.301964493  -412.251384719
   485.000  -412.455454834  -412.355290585  -412.293573200  -412.293573200  -412.251293934
   485.500  -412.448824594  -412.346689029  -412.284175262  -412.284175262  -412.251106089
   486.000  -412.443976870  -412.340122415  -412.276794588  -412.276794588  -412.250899110
   486.500  -412.444013082  -412.338686822  -412.274579205  -412.274579205  -412.250836001
   487.000  -412.449832512  -412.343294907  -412.278471688  -412.278471688  -412.250975187
   487.500  -412.459317286  -412.351864663  -412.286392912  -412.286392912  -412.251195190
   488.000  -412.469026940  -412.361003160  -412.294939466  -412.294939466  -412.251355264
   488.500  -412.476323997  -412.368115300  -412.301511400  -412.301511400  -412.251402353
   489.000  -412.480320338  -412.372338041  -412.305256762  -412.305256762  -412.251341261
   489.500  -412.481851285  -412.374510014  -412.307041952  -412.307041952  -412.251212081
   490.000  -412.482815363  -412.376514379  -412.308780569  -412.308780569  -412.251099545
   490.500  -412.484876504  -412.379985848  -412.312125184  -412.312125184  -412.251090565
   491.000  -412.488221321  -412.385073566  -412.317218053  -412.317218053  -412.251184012
   491.500  -412.491550928  -412.390436823  -412.322688797  -412.322688797  -412.251299438
   492.000  -412.493183906  -412.394348257  -412.326770809  -412.326770809  -412.251377092
   492.500  -412.491944494  -412.395579901  -412.328204618  -412.328204618  -412.251417138
   493.000  -412.487264587  -412.393501266  -412.326344001  -412.326344001  -412.251433934
   493.500  -412.479047773  -412.387938640  -412.321022509  -412.321022509  -412.251411997
   494.000  -412.467915193  -412.379419252  -412.312797825  -412.312797825  -412.251309743
   494.500  -412.455738262  -412.369706940  -412.303480989  -412.303480989  -412.251126692
   495.000  -412.445505067  -412.361678072  -412.295990704  -412.295990704  -412.250967093
   495.500  -412.439747814  -412.357763232  -412.292769762  -412.292769762  -412.250957476
   496.000  -412.438785503  -412.358200412  -412.294020658  -412.294020658  -412.251082396
   496.500  -412.440901145  -412.361212865  -412.297895211  -412.297895211  -412.251225835
   497.000  -412.443952774  -412.364614346  -412.302132286  -412.302132286  -412.251321413
   497.500  -412.446451880  -412.366884733  -412.305160917  -412.305160917  -412.251355415
   498.000  -412.447885058  -412.367495690  -412.306434896  -412.306434896  -412.251312602
   498.500  -412.448898572  -412.367104852  -412.306619403  -412.306619403  -412.251205215
   499.000  -412.451006586  -412.367273185  -412.307290490  -412.307290490  -412.251117444
   499.500  -412.455338558  -412.369218507  -412.309672236  -412.309672236  -412.251136410
   500.000  -412.461443335  -412.372616403  -412.313428736  -412.313428736  -412.251237879
