     0.000  -412.519266506  -412.349582729  -412.291603367  -412.291603367  -412.244800814
     0.500  -412.517700555  -412.348896159  -412.291050673  -412.291050673  -412.244777659
     1.000  -412.517953735  -412.350323400  -412.292626171  -412.292626171  -412.244784570
     1.500  -412.519952235  -412.353801390  -412.296194281  -412.296194281  -412.244831030
     2.000  -412.522979822  -412.358636825  -412.300995006  -412.300995006  -412.244927654
     2.500  -412.525568838  -412.363394536  -412.305523688  -412.305523688  -412.245073402
     3.000  -412.525612675  -412.366004960  -412.307623441  -412.307623441  -412.245232054
     3.500  -412.521079321  -412.364483703  -412.305149495  -412.305149495  -412.245305829
     4.000  -412.511667492  -412.358645548  -412.297469050  -412.297469050  -412.245208393
     4.500  -412.499884084  -412.357167470  -412.282409918  -412.282409918  -412.238569829
     5.000  -412.491968561  -412.352597040  -412.278827265  -412.278827265  -412.238442940
     5.500  -412.489419479  -412.354441813  -412.281971435  -412.281971435  -412.238674321
     6.000  -412.489075958  -412.359686789  -412.288571940  -412.288571940  -412.238965056
     6.500  -412.486637353  -412.363974527  -412.294083510  -412.294083510  -412.239060886
     7.000  -412.480475795  -412.365487405  -412.296540270  -412.296540270  -412.239000981
     7.500  -412.471445015  -412.364767784  -412.296412280  -412.296412280  -412.238900420
     8.000  -412.461267423  -412.363145864  -412.295028360  -412.295028360  -412.238812798
     8.500  -412.451596241  -412.361853401  -412.293680279  -412.293680279  -412.238745467
     9.000  -412.443771917  -412.361836723  -412.293418829  -412.293418829  -412.238694097
     9.500  -412.438790595  -412.363768603  -412.295056302  -412.295056302  -412.238660919
    10.000  -412.437237112  -412.368007312  -412.299107896  -412.299107896  -412.238656586
    10.500  -412.439135585  -412.374455652  -412.305624529  -412.305624529  -412.238696048
    11.000  -412.443758237  -412.382352794  -412.313966203  -412.313966203  -412.238794858
    11.500  -412.449478949  -412.390110294  -412.322611645  -412.322611645  -412.238952588
    12.000  -412.453865402  -412.395374263  -412.329225128  -412.329225128  -412.239132551
    12.500  -412.454358142  -412.395686551  -412.331323439  -412.331323439  -412.239231315
    13.000  -412.449850807  -412.390047903  -412.327863456  -412.327863456  -412.239115705
    13.500  -412.442445840  -412.380669840  -412.321002587  -412.321002587  -412.238813600
    14.000  -412.436667468  -412.372195903  -412.315308659  -412.315308659  -412.238644300
    14.500  -412.434938753  -412.367193196  -412.313225400  -412.313225400  -412.238807710
    15.000  -412.434926650  -412.363499666  -412.312423043  -412.312423043  -412.239046748
    15.500  -412.432940764  -412.357602436  -412.309209698  -412.309209698  -412.239093268
    16.000  -412.427826928  -412.348502129  -412.302439313  -412.302439313  -412.238971268
    16.500  -412.421013740  -412.337748008  -412.293553610  -412.293553610  -412.238808246
    17.000  -412.414759288  -412.327688982  -412.284830887  -412.284830887  -412.238681091
    17.500  -412.410925387  -412.320265057  -412.278166323  -412.278166323  -412.238608108
    18.000  -412.410590913  -412.316633732  -412.274696484  -412.274696484  -412.238581451
    18.500  -412.414083025  -412.317210308  -412.274847329  -412.274847329  -412.238591433
    19.000  -412.421127034  -412.321812839  -412.278474471  -412.278474471  -412.238628168
    19.500  -412.430970418  -412.329777227  -412.284987409  -412.284987409  -412.238691066
    20.000  -412.442452542  -412.340014077  -412.293388650  -412.293388650  -412.238780582
    20.500  -412.454009742  -412.351004614  -412.302271181  -412.302271181  -412.238898191
    21.000  -412.463743609  -412.360866427  -412.309868822  -412.309868822  -412.239020038
    21.500  -412.469852072  -412.367780276  -412.314490126  -412.314490126  -412.239074728
    22.000  -412.471732053  -412.371095676  -412.315620296  -412.315620296  -412.238969493
    22.500  -412.471166970  -412.372521765  -412.315109462  -412.315109462  -412.238743899
    23.000  -412.471498028  -412.375323721  -412.316331363  -412.316331363  -412.238647269
    23.500  -412.474098241  -412.380819044  -412.320644668  -412.320644668  -412.238823712
    24.000  -412.476477422  -412.386491422  -412.325486161  -412.325486161  -412.239066891
    24.500  -412.475031213  -412.388718413  -412.327130028  -412.327130028  -412.239153331
    25.000  -412.468299476  -412.385995178  -412.323956279  -412.323956279  -412.239081217
    25.500  -412.457267278  -412.379218076  -412.316767916  -412.316767916  -412.238946989
    26.000  -412.444046840  -412.370365866  -412.307486904  -412.307486904  -412.238818384
    26.500  -412.430796956  -412.361435571  -412.298089115  -412.298089115  -412.238718923
    27.000  -412.419262300  -412.354000788  -412.290159506  -412.290159506  -412.238651798
    27.500  -412.410649205  -412.349103653  -412.284781032  -412.284781032  -412.238618166
    28.000  -412.405583297  -412.347228394  -412.282496692  -412.282496692  -412.238621472
    28.500  -412.404050615  -412.348247511  -412.283249699  -412.283249699  -412.238668279
    29.000  -412.405330133  -412.351353611  -412.286304160  -412.286304160  -412.238760827
    29.500  -412.408006939  -412.355067484  -412.290249075  -412.290249075  -412.238885923
    30.000  -412.410269436  -412.357527783  -412.293279033  -412.293279033  -412.238991282
    30.500  -412.410752740  -412.357322254  -412.294034640  -412.294034640  -412.238986121
    31.000  -412.409880135  -412.354831367  -412.292932724  -412.292932724  -412.238809573
    31.500  -412.410508547  -412.352876295  -412.292813323  -412.292813323  -412.238587380
    32.000  -412.415931915  -412.354748430  -412.296937771  -412.296937771  -412.238580980
    32.500  -412.426247714  -412.360603115  -412.305367655  -412.305367655  -412.238825835
    33.000  -412.437842111  -412.366959854  -412.314479676  -412.314479676  -412.239076190
    33.500  -412.446717547  -412.370016026  -412.320326340  -412.320326340  -412.239163609
    34.000  -412.451082822  -412.368211696  -412.321233448  -412.321233448  -412.239110739
    34.500  -412.451297805  -412.362147210  -412.317727369  -412.317727369  -412.238998740
    35.000  -412.448774357  -412.353465019  -412.311404111  -412.311404111  -412.238880730
    35.500  -412.445146466  -412.344010106  -412.304073883  -412.304073883  -412.238779212
    36.000  -412.441879902  -412.335431504  -412.297349710  -412.297349710  -412.238701569
    36.500  -412.440092027  -412.329002622  -412.292469736  -412.292469736  -412.238655764
    37.000  -412.440425463  -412.325493449  -412.290167370  -412.290167370  -412.238649822
    37.500  -412.442906174  -412.325031649  -412.290541886  -412.290541886  -412.238691877
    38.000  -412.446819916  -412.326980254  -412.292948224  -412.292948224  -412.238783351
    38.500  -412.450736766  -412.329962771  -412.296029213  -412.296029213  -412.238899587
    39.000  -412.452941021  -412.332290753  -412.298152764  -412.298152764  -412.238971525
    39.500  -412.452504250  -412.333030491  -412.298476949  -412.298476949  -412.238906772
    40.000  -412.450523580  -412.333238167  -412.298176988  -412.298176988  -412.238717823
    40.500  -412.449752352  -412.335598712  -412.300046759  -412.300046759  -412.238610955
    41.000  -412.451684704  -412.341527529  -412.305563735  -412.305563735  -412.238745880
    41.500  -412.454471608  -412.349100109  -412.312787232  -412.312787232  -412.238972004
    42.000  -412.454893247  -412.355014532  -412.318338780  -412.318338780  -412.239076830
    42.500  -412.451346865  -412.357556689  -412.320405302  -412.320405302  -412.239041920
    43.000  -412.444335132  -412.357071491  -412.319242314  -412.319242314  -412.238956066
    43.500  -412.435296859  -412.354791427  -412.316014142  -412.316014142  -412.238882486
    44.000  -412.425619342  -412.351859217  -412.311822290  -412.311822290  -412.238836767
    44.500  -412.416321359  -412.349029724  -412.307405745  -412.307405745  -412.238810053
    45.000  -412.408100442  -412.346741641  -412.303220176  -412.303220176  -412.238792810
    45.500  -412.401427943  -412.345240394  -412.299565673  -412.299565673  -412.238782386
    46.000  -412.396557383  -412.344610245  -412.296623370  -412.296623370  -412.238783387
    46.500  -412.393449984  -412.344711668  -412.294391044  -412.294391044  -412.238804109
    47.000  -412.391698286  -412.345101962  -412.292588579  -412.292588579  -412.238845774
    47.500  -412.390596001  -412.345087588  -412.290690144  -412.290690144  -412.238885731
    48.000  -412.389569023  -412.344131708  -412.288315460  -412.288315460  -412.238866651
    48.500  -412.389071099  -412.342732766  -412.286085687  -412.286085687  -412.238728187
    49.000  -412.391312105  -412.343144376  -412.286328379  -412.286328379  -412.238530406
    49.500  -412.399174631  -412.348304992  -412.291972257  -412.291972257  -412.238496551
    50.000  -412.413038437  -412.358679779  -412.303377027  -412.303377027  -412.238742817
    50.500  -412.429261282  -412.370756961  -412.316843165  -412.316843165  -412.239067236
    51.000  -412.442898596  -412.379760154  -412.327383082  -412.327383082  -412.239233328
    51.500  -412.451103628  -412.383028784  -412.332155619  -412.332155619  -412.239209676
    52.000  -412.453832700  -412.380701182  -412.331175449  -412.331175449  -412.239083012
    52.500  -412.452713988  -412.374569819  -412.326165740  -412.326165740  -412.238935238
    53.000  -412.449817459  -412.366845986  -412.319307267  -412.319307267  -412.238812050
    53.500  -412.446901275  -412.359406823  -412.312472849  -412.312472849  -412.238733335
    54.000  -412.445070816  -412.353457653  -412.306876448  -412.306876448  -412.238701588
    54.500  -412.444709789  -412.349465789  -412.303001337  -412.303001337  -412.238710490
    55.000  -412.445566753  -412.347247717  -412.300683111  -412.300683111  -412.238752318
    55.500  -412.446882154  -412.346094375  -412.299234387  -412.299234387  -412.238821860
    56.000  -412.447504905  -412.344884790  -412.297559366  -412.297559366  -412.238909883
    56.500  -412.446093995  -412.342284078  -412.294357384  -412.294357384  -412.238986125
    57.000  -412.441662557  -412.337286844  -412.288667320  -412.288667320  -412.238979652
    57.500  -412.434642988  -412.330283088  -412.280940191  -412.280940191  -412.238813965
    58.000  -412.427849338  -412.324028783  -412.274003139  -412.274003139  -412.238539865
    58.500  -412.425458612  -412.322642983  -412.272037996  -412.272037996  -412.238406726
    59.000  -412.429423418  -412.328039097  -412.276983257  -412.276983257  -412.238574995
    59.500  -412.437311009  -412.337770120  -412.286363938  -412.286363938  -412.238862534
    60.000  -412.444765657  -412.347478801  -412.295754365  -412.295754365  -412.239028167
    60.500  -412.449010946  -412.354377975  -412.302288761  -412.302288761  -412.239034842
    61.000  -412.449675057  -412.358060320  -412.305494430  -412.305494430  -412.238961189
    61.500  -412.447781349  -412.359483791  -412.306287229  -412.306287229  -412.238873758
    62.000  -412.444721867  -412.359946951  -412.305948634  -412.305948634  -412.238801482
    62.500  -412.441739439  -412.360576527  -412.305609983  -412.305609983  -412.238753088
    63.000  -412.439721035  -412.362125499  -412.306052428  -412.306052428  -412.238733920
    63.500  -412.439090596  -412.364873930  -412.307602998  -412.307602998  -412.238747401
    64.000  -412.439740061  -412.368567043  -412.310071916  -412.310071916  -412.238793710
    64.500  -412.441021880  -412.372414034  -412.312750002  -412.312750002  -412.238868948
    65.000  -412.441831561  -412.375178269  -412.314491358  -412.314491358  -412.238961114
    65.500  -412.440827414  -412.375400859  -412.313933513  -412.313933513  -412.239041636
    66.000  -412.436919094  -412.371892302  -412.309984278  -412.309984278  -412.239052870
    66.500  -412.430147376  -412.364612678  -412.302698854  -412.302698854  -412.238929715
    67.000  -412.422541001  -412.355534630  -412.294130117  -412.294130117  -412.238697411
    67.500  -412.417572047  -412.348112554  -412.287771707  -412.287771707  -412.238540302
    68.000  -412.417523158  -412.344671092  -412.285914098  -412.285914098  -412.238609892
    68.500  -412.421434626  -412.344370200  -412.287599201  -412.287599201  -412.238800177
    69.000  -412.426459982  -412.344557536  -412.290006931  -412.290006931  -412.238918822
    69.500  -412.430545946  -412.343426434  -412.291162899  -412.291162899  -412.238917255
    70.000  -412.433316093  -412.340869684  -412.290828836  -412.290828836  -412.238853586
    70.500  -412.435372156  -412.337751388  -412.289788714  -412.289788714  -412.238786330
    71.000  -412.437469194  -412.335066407  -412.288993978  -412.288993978  -412.238738128
    71.500  -412.440137250  -412.333546598  -412.289162893  -412.289162893  -412.238711219
    72.000  -412.443625937  -412.333602342  -412.290706628  -412.290706628  -412.238701956
    72.500  -412.447944517  -412.335356892  -412.293759454  -412.293759454  -412.238710362
    73.000  -412.452859402  -412.338646222  -412.298172295  -412.298172295  -412.238741026
    73.500  -412.457821204  -412.342945026  -412.303441684  -412.303441684  -412.238801594
    74.000  -412.461881479  -412.347286005  -412.308624335  -412.308624335  -412.238890420
    74.500  -412.463751581  -412.350319106  -412.312399822  -412.312399822  -412.238982631
    75.000  -412.462232307  -412.350742453  -412.313499494  -412.313499494  -412.239017728
    75.500  -412.457105176  -412.348201666  -412.311604956  -412.311604956  -412.238932826
    76.000  -412.449931434  -412.344101379  -412.308153004  -412.308153004  -412.238761964
    76.500  -412.443399623  -412.340976345  -412.305690875  -412.305690875  -412.238671964
    77.000  -412.438985906  -412.340173217  -412.305538884  -412.305538884  -412.238760149
    77.500  -412.435648969  -412.340553487  -412.306491659  -412.306491659  -412.238903736
    78.000  -412.431444790  -412.340099321  -412.306444250  -412.306444250  -412.238953167
    78.500  -412.425639616  -412.338013362  -412.304519187  -412.304519187  -412.238900085
    79.000  -412.418976562  -412.334978776  -412.301345721  -412.301345721  -412.238813437
    79.500  -412.412749713  -412.332230102  -412.298137590  -412.298137590  -412.238746510
    80.000  -412.407994368  -412.330742276  -412.295879653  -412.295879653  -412.238716396
    80.500  -412.405188405  -412.330929374  -412.295021117  -412.295021117  -412.238718759
    81.000  -412.404294523  -412.332683214  -412.295509054  -412.295509054  -412.238742777
    81.500  -412.404918911  -412.335530643  -412.296941119  -412.296941119  -412.238778764
    82.000  -412.406455801  -412.338782201  -412.298711930  -412.298711930  -412.238822835
    82.500  -412.408182284  -412.341628507  -412.300101878  -412.300101878  -412.238872285
    83.000  -412.409326047  -412.343218313  -412.300348630  -412.300348630  -412.238918228
    83.500  -412.409245621  -412.342839588  -412.298825422  -412.298825422  -412.238932524
    84.000  -412.407891197  -412.340386910  -412.295499443  -412.295499443  -412.238868530
    84.500  -412.406428799  -412.336988518  -412.291556019  -412.291556019  -412.238721788
    85.000  -412.407131309  -412.334902304  -412.289290018  -412.289290018  -412.238607900
    85.500  -412.411635383  -412.335784850  -412.290363755  -412.290363755  -412.238668566
    86.000  -412.419005904  -412.338762970  -412.293879582  -412.293879582  -412.238858552
    86.500  -412.426370394  -412.341070192  -412.297025114  -412.297025114  -412.238997402
    87.000  -412.431430344  -412.340546930  -412.297596197  -412.297596197  -412.239000245
    87.500  -412.433810280  -412.336974238  -412.295346371  -412.295346371  -412.238910470
    88.000  -412.434578722  -412.331583973  -412.291496016  -412.291496016  -412.238798015
    88.500  -412.435229544  -412.326025489  -412.287700737  -412.287700737  -412.238708063
    89.000  -412.436993193  -412.321678440  -412.285340103  -412.285340103  -412.238655515
    89.500  -412.440558278  -412.319366015  -412.285228417  -412.285228417  -412.238643375
    90.000  -412.446017232  -412.319306585  -412.287549315  -412.287549315  -412.238668378
    90.500  -412.452897031  -412.321141301  -412.291888312  -412.291888312  -412.238728096
    91.000  -412.460215892  -412.323998516  -412.297292313  -412.297292313  -412.238816918
    91.500  -412.466586230  -412.326594381  -412.302381820  -412.302381820  -412.238922462
    92.000  -412.470453147  -412.327472881  -412.305596591  -412.305596591  -412.239012405
    92.500  -412.470641783  -412.325546331  -412.305747698  -412.305747698  -412.239024777
    93.000  -412.467294901  -412.321027639  -412.302960034  -412.302960034  -412.238897075
    93.500  -412.462643309  -412.316192753  -412.299453915  -412.299453915  -412.238674821
    94.000  -412.460073860  -412.314438774  -412.298639699  -412.298639699  -412.238568082
    94.500  -412.461073065  -412.317217495  -412.302088742  -412.302088742  -412.238711298
    95.000  -412.463429495  -412.322244800  -412.307737246  -412.307737246  -412.238946361
    95.500  -412.463447579  -412.325749170  -412.312044987  -412.312044987  -412.239060415
    96.000  -412.459095235  -412.325674088  -412.313057979  -412.313057979  -412.239026612
    96.500  -412.450711868  -412.322431320  -412.311025868  -412.311025868  -412.238928934
    97.000  -412.439950683  -412.317833776  -412.307297330  -412.307297330  -412.238831748
    97.500  -412.428686423  -412.313844625  -412.303329970  -412.303329970  -412.238746887
    98.000  -412.418455505  -412.311808279  -412.300383081  -412.300383081  -412.238683939
    98.500  -412.410251173  -412.312330768  -412.299360772  -412.299360772  -412.238663375
    99.000  -412.404454611  -412.315438919  -412.300565179  -412.300565179  -412.238689993
    99.500  -412.400816754  -412.320615080  -412.303593376  -412.303593376  -412.238760660
   100.000  -412.398472806  -412.326771092  -412.307365256  -412.307365256  -412.238868508
   100.500  -412.396032993  -412.332296254  -412.310247565  -412.310247565  -412.238995863
   101.000  -412.391868894  -412.335341356  -412.310388522  -412.310388522  -412.239096382
   101.500  -412.384841015  -412.334562381  -412.306502192  -412.306502192  -412.239081894
   102.000  -412.375543643  -412.330394541  -412.299173209  -412.299173209  -412.238879343
   102.500  -412.367152500  -412.325925072  -412.291716942  -412.291716942  -412.238586754
   103.000  -412.363783665  -412.325250700  -412.288482040  -412.288482040  -412.238491118
   103.500  -412.366592748  -412.329557955  -412.290837970  -412.290837970  -412.238688684
   104.000  -412.372592716  -412.335904144  -412.295902405  -412.295902405  -412.238929651
   104.500  -412.378057272  -412.340592826  -412.299922076  -412.299922076  -412.239008197
   105.000  -412.381548105  -412.342189949  -412.301335602  -412.301335602  -412.238948363
   105.500  -412.383804399  -412.341426373  -412.300714836  -412.300714836  -412.238850037
   106.000  -412.386313712  -412.339789948  -412.299385115  -412.299385115  -412.238772809
   106.500  -412.390307335  -412.338549633  -412.298469306  -412.298469306  -412.238732158
   107.000  -412.396433504  -412.338445111  -412.298586278  -412.298586278  -412.238721626
   107.500  -412.404777941  -412.339716862  -412.299890383  -412.299890383  -412.238733626
   108.000  -412.414973471  -412.342213792  -412.302173514  -412.302173514  -412.238763887
   108.500  -412.426276384  -412.345455732  -412.304925751  -412.304925751  -412.238813667
   109.000  -412.437588305  -412.348640540  -412.307334278  -412.307334278  -412.238885290
   109.500  -412.447471666  -412.350636349  -412.308277919  -412.308277919  -412.238975164
   110.000  -412.454290475  -412.350096343  -412.306446363  -412.306446363  -412.239055181
   110.500  -412.456730185  -412.345947843  -412.300844305  -412.300844305  -412.239053815
   111.000  -412.454921084  -412.338492640  -412.291899118  -412.291899118  -412.238881634
   111.500  -412.451598289  -412.330565696  -412.282608002  -412.282608002  -412.238577282
   112.000  -412.451211998  -412.326673511  -412.277633895  -412.277633895  -412.238414507
   112.500  -412.456004855  -412.329113310  -412.279355147  -412.279355147  -412.238583373
   113.000  -412.463477781  -412.335459491  -412.285321792  -412.285321792  -412.238875636
   113.500  -412.469201388  -412.341357724  -412.291072764  -412.291072764  -412.239016013
   114.000  -412.470771276  -412.344443391  -412.294117114  -412.294117114  -412.238977629
   114.500  -412.468497752  -412.345004150  -412.294646405  -412.294646405  -412.238866224
   115.000  -412.464001313  -412.344571373  -412.294137665  -412.294137665  -412.238764187
   115.500  -412.458939879  -412.344660019  -412.294080262  -412.294080262  -412.238702654
   116.000  -412.454467227  -412.346241284  -412.295425091  -412.295425091  -412.238681620
   116.500  -412.451158323  -412.349679480  -412.298513070  -412.298513070  -412.238693529
   117.000  -412.449111686  -412.354843957  -412.303175813  -412.303175813  -412.238728434
   117.500  -412.448064900  -412.361231115  -412.308868377  -412.308868377  -412.238781490
   118.000  -412.447467513  -412.368045092  -412.314756304  -412.314756304  -412.238850807
   118.500  -412.446496758  -412.374222627  -412.319757316  -412.319757316  -412.238936455
   119.000  -412.444064885  -412.378451497  -412.322574497  -412.322574497  -412.239029837
   119.500  -412.438965915  -412.379327839  -412.321873627  -412.321873627  -412.239096625
   120.000  -412.430433197  -412.375924973  -412.316860005  -412.316860005  -412.239063764
   120.500  -412.419195667  -412.368853177  -412.308337757  -412.308337757  -412.238874604
   121.000  -412.408155774  -412.360939210  -412.299359879  -412.299359879  -412.238622014
   121.500  -412.400938921  -412.355770731  -412.293715293  -412.293715293  -412.238536428
   122.000  -412.398745895  -412.354540227  -412.292709681  -412.292709681  -412.238682482
   122.500  -412.399497304  -412.355174383  -412.294260519  -412.294260519  -412.238864021
   123.000  -412.400482743  -412.354968541  -412.295542797  -412.295542797  -412.238922711
   123.500  -412.400717923  -412.352936287  -412.295376986  -412.295376986  -412.238872149
   124.000  -412.400936185  -412.349807545  -412.294267246  -412.294267246  -412.238787503
   124.500  -412.402499620  -412.346955621  -412.293365647  -412.293365647  -412.238720006
   125.000  -412.406550948  -412.345567160  -412.293668015  -412.293668015  -412.238686887
   125.500  -412.413657317  -412.346300591  -412.295692450  -412.295692450  -412.238687473
   126.000  -412.423772007  -412.349251795  -412.299453273  -412.299453273  -412.238714047
   126.500  -412.436338600  -412.354052783  -412.304560280  -412.304560280  -412.238758725
   127.000  -412.450431509  -412.360001989  -412.310339399  -412.310339399  -412.238815757
   127.500  -412.464864623  -412.366159433  -412.315920267  -412.315920267  -412.238883619
   128.000  -412.478251042  -412.371395846  -412.320274890  -412.320274890  -412.238959080
   128.500  -412.489104308  -412.374478950  -412.322296974  -412.322296974  -412.239022087
   129.000  -412.496180448  -412.374405829  -412.321127647  -412.321127647  -412.239026722
   129.500  -412.499170271  -412.371077063  -412.316822485  -412.316822485  -412.238931069
   130.000  -412.499241548  -412.365833143  -412.310873064  -412.310873064  -412.238775179
   130.500  -412.498425553  -412.360842831  -412.305563400  -412.305563400  -412.238685095
   131.000  -412.497884061  -412.357386119  -412.302215899  -412.302215899  -412.238725233
   131.500  -412.497036527  -412.354996755  -412.300304309  -412.300304309  -412.238812513
   132.000  -412.494626147  -412.352519934  -412.298534168  -412.298534168  -412.238848240
   132.500  -412.490112343  -412.349483176  -412.296264515  -412.296264515  -412.238819569
   133.000  -412.483926071  -412.346323588  -412.293796149  -412.293796149  -412.238766600
   133.500  -412.476932403  -412.343834514  -412.291845398  -412.291845398  -412.238725921
   134.000  -412.469899496  -412.342636806  -412.291002932  -412.291002932  -412.238711842
   134.500  -412.463267981  -412.342956596  -412.291489988  -412.291489988  -412.238722557
   135.000  -412.457156520  -412.344643449  -412.293158867  -412.293158867  -412.238749059
   135.500  -412.451481013  -412.347304670  -412.295617237  -412.295617237  -412.238780868
   136.000  -412.446089480  -412.350455883  -412.298379935  -412.298379935  -412.238812226
   136.500  -412.440829780  -412.353606604  -412.300960909  -412.300960909  -412.238843994
   137.000  -412.435521763  -412.356252689  -412.302877408  -412.302877408  -412.238875696
   137.500  -412.429955366  -412.357894433  -412.303682412  -412.303682412  -412.238890465
   138.000  -412.424115503  -412.358282164  -412.303220755  -412.303220755  -412.238859241
   138.500  -412.418569074  -412.357815149  -412.302023780  -412.302023780  -412.238779841
   139.000  -412.414460927  -412.357545776  -412.301286640  -412.301286640  -412.238708538
   139.500  -412.412746734  -412.358402141  -412.302051832  -412.302051832  -412.238709869
   140.000  -412.413353353  -412.360332422  -412.304316218  -412.304316218  -412.238775209
   140.500  -412.415322959  -412.362433876  -412.307139905  -412.307139905  -412.238837824
   141.000  -412.417727339  -412.363851066  -412.309561443  -412.309561443  -412.238855325
   141.500  -412.420284075  -412.364387951  -412.311238833  -412.311238833  -412.238834156
   142.000  -412.423288841  -412.364440415  -412.312411329  -412.312411329  -412.238799991
   142.500  -412.427215391  -412.364599845  -412.313530625  -412.313530625  -412.238775364
   143.000  -412.432354906  -412.365292624  -412.314916941  -412.314916941  -412.238772365
   143.500  -412.438620312  -412.366584526  -412.316570179  -412.316570179  -412.238791819
   144.000  -412.445529837  -412.368155466  -412.318151549  -412.318151549  -412.238825443
   144.500  -412.452347039  -412.369435629  -412.319116126  -412.319116126  -412.238858414
   145.000  -412.458326894  -412.369839467  -412.318944667  -412.318944667  -412.238876219
   145.500  -412.462952924  -412.368998312  -412.317366846  -412.317366846  -412.238871125
   146.000  -412.466063429  -412.366881432  -412.314475279  -412.314475279  -412.238844225
   146.500  -412.467862174  -412.363805344  -412.310717593  -412.310717593  -412.238797462
   147.000  -412.468868434  -412.360385425  -412.306835710  -412.306835710  -412.238740568
   147.500  -412.469744187  -412.357363355  -412.303679572  -412.303679572  -412.238702945
   148.000  -412.470885494  -412.355205836  -412.301782487  -412.301782487  -412.238711024
   148.500  -412.472063772  -412.353743451  -412.300994606  -412.300994606  -412.238754457
   149.000  -412.472598670  -412.352349135  -412.300643645  -412.300643645  -412.238791970
   149.500  -412.471938484  -412.350512160  -412.300112286  -412.300112286  -412.238800193
   150.000  -412.470033098  -412.348214160  -412.299214913  -412.299214913  -412.238783398
   150.500  -412.467261646  -412.345835143  -412.298157178  -412.298157178  -412.238759425
   151.000  -412.464141322  -412.343857704  -412.297286683  -412.297286683  -412.238740871
   151.500  -412.461084899  -412.342627920  -412.296882856  -412.296882856  -412.238735072
   152.000  -412.458280332  -412.342257734  -412.297039343  -412.297039343  -412.238743894
   152.500  -412.455656358  -412.342599305  -412.297620915  -412.297620915  -412.238768048
   153.000  -412.452887524  -412.343250265  -412.298257564  -412.298257564  -412.238807046
   153.500  -412.449445864  -412.343609940  -412.298383247  -412.298383247  -412.238849376
   154.000  -412.444757672  -412.343014513  -412.297392957  -412.297392957  -412.238879516
   154.500  -412.438485491  -412.341025195  -412.294913582  -412.294913582  -412.238874266
   155.000  -412.430874415  -412.337767733  -412.291147860  -412.291147860  -412.238818948
   155.500  -412.422957655  -412.334146869  -412.287072039  -412.287072039  -412.238722733
   156.000  -412.416335209  -412.331625143  -412.284219978  -412.284219978  -412.238639804
   156.500  -412.412383009  -412.331460006  -412.283881251  -412.283881251  -412.238629067
   157.000  -412.411351426  -412.333797286  -412.286215593  -412.286215593  -412.238701034
   157.500  -412.412263342  -412.337582194  -412.290149657  -412.290149657  -412.238793028
   158.000  -412.413793898  -412.341431310  -412.294270948  -412.294270948  -412.238841733
   158.500  -412.415194059  -412.344547657  -412.297761895  -412.297761895  -412.238837351
   159.000  -412.416499218  -412.346931836  -412.300608629  -412.300608629  -412.238804449
   159.500  -412.418180291  -412.349029606  -412.303255464  -412.303255464  -412.238773289
   160.000  -412.420717286  -412.351317662  -412.306165465  -412.306165465  -412.238756252
   160.500  -412.424345819  -412.354040965  -412.309574538  -412.309574538  -412.238760826
   161.000  -412.428984816  -412.357153907  -412.313402891  -412.313402891  -412.238781571
   161.500  -412.434268178  -412.360340166  -412.317297986  -412.317297986  -412.238815494
   162.000  -412.439612370  -412.363082138  -412.320697351  -412.320697351  -412.238857827
   162.500  -412.444289488  -412.364724852  -412.322907692  -412.322907692  -412.238904074
   163.000  -412.447533247  -412.364581273  -412.323208980  -412.323208980  -412.238940623
   163.500  -412.448754755  -412.362137856  -412.321074513  -412.321074513  -412.238945429
   164.000  -412.447902945  -412.357419012  -412.316526801  -412.316526801  -412.238893835
   164.500  -412.445797235  -412.351318588  -412.310468257  -412.310468257  -412.238792762
   165.000  -412.443968341  -412.345446427  -412.304511754  -412.304511754  -412.238703618
   165.500  -412.443720141  -412.341198934  -412.300036972  -412.300036972  -412.238698495
   166.000  -412.445126240  -412.338756780  -412.297173667  -412.297173667  -412.238768692
   166.500  -412.447147156  -412.337198217  -412.294920770  -412.294920770  -412.238833913
   167.000  -412.448767451  -412.335625449  -412.292290809  -412.292290809  -412.238836896
   167.500  -412.449852312  -412.334009002  -412.289183253  -412.289183253  -412.238784514
   168.000  -412.451090644  -412.333122952  -412.286346611  -412.286346611  -412.238714990
   168.500  -412.453439225  -412.333987452  -412.284833547  -412.284833547  -412.238660163
   169.000  -412.457605275  -412.337350270  -412.285491318  -412.285491318  -412.238639471
   169.500  -412.463770577  -412.343415812  -412.288663607  -412.288663607  -412.238655059
   170.000  -412.471518791  -412.351775595  -412.294108986  -412.294108986  -412.238705430
   170.500  -412.479916960  -412.361491290  -412.301041624  -412.301041624  -412.238780000
   171.000  -412.487701285  -412.371276264  -412.308292389  -412.308292389  -412.238864055
   171.500  -412.493552599  -412.379761179  -412.314555985  -412.314555985  -412.238937749
   172.000  -412.496409083  -412.385799731  -412.318701802  -412.318701802  -412.238982738
   172.500  -412.495758031  -412.388753839  -412.320072361  -412.320072361  -412.238984223
   173.000  -412.491822764  -412.388678209  -412.318698531  -412.318698531  -412.238942224
   173.500  -412.485531876  -412.386298643  -412.315289691  -412.315289691  -412.238878984
   174.000  -412.478112820  -412.382619770  -412.310855914  -412.310855914  -412.238839540
   174.500  -412.470429194  -412.378284747  -412.306054580  -412.306054580  -412.238844430
   175.000  -412.462671730  -412.373287452  -412.300893851  -412.300893851  -412.238859494
   175.500  -412.454821121  -412.367449729  -412.295202361  -412.295202361  -412.238835589
   176.000  -412.447337306  -412.361117310  -412.289327385  -412.289327385  -412.238766254
   176.500  -412.441297922  -412.355304580  -412.284273709  -412.284273709  -412.238683839
   177.000  -412.437943769  -412.351240554  -412.281252239  -412.281252239  -412.238626611
   177.500  -412.438110164  -412.349799864  -412.281110356  -412.281110356  -412.238615575
   178.000  -412.441908301  -412.351185485  -412.284008000  -412.284008000  -412.238648547
   178.500  -412.448718403  -412.354913064  -412.289413132  -412.289413132  -412.238712052
   179.000  -412.457387328  -412.359996658  -412.296294043  -412.296294043  -412.238789166
   179.500  -412.466498104  -412.365204361  -412.303383168  -412.303383168  -412.238864707
   180.000  -412.474638645  -412.369309106  -412.309431044  -412.309431044  -412.238923871
   180.500  -412.480650836  -412.371314525  -412.313441497  -412.313441497  -412.238953986
   181.000  -412.483870855  -412.370682316  -412.314891406  -412.314891406  -412.238942455
   181.500  -412.484345166  -412.367539963  -412.313929284  -412.313929284  -412.238884058
   182.000  -412.482899803  -412.362756194  -412.311431392  -412.311431392  -412.238795938
   182.500  -412.480838123  -412.357647804  -412.308697218  -412.308697218  -412.238728695
   183.000  -412.479198071  -412.353262305  -412.306709113  -412.306709113  -412.238730127
   183.500  -412.478054490  -412.349688712  -412.305453940  -412.305453940  -412.238794593
   184.000  -412.476589337  -412.346134951  -412.304016254  -412.304016254  -412.238861502
   184.500  -412.473917299  -412.341747566  -412.301426829  -412.301426829  -412.238878488
   185.000  -412.469836376  -412.336359871  -412.297425526  -412.297425526  -412.238839423
   185.500  -412.464938019  -412.330599733  -412.292578996  -412.292578996  -412.238772037
   186.000  -412.460240554  -412.325526313  -412.287908740  -412.287908740  -412.238704920
   186.500  -412.456743811  -412.322178428  -412.284448979  -412.284448979  -412.238658874
   187.000  -412.455119012  -412.321273461  -412.282931771  -412.282931771  -412.238640102
   187.500  -412.455566898  -412.323049282  -412.283649783  -412.283649783  -412.238651150
   188.000  -412.457794277  -412.327247071  -412.286427755  -412.286427755  -412.238687371
   188.500  -412.461087576  -412.333172011  -412.290690327  -412.290690327  -412.238740356
   189.000  -412.464467549  -412.339841087  -412.295602588  -412.295602588  -412.238799246
   189.500  -412.466925453  -412.346224413  -412.300276982  -412.300276982  -412.238846022
   190.000  -412.467730932  -412.351551077  -412.304056321  -412.304056321  -412.238861587
   190.500  -412.466751082  -412.355634008  -412.306810459  -412.306810459  -412.238832022
   191.000  -412.464608363  -412.359018580  -412.309093009  -412.309093009  -412.238773425
   191.500  -412.462376705  -412.362675276  -412.311843839  -412.311843839  -412.238740252
   192.000  -412.460740877  -412.367159600  -412.315566399  -412.315566399  -412.238784575
   192.500  -412.459261732  -412.371882115  -412.319608452  -412.319608452  -412.238890792
   193.000  -412.456583696  -412.375325938  -412.322395669  -412.322395669  -412.238989409
   193.500  -412.451428819  -412.376047275  -412.322442583  -412.322442583  -412.239024474
   194.000  -412.443412588  -412.373498364  -412.319190493  -412.319190493  -412.238989220
   194.500  -412.433177696  -412.368170646  -412.313153573  -412.313153573  -412.238908054
   195.000  -412.422043498  -412.361252733  -412.305575223  -412.305575223  -412.238812104
   195.500  -412.411531785  -412.354168123  -412.297952973  -412.297952973  -412.238726682
   196.000  -412.402974063  -412.348184793  -412.291633410  -412.291633410  -412.238669042
   196.500  -412.397244075  -412.344149098  -412.287528361  -412.287528361  -412.238649200
   197.000  -412.394609440  -412.342335589  -412.285950491  -412.285950491  -412.238670325
   197.500  -412.394699428  -412.342411283  -412.286569784  -412.286569784  -412.238726850
   198.000  -412.396604756  -412.343532938  -412.288513210  -412.288513210  -412.238802704
   198.500  -412.399135432  -412.344601274  -412.290631546  -412.290631546  -412.238871733
   199.000  -412.401233659  -412.344669589  -412.291923730  -412.291923730  -412.238901797
   199.500  -412.402459577  -412.343420026  -412.292030585  -412.292030585  -412.238869094
   200.000  -412.403320554  -412.341483539  -412.291562458  -412.291562458  -412.238784125
   200.500  -412.405058653  -412.340222291  -412.291875528  -412.291875528  -412.238710201
   201.000  -412.408692357  -412.340774939  -412.294098710  -412.294098710  -412.238720067
   201.500  -412.413985677  -412.343032663  -412.298091810  -412.298091810  -412.238808653
   202.000  -412.419516922  -412.345707965  -412.302512719  -412.302512719  -412.238899762
   202.500  -412.423774953  -412.347419009  -412.305909726  -412.305909726  -412.238938484
   203.000  -412.426009848  -412.347520816  -412.307571822  -412.307571822  -412.238927052
   203.500  -412.426288724  -412.346147199  -412.307579064  -412.307579064  -412.238888356
   204.000  -412.425189326  -412.343899529  -412.306489991  -412.306489991  -412.238838917
   204.500  -412.423512472  -412.341566267  -412.305061079  -412.305061079  -412.238791487
   205.000  -412.422062246  -412.339914202  -412.304032655  -412.304032655  -412.238756392
   205.500  -412.421453577  -412.339507694  -412.303950943  -412.303950943  -412.238742514
   206.000  -412.421960245  -412.340566624  -412.305025735  -412.305025735  -412.238754261
   206.500  -412.423427372  -412.342884796  -412.307054098  -412.307054098  -412.238791969
   207.000  -412.425278071  -412.345837276  -412.309428934  -412.309428934  -412.238848377
   207.500  -412.426648317  -412.348512066  -412.311272240  -412.311272240  -412.238904065
   208.000  -412.426690248  -412.350010449  -412.311742725  -412.311742725  -412.238929265
   208.500  -412.425047621  -412.349916978  -412.310504677  -412.310504677  -412.238892091
   209.000  -412.422297005  -412.348741561  -412.308169181  -412.308169181  -412.238795233
   209.500  -412.419856881  -412.347834014  -412.306191054  -412.306191054  -412.238706522
   210.000  -412.418988286  -412.348396851  -412.305851978  -412.305851978  -412.238711329
   210.500  -412.419620994  -412.350322206  -412.307067774  -412.307067774  -412.238804058
   211.000  -412.420440462  -412.352281043  -412.308467943  -412.308467943  -412.238889027
   211.500  -412.420206519  -412.353028264  -412.308724980  -412.308724980  -412.238900475
   212.000  -412.418722920  -412.352358686  -412.307542130  -412.307542130  -412.238854372
   212.500  -412.416656164  -412.350909043  -412.305491262  -412.305491262  -412.238802212
   213.000  -412.414814014  -412.349432520  -412.303298144  -412.303298144  -412.238773205
   213.500  -412.413691130  -412.348347820  -412.301389728  -412.301389728  -412.238764265
   214.000  -412.413470549  -412.347747592  -412.299894343  -412.299894343  -412.238762323
   214.500  -412.414194714  -412.347582048  -412.298812862  -412.298812862  -412.238763059
   215.000  -412.415835386  -412.347742804  -412.298089937  -412.298089937  -412.238770923
   215.500  -412.418232392  -412.348013884  -412.297558909  -412.297558909  -412.238791424
   216.000  -412.421024572  -412.348010610  -412.296876673  -412.296876673  -412.238822392
   216.500  -412.423689566  -412.347228212  -412.295571080  -412.295571080  -412.238849667
   217.000  -412.425763653  -412.345258510  -412.293265107  -412.293265107  -412.238848924
   217.500  -412.427209656  -412.342164297  -412.290047115  -412.290047115  -412.238796628
   218.000  -412.428723272  -412.338776298  -412.286774528  -412.286774528  -412.238704078
   218.500  -412.431528378  -412.336493864  -412.284857376  -412.284857376  -412.238632908
   219.000  -412.436475312  -412.336377615  -412.285340503  -412.285340503  -412.238647269
   219.500  -412.443170216  -412.338274929  -412.288014792  -412.288014792  -412.238732586
   220.000  -412.450193036  -412.341020373  -412.291625259  -412.291625259  -412.238810557
   220.500  -412.456209841  -412.343522084  -412.294981000  -412.294981000  -412.238826570
   221.000  -412.460787871  -412.345544380  -412.297774226  -412.297774226  -412.238787796
   221.500  -412.464345493  -412.347634608  -412.300530110  -412.300530110  -412.238735067
   222.000  -412.467585781  -412.350545113  -412.304029030  -412.304029030  -412.238706107
   222.500  -412.470926857  -412.354666191  -412.308724578  -412.308724578  -412.238719224
   223.000  -412.474218808  -412.359761574  -412.314447379  -412.314447379  -412.238769852
   223.500  -412.476791147  -412.365035961  -412.320449980  -412.320449980  -412.238841318
   224.000  -412.477689192  -412.369393837  -412.325650881  -412.325650881  -412.238916315
   224.500  -412.475921035  -412.371700520  -412.328899925  -412.328899925  -412.238983253
   225.000  -412.470654400  -412.370990464  -412.329189401  -412.329189401  -412.239028297
   225.500  -412.461437424  -412.366690729  -412.325889950  -412.325889950  -412.239030792
   226.000  -412.448524014  -412.358946448  -412.319080701  -412.319080701  -412.238966907
   226.500  -412.433196817  -412.348936626  -412.309874329  -412.309874329  -412.238837196
   227.000  -412.417692992  -412.338800184  -412.300342387  -412.300342387  -412.238695080
   227.500  -412.404377528  -412.330804165  -412.292680987  -412.292680987  -412.238621665
   228.000  -412.394557403  -412.326159429  -412.288026915  -412.288026915  -412.238647391
   228.500  -412.388052637  -412.324593653  -412.286029021  -412.286029021  -412.238720950
   229.000  -412.383888455  -412.325034551  -412.285557042  -412.285557042  -412.238780691
   229.500  -412.381210137  -412.326532345  -412.285633657  -412.285633657  -412.238804047
   230.000  -412.379651421  -412.328623327  -412.285821229  -412.285821229  -412.238799865
   230.500  -412.379241331  -412.331249150  -412.286135911  -412.286135911  -412.238779685
   231.000  -412.380215332  -412.334568384  -412.286857820  -412.286857820  -412.238754194
   231.500  -412.382847823  -412.338793514  -412.288348371  -412.288348371  -412.238735236
   232.000  -412.387275109  -412.344010624  -412.290852177  -412.290852177  -412.238734885
   232.500  -412.393337327  -412.350016383  -412.294313508  -412.294313508  -412.238757638
   233.000  -412.400545223  -412.356278168  -412.298317312  -412.298317312  -412.238796484
   233.500  -412.408209773  -412.362061069  -412.302202574  -412.302202574  -412.238838167
   234.000  -412.415663860  -412.366648520  -412.305278862  -412.305278862  -412.238868112
   234.500  -412.422495426  -412.369582139  -412.307070787  -412.307070787  -412.238870667
   235.000  -412.428762353  -412.370886548  -412.307559300  -412.307559300  -412.238836363
   235.500  -412.435072578  -412.371166094  -412.307296486  -412.307296486  -412.238779908
   236.000  -412.442284159  -412.371320901  -412.307141641  -412.307141641  -412.238745556
   236.500  -412.450814669  -412.371872120  -412.307599486  -412.307599486  -412.238767336
   237.000  -412.460139801  -412.372464502  -412.308334661  -412.308334661  -412.238826076
   237.500  -412.469062413  -412.372125559  -412.308440118  -412.308440118  -412.238869751
   238.000  -412.476472622  -412.370000237  -412.307180712  -412.307180712  -412.238868792
   238.500  -412.481856598  -412.365828290  -412.304459505  -412.304459505  -412.238829304
   239.000  -412.485295340  -412.359902302  -412.300752703  -412.300752703  -412.238774238
   239.500  -412.487240250  -412.352736023  -412.296804148  -412.296804148  -412.238694821
   240.000  -412.488515520  -412.342406074  -412.295810618  -412.295810618  -412.235793745
   240.500  -412.488649467  -412.330205390  -412.297684975  -412.297684975  -412.233158296
   241.000  -412.488125639  -412.320670665  -412.296962364  -412.296962364  -412.233106369
   241.500  -412.486901978  -412.311942612  -412.295490718  -412.295490718  -412.233118862
   242.000  -412.485022305  -412.304310943  -412.293219081  -412.293219081  -412.233161735
   242.500  -412.482571783  -412.298371426  -412.289830562  -412.289830562  -412.233153845
   243.000  -412.479907084  -412.294356898  -412.285749870  -412.285749870  -412.233020956
   243.500  -412.477474065  -412.291714174  -412.282594302  -412.282594302  -412.233041939
   244.000  -412.475742103  -412.290949161  -412.281213992  -412.281213992  -412.232960004
   244.500  -412.475602102  -412.292728471  -412.282791499  -412.282791499  -412.232925322
   245.000  -412.477680062  -412.297777488  -412.287644954  -412.287644954  -412.232820684
   245.500  -412.481790451  -412.305438064  -412.295873713  -412.295873713  -412.233122897
   246.000  -412.486142411  -412.315933485  -412.304589519  -412.304589519  -412.233354928
   246.500  -412.488739902  -412.327998996  -412.310468186  -412.310468186  -412.233321551
   247.000  -412.488548264  -412.338982772  -412.313120062  -412.338982772  -412.233278147
   247.500  -412.486376985  -412.352913083  -412.312001633  -412.312001633  -412.232981364
   248.000  -412.480085182  -412.361359952  -412.306875623  -412.306875623  -412.237137600
   248.500  -412.473397771  -412.365824292  -412.302920057  -412.302920057  -412.238536183
   249.000  -412.466665309  -412.365389622  -412.302936495  -412.302936495  -412.238568652
   249.500  -412.460053139  -412.364548661  -412.303194599  -412.303194599  -412.238572589
   250.000  -412.453742243  -412.363582688  -412.303656175  -412.303656175  -412.238574906
   250.500  -412.447833611  -412.362541284  -412.304282955  -412.304282955  -412.238580457
   251.000  -412.442362988  -412.361395885  -412.304992708  -412.304992708  -412.238590076
   251.500  -412.437286750  -412.360038979  -412.305646348  -412.305646348  -412.238604901
   252.000  -412.432487588  -412.358295309  -412.306049704  -412.306049704  -412.238615858
   252.500  -412.427912682  -412.356057440  -412.306090353  -412.306090353  -412.238606320
   253.000  -412.423816476  -412.353531720  -412.305972082  -412.305972082  -412.238569960
   253.500  -412.420816468  -412.351293919  -412.306265100  -412.306265100  -412.238532751
   254.000  -412.419513146  -412.349914559  -412.307517476  -412.307517476  -412.238532610
   254.500  -412.419957597  -412.349430541  -412.309721792  -412.309721792  -412.238576988
   255.000  -412.421561390  -412.349263139  -412.312225780  -412.312225780  -412.238632756
   255.500  -412.423534653  -412.348651831  -412.314188019  -412.314188019  -412.238668571
   256.000  -412.425358506  -412.347128736  -412.315059769  -412.315059769  -412.238674108
   256.500  -412.426930014  -412.344651014  -412.314747212  -412.314747212  -412.238659477
   257.000  -412.428434596  -412.341469680  -412.313486756  -412.313486756  -412.238636728
   257.500  -412.430145638  -412.337911151  -412.311649521  -412.311649521  -412.238615926
   258.000  -412.432263582  -412.334202825  -412.309581145  -412.309581145  -412.238600569
   258.500  -412.434827254  -412.330349481  -412.307526023  -412.307526023  -412.238592027
   259.000  -412.437681629  -412.326091354  -412.305617181  -412.305617181  -412.238585679
   259.500  -412.440489791  -412.320972628  -412.303908665  -412.303908665  -412.238595872
   260.000  -412.442759113  -412.314750022  -412.302229182  -412.302229182  -412.238655800
   260.500  -412.444012747  -412.308043790  -412.299781504  -412.299781504  -412.238819832
   261.000  -412.444155292  -412.303008634  -412.294858971  -412.294858971  -412.238762345
   261.500  -412.443792748  -412.300430710  -412.288392431  -412.288392431  -412.238538112
   262.000  -412.444004724  -412.299472379  -412.283393319  -412.283393319  -412.238445839
   262.500  -412.445737239  -412.300462831  -412.281371390  -412.281371390  -412.238425325
   263.000  -412.449247740  -412.303588422  -412.282651839  -412.282651839  -412.238486197
   263.500  -412.453795573  -412.309587654  -412.285647690  -412.285647690  -412.237467253
   264.000  -412.458628918  -412.314134390  -412.291111783  -412.291111783  -412.237505489
   264.500  -412.462718471  -412.316647882  -412.298090907  -412.298090907  -412.238878073
   265.000  -412.464817907  -412.320177609  -412.302648713  -412.302648713  -412.238941490
   265.500  -412.465019461  -412.323502988  -412.305082176  -412.305082176  -412.238941165
   266.000  -412.463539825  -412.326725882  -412.305309893  -412.305309893  -412.238884048
   266.500  -412.460868866  -412.329702088  -412.304040298  -412.304040298  -412.238823175
   267.000  -412.457609883  -412.332401925  -412.302143174  -412.302143174  -412.238774487
   267.500  -412.454320133  -412.334856298  -412.300347818  -412.300347818  -412.238741342
   268.000  -412.451357274  -412.336940071  -412.299126989  -412.299126989  -412.238735931
   268.500  -412.448746511  -412.338360531  -412.298527164  -412.298527164  -412.238763168
   269.000  -412.446156393  -412.338738817  -412.298132549  -412.298132549  -412.238805667
   269.500  -412.443073036  -412.337656658  -412.297323087  -412.297323087  -412.238835859
   270.000  -412.439166474  -412.334883611  -412.295695137  -412.295695137  -412.238825412
   270.500  -412.434719907  -412.330774700  -412.293490061  -412.293490061  -412.238761334
   271.000  -412.430793015  -412.326446364  -412.291747630  -412.291747630  -412.238671825
   271.500  -412.428760173  -412.323331611  -412.291839495  -412.291839495  -412.238620442
   272.000  -412.429383869  -412.322278342  -412.294537345  -412.294537345  -412.238647140
   272.500  -412.432237206  -412.322984507  -412.299425939  -412.299425939  -412.238732728
   273.000  -412.436008907  -412.324335296  -412.305179714  -412.305179714  -412.238827277
   273.500  -412.439305559  -412.325256815  -412.310303862  -412.310303862  -412.238902446
   274.000  -412.441254997  -412.325435451  -412.313636736  -412.313636736  -412.238950388
   274.500  -412.441682055  -412.325415382  -412.314633399  -412.314633399  -412.238908094
   275.000  -412.441006648  -412.325682979  -412.314030499  -412.314030499  -412.238790027
   275.500  -412.439975747  -412.326248180  -412.313497874  -412.313497874  -412.238709825
   276.000  -412.439306085  -412.327199131  -412.314296935  -412.314296935  -412.238683212
   276.500  -412.439432587  -412.328676255  -412.316871743  -412.316871743  -412.238713921
   277.000  -412.440400781  -412.330837809  -412.320729931  -412.320729931  -412.238831173
   277.500  -412.441870234  -412.334164958  -412.324165748  -412.324165748  -412.238972407
   278.000  -412.443271906  -412.338703171  -412.325350750  -412.338703171  -412.238944098
   278.500  -412.443783374  -412.346143864  -412.323359640  -412.346143864  -412.239090497
   279.000  -412.443064351  -412.353943631  -412.317730439  -412.353943631  -412.238962218
   279.500  -412.442149782  -412.367505999  -412.303657779  -412.367505999  -412.240119779
   280.000  -412.439015630  -412.374023102  -412.302786242  -412.374023102  -412.235955775
   280.500  -412.434464255  -412.376625770  -412.303566900  -412.376625770  -412.235899223
   281.000  -412.428818027  -412.377266124  -412.302886398  -412.377266124  -412.235913394
   281.500  -412.421834998  -412.375772184  -412.299891126  -412.375772184  -412.236074911
   282.000  -412.412865178  -412.371513064  -412.294550405  -412.371513064  -412.236058258
   282.500  -412.402159305  -412.364820223  -412.286771328  -412.364820223  -412.236012793
   283.000  -412.390294658  -412.356325885  -412.277227949  -412.356325885  -412.235961462
   283.500  -412.378001611  -412.346818893  -412.266761876  -412.346818893  -412.235915444
   284.000  -412.365987205  -412.337060238  -412.256188944  -412.337060238  -412.235872443
   284.500  -412.354934304  -412.327777221  -412.246289930  -412.327777221  -412.235831993
   285.000  -412.345489292  -412.319642534  -412.237804327  -412.319642534  -412.235806605
   285.500  -412.337561853  -412.311422864  -412.235563565  -412.311422864  -412.234095854
   286.000  -412.332447888  -412.306752966  -412.232206729  -412.306752966  -412.234113090
   286.500  -412.329362687  -412.303749168  -412.230676697  -412.303749168  -412.234153120
   287.000  -412.327710112  -412.301833838  -412.230276033  -412.301833838  -412.234196452
   287.500  -412.326864329  -412.300397898  -412.230267089  -412.300397898  -412.234214314
   288.000  -412.326600455  -412.299230320  -412.230319850  -412.299230320  -412.234186223
   288.500  -412.327360956  -412.298785209  -412.230785856  -412.298785209  -412.234129442
   289.000  -412.329959445  -412.299886944  -412.232402478  -412.299886944  -412.234101621
   289.500  -412.334741465  -412.302892082  -412.235452017  -412.302892082  -412.234145375
   290.000  -412.340990200  -412.307095356  -412.239169856  -412.307095356  -412.234235878
   290.500  -412.347296865  -412.311093750  -412.242130069  -412.311093750  -412.234308349
   291.000  -412.352843670  -412.314397588  -412.245958418  -412.314397588  -412.235000376
   291.500  -412.356769505  -412.315375951  -412.245085528  -412.315375951  -412.234955477
   292.000  -412.360093022  -412.315359838  -412.242927913  -412.315359838  -412.234885832
   292.500  -412.363931685  -412.315389620  -412.240666151  -412.315389620  -412.234831574
   293.000  -412.369195900  -412.316294928  -412.239246160  -412.316294928  -412.234816808
   293.500  -412.376178103  -412.318303523  -412.238966257  -412.318303523  -412.234841574
   294.000  -412.384541053  -412.321033309  -412.239484781  -412.321033309  -412.234887024
   294.500  -412.393576110  -412.323760509  -412.240102800  -412.323760509  -412.234936021
   295.000  -412.402468248  -412.325692391  -412.240051553  -412.325692391  -412.234979762
   295.500  -412.410456529  -412.326135760  -412.238670038  -412.326135760  -412.235010327
   296.000  -412.416980868  -412.324649856  -412.235565826  -412.324649856  -412.235012598
   296.500  -412.421911235  -412.321282281  -412.230851635  -412.321282281  -412.234966945
   297.000  -412.425741716  -412.318330078  -412.225565131  -412.318330078  -412.236341465
   297.500  -412.429478757  -412.314168567  -412.220955796  -412.314168567  -412.236271619
   298.000  -412.433967208  -412.311288458  -412.218551260  -412.311288458  -412.236273190
   298.500  -412.439019616  -412.309753066  -412.219637129  -412.309753066  -412.236398374
   299.000  -412.442945068  -412.308364609  -412.225735333  -412.308364609  -412.236286841
   299.500  -412.445304395  -412.308122476  -412.233360200  -412.308122476  -412.236310318
   300.000  -412.446271073  -412.309028906  -412.238617519  -412.309028906  -412.236368048
   300.500  -412.445343915  -412.310214388  -412.241202232  -412.310214388  -412.236367528
   301.000  -412.442636766  -412.311665957  -412.241294123  -412.311665957  -412.236326275
   301.500  -412.438749469  -412.314009751  -412.239323799  -412.314009751  -412.236278316
   302.000  -412.434096809  -412.317742740  -412.236771364  -412.317742740  -412.236437512
   302.500  -412.428247723  -412.321567632  -412.236865402  -412.321567632  -412.236413149
   303.000  -412.421732527  -412.324987246  -412.239053605  -412.324987246  -412.236410955
   303.500  -412.414804332  -412.327820946  -412.241560187  -412.327820946  -412.236445696
   304.000  -412.407171475  -412.329465944  -412.243098721  -412.329465944  -412.236477536
   304.500  -412.398538268  -412.329390105  -412.242860143  -412.329390105  -412.236482466
   305.000  -412.389007348  -412.327513283  -412.240705567  -412.327513283  -412.236446322
   305.500  -412.379276506  -412.324411329  -412.237281380  -412.324411329  -412.236372639
   306.000  -412.370567489  -412.321244421  -412.233887547  -412.321244421  -412.236288658
   306.500  -412.364182734  -412.319316018  -412.231978341  -412.319316018  -412.236238754
   307.000  -412.360836324  -412.319400628  -412.232439823  -412.319400628  -412.236251079
   307.500  -412.360274038  -412.321337223  -412.235162498  -412.321337223  -412.236308175
   308.000  -412.361525454  -412.324263412  -412.239269659  -412.324263412  -412.236370059
   308.500  -412.363513157  -412.327205747  -412.243721862  -412.327205747  -412.236409545
   309.000  -412.365486644  -412.329507274  -412.247763679  -412.329507274  -412.236423241
   309.500  -412.367107072  -412.330910090  -412.251028208  -412.330910090  -412.236419330
   310.000  -412.368340804  -412.331448133  -412.253448197  -412.331448133  -412.236405190
   310.500  -412.369341273  -412.331330094  -412.255150416  -412.331330094  -412.236384469
   311.000  -412.370377049  -412.330867687  -412.256387027  -412.330867687  -412.236360977
   311.500  -412.371756536  -412.330401228  -412.257458515  -412.330401228  -412.236343797
   312.000  -412.373680978  -412.330154870  -412.258561408  -412.330154870  -412.236346940
   312.500  -412.376042889  -412.330038605  -412.259585349  -412.330038605  -412.236377918
   313.000  -412.378330234  -412.329557601  -412.260018647  -412.329557601  -412.236424655
   313.500  -412.379822488  -412.328011962  -412.259150735  -412.328011962  -412.236454902
   314.000  -412.380066157  -412.324974568  -412.256551701  -412.324974568  -412.236437615
   314.500  -412.379317148  -412.320734114  -412.252518400  -412.320734114  -412.236371970
   315.000  -412.378530300  -412.316284942  -412.248063885  -412.316284942  -412.236297798
   315.500  -412.378767520  -412.312737209  -412.244328021  -412.312737209  -412.236265218
   316.000  -412.380471884  -412.310592330  -412.241852683  -412.310592330  -412.236287893
   316.500  -412.383262255  -412.309537336  -412.240376233  -412.309537336  -412.236335687
   317.000  -412.386361228  -412.308869854  -412.239250787  -412.308869854  -412.236370819
   317.500  -412.389151670  -412.308057556  -412.237993771  -412.308057556  -412.236377885
   318.000  -412.391431610  -412.306996078  -412.236551886  -412.306996078  -412.236361904
   318.500  -412.393375407  -412.305950655  -412.235227510  -412.305950655  -412.236335933
   319.000  -412.395343204  -412.305364091  -412.234490444  -412.305364091  -412.236310236
   319.500  -412.397696449  -412.305683160  -412.234789904  -412.305683160  -412.236291643
   320.000  -412.400687515  -412.307244674  -412.236432586  -412.307244674  -412.236282260
   320.500  -412.404420852  -412.310232825  -412.239544675  -412.310232825  -412.236281254
   321.000  -412.408860679  -412.314681342  -412.244086510  -412.314681342  -412.236288584
   321.500  -412.413829145  -412.320464183  -412.249861274  -412.320464183  -412.236308636
   322.000  -412.418955306  -412.327234467  -412.256476321  -412.327234467  -412.236346213
   322.500  -412.423629349  -412.334369315  -412.263301548  -412.334369315  -412.236397604
   323.000  -412.427080605  -412.341041094  -412.269541028  -412.341041094  -412.236449022
   323.500  -412.428583933  -412.346422541  -412.274425608  -412.346422541  -412.236489068
   324.000  -412.427630457  -412.349860670  -412.277373334  -412.349860670  -412.236515352
   324.500  -412.423971368  -412.350929346  -412.278030799  -412.350929346  -412.236525923
   325.000  -412.417643346  -412.349467820  -412.276303684  -412.349467820  -412.236513899
   325.500  -412.409046444  -412.345673766  -412.272443041  -412.345673766  -412.236476097
   326.000  -412.398968398  -412.340142055  -412.267078557  -412.340142055  -412.236420436
   326.500  -412.388462676  -412.333752652  -412.261106954  -412.333752652  -412.236360353
   327.000  -412.378635846  -412.327467173  -412.255486174  -412.327467173  -412.236308316
   327.500  -412.370453077  -412.322137600  -412.251049123  -412.322137600  -412.236270973
   328.000  -412.364610406  -412.318383582  -412.248374716  -412.318383582  -412.236253827
   328.500  -412.361458064  -412.316512269  -412.247718596  -412.316512269  -412.236258629
   329.000  -412.360960917  -412.316480015  -412.248970872  -412.316480015  -412.236285985
   329.500  -412.362714671  -412.317902679  -412.251682609  -412.317902679  -412.236327607
   330.000  -412.366079370  -412.320187843  -412.255201586  -412.320187843  -412.236365757
   330.500  -412.370475576  -412.322822348  -412.258978307  -412.322822348  -412.236373017
   331.000  -412.375777860  -412.325761308  -412.262954308  -412.325761308  -412.236334139
   331.500  -412.382518555  -412.329622182  -412.267759389  -412.329622182  -412.236271137
   332.000  -412.391522252  -412.335317054  -412.274325786  -412.335317054  -412.236247042
   332.500  -412.402997704  -412.343143207  -412.282962969  -412.343143207  -412.236311099
   333.000  -412.415850157  -412.352099686  -412.292656677  -412.352099686  -412.236442467
   333.500  -412.427991193  -412.360197943  -412.301379156  -412.360197943  -412.236566525
   334.000  -412.437403749  -412.365527840  -412.307157171  -412.365527840  -412.236625525
   334.500  -412.443014159  -412.367125999  -412.308952752  -412.367125999  -412.236611359
   335.000  -412.444858248  -412.365138734  -412.306832101  -412.365138734  -412.236549320
   335.500  -412.443741955  -412.360478366  -412.301632614  -412.360478366  -412.236468166
   336.000  -412.440801475  -412.354381989  -412.294521008  -412.354381989  -412.236389311
   336.500  -412.437173584  -412.348076735  -412.286673312  -412.348076735  -412.236323322
   337.000  -412.433801721  -412.342584157  -412.279077297  -412.342584157  -412.236278226
   337.500  -412.431321396  -412.338596503  -412.272426986  -412.338596503  -412.236258075
   338.000  -412.429992008  -412.336403595  -412.267049072  -412.336403595  -412.236265905
   338.500  -412.429671309  -412.335860470  -412.262876867  -412.335860470  -412.236298682
   339.000  -412.429871310  -412.336444625  -412.259496014  -412.336444625  -412.236345818
   339.500  -412.429944801  -412.337445451  -412.256328011  -412.337445451  -412.236384978
   340.000  -412.429416259  -412.338305972  -412.252953025  -412.338305972  -412.236391383
   340.500  -412.428336692  -412.338986504  -412.249464504  -412.338986504  -412.236354332
   341.000  -412.427394334  -412.340086593  -412.246580526  -412.340086593  -412.236294705
   341.500  -412.427570537  -412.342507528  -412.245307317  -412.342507528  -412.236256522
   342.000  -412.429472006  -412.346790541  -412.246283631  -412.346790541  -412.236278907
   342.500  -412.432758405  -412.352550165  -412.249221333  -412.352550165  -412.236368423
   343.000  -412.436068910  -412.358406914  -412.252836883  -412.358406914  -412.236487347
   343.500  -412.437608211  -412.362560004  -412.255414300  -412.362560004  -412.236577083
   344.000  -412.436056350  -412.363650560  -412.255659299  -412.363650560  -412.236602029
   344.500  -412.431137531  -412.361302549  -412.253222701  -412.361302549  -412.236564682
   345.000  -412.423532988  -412.356096859  -412.248647330  -412.356096859  -412.236491020
   345.500  -412.414422144  -412.349175821  -412.242969338  -412.349175821  -412.236412096
   346.000  -412.405045106  -412.341778694  -412.237287569  -412.341778694  -412.236348197
   346.500  -412.396412392  -412.334918126  -412.232468088  -412.334918126  -412.236308726
   347.000  -412.389155703  -412.329222235  -412.229002758  -412.329222235  -412.236295558
   347.500  -412.383494501  -412.324901436  -412.226985557  -412.324901436  -412.236304596
   348.000  -412.379307671  -412.321818389  -412.226187745  -412.321818389  -412.236325283
   348.500  -412.376305422  -412.319659655  -412.226232315  -412.319659655  -412.236342638
   349.000  -412.374262524  -412.318168538  -412.226825664  -412.318168538  -412.236345632
   349.500  -412.373166506  -412.317299261  -412.227905321  -412.317299261  -412.236341836
   350.000  -412.373095094  -412.317098497  -412.229512598  -412.317098497  -412.236355640
   350.500  -412.373861749  -412.317360090  -412.231436806  -412.317360090  -412.236396791
   351.000  -412.374904483  -412.317515078  -412.233098819  -412.317515078  -412.236428987
   351.500  -412.375798809  -412.317147910  -412.234065699  -412.317147910  -412.236402508
   352.000  -412.376942351  -412.316674002  -412.234733396  -412.316674002  -412.236322500
   352.500  -412.379457521  -412.317240240  -412.236236161  -412.317240240  -412.236258522
   353.000  -412.384212394  -412.319743884  -412.239472028  -412.319743884  -412.236268476
   353.500  -412.390995888  -412.324009228  -412.244280364  -412.324009228  -412.236339483
   354.000  -412.398668503  -412.328943360  -412.249593139  -412.328943360  -412.236417404
   354.500  -412.405936102  -412.333311420  -412.254203387  -412.333311420  -412.236463210
   355.000  -412.411951207  -412.336339035  -412.257363960  -412.336339035  -412.236471028
   355.500  -412.416440813  -412.337836622  -412.258911543  -412.337836622  -412.236455003
   356.000  -412.419512457  -412.338003199  -412.259075513  -412.338003199  -412.236433349
   356.500  -412.421389046  -412.337153519  -412.258211173  -412.337153519  -412.236417643
   357.000  -412.422232350  -412.335535984  -412.256623378  -412.335535984  -412.236408624
   357.500  -412.422133106  -412.333314931  -412.254548596  -412.333314931  -412.236396830
   358.000  -412.421248913  -412.330702908  -412.252277285  -412.330702908  -412.236371271
   358.500  -412.419956069  -412.328109587  -412.250283465  -412.328109587  -412.236334672
   359.000  -412.418790337  -412.326085525  -412.249145001  -412.326085525  -412.236312118
   359.500  -412.418076224  -412.324958186  -412.249163568  -412.324958186  -412.236332224
   360.000  -412.417527372  -412.324438904  -412.249971473  -412.324438904  -412.236391455
   360.500  -412.416310906  -412.323690364  -412.250613390  -412.323690364  -412.236446360
   361.000  -412.413686401  -412.321962214  -412.250206566  -412.321962214  -412.236445956
   361.500  -412.409746722  -412.319326914  -412.248698584  -412.319326914  -412.236374591
   362.000  -412.405630868  -412.316888584  -412.247093547  -412.316888584  -412.236272025
   362.500  -412.402922693  -412.316182581  -412.246861255  -412.316182581  -412.236207636
   363.000  -412.402643703  -412.318172481  -412.248938983  -412.318172481  -412.236215361
   363.500  -412.404747994  -412.322750563  -412.253228304  -412.322750563  -412.236267561
   364.000  -412.408487452  -412.329105521  -412.258956694  -412.329105521  -412.236322158
   364.500  -412.413020647  -412.336332899  -412.265276647  -412.336332899  -412.236367137
   365.000  -412.417641411  -412.343665089  -412.271482747  -412.343665089  -412.236410002
   365.500  -412.421729624  -412.350419718  -412.276958254  -412.350419718  -412.236448699
   366.000  -412.424780066  -412.356028820  -412.281197510  -412.356028820  -412.236470412
   366.500  -412.426575564  -412.360211017  -412.283985062  -412.360211017  -412.236462273
   367.000  -412.427346292  -412.363133945  -412.285556997  -412.363133945  -412.236424600
   367.500  -412.427744826  -412.365392614  -412.286581483  -412.365392614  -412.236374825
   368.000  -412.428565042  -412.367734948  -412.287873171  -412.367734948  -412.236343136
   368.500  -412.430303442  -412.370626517  -412.289950209  -412.370626517  -412.236351016
   369.000  -412.432849138  -412.373943150  -412.292716306  -412.373943150  -412.236395123
   369.500  -412.435531107  -412.377018385  -412.295502646  -412.377018385  -412.236453958
   370.000  -412.437452675  -412.378972509  -412.297404249  -412.378972509  -412.236501912
   370.500  -412.437891360  -412.379109703  -412.297679263  -412.379109703  -412.236517511
   371.000  -412.436654197  -412.377265317  -412.296109898  -412.377265317  -412.236483368
   371.500  -412.434307838  -412.374035181  -412.293234984  -412.374035181  -412.236407489
   372.000  -412.432016168  -412.370609035  -412.290199762  -412.370609035  -412.236338785
   372.500  -412.430777386  -412.368012975  -412.288004016  -412.368012975  -412.236339769
   373.000  -412.430537633  -412.366224213  -412.286630246  -412.366224213  -412.236413750
   373.500  -412.430142937  -412.364126655  -412.284996261  -412.364126655  -412.236493583
   374.000  -412.428295076  -412.360465736  -412.281898454  -412.360465736  -412.236512486
   374.500  -412.424548879  -412.354841884  -412.276989030  -412.354841884  -412.236460738
   375.000  -412.419505943  -412.347905746  -412.270948774  -412.347905746  -412.236378674
   375.500  -412.414282041  -412.340824950  -412.264949415  -412.340824950  -412.236310776
   376.000  -412.409850485  -412.334632638  -412.260002267  -412.334632638  -412.236277122
   376.500  -412.406704787  -412.329891970  -412.256633968  -412.329891970  -412.236275272
   377.000  -412.404844316  -412.326681758  -412.254879960  -412.326681758  -412.236295598
   377.500  -412.403906653  -412.324722915  -412.254416198  -412.324722915  -412.236324703
   378.000  -412.403379599  -412.323582543  -412.254764480  -412.323582543  -412.236347195
   378.500  -412.402845713  -412.322910319  -412.255529708  -412.322910319  -412.236355064
   379.000  -412.402119553  -412.322569680  -412.256532508  -412.322569680  -412.236353193
   379.500  -412.401195261  -412.322582762  -412.257755278  -412.322582762  -412.236352867
   380.000  -412.400097256  -412.322979949  -412.259192530  -412.322979949  -412.236359061
   380.500  -412.398812091  -412.323733548  -412.260783653  -412.323733548  -412.236362771
   381.000  -412.397415879  -412.324886659  -412.262540872  -412.324886659  -412.236345513
   381.500  -412.396312748  -412.326794739  -412.264789856  -412.326794739  -412.236302244
   382.000  -412.396250703  -412.330145156  -412.268189278  -412.330145156  -412.236267454
   382.500  -412.397781252  -412.335419929  -412.273194931  -412.335419929  -412.236300741
   383.000  -412.400420738  -412.342056843  -412.279223962  -412.342056843  -412.236420728
   383.500  -412.402423818  -412.348219389  -412.284429206  -412.348219389  -412.236569339
   384.000  -412.401633123  -412.351643296  -412.286551429  -412.351643296  -412.236662731
   384.500  -412.396708210  -412.350867904  -412.284157216  -412.350867904  -412.236658892
   385.000  -412.387771953  -412.345891566  -412.277300732  -412.345891566  -412.236573133
   385.500  -412.376201847  -412.337975795  -412.267332405  -412.337975795  -412.236455050
   386.000  -412.363887212  -412.328910659  -412.256168788  -412.328910659  -412.236357893
   386.500  -412.352460130  -412.320162096  -412.245560678  -412.320162096  -412.236634049
   387.000  -412.342625228  -412.312269537  -412.237817298  -412.312269537  -412.236418854
   387.500  -412.334992510  -412.306544669  -412.230651857  -412.306544669  -412.236426139
   388.000  -412.329199605  -412.302249767  -412.225209182  -412.302249767  -412.236432723
   388.500  -412.325108033  -412.299254389  -412.221365319  -412.299254389  -412.236435832
   389.000  -412.322949470  -412.297429490  -412.218808869  -412.297429490  -412.236415007
   389.500  -412.321907088  -412.296672450  -412.217766518  -412.296672450  -412.236437763
   390.000  -412.321981980  -412.296611004  -412.217546827  -412.296611004  -412.236471189
   390.500  -412.322732047  -412.296778224  -412.217609989  -412.296778224  -412.236494366
   391.000  -412.323912176  -412.296906244  -412.217620250  -412.296906244  -412.236477976
   391.500  -412.325876843  -412.297332197  -412.217852331  -412.297332197  -412.236413035
   392.000  -412.329650136  -412.299070557  -412.219264709  -412.299070557  -412.236341606
   392.500  -412.336279623  -412.303167490  -412.222858865  -412.303167490  -412.236333205
   393.000  -412.345854714  -412.309720230  -412.228706264  -412.309720230  -412.236405770
   393.500  -412.356923162  -412.317609652  -412.236153132  -412.317609652  -412.236486609
   394.000  -412.368678619  -412.325371565  -412.242809972  -412.325371565  -412.236545507
   394.500  -412.379681947  -412.331971411  -412.248085663  -412.331971411  -412.236563624
   395.000  -412.389446026  -412.336974386  -412.251563511  -412.336974386  -412.236564651
   395.500  -412.397774983  -412.340249340  -412.253129572  -412.340249340  -412.236558645
   396.000  -412.404614553  -412.341821079  -412.252825630  -412.341821079  -412.236537518
   396.500  -412.410147506  -412.341965694  -412.250948763  -412.341965694  -412.236494235
   397.000  -412.414880905  -412.341298299  -412.248146669  -412.341298299  -412.236436079
   397.500  -412.419534726  -412.340660114  -412.245308810  -412.340660114  -412.236383413
   398.000  -412.424747164  -412.340820565  -412.243273218  -412.340820565  -412.236357269
   398.500  -412.430766763  -412.342162897  -412.242503755  -412.342162897  -412.236368840
   399.000  -412.437302646  -412.344520471  -412.242925032  -412.344520471  -412.236414517
   399.500  -412.443925605  -412.347475460  -412.243632064  -412.347475460  -412.236654773
   400.000  -412.449268275  -412.350664743  -412.245828285  -412.350664743  -412.237655306
   400.500  -412.452019658  -412.351400438  -412.245529162  -412.351400438  -412.237701528
   401.000  -412.451817057  -412.350029908  -412.243431595  -412.350029908  -412.237697434
   401.500  -412.448860548  -412.346763714  -412.239743081  -412.346763714  -412.237625173
   402.000  -412.444390959  -412.342822468  -412.235673622  -412.342822468  -412.237512300
   402.500  -412.440216392  -412.339971066  -412.232972687  -412.339971066  -412.237435328
   403.000  -412.437590113  -412.339403126  -412.232815994  -412.339403126  -412.237452230
   403.500  -412.436383341  -412.340916660  -412.234979371  -412.340916660  -412.237541169
   404.000  -412.435373465  -412.343200867  -412.238122946  -412.343200867  -412.237633559
   404.500  -412.433225092  -412.344815211  -412.240768866  -412.344815211  -412.237681996
   405.000  -412.429226356  -412.344927235  -412.242042600  -412.344927235  -412.237679264
   405.500  -412.423450833  -412.343478977  -412.241847376  -412.343478977  -412.237640419
   406.000  -412.416554531  -412.340991860  -412.240677558  -412.340991860  -412.237584934
   406.500  -412.409475161  -412.338274109  -412.239332039  -412.338274109  -412.237528588
   407.000  -412.403170608  -412.336167137  -412.238662559  -412.336167137  -412.237482624
   407.500  -412.398423102  -412.335356455  -412.239380982  -412.335356455  -412.237456227
   408.000  -412.395684043  -412.336221270  -412.241902037  -412.336221270  -412.237457756
   408.500  -412.394944058  -412.338706973  -412.246206088  -412.338706973  -412.237493067
   409.000  -412.395653583  -412.342245237  -412.251749860  -412.342245237  -412.237561424
   409.500  -412.396751377  -412.345779627  -412.257483822  -412.345779627  -412.237651627
   410.000  -412.396860641  -412.347956126  -412.262038201  -412.347956126  -412.237738884
   410.500  -412.394691911  -412.347519600  -412.264117823  -412.347519600  -412.237785275
   411.000  -412.389630538  -412.343893289  -412.263084784  -412.343893289  -412.237751400
   411.500  -412.382296568  -412.337731454  -412.259517903  -412.337731454  -412.237630976
   412.000  -412.374563061  -412.330931599  -412.255235756  -412.330931599  -412.237488761
   412.500  -412.368556459  -412.325632531  -412.252307352  -412.325632531  -412.237432597
   413.000  -412.365124860  -412.322684083  -412.251531878  -412.322684083  -412.237503357
   413.500  -412.363279003  -412.321091540  -412.251885825  -412.321091540  -412.237624574
   414.000  -412.361252718  -412.319078294  -412.251580392  -412.319078294  -412.237694928
   414.500  -412.357959281  -412.315542334  -412.249509764  -412.315542334  -412.237681802
   415.000  -412.353534034  -412.310598446  -412.245786932  -412.310598446  -412.237613900
   415.500  -412.348974337  -412.305218607  -412.241381849  -412.305218607  -412.237532120
   416.000  -412.345540640  -412.300634392  -412.237524076  -412.300634392  -412.237462958
   416.500  -412.344331293  -412.297914503  -412.235281799  -412.297914503  -412.237417768
   417.000  -412.346076546  -412.297761873  -412.235360064  -412.297761873  -412.237400453
   417.500  -412.351054927  -412.300433763  -412.238021887  -412.300433763  -412.237412423
   418.000  -412.359063179  -412.305715146  -412.243062371  -412.305715146  -412.237452307
   418.500  -412.369441856  -412.312947284  -412.249838060  -412.312947284  -412.237513132
   419.000  -412.381192227  -412.321146494  -412.257386242  -412.321146494  -412.237582165
   419.500  -412.393180208  -412.329208893  -412.264629427  -412.329208893  -412.237646358
   420.000  -412.404346602  -412.336120255  -412.270583885  -412.336120255  -412.237699644
   420.500  -412.413822608  -412.341070055  -412.274470694  -412.341070055  -412.237742253
   421.000  -412.420970164  -412.343488660  -412.275749300  -412.343488660  -412.237765083
   421.500  -412.425555825  -412.343217088  -412.274283141  -412.343217088  -412.237736766
   422.000  -412.428187225  -412.340940518  -412.270770394  -412.340940518  -412.237632393
   422.500  -412.430555207  -412.338433036  -412.266988036  -412.338433036  -412.237499310
   423.000  -412.434623094  -412.337757538  -412.264992233  -412.337757538  -412.237453393
   423.500  -412.440956218  -412.339607510  -412.265460596  -412.339607510  -412.237547209
   424.000  -412.448004022  -412.342590523  -412.266972176  -412.342590523  -412.237696102
   424.500  -412.453311005  -412.344416894  -412.267199528  -412.344416894  -412.237786293
   425.000  -412.455213267  -412.343562395  -412.264579114  -412.343562395  -412.237784042
   425.500  -412.453469588  -412.339868725  -412.258925282  -412.339868725  -412.237719739
   426.000  -412.448905773  -412.334175481  -412.251068127  -412.334175481  -412.237633423
   426.500  -412.442820797  -412.327731390  -412.242262256  -412.327731390  -412.237551367
   427.000  -412.436545792  -412.321767698  -412.233756496  -412.321767698  -412.237487849
   427.500  -412.431184281  -412.317252307  -412.226553593  -412.317252307  -412.237450224
   428.000  -412.427487754  -412.314773370  -412.221317881  -412.314773370  -412.237435575
   428.500  -412.425846982  -412.314557310  -412.218385356  -412.314557310  -412.237439641
   429.000  -412.426341190  -412.316543203  -412.217829552  -412.316543203  -412.237459028
   429.500  -412.428725789  -412.320404639  -412.219437759  -412.320404639  -412.237504187
   430.000  -412.432309218  -412.325424111  -412.222581157  -412.325424111  -412.237583741
   430.500  -412.435862507  -412.330390311  -412.226106554  -412.330390311  -412.237689524
   431.000  -412.437802531  -412.333757353  -412.228501900  -412.333757353  -412.237786345
   431.500  -412.436768261  -412.334201377  -412.228454093  -412.334201377  -412.237816609
   432.000  -412.432499737  -412.331486013  -412.225715327  -412.331486013  -412.237725916
   432.500  -412.426573601  -412.327192658  -412.221835567  -412.327192658  -412.237529508
   433.000  -412.422037616  -412.324356306  -412.219806563  -412.324356306  -412.237362731
   433.500  -412.421394817  -412.325454018  -412.222060044  -412.325454018  -412.237373500
   434.000  -412.424528733  -412.330336202  -412.228402673  -412.330336202  -412.237538366
   434.500  -412.428998203  -412.336524570  -412.236312007  -412.336524570  -412.237702856
   435.000  -412.432194589  -412.341373790  -412.243091884  -412.341373790  -412.237771347
   435.500  -412.432840415  -412.343572113  -412.247374288  -412.343572113  -412.237753628
   436.000  -412.430998505  -412.343153375  -412.249135997  -412.343153375  -412.237694233
   436.500  -412.427463328  -412.340892147  -412.249093478  -412.340892147  -412.237624424
   437.000  -412.423289651  -412.337828543  -412.248238089  -412.337828543  -412.237554562
   437.500  -412.419574470  -412.335053901  -412.247616513  -412.335053901  -412.237492232
   438.000  -412.417315239  -412.333564028  -412.248192957  -412.333564028  -412.237448805
   438.500  -412.417201397  -412.334054299  -412.250639077  -412.334054299  -412.237439231
   439.000  -412.419391975  -412.336694893  -412.255111930  -412.336694893  -412.237467243
   439.500  -412.423455651  -412.341071490  -412.261190554  -412.341071490  -412.237521797
   440.000  -412.428537013  -412.346349314  -412.268038179  -412.346349314  -412.237587863
   440.500  -412.433593313  -412.351507312  -412.274633085  -412.351507312  -412.237658134
   441.000  -412.437531424  -412.355474404  -412.279899609  -412.355474404  -412.237730401
   441.500  -412.439283264  -412.357203813  -412.282777830  -412.357203813  -412.237792140
   442.000  -412.438025400  -412.355891909  -412.282438480  -412.355891909  -412.237810055
   442.500  -412.433666103  -412.351465027  -412.278768646  -412.351465027  -412.237747427
   443.000  -412.427320631  -412.345051450  -412.272849040  -412.345051450  -412.237615777
   443.500  -412.421034394  -412.338709198  -412.266689044  -412.338709198  -412.237508423
   444.000  -412.416427534  -412.334066219  -412.261879930  -412.334066219  -412.237516564
   444.500  -412.413413674  -412.331048206  -412.258326762  -412.331048206  -412.237614604
   445.000  -412.410555815  -412.328229811  -412.254600639  -412.328229811  -412.237692321
   445.500  -412.406609097  -412.324382137  -412.249480726  -412.324382137  -412.237683315
   446.000  -412.401564797  -412.319508339  -412.242988640  -412.319508339  -412.237600002
   446.500  -412.396559051  -412.314748362  -412.236294831  -412.314748362  -412.237492617
   447.000  -412.393153708  -412.311657512  -412.231000703  -412.311657512  -412.237411713
   447.500  -412.392557416  -412.311430054  -412.228363023  -412.311430054  -412.237389052
   448.000  -412.395127359  -412.314401408  -412.228797611  -412.314401408  -412.237425270
   448.500  -412.400336050  -412.320020312  -412.231852675  -412.320020312  -412.237492859
   449.000  -412.407137456  -412.327245086  -412.236586117  -412.327245086  -412.237555741
   449.500  -412.414429709  -412.335047386  -412.242009553  -412.335047386  -412.237601803
   450.000  -412.421360941  -412.342634699  -412.247334776  -412.342634699  -412.237636581
   450.500  -412.427354456  -412.349412907  -412.251995609  -412.349412907  -412.237665964
   451.000  -412.431960749  -412.354890866  -412.255532973  -412.354890866  -412.237695050
   451.500  -412.434756135  -412.358610706  -412.257506876  -412.358610706  -412.237719410
   452.000  -412.435405998  -412.360214868  -412.257564486  -412.360214868  -412.237722430
   452.500  -412.433900543  -412.359679675  -412.255680698  -412.359679675  -412.237685982
   453.000  -412.430793847  -412.357551133  -412.252401592  -412.357551133  -412.237614490
   453.500  -412.427113154  -412.354849388  -412.248751052  -412.354849388  -412.237548913
   454.000  -412.423784716  -412.352488317  -412.245647920  -412.352488317  -412.237535276
   454.500  -412.421027175  -412.350660544  -412.243296410  -412.350660544  -412.237569831
   455.000  -412.418396358  -412.348881372  -412.241229874  -412.348881372  -412.237605440
   455.500  -412.415424693  -412.346630627  -412.238960581  -412.346630627  -412.237606584
   456.000  -412.412106721  -412.343849700  -412.236461985  -412.343849700  -412.237581744
   456.500  -412.408806527  -412.340859092  -412.234073949  -412.340859092  -412.237557985
   457.000  -412.405885633  -412.337995494  -412.232125293  -412.337995494  -412.237548633
   457.500  -412.403516564  -412.335425535  -412.230750715  -412.335425535  -412.237545661
   458.000  -412.401783344  -412.333243634  -412.229994460  -412.333243634  -412.237537544
   458.500  -412.400845151  -412.331628878  -412.229978379  -412.331628878  -412.237522025
   459.000  -412.400966578  -412.330871573  -412.230936525  -412.330871573  -412.237505953
   459.500  -412.402413393  -412.331267044  -412.233115249  -412.331267044  -412.237498280
   460.000  -412.405310654  -412.332973718  -412.236633353  -412.332973718  -412.237505556
   460.500  -412.409538759  -412.335908182  -412.241376187  -412.335908182  -412.237530025
   461.000  -412.414698593  -412.339708883  -412.246956105  -412.339708883  -412.237568360
   461.500  -412.420167058  -412.343789164  -412.252762052  -412.343789164  -412.237609934
   462.000  -412.425260936  -412.347498396  -412.258118070  -412.347498396  -412.237638465
   462.500  -412.429477291  -412.350359796  -412.262520319  -412.350359796  -412.237641285
   463.000  -412.432675571  -412.352252466  -412.265820522  -412.352252466  -412.237622078
   463.500  -412.435028462  -412.353366730  -412.268184120  -412.353366730  -412.237601681
   464.000  -412.436739740  -412.353928810  -412.269820144  -412.353928810  -412.237599478
   464.500  -412.437783026  -412.353941132  -412.270728831  -412.353941132  -412.237615266
   465.000  -412.437880454  -412.353165209  -412.270682718  -412.353165209  -412.237636771
   465.500  -412.436664605  -412.351281396  -412.269380941  -412.351281396  -412.237651631
   466.000  -412.433852246  -412.348063894  -412.266612391  -412.348063894  -412.237652019
   466.500  -412.429377298  -412.343508359  -412.262377269  -412.343508359  -412.237633625
   467.000  -412.423467119  -412.337901753  -412.256954777  -412.337901753  -412.237598567
   467.500  -412.416622176  -412.331792646  -412.250876444  -412.331792646  -412.237555656
   468.000  -412.409492247  -412.325858121  -412.244799436  -412.325858121  -412.237516194
   468.500  -412.402707636  -412.320728122  -412.239338454  -412.320728122  -412.237489231
   469.000  -412.396738504  -412.316840914  -412.234928832  -412.316840914  -412.237479324
   469.500  -412.391820042  -412.314367403  -412.231756320  -412.314367403  -412.237487020
   470.000  -412.387940258  -412.313201071  -412.229747932  -412.313201071  -412.237510281
   470.500  -412.384874172  -412.312996450  -412.228608328  -412.312996450  -412.237543506
   471.000  -412.382267759  -412.313261470  -412.227901133  -412.313261470  -412.237576601
   471.500  -412.379794040  -412.313522942  -412.227206176  -412.313522942  -412.237593067
   472.000  -412.377384159  -412.313569720  -412.226350487  -412.313569720  -412.237577368
   472.500  -412.375432502  -412.313668607  -412.225624690  -412.313668607  -412.237529127
   473.000  -412.374760818  -412.314538596  -412.225759982  -412.314538596  -412.237477034
   473.500  -412.376185346  -412.316923325  -412.227513118  -412.316923325  -412.237464000
   474.000  -412.379908930  -412.320983979  -412.231065868  -412.320983979  -412.237508448
   474.500  -412.385276239  -412.326049190  -412.235777265  -412.326049190  -412.237583971
   475.000  -412.391149728  -412.330984487  -412.240543795  -412.330984487  -412.237646033
   475.500  -412.396548745  -412.334828027  -412.244419405  -412.334828027  -412.237668743
   476.000  -412.401044060  -412.337186656  -412.246996791  -412.337186656  -412.237653755
   476.500  -412.404758988  -412.338240721  -412.248406302  -412.338240721  -412.237616778
   477.000  -412.408139835  -412.338519336  -412.249091492  -412.338519336  -412.237575368
   477.500  -412.411691747  -412.338635560  -412.249557624  -412.338635560  -412.237542351
   478.000  -412.415781682  -412.339084001  -412.250186861  -412.339084001  -412.237524526
   478.500  -412.420533824  -412.340126927  -412.251139901  -412.340126927  -412.237524028
   479.000  -412.425806334  -412.341758724  -412.252334966  -412.341758724  -412.237539135
   479.500  -412.431226868  -412.343730403  -412.253478760  -412.343730403  -412.237566316
   480.000  -412.436263048  -412.345611420  -412.254132816  -412.345611420  -412.237600067
   480.500  -412.440318798  -412.346883435  -412.253806565  -412.346883435  -412.237631771
   481.000  -412.442862096  -412.347075097  -412.252081557  -412.347075097  -412.237650194
   481.500  -412.443585239  -412.345935088  -412.248769749  -412.345935088  -412.237642874
   482.000  -412.442572200  -412.343599862  -412.244050147  -412.343599862  -412.237606697
   482.500  -412.440381622  -412.340614482  -412.238482277  -412.340614482  -412.237562645
   483.000  -412.437935970  -412.337615580  -412.232777048  -412.337615580  -412.237553472
   483.500  -412.436097594  -412.334959767  -412.227493857  -412.334959767  -412.237533514
   484.000  -412.435087140  -412.332871726  -412.222976326  -412.332871726  -412.237550303
   484.500  -412.434390591  -412.331115877  -412.219028558  -412.331115877  -412.237592242
   485.000  -412.433218337  -412.329121504  -412.215157969  -412.329121504  -412.237622279
   485.500  -412.431053636  -412.326505547  -412.211074820  -412.326505547  -412.237614874
   486.000  -412.427958211  -412.323411854  -412.206999773  -412.323411854  -412.237574513
   486.500  -412.424506658  -412.320466834  -412.203617204  -412.320466834  -412.237520032
   487.000  -412.421488275  -412.318499512  -412.201805466  -412.318499512  -412.237475056
   487.500  -412.419594626  -412.318215650  -412.202347923  -412.318215650  -412.237451520
   488.000  -412.419192104  -412.319984278  -412.205712073  -412.319984278  -412.237454698
   488.500  -412.420234900  -412.323752924  -412.211922602  -412.323752924  -412.237482043
   489.000  -412.422296460  -412.329092926  -412.220541701  -412.329092926  -412.237523350
   489.500  -412.424697417  -412.335341292  -412.230748905  -412.335341292  -412.237568466
   490.000  -412.426669301  -412.341762327  -412.241510461  -412.341762327  -412.237610048
   490.500  -412.427488036  -412.347661790  -412.251739512  -412.347661790  -412.237647888
   491.000  -412.426517036  -412.352399239  -412.260374350  -412.352399239  -412.237686669
   491.500  -412.423199527  -412.355345888  -412.266405183  -412.355345888  -412.237723312
   492.000  -412.417154215  -412.355957798  -412.269006471  -412.355957798  -412.237738442
   492.500  -412.408457186  -412.354061459  -412.267861335  -412.354061459  -412.237711729
   493.000  -412.397871882  -412.350118997  -412.263440709  -412.350118997  -412.237652609
   493.500  -412.386621065  -412.345056113  -412.256824638  -412.345056113  -412.237603425
   494.000  -412.375718787  -412.339645716  -412.249068737  -412.339645716  -412.237595356
   494.500  -412.365495554  -412.334060303  -412.240728363  -412.334060303  -412.237612741
   495.000  -412.355806042  -412.328077266  -412.232017866  -412.328077266  -412.237616475
   495.500  -412.346610220  -412.321635831  -412.223310323  -412.321635831  -412.237586690
   496.000  -412.338310327  -412.315144534  -412.215379577  -412.315144534  -412.237534728
   496.500  -412.331646174  -412.309349608  -412.209223317  -412.309349608  -412.237483542
   497.000  -412.327374154  -412.304998090  -412.205690838  -412.304998090  -412.237453064
   497.500  -412.325986058  -412.302546325  -412.205200379  -412.302546325  -412.237449247
   498.000  -412.327600576  -412.302053865  -412.207648552  -412.302053865  -412.237467512
   498.500  -412.332028974  -412.303258241  -412.212533766  -412.303258241  -412.237492589
   499.000  -412.338959662  -412.305785648  -412.219195600  -412.305785648  -412.237511548
   499.500  -412.348130456  -412.309353617  -412.227071417  -412.309353617  -412.237518475
   500.000  -412.359348638  -412.313831410  -412.235777149  -412.313831410  -412.237526896
