     0.000  -412.470614616  -412.294132829  -412.240262958  -412.240262958  -412.206763137
     0.500  -412.482181210  -412.305353970  -412.251606345  -412.251606345  -412.207232611
     1.000  -412.502587188  -412.325550742  -412.272906721  -412.272906721  -412.208011719
     1.500  -412.519751121  -412.342501741  -412.292125776  -412.292125776  -412.208331055
     2.000  -412.527626944  -412.350312211  -412.303069587  -412.303069587  -412.208228661
     2.500  -412.526615802  -412.349670648  -412.305978033  -412.305978033  -412.208085576
     3.000  -412.518486773  -412.342576031  -412.302494672  -412.302494672  -412.208094779
     3.500  -412.503562165  -412.329487848  -412.292833974  -412.292833974  -412.208149181
     4.000  -412.482376306  -412.310979748  -412.277425173  -412.277425173  -412.207866095
     4.500  -412.460826931  -412.292895417  -412.262055188  -412.262055188  -412.207087804
     5.000  -412.450863775  -412.287079497  -412.258558475  -412.258558475  -412.206708241
     5.500  -412.457824891  -412.298794531  -412.272162111  -412.272162111  -412.207379201
     6.000  -412.472276895  -412.318587550  -412.293333128  -412.293333128  -412.208140017
     6.500  -412.482227342  -412.334453549  -412.309985609  -412.309985609  -412.208384043
     7.000  -412.482576382  -412.341216915  -412.316923158  -412.316923158  -412.208404720
     7.500  -412.472350244  -412.337732489  -412.313068876  -412.313068876  -412.208465107
     8.000  -412.451163869  -412.323348344  -412.297936046  -412.297936046  -412.208451830
     8.500  -412.420786468  -412.299477418  -412.273209851  -412.273209851  -412.207981823
     9.000  -412.390029631  -412.274514588  -412.247645101  -412.247645101  -412.207006027
     9.500  -412.373950047  -412.263125849  -412.236242440  -412.236242440  -412.206477377
    10.000  -412.380255244  -412.272771898  -412.246598883  -412.246598883  -412.207099230
    10.500  -412.400191593  -412.294666615  -412.269787193  -412.269787193  -412.208015758
    11.000  -412.419598153  -412.314787790  -412.291492337  -412.291492337  -412.208409656
    11.500  -412.430940208  -412.325815111  -412.304119728  -412.304119728  -412.208391771
    12.000  -412.433097700  -412.326850586  -412.306585260  -412.306585260  -412.208315153
    12.500  -412.426755866  -412.318767723  -412.299670055  -412.299670055  -412.208280329
    13.000  -412.413003934  -412.302785615  -412.284576677  -412.284576677  -412.208048597
    13.500  -412.396516325  -412.283638261  -412.266082382  -412.266082382  -412.207366663
    14.000  -412.387928831  -412.271973120  -412.254909177  -412.254909177  -412.206773126
    14.500  -412.395543586  -412.276134116  -412.259441332  -412.259441332  -412.207103796
    15.000  -412.414666827  -412.291566314  -412.275074310  -412.275074310  -412.207818132
    15.500  -412.434358668  -412.307548321  -412.290960501  -412.290960501  -412.208123080
    16.000  -412.448617267  -412.318299203  -412.301179258  -412.301179258  -412.208123698
    16.500  -412.456247410  -412.322785541  -412.304603752  -412.304603752  -412.208146834
    17.000  -412.456587462  -412.320427411  -412.300643612  -412.300643612  -412.208258488
    17.500  -412.448522372  -412.310115444  -412.288288485  -412.288288485  -412.208229518
    18.000  -412.433659233  -412.293383912  -412.269308148  -412.269308148  -412.207769006
    18.500  -412.419749980  -412.277820641  -412.251656156  -412.251656156  -412.207129346
    19.000  -412.416440938  -412.272787870  -412.245141400  -412.245141400  -412.207007292
    19.500  -412.425958073  -412.280178659  -412.252014430  -412.252014430  -412.207363931
    20.000  -412.443052343  -412.294614574  -412.266890762  -412.266890762  -412.207779867
    20.500  -412.460718941  -412.309294158  -412.282578769  -412.282578769  -412.208135456
    21.000  -412.472730500  -412.318309916  -412.292750617  -412.292750617  -412.208372978
    21.500  -412.474842518  -412.317662723  -412.293170105  -412.293170105  -412.208449334
    22.000  -412.465828453  -412.306234965  -412.282671619  -412.282671619  -412.208257469
    22.500  -412.449277419  -412.287618802  -412.264897699  -412.264897699  -412.207627905
    23.000  -412.435147439  -412.271714183  -412.249828110  -412.249828110  -412.206913777
    23.500  -412.433730531  -412.268770197  -412.247751778  -412.247751778  -412.206956378
    24.000  -412.444560446  -412.278348453  -412.258200139  -412.258200139  -412.207565717
    24.500  -412.458739798  -412.291649511  -412.272297189  -412.272297189  -412.207910271
    25.000  -412.470114436  -412.302633358  -412.283942666  -412.283942666  -412.207899731
    25.500  -412.477667498  -412.310373311  -412.292197930  -412.292197930  -412.207846416
    26.000  -412.481610056  -412.315138317  -412.297368228  -412.297368228  -412.207924769
    26.500  -412.480817683  -412.315832494  -412.298442618  -412.298442618  -412.208077627
    27.000  -412.473711770  -412.310879185  -412.293979928  -412.293979928  -412.208034912
    27.500  -412.462044867  -412.302003950  -412.285887637  -412.285887637  -412.207592053
    28.000  -412.452956040  -412.296292362  -412.281418421  -412.281418421  -412.207220338
    28.500  -412.452012049  -412.299235094  -412.286100003  -412.286100003  -412.207530734
    29.000  -412.455559003  -412.307078462  -412.296011616  -412.296011616  -412.207981975
    29.500  -412.457362199  -412.313466334  -412.304500943  -412.304500943  -412.208028292
    30.000  -412.455958496  -412.316820985  -412.309699820  -412.309699820  -412.208032252
    30.500  -412.450748727  -412.316479563  -412.310739079  -412.310739079  -412.208265934
    31.000  -412.438590741  -412.309287129  -412.304393123  -412.304393123  -412.208385918
    31.500  -412.418428947  -412.294158396  -412.289670546  -412.289670546  -412.207956456
    32.000  -412.396989303  -412.277738683  -412.273370845  -412.273370845  -412.207218660
    32.500  -412.384678411  -412.270325244  -412.265885379  -412.265885379  -412.207087601
    33.000  -412.383391530  -412.273692430  -412.269024102  -412.269024102  -412.207598746
    33.500  -412.385883207  -412.280471458  -412.275424666  -412.275424666  -412.207928262
    34.000  -412.386571285  -412.284948059  -412.279373846  -412.279373846  -412.207880551
    34.500  -412.385217239  -412.286736670  -412.280512418  -412.280512418  -412.207748294
    35.000  -412.383329821  -412.287198398  -412.280272202  -412.280272202  -412.207737191
    35.500  -412.381106543  -412.286404431  -412.278847515  -412.278847515  -412.207848455
    36.000  -412.377391578  -412.283114272  -412.275177524  -412.275177524  -412.207882256
    36.500  -412.372619895  -412.277729533  -412.269900309  -412.269900309  -412.207548909
    37.000  -412.372407061  -412.275913642  -412.268908079  -412.268908079  -412.207021245
    37.500  -412.384204736  -412.285340715  -412.279852894  -412.279852894  -412.207144312
    38.000  -412.406314724  -412.305019627  -412.300784671  -412.305019627  -412.208013501
    38.500  -412.427554872  -412.324901704  -412.318631023  -412.324901704  -412.208871726
    39.000  -412.437696348  -412.335148375  -412.323896599  -412.335148375  -412.209071577
    39.500  -412.434073332  -412.332104753  -412.314942228  -412.332104753  -412.208913053
    40.000  -412.419312636  -412.318301761  -412.294695716  -412.318301761  -412.208565122
    40.500  -412.399272177  -412.300121789  -412.269605742  -412.300121789  -412.208009945
    41.000  -412.383605324  -412.286637736  -412.248643512  -412.286637736  -412.207424758
    41.500  -412.380427522  -412.286294575  -412.240519085  -412.286294575  -412.207441484
    42.000  -412.389178891  -412.298577020  -412.244875119  -412.298577020  -412.208124671
    42.500  -412.399657269  -412.313264306  -412.251726917  -412.313264306  -412.208592494
    43.000  -412.403775831  -412.322216311  -412.253146565  -412.322216311  -412.208543453
    43.500  -412.400793902  -412.324628404  -412.248456358  -412.324628404  -412.208308645
    44.000  -412.393374286  -412.323108909  -412.240292247  -412.323108909  -412.208166641
    44.500  -412.383416965  -412.319527251  -412.230476562  -412.319527251  -412.208192223
    45.000  -412.370770561  -412.313730041  -412.218768132  -412.313730041  -412.208302107
    45.500  -412.354540370  -412.304836920  -412.204199698  -412.304836920  -412.208245461
    46.000  -412.336755935  -412.294878622  -412.188754508  -412.294878622  -412.207769575
    46.500  -412.325225487  -412.291610346  -412.180203242  -412.291610346  -412.207226716
    47.000  -412.327805155  -412.302731018  -412.186322242  -412.302731018  -412.207436698
    47.500  -412.341819280  -412.325161689  -412.204211789  -412.341819280  -412.208223943
    48.000  -412.358414267  -412.347195059  -412.224045649  -412.358414267  -412.208504113
    48.500  -412.371414530  -412.356894993  -412.236741168  -412.371414530  -412.209081294
    49.000  -412.373749622  -412.351993162  -412.237274188  -412.373749622  -412.209322925
    49.500  -412.362372570  -412.332814694  -412.224010109  -412.362372570  -412.209160208
    50.000  -412.341071229  -412.303948083  -412.200911621  -412.341071229  -412.208416185
    50.500  -412.321774026  -412.277500392  -412.179810579  -412.321774026  -412.207582941
    51.000  -412.316711235  -412.265698590  -412.172834687  -412.316711235  -412.207569750
    51.500  -412.326293768  -412.268844986  -412.180351073  -412.326293768  -412.208196619
    52.000  -412.341141026  -412.277287163  -412.192839760  -412.341141026  -412.208741503
    52.500  -412.352346918  -412.282366409  -412.201666176  -412.352346918  -412.208864771
    53.000  -412.356658045  -412.280650863  -412.203678376  -412.356658045  -412.208768963
    53.500  -412.354640598  -412.272436383  -412.199235801  -412.354640598  -412.208681393
    54.000  -412.347298973  -412.258606614  -412.189207097  -412.347298973  -412.208690510
    54.500  -412.334825988  -412.239334005  -412.173692033  -412.334825988  -412.208678847
    55.000  -412.318354131  -412.215809380  -412.153765810  -412.318354131  -412.208372292
    55.500  -412.303486791  -412.193751751  -412.135022133  -412.303486791  -412.207769349
    56.000  -412.299290881  -412.182347604  -412.126627781  -412.299290881  -412.207555822
    56.500  -412.310208316  -412.180663382  -412.142350841  -412.310208316  -412.209566479
    57.000  -412.325467855  -412.192117458  -412.158642389  -412.325467855  -412.210126410
    57.500  -412.337318317  -412.202057344  -412.171132471  -412.337318317  -412.210317489
    58.000  -412.341963624  -412.205914200  -412.176057833  -412.341963624  -412.210296152
    58.500  -412.339471228  -412.203333705  -412.173540040  -412.339471228  -412.210169715
    59.000  -412.332377702  -412.196570928  -412.166144411  -412.332377702  -412.209818584
    59.500  -412.326685914  -412.191419493  -412.159872281  -412.326685914  -412.209368812
    60.000  -412.329064597  -412.194394940  -412.161372536  -412.329064597  -412.209460012
    60.500  -412.338308102  -412.204187140  -412.169408145  -412.338308102  -412.210104030
    61.000  -412.345508199  -412.211828953  -412.175035736  -412.345508199  -412.210438909
    61.500  -412.345498813  -412.212141356  -412.173068394  -412.345498813  -412.210143700
    62.000  -412.341798604  -412.208667329  -412.167039062  -412.341798604  -412.209695179
    62.500  -412.340324074  -412.207366235  -412.162925627  -412.340324074  -412.209644771
    63.000  -412.341717125  -412.208922309  -412.161475485  -412.341717125  -412.209989828
    63.500  -412.341130555  -412.208519666  -412.157974919  -412.341130555  -412.210329524
    64.000  -412.333847906  -412.201464315  -412.147853125  -412.333847906  -412.210325817
    64.500  -412.320503533  -412.188410801  -412.131886824  -412.320503533  -412.209829836
    65.000  -412.308876167  -412.177161969  -412.117974903  -412.308876167  -412.209187470
    65.500  -412.308143849  -412.176924324  -412.115370177  -412.308143849  -412.209189501
    66.000  -412.318199811  -412.187622595  -412.123982635  -412.318199811  -412.209816197
    66.500  -412.329813565  -412.200058518  -412.134541264  -412.329813565  -412.210344586
    67.000  -412.334392972  -412.205667191  -412.138364828  -412.334392972  -412.210558247
    67.500  -412.328156406  -412.200675775  -412.131544322  -412.328156406  -412.210546285
    68.000  -412.311714553  -412.185666790  -412.114534443  -412.311714553  -412.210184794
    68.500  -412.291540598  -412.167036956  -412.093639005  -412.291540598  -412.209407897
    69.000  -412.279588706  -412.156622636  -412.080637381  -412.279588706  -412.208868254
    69.500  -412.284958972  -412.161774108  -412.084476480  -412.284958972  -412.210645382
    70.000  -412.299514128  -412.177595236  -412.101395270  -412.299514128  -412.211382958
    70.500  -412.313387729  -412.192478996  -412.117350548  -412.313387729  -412.211795906
    71.000  -412.319500193  -412.199368426  -412.125281932  -412.319500193  -412.211828930
    71.500  -412.316817911  -412.197265259  -412.124179829  -412.316817911  -412.211593383
    72.000  -412.308885612  -412.189727940  -412.117604176  -412.308885612  -412.211208903
    72.500  -412.301544932  -412.182584616  -412.111406339  -412.301544932  -412.210981603
    73.000  -412.298324460  -412.179334618  -412.109121449  -412.298324460  -412.211172681
    73.500  -412.297153416  -412.177885755  -412.108681204  -412.297153416  -412.211448924
    74.000  -412.295035040  -412.175241686  -412.107079629  -412.295035040  -412.211234236
    74.500  -412.295385620  -412.174847504  -412.107723674  -412.295385620  -412.210747745
    75.000  -412.304576699  -412.183124317  -412.116991275  -412.304576699  -412.210828892
    75.500  -412.321054114  -412.198589059  -412.133364911  -412.321054114  -412.211405715
    76.000  -412.336040399  -412.212549206  -412.148137361  -412.336040399  -412.211817527
    76.500  -412.342528635  -412.218091626  -412.154401389  -412.342528635  -412.211940742
    77.000  -412.338189639  -412.212977927  -412.149939000  -412.338189639  -412.211841781
    77.500  -412.325049312  -412.199314157  -412.136864004  -412.325049312  -412.211374370
    78.000  -412.310879903  -412.184938970  -412.122974715  -412.310879903  -412.210657654
    78.500  -412.306236251  -412.180453791  -412.118785728  -412.306236251  -412.210462363
    79.000  -412.313987462  -412.188746784  -412.127120687  -412.313987462  -412.210942558
    79.500  -412.327334243  -412.203023004  -412.141201471  -412.327334243  -412.211331168
    80.000  -412.339760368  -412.216769922  -412.154602759  -412.339760368  -412.211384579
    80.500  -412.349335739  -412.228050138  -412.165498866  -412.349335739  -412.211367421
    81.000  -412.355677469  -412.236445270  -412.173568229  -412.355677469  -412.211454631
    81.500  -412.357359233  -412.240464019  -412.177383063  -412.357359233  -412.211650388
    82.000  -412.351788373  -412.237441892  -412.174293644  -412.351788373  -412.211839449
    82.500  -412.337079968  -412.225442371  -412.162328533  -412.337079968  -412.211761125
    83.000  -412.315907738  -412.207122369  -412.144062061  -412.315907738  -412.211147385
    83.500  -412.298658071  -412.192873498  -412.129776626  -412.298658071  -412.210279062
    84.000  -412.298250232  -412.195605243  -412.132285224  -412.298250232  -412.210164675
    84.500  -412.316186968  -412.216781180  -412.153046820  -412.316186968  -412.211067887
    85.000  -412.339254457  -412.243139933  -412.179084485  -412.339254457  -412.211970099
    85.500  -412.353365994  -412.260426246  -412.196751067  -412.353365994  -412.212209967
    86.000  -412.353044059  -412.262898010  -412.199523589  -412.353044059  -412.212129896
    86.500  -412.339338772  -412.251566776  -412.188202207  -412.339338772  -412.211728472
    87.000  -412.319073964  -412.233226212  -412.169609625  -412.319073964  -412.210950288
    87.500  -412.304307711  -412.219938067  -412.155718742  -412.304307711  -412.210352129
    88.000  -412.303673854  -412.220361856  -412.155119220  -412.303673854  -412.210633426
    88.500  -412.313351207  -412.230733364  -412.164100913  -412.313351207  -412.211235410
    89.000  -412.324203965  -412.242014984  -412.173721672  -412.324203965  -412.211413047
    89.500  -412.332348852  -412.250419053  -412.180247002  -412.332348852  -412.211260648
    90.000  -412.338971255  -412.257177362  -412.184947003  -412.338971255  -412.211116828
    90.500  -412.345710523  -412.263907392  -412.189484727  -412.345710523  -412.211148855
    91.000  -412.352003283  -412.269964665  -412.193271190  -412.352003283  -412.211362526
    91.500  -412.354906149  -412.272298849  -412.193315205  -412.354906149  -412.211652972
    92.000  -412.350812474  -412.267213900  -412.185972236  -412.350812474  -412.211772194
    92.500  -412.339246210  -412.254195536  -412.170769690  -412.339246210  -412.211403211
    93.000  -412.326870129  -412.239938611  -412.154437198  -412.326870129  -412.210692246
    93.500  -412.323971000  -412.235059876  -412.148618904  -412.323971000  -412.210047611
    94.000  -412.334792773  -412.243638638  -412.155531182  -412.334792773  -412.210565998
    94.500  -412.351305678  -412.257897264  -412.168424869  -412.351305678  -412.211266465
    95.000  -412.362477898  -412.266961650  -412.176660624  -412.362477898  -412.211767323
    95.500  -412.360218349  -412.263984043  -412.173915573  -412.360218349  -412.211278457
    96.000  -412.346049327  -412.249049509  -412.159728434  -412.346049327  -412.210755901
    96.500  -412.328793775  -412.230857516  -412.143808198  -412.328793775  -412.209862472
    97.000  -412.321003596  -412.221007733  -412.137658189  -412.321003596  -412.209685086
    97.500  -412.325277205  -412.221978726  -412.143091465  -412.325277205  -412.210258004
    98.000  -412.333472206  -412.226247356  -412.152231544  -412.333472206  -412.210669791
    98.500  -412.338718132  -412.227498641  -412.158485027  -412.338718132  -412.210649938
    99.000  -412.340234662  -412.225445915  -412.161126028  -412.340234662  -412.210453186
    99.500  -412.340355250  -412.222886989  -412.162299456  -412.340355250  -412.210290453
   100.000  -412.346653502  -412.226547102  -412.168309551  -412.346653502  -412.216120248
   100.500  -412.347419564  -412.229971297  -412.177595832  -412.347419564  -412.216269889
   101.000  -412.346924615  -412.233204022  -412.185458108  -412.346924615  -412.216430498
   101.500  -412.343649649  -412.234344772  -412.190185935  -412.343649649  -412.216312058
   102.000  -412.340257292  -412.235723945  -412.194294864  -412.340257292  -412.215884985
   102.500  -412.343142665  -412.243462884  -412.204059823  -412.343142665  -412.215777794
   103.000  -412.353753810  -412.258792294  -412.220824124  -412.353753810  -412.216325341
   103.500  -412.364434888  -412.273883492  -412.236836046  -412.364434888  -412.216859222
   104.000  -412.367169984  -412.280581989  -412.243994374  -412.367169984  -412.216912770
   104.500  -412.360595848  -412.277409326  -412.240867573  -412.360595848  -412.216664594
   105.000  -412.348312896  -412.267864959  -412.231014731  -412.348312896  -412.216329141
   105.500  -412.335908295  -412.257447891  -412.220024847  -412.335908295  -412.215887552
   106.000  -412.330174250  -412.252893242  -412.214749469  -412.330174250  -412.215626444
   106.500  -412.334530151  -412.257625191  -412.218713110  -412.334530151  -412.215979308
   107.000  -412.343842602  -412.266587409  -412.226890185  -412.343842602  -412.216493246
   107.500  -412.350259040  -412.272045019  -412.231499963  -412.350259040  -412.216619762
   108.000  -412.350900393  -412.271229322  -412.229691753  -412.350900393  -412.216461472
   108.500  -412.347302549  -412.265745409  -412.222999795  -412.347302549  -412.216282091
   109.000  -412.341841951  -412.257979956  -412.213813872  -412.341841951  -412.216195575
   109.500  -412.333497198  -412.246910056  -412.210145216  -412.333497198  -412.213859085
   110.000  -412.327735170  -412.239416452  -412.201174664  -412.327735170  -412.213913207
   110.500  -412.323140730  -412.231345570  -412.191220079  -412.323140730  -412.213739633
   111.000  -412.323334996  -412.226045618  -412.184327824  -412.323334996  -412.213298178
   111.500  -412.335227377  -412.230447241  -412.187775970  -412.335227377  -412.213098666
   112.000  -412.361548241  -412.247560776  -412.204698655  -412.361548241  -412.213628934
   112.500  -412.394651851  -412.270206130  -412.227836051  -412.394651851  -412.214372410
   113.000  -412.423204322  -412.287686458  -412.246164493  -412.423204322  -412.214788737
   113.500  -412.440186353  -412.293792987  -412.252825127  -412.440186353  -412.214915204
   114.000  -412.443568285  -412.287424966  -412.245734511  -412.443568285  -412.214759417
   114.500  -412.436471037  -412.272581123  -412.227827297  -412.436471037  -412.214115247
   115.000  -412.429060101  -412.260056137  -412.209185696  -412.429060101  -412.213277055
   115.500  -412.433118732  -412.262510256  -412.201578158  -412.433118732  -412.213332174
   116.000  -412.448245251  -412.280549800  -412.207600430  -412.448245251  -412.213728452
   116.500  -412.465109664  -412.298907308  -412.219814553  -412.465109664  -412.214318108
   117.000  -412.475176342  -412.310620915  -412.227198703  -412.475176342  -412.214372224
   117.500  -412.476786548  -412.314468202  -412.227847497  -412.476786548  -412.214196259
   118.000  -412.472063742  -412.312624185  -412.223654494  -412.472063742  -412.214033996
   118.500  -412.462881956  -412.306734712  -412.216197563  -412.462881956  -412.214047373
   119.000  -412.449235925  -412.296817793  -412.205307364  -412.449235925  -412.214108294
   119.500  -412.430945661  -412.282557678  -412.190505100  -412.430945661  -412.213961110
   120.000  -412.411236218  -412.267045528  -412.174758475  -412.411236218  -412.213416740
   120.500  -412.398617037  -412.258683600  -412.166380283  -412.398617037  -412.212907778
   121.000  -412.400271777  -412.264565841  -412.172398157  -412.400271777  -412.213104251
   121.500  -412.413367514  -412.281688203  -412.189662625  -412.413367514  -412.213563939
   122.000  -412.428889995  -412.300322646  -412.210691429  -412.428889995  -412.214770293
   122.500  -412.437314440  -412.313577110  -412.225945229  -412.437314440  -412.214978583
   123.000  -412.436349648  -412.317298226  -412.231433555  -412.436349648  -412.215017731
   123.500  -412.425928690  -412.311389655  -412.227185224  -412.425928690  -412.214714318
   124.000  -412.411555821  -412.301339036  -412.218816598  -412.411555821  -412.214042218
   124.500  -412.403360165  -412.297264102  -412.216526580  -412.403360165  -412.213749904
   125.000  -412.405492952  -412.303301981  -412.224452649  -412.405492952  -412.214335026
   125.500  -412.409980347  -412.311437981  -412.234513264  -412.409980347  -412.214942045
   126.000  -412.407859352  -412.312623551  -412.237563218  -412.407859352  -412.214862187
   126.500  -412.399476349  -412.307095160  -412.233738082  -412.399476349  -412.214321075
   127.000  -412.391868472  -412.301818386  -412.229915731  -412.391868472  -412.213992773
   127.500  -412.389364810  -412.301149827  -412.230401776  -412.389364810  -412.214260167
   128.000  -412.388333267  -412.301583989  -412.231687962  -412.388333267  -412.214759073
   128.500  -412.381964321  -412.296470355  -412.227158214  -412.381964321  -412.214914410
   129.000  -412.368417973  -412.284094999  -412.215147278  -412.368417973  -412.214504142
   129.500  -412.353906604  -412.270736952  -412.201989607  -412.353906604  -412.213903605
   130.000  -412.346924835  -412.264912486  -412.196257252  -412.346924835  -412.213831448
   130.500  -412.348531031  -412.267678478  -412.199060073  -412.348531031  -412.214246560
   131.000  -412.352667104  -412.272967322  -412.204374501  -412.352667104  -412.214555074
   131.500  -412.354063468  -412.275494390  -412.206950733  -412.354063468  -412.214658317
   132.000  -412.350485129  -412.273002183  -412.204558696  -412.350485129  -412.214731120
   132.500  -412.340961593  -412.264484855  -412.196220458  -412.340961593  -412.214682820
   133.000  -412.327090704  -412.251489833  -412.183523355  -412.327090704  -412.214229246
   133.500  -412.316226141  -412.241315568  -412.173818267  -412.316226141  -412.213599229
   134.000  -412.317310173  -412.242866539  -412.176053620  -412.317310173  -412.213630050
   134.500  -412.329890544  -412.255688270  -412.189780177  -412.329890544  -412.214271949
   135.000  -412.344671697  -412.270523787  -412.205693041  -412.344671697  -412.214730115
   135.500  -412.354083132  -412.279868141  -412.216201288  -412.354083132  -412.214847284
   136.000  -412.355613457  -412.281276540  -412.218761945  -412.355613457  -412.214844947
   136.500  -412.349397264  -412.274930222  -412.213463437  -412.349397264  -412.214746292
   137.000  -412.337751230  -412.263165511  -412.202560088  -412.337751230  -412.214425477
   137.500  -412.326304973  -412.251605305  -412.191608707  -412.326304973  -412.214030814
   138.000  -412.321418431  -412.246579273  -412.186899808  -412.321418431  -412.213942119
   138.500  -412.325179290  -412.250126086  -412.190471103  -412.325179290  -412.214046478
   139.000  -412.336343762  -412.260944438  -412.201053571  -412.336343762  -412.214156772
   139.500  -412.352372325  -412.276438322  -412.216097444  -412.352372325  -412.214503254
   140.000  -412.367361757  -412.290649657  -412.229689533  -412.367361757  -412.214897762
   140.500  -412.374764540  -412.296969712  -412.235263997  -412.374764540  -412.215009432
   141.000  -412.372030584  -412.292772669  -412.230242244  -412.372030584  -412.214917174
   141.500  -412.360172781  -412.278983125  -412.215602294  -412.360172781  -412.214759288
   142.000  -412.342150807  -412.258472296  -412.194269463  -412.342150807  -412.214411559
   142.500  -412.324278185  -412.237483223  -412.172528625  -412.324278185  -412.213778865
   143.000  -412.316349321  -412.225773279  -412.160147590  -412.316349321  -412.213423367
   143.500  -412.323425823  -412.228409684  -412.162156942  -412.323425823  -412.213844086
   144.000  -412.339550421  -412.239481795  -412.172574362  -412.339550421  -412.214413689
   144.500  -412.355824591  -412.250147313  -412.182518875  -412.355824591  -412.214573132
   145.000  -412.368658332  -412.256697706  -412.188563354  -412.368658332  -412.214463596
   145.500  -412.377066329  -412.250765538  -412.210035940  -412.377066329  -412.213196442
   146.000  -412.383341190  -412.250911954  -412.209192627  -412.383341190  -412.213364070
   146.500  -412.384010822  -412.245760832  -412.202317706  -412.384010822  -412.213642870
   147.000  -412.375984954  -412.232415361  -412.186295762  -412.375984954  -412.213713247
   147.500  -412.360081563  -412.212018205  -412.161776942  -412.360081563  -412.213144736
   148.000  -412.346456168  -412.195914777  -412.137550634  -412.346456168  -412.211988169
   148.500  -412.348642685  -412.200017882  -412.130238932  -412.348642685  -412.211184427
   149.000  -412.371013367  -412.221134378  -412.148473615  -412.371013367  -412.212090644
   149.500  -412.400793211  -412.250225334  -412.174505041  -412.400793211  -412.213128293
   150.000  -412.421652621  -412.271253638  -412.192455313  -412.421652621  -412.213554430
   150.500  -412.425612195  -412.276268357  -412.194960157  -412.425612195  -412.213489593
   151.000  -412.412742272  -412.265273903  -412.182361027  -412.412742272  -412.213154190
   151.500  -412.388317943  -412.243403631  -412.159617061  -412.388317943  -412.212512945
   152.000  -412.362577280  -412.220686493  -412.136400837  -412.362577280  -412.211704109
   152.500  -412.347533821  -412.208918042  -412.124289696  -412.347533821  -412.211426718
   153.000  -412.347240998  -412.211986936  -412.127073719  -412.347240998  -412.211912310
   153.500  -412.354865426  -412.222967080  -412.137749159  -412.354865426  -412.212426064
   154.000  -412.362294878  -412.233701325  -412.148092617  -412.362294878  -412.212559246
   154.500  -412.366501686  -412.241136184  -412.154998603  -412.366501686  -412.212504831
   155.000  -412.367615085  -412.245372932  -412.158550271  -412.367615085  -412.212493689
   155.500  -412.365732112  -412.246477210  -412.158810530  -412.365732112  -412.212554122
   156.000  -412.360506432  -412.244070205  -412.155410441  -412.360506432  -412.212500928
   156.500  -412.353699704  -412.239887571  -412.150087148  -412.353699704  -412.212144830
   157.000  -412.351172415  -412.239774479  -412.148666580  -412.351172415  -412.211814326
   157.500  -412.357716594  -412.248532386  -412.155835310  -412.357716594  -412.212131606
   158.000  -412.369137835  -412.262026388  -412.167171568  -412.369137835  -412.212750015
   158.500  -412.376813066  -412.271727782  -412.174149049  -412.376813066  -412.212914707
   159.000  -412.378412509  -412.274922600  -412.176425509  -412.378412509  -412.212492920
   159.500  -412.378850281  -412.276277665  -412.178340320  -412.378850281  -412.212355553
   160.000  -412.379832907  -412.277607177  -412.180379367  -412.379832907  -412.212771938
   160.500  -412.376067002  -412.273634974  -412.176987864  -412.376067002  -412.213059064
   161.000  -412.364349782  -412.261118191  -412.165027176  -412.364349782  -412.212590060
   161.500  -412.351798314  -412.247111858  -412.151730293  -412.351798314  -412.211784859
   162.000  -412.349486373  -412.242646904  -412.148263821  -412.349486373  -412.211715906
   162.500  -412.358322581  -412.248644293  -412.155622739  -412.358322581  -412.212264605
   163.000  -412.370172966  -412.257044242  -412.165773760  -412.370172966  -412.212593107
   163.500  -412.379075118  -412.261996235  -412.172863194  -412.379075118  -412.212600045
   164.000  -412.383834181  -412.262425174  -412.175790634  -412.383834181  -412.212553250
   164.500  -412.384731776  -412.258725566  -412.174900449  -412.384731776  -412.212572204
   165.000  -412.382158611  -412.251367585  -412.170292703  -412.382158611  -412.212836688
   165.500  -412.376943707  -412.241404671  -412.163072797  -412.376943707  -412.212502956
   166.000  -412.375222647  -412.235003819  -412.159084953  -412.375222647  -412.211930370
   166.500  -412.385479509  -412.240783316  -412.166667404  -412.385479509  -412.211820062
   167.000  -412.409180950  -412.260365530  -412.187158374  -412.409180950  -412.212438107
   167.500  -412.437413018  -412.285003547  -412.211559516  -412.437413018  -412.213100462
   168.000  -412.459827928  -412.304497475  -412.229533526  -412.459827928  -412.213429539
   168.500  -412.470722820  -412.313231064  -412.235539561  -412.470722820  -412.213540063
   169.000  -412.468347002  -412.309448323  -412.228150799  -412.468347002  -412.213466460
   169.500  -412.454538974  -412.294878956  -412.209626990  -412.454538974  -412.213056915
   170.000  -412.436797963  -412.276185355  -412.187840677  -412.436797963  -412.212366149
   170.500  -412.430200621  -412.253973018  -412.191672258  -412.430200621  -412.215309709
   171.000  -412.435567497  -412.260374368  -412.196233903  -412.435567497  -412.215757837
   171.500  -412.450366060  -412.276701634  -412.210033646  -412.450366060  -412.216569684
   172.000  -412.460476107  -412.292509182  -412.221377894  -412.460476107  -412.215671132
   172.500  -412.462430349  -412.297155050  -412.225155166  -412.462430349  -412.215524105
   173.000  -412.456226180  -412.294047026  -412.220481087  -412.456226180  -412.215375572
   173.500  -412.443635164  -412.284990481  -412.209066499  -412.443635164  -412.215378029
   174.000  -412.425043079  -412.270295939  -412.191265002  -412.425043079  -412.215379045
   174.500  -412.401531537  -412.250942769  -412.168151513  -412.401531537  -412.215063479
   175.000  -412.378932534  -412.232658641  -412.145575785  -412.378932534  -412.214417068
   175.500  -412.366978791  -412.225089999  -412.133277830  -412.366978791  -412.214152966
   176.000  -412.369452346  -412.231984345  -412.134913431  -412.369452346  -412.214613155
   176.500  -412.380167578  -412.253482943  -412.143088258  -412.380167578  -412.215884096
   177.000  -412.388840078  -412.266076516  -412.154986619  -412.388840078  -412.215938749
   177.500  -412.392708662  -412.273295910  -412.161854003  -412.392708662  -412.215991638
   178.000  -412.390206256  -412.273841700  -412.162386441  -412.390206256  -412.216114420
   178.500  -412.379776464  -412.266131374  -412.155066255  -412.379776464  -412.216200702
   179.000  -412.361255053  -412.249963100  -412.139725690  -412.361255053  -412.215889036
   179.500  -412.340544036  -412.231197167  -412.122207593  -412.340544036  -412.215100992
   180.000  -412.329530990  -412.221692277  -412.114302948  -412.329530990  -412.214611546
   180.500  -412.335191213  -412.228417192  -412.122892073  -412.335191213  -412.215024903
   181.000  -412.351633480  -412.245491582  -412.142030821  -412.351633480  -412.215791086
   181.500  -412.367230021  -412.261301860  -412.160097565  -412.367230021  -412.216239968
   182.000  -412.374371133  -412.268242019  -412.169525368  -412.374371133  -412.216288897
   182.500  -412.371433982  -412.264675452  -412.168741546  -412.371433982  -412.216171816
   183.000  -412.359911716  -412.252070141  -412.159285055  -412.359911716  -412.216020613
   183.500  -412.342687807  -412.233285213  -412.144085313  -412.342687807  -412.215686155
   184.000  -412.325808417  -412.214357408  -412.129227828  -412.325808417  -412.215067356
   184.500  -412.318721865  -412.204748309  -412.124169196  -412.318721865  -412.214745984
   185.000  -412.325859649  -412.208926333  -412.133275348  -412.325859649  -412.215222731
   185.500  -412.340402778  -412.220123176  -412.149584064  -412.340402778  -412.215832000
   186.000  -412.352847819  -412.228887939  -412.163414775  -412.352847819  -412.216009791
   186.500  -412.359339078  -412.231406783  -412.170758229  -412.359339078  -412.215936283
   187.000  -412.360163048  -412.227987685  -412.171802426  -412.360163048  -412.215887987
   187.500  -412.356008323  -412.219314029  -412.167202221  -412.356008323  -412.215890622
   188.000  -412.347534971  -412.206014962  -412.157657323  -412.347534971  -412.215731539
   188.500  -412.338154969  -412.191460688  -412.146696865  -412.338154969  -412.215274264
   189.000  -412.335088601  -412.182842291  -412.141725604  -412.335088601  -412.214996000
   189.500  -412.342404573  -412.184227264  -412.147040459  -412.342404573  -412.215428341
   190.000  -412.354463500  -412.190021583  -412.157243501  -412.354463500  -412.215990231
   190.500  -412.363546235  -412.192641633  -412.164820028  -412.363546235  -412.215952600
   191.000  -412.369784013  -412.192503580  -412.169958459  -412.369784013  -412.215557022
   191.500  -412.378201420  -412.195137393  -412.177444442  -412.378201420  -412.215540972
   192.000  -412.388862968  -412.201419539  -412.186715307  -412.388862968  -412.216014351
   192.500  -412.395431260  -412.205817188  -412.190768588  -412.395431260  -412.216285415
   193.000  -412.394889264  -412.205331369  -412.186089228  -412.394889264  -412.216163213
   193.500  -412.392966443  -412.204340703  -412.180805653  -412.392966443  -412.215454038
   194.000  -412.399588341  -412.212515889  -412.184557230  -412.399588341  -412.215413376
   194.500  -412.415153128  -412.230075893  -412.197897634  -412.415153128  -412.215960722
   195.000  -412.431518206  -412.248860786  -412.212704657  -412.431518206  -412.216356927
   195.500  -412.441924608  -412.262173942  -412.222176148  -412.441924608  -412.216452787
   196.000  -412.444069673  -412.267809422  -412.223913591  -412.444069673  -412.216452317
   196.500  -412.436674441  -412.268071781  -412.217465462  -412.436674441  -412.215446560
   197.000  -412.422828312  -412.258185015  -412.208382752  -412.422828312  -412.215254505
   197.500  -412.405812021  -412.245028845  -412.195718241  -412.405812021  -412.214725086
   198.000  -412.394063621  -412.236938716  -412.187915653  -412.394063621  -412.214266113
   198.500  -412.394276461  -412.240456137  -412.191628259  -412.394276461  -412.214483517
   199.000  -412.403490415  -412.252498857  -412.203809056  -412.403490415  -412.215094107
   199.500  -412.412704947  -412.263974526  -412.215301966  -412.412704947  -412.215498318
   200.000  -412.415335471  -412.268201162  -412.219310991  -412.415335471  -412.215618625
   200.500  -412.409352888  -412.263017118  -412.213557939  -412.409352888  -412.215528936
   201.000  -412.396582216  -412.250088561  -412.199618685  -412.396582216  -412.215196259
   201.500  -412.382580768  -412.234840492  -412.182862105  -412.382580768  -412.214790316
   202.000  -412.373741409  -412.223634450  -412.169633006  -412.373741409  -412.214660331
   202.500  -412.372647137  -412.219161984  -412.162659634  -412.372647137  -412.214722671
   203.000  -412.378595437  -412.220939617  -412.161594296  -412.378595437  -412.214847792
   203.500  -412.389034292  -412.226678389  -412.164578487  -412.389034292  -412.215164225
   204.000  -412.398683113  -412.231237475  -412.168008331  -412.398683113  -412.215396471
   204.500  -412.404485893  -412.225038915  -412.174386272  -412.404485893  -412.216740350
   205.000  -412.401703798  -412.214621262  -412.173241986  -412.401703798  -412.216664494
   205.500  -412.391165501  -412.198811012  -412.165740145  -412.391165501  -412.216618443
   206.000  -412.373920428  -412.177923082  -412.152050336  -412.373920428  -412.216436147
   206.500  -412.353564316  -412.155238577  -412.135560732  -412.353564316  -412.215934729
   207.000  -412.338093721  -412.138650422  -412.124023384  -412.338093721  -412.215421836
   207.500  -412.334991491  -412.135670263  -412.124558067  -412.334991491  -412.215486001
   208.000  -412.343440662  -412.145518239  -412.136031765  -412.343440662  -412.215949341
   208.500  -412.356564394  -412.160995206  -412.151688378  -412.356564394  -412.216230190
   209.000  -412.369403636  -412.176509651  -412.167057069  -412.369403636  -412.216257272
   209.500  -412.380689178  -412.190321924  -412.181239374  -412.380689178  -412.216259905
   210.000  -412.389953643  -412.201764118  -412.193906782  -412.389953643  -412.216382361
   210.500  -412.395439692  -412.209056562  -412.203281404  -412.395439692  -412.216584354
   211.000  -412.394710593  -412.209900272  -412.206731271  -412.394710593  -412.216639055
   211.500  -412.387884018  -412.205496128  -412.203188840  -412.387884018  -412.216293516
   212.000  -412.380783066  -412.202679871  -412.197283180  -412.380783066  -412.215693161
   212.500  -412.382431178  -412.208798145  -412.199418490  -412.382431178  -412.215413313
   213.000  -412.397034237  -412.227634096  -412.213847687  -412.397034237  -412.215750971
   213.500  -412.419661121  -412.254147919  -412.235448873  -412.419661121  -412.216405509
   214.000  -412.440304112  -412.278334059  -412.254118725  -412.440304112  -412.216895656
   214.500  -412.450884701  -412.292151173  -412.261808781  -412.450884701  -412.217049596
   215.000  -412.448429253  -412.292635020  -412.255637600  -412.448429253  -412.216904294
   215.500  -412.435064823  -412.281883924  -412.237819105  -412.435064823  -412.216445091
   216.000  -412.417857289  -412.266980298  -412.215438084  -412.417857289  -412.215822626
   216.500  -412.405861265  -412.257523989  -412.197170086  -412.405861265  -412.215585767
   217.000  -412.402214139  -412.261085266  -412.185015303  -412.402214139  -412.215218122
   217.500  -412.404722954  -412.263909890  -412.183448648  -412.404722954  -412.215573854
   218.000  -412.407774008  -412.266102887  -412.182425048  -412.407774008  -412.215649553
   218.500  -412.409572240  -412.266380874  -412.180034798  -412.409572240  -412.215609961
   219.000  -412.410242371  -412.264989251  -412.176675959  -412.410242371  -412.215633465
   219.500  -412.409395948  -412.261546566  -412.172514920  -412.409395948  -412.215733923
   220.000  -412.405971725  -412.254971016  -412.167298986  -412.405971725  -412.215730107
   220.500  -412.400753988  -412.246249154  -412.162269989  -412.400753988  -412.215422590
   221.000  -412.398434327  -412.240562924  -412.161284089  -412.398434327  -412.215139861
   221.500  -412.402828293  -412.241874274  -412.167177395  -412.402828293  -412.215453526
   222.000  -412.409860266  -412.245960423  -412.175428605  -412.409860266  -412.216016518
   222.500  -412.412169475  -412.245326588  -412.178367966  -412.412169475  -412.216054415
   223.000  -412.409234800  -412.239387455  -412.175196594  -412.409234800  -412.215605932
   223.500  -412.407015697  -412.234124237  -412.171713145  -412.407015697  -412.215389200
   224.000  -412.408367002  -412.232486750  -412.170791452  -412.408367002  -412.215738176
   224.500  -412.408676245  -412.230020014  -412.168029805  -412.408676245  -412.216092352
   225.000  -412.403198528  -412.222196589  -412.158883606  -412.403198528  -412.215887643
   225.500  -412.397424764  -412.225297003  -412.145410293  -412.397424764  -412.218514076
   226.000  -412.391212373  -412.217133549  -412.140424539  -412.391212373  -412.218380332
   226.500  -412.389407466  -412.213807907  -412.140260867  -412.389407466  -412.218621054
   227.000  -412.388471863  -412.211897906  -412.141314558  -412.388471863  -412.218783722
   227.500  -412.385518763  -412.208618636  -412.140608596  -412.385518763  -412.218743539
   228.000  -412.380522655  -412.204012537  -412.138045907  -412.380522655  -412.218667256
   228.500  -412.374305679  -412.198921513  -412.134416209  -412.374305679  -412.218689342
   229.000  -412.366670507  -412.193117983  -412.129537438  -412.366670507  -412.218783512
   229.500  -412.356879755  -412.185785959  -412.122722224  -412.356879755  -412.218726227
   230.000  -412.346856026  -412.178735369  -412.115951082  -412.346856026  -412.218274186
   230.500  -412.343827259  -412.179062039  -412.116478457  -412.343827259  -412.217791015
   231.000  -412.354469822  -412.193308953  -412.130940097  -412.354469822  -412.218093082
   231.500  -412.374414536  -412.216982475  -412.154841517  -412.374414536  -412.218940850
   232.000  -412.391318820  -412.237630126  -412.175653658  -412.391318820  -412.219515674
   232.500  -412.396065567  -412.246036616  -412.184056111  -412.396065567  -412.219665065
   233.000  -412.386228031  -412.239684535  -412.177431185  -412.386228031  -412.219484821
   233.500  -412.365278377  -412.221954851  -412.159075060  -412.365278377  -412.218930133
   234.000  -412.342647233  -412.202182182  -412.138256960  -412.342647233  -412.218133540
   234.500  -412.330928039  -412.192871144  -412.127445021  -412.330928039  -412.217634225
   235.000  -412.337737580  -412.201589234  -412.134204468  -412.337737580  -412.217901209
   235.500  -412.359054737  -412.224333619  -412.154551681  -412.359054737  -412.218688011
   236.000  -412.382813146  -412.249106088  -412.176522814  -412.382813146  -412.219249889
   236.500  -412.399454168  -412.266390548  -412.190689189  -412.399454168  -412.219292427
   237.000  -412.406892753  -412.273924451  -412.195123212  -412.406892753  -412.219034801
   237.500  -412.409254469  -412.270842546  -412.196042176  -412.409254469  -412.220481587
   238.000  -412.405549215  -412.266232871  -412.192210959  -412.405549215  -412.220399370
   238.500  -412.398262455  -412.258068084  -412.184135845  -412.398262455  -412.220469459
   239.000  -412.387116110  -412.245616776  -412.171409811  -412.387116110  -412.220465989
   239.500  -412.373502549  -412.230087678  -412.155414033  -412.373502549  -412.220067542
   240.000  -412.364546258  -412.218480311  -412.143369531  -412.364546258  -412.219387294
   240.500  -412.370310453  -412.220794972  -412.145501311  -412.370310453  -412.219314313
   241.000  -412.391732311  -412.237995372  -412.162926034  -412.391732311  -412.220054558
   241.500  -412.418003515  -412.259411968  -412.185020335  -412.418003515  -412.220740939
   242.000  -412.438005803  -412.274149116  -412.200878342  -412.438005803  -412.221031918
   242.500  -412.446300603  -412.277022274  -412.205289491  -412.446300603  -412.221101095
   243.000  -412.441674323  -412.267050680  -412.197234073  -412.441674323  -412.220963014
   243.500  -412.426763796  -412.247049256  -412.179466679  -412.426763796  -412.220530435
   244.000  -412.408541749  -412.224098971  -412.158990913  -412.408541749  -412.220024648
   244.500  -412.394910536  -412.206163722  -412.143665174  -412.394910536  -412.219752765
   245.000  -412.390388228  -412.197811337  -412.137916214  -412.390388228  -412.219694059
   245.500  -412.395662038  -412.199830809  -412.142324465  -412.395662038  -412.219904247
   246.000  -412.407145801  -412.208853280  -412.153207937  -412.407145801  -412.220327495
   246.500  -412.418206548  -412.218636652  -412.163833946  -412.418206548  -412.220642465
   247.000  -412.422462272  -412.225848484  -412.167488078  -412.422462272  -412.220921744
   247.500  -412.417960399  -412.230443952  -412.165605609  -412.417960399  -412.219609511
   248.000  -412.409726063  -412.224356306  -412.163348855  -412.409726063  -412.219662787
   248.500  -412.395643703  -412.213702814  -412.156139813  -412.395643703  -412.219619163
   249.000  -412.377625408  -412.200401580  -412.145778187  -412.377625408  -412.219148111
   249.500  -412.363673991  -412.192221895  -412.140081597  -412.363673991  -412.218431257
   250.000  -412.364068614  -412.199140576  -412.149092973  -412.364068614  -412.218461369
   250.500  -412.378283095  -412.220340351  -412.172013739  -412.378283095  -412.219281137
   251.000  -412.394504548  -412.243757015  -412.196751934  -412.394504548  -412.219884580
   251.500  -412.402904808  -412.259359230  -412.213256625  -412.402904808  -412.219995492
   252.000  -412.400863710  -412.264355559  -412.218763021  -412.400863710  -412.219822364
   252.500  -412.390779857  -412.260981701  -412.215585171  -412.390779857  -412.219439375
   253.000  -412.378433913  -412.254846445  -412.209437603  -412.378433913  -412.219034993
   253.500  -412.369627946  -412.251581001  -412.206036390  -412.369627946  -412.219067398
   254.000  -412.364179543  -412.250867207  -412.205082181  -412.364179543  -412.219496931
   254.500  -412.356751158  -412.247288160  -412.201100523  -412.356751158  -412.219649677
   255.000  -412.345753460  -412.239209847  -412.192343336  -412.345753460  -412.219223213
   255.500  -412.337438414  -412.232848833  -412.184905605  -412.337438414  -412.218685816
   256.000  -412.339295048  -412.235660775  -412.186175524  -412.339295048  -412.218702434
   256.500  -412.350954802  -412.247261878  -412.195805456  -412.350954802  -412.219242080
   257.000  -412.364411963  -412.259662186  -412.205924673  -412.364411963  -412.219779714
   257.500  -412.371345883  -412.264588881  -412.208395242  -412.371345883  -412.220000025
   258.000  -412.368415556  -412.258772572  -412.200054239  -412.368415556  -412.219734726
   258.500  -412.359940354  -412.246615117  -412.185379173  -412.359940354  -412.218984408
   259.000  -412.356766203  -412.239047554  -412.175357916  -412.356766203  -412.218485741
   259.500  -412.365619225  -412.242882939  -412.176838549  -412.365619225  -412.218922168
   260.000  -412.380459500  -412.252178428  -412.183881386  -412.380459500  -412.219624220
   260.500  -412.390856014  -412.256626008  -412.186159910  -412.390856014  -412.219896558
   261.000  -412.392033164  -412.251609584  -412.179038872  -412.392033164  -412.219774378
   261.500  -412.385590455  -412.238927737  -412.164310588  -412.385590455  -412.219377198
   262.000  -412.377731956  -412.225021866  -412.148426653  -412.377731956  -412.218834715
   262.500  -412.376552577  -412.218245436  -412.139765698  -412.376552577  -412.218579200
   263.000  -412.385721616  -412.222509051  -412.142260411  -412.385721616  -412.218874953
   263.500  -412.401009368  -412.233763811  -412.151836306  -412.401009368  -412.219331363
   264.000  -412.415410562  -412.245090879  -412.161492871  -412.415410562  -412.219572995
   264.500  -412.424714104  -412.252318560  -412.166952095  -412.424714104  -412.219612348
   265.000  -412.427964115  -412.254502605  -412.167146426  -412.427964115  -412.219537903
   265.500  -412.426358254  -412.252787586  -412.163144378  -412.426358254  -412.219335822
   266.000  -412.423122214  -412.250288746  -412.158067205  -412.423122214  -412.219066110
   266.500  -412.422211228  -412.250825475  -412.155809376  -412.422211228  -412.219043015
   267.000  -412.424061202  -412.254720238  -412.156790742  -412.424061202  -412.219416345
   267.500  -412.424201914  -412.257388390  -412.156304788  -412.424201914  -412.219726292
   268.000  -412.419726967  -412.255829617  -412.152072337  -412.419726967  -412.219393320
   268.500  -412.415370948  -412.254664353  -412.148802191  -412.415370948  -412.218965908
   269.000  -412.416682729  -412.259287857  -412.152002981  -412.416682729  -412.219205828
   269.500  -412.420193370  -412.266092677  -412.158157303  -412.420193370  -412.219747913
   270.000  -412.417847939  -412.266903142  -412.159109833  -412.417847939  -412.219940117
   270.500  -412.406230113  -412.258187655  -412.151271900  -412.406230113  -412.219696282
   271.000  -412.388693309  -412.243173351  -412.137757047  -412.388693309  -412.219165217
   271.500  -412.373041211  -412.229522930  -412.126092464  -412.373041211  -412.218676552
   272.000  -412.366305547  -412.224124686  -412.123053244  -412.366305547  -412.218636242
   272.500  -412.369153642  -412.227510207  -412.129130218  -412.369153642  -412.218955876
   273.000  -412.376980227  -412.234847249  -412.139677178  -412.376980227  -412.219201135
   273.500  -412.386904503  -412.235760669  -412.156336805  -412.386904503  -412.220727494
   274.000  -412.394428247  -412.242344498  -412.166192633  -412.394428247  -412.220708307
   274.500  -412.401072920  -412.247971298  -412.174569433  -412.401072920  -412.220737659
   275.000  -412.406257256  -412.252029227  -412.180983896  -412.406257256  -412.220859672
   275.500  -412.408250547  -412.252759675  -412.183759190  -412.408250547  -412.221040474
   276.000  -412.404725401  -412.247805241  -412.180605138  -412.404725401  -412.221163559
   276.500  -412.394528705  -412.236009918  -412.170409688  -412.394528705  -412.221065058
   277.000  -412.379976292  -412.219744503  -412.155553998  -412.379976292  -412.220677987
   277.500  -412.367534934  -412.205575948  -412.142638678  -412.367534934  -412.220193164
   278.000  -412.364558176  -412.200985088  -412.139197478  -412.364558176  -412.220096176
   278.500  -412.372144461  -412.207188061  -412.146479577  -412.372144461  -412.220706748
   279.000  -412.381328288  -412.215325462  -412.155544038  -412.381328288  -412.221473948
   279.500  -412.380796386  -412.214316605  -412.154922842  -412.380796386  -412.221705226
   280.000  -412.367147161  -412.201694199  -412.140755405  -412.367147161  -412.221064069
   280.500  -412.347534338  -412.181948045  -412.121059365  -412.347534338  -412.220336453
   281.000  -412.332266640  -412.166413142  -412.105558351  -412.332266640  -412.219991162
   281.500  -412.326359093  -412.160134238  -412.099186229  -412.326359093  -412.220210192
   282.000  -412.327209813  -412.157444473  -412.101271082  -412.327209813  -412.220922475
   282.500  -412.329504307  -412.159260842  -412.102930064  -412.329504307  -412.220948281
   283.000  -412.332648856  -412.162157917  -412.104868629  -412.332648856  -412.220820673
   283.500  -412.338088686  -412.167523506  -412.108474198  -412.338088686  -412.220699981
   284.000  -412.347426013  -412.176919755  -412.115315254  -412.347426013  -412.220663792
   284.500  -412.361131499  -412.190782051  -412.125873489  -412.361131499  -412.220733886
   285.000  -412.378122019  -412.208004881  -412.139134777  -412.378122019  -412.220911507
   285.500  -412.395740041  -412.225924208  -412.152595459  -412.395740041  -412.221172225
   286.000  -412.410191491  -412.240762813  -412.162711018  -412.410191491  -412.221426974
   286.500  -412.417954403  -412.249054906  -412.166257937  -412.417954403  -412.221492698
   287.000  -412.418390922  -412.250280903  -412.162801447  -412.418390922  -412.221209585
   287.500  -412.415649462  -412.248830547  -412.156389813  -412.415649462  -412.220772066
   288.000  -412.412826163  -412.261127707  -412.168822129  -412.412826163  -412.218662599
   288.500  -412.413863824  -412.263719207  -412.172981301  -412.413863824  -412.219157868
   289.000  -412.410628412  -412.262134204  -412.172399889  -412.410628412  -412.219436863
   289.500  -412.399515730  -412.252697601  -412.163457202  -412.399515730  -412.219124866
   290.000  -412.384777979  -412.239604007  -412.150367290  -412.384777979  -412.218644386
   290.500  -412.372968317  -412.229380178  -412.139638761  -412.372968317  -412.218551973
   291.000  -412.365550263  -412.223494695  -412.132710510  -412.365550263  -412.218737988
   291.500  -412.359990370  -412.219429064  -412.127052931  -412.359990370  -412.218811262
   292.000  -412.354976666  -412.215865731  -412.121371097  -412.354976666  -412.218702865
   292.500  -412.351785795  -412.214031779  -412.116955522  -412.351785795  -412.218541340
   293.000  -412.352648472  -412.216056353  -412.116047254  -412.352648472  -412.218423920
   293.500  -412.359262011  -412.223462171  -412.120377744  -412.359262011  -412.218374659
   294.000  -412.375545614  -412.231301572  -412.143287599  -412.375545614  -412.221741153
   294.500  -412.394037335  -412.250141519  -412.160880049  -412.394037335  -412.221900495
   295.000  -412.415015375  -412.271089355  -412.180368066  -412.415015375  -412.222168245
   295.500  -412.433385301  -412.281984186  -412.213114536  -412.433385301  -412.221773140
   296.000  -412.446072009  -412.293698190  -412.226725886  -412.446072009  -412.221894148
   296.500  -412.451203099  -412.297342352  -412.232951578  -412.451203099  -412.221630139
   297.000  -412.452528683  -412.296668348  -412.235634508  -412.452528683  -412.221299661
   297.500  -412.454276138  -412.295963576  -412.238978828  -412.454276138  -412.221521568
   298.000  -412.453606150  -412.292515560  -412.239981408  -412.453606150  -412.222025842
   298.500  -412.444147990  -412.280119555  -412.232039413  -412.444147990  -412.222052194
   299.000  -412.425748802  -412.258790223  -412.214815907  -412.425748802  -412.221579304
   299.500  -412.404923898  -412.235193008  -412.194732498  -412.404923898  -412.221206008
   300.000  -412.386928376  -412.214714154  -412.176997768  -412.386928376  -412.221217828
   300.500  -412.371743932  -412.197453627  -412.161521242  -412.371743932  -412.221315142
   301.000  -412.357805987  -412.181957517  -412.146602251  -412.357805987  -412.221259142
   301.500  -412.345515109  -412.168748643  -412.132463028  -412.345515109  -412.221106987
   302.000  -412.336245325  -412.162302186  -412.119526410  -412.336245325  -412.220395032
   302.500  -412.332870694  -412.159038580  -412.113185984  -412.332870694  -412.220358564
   303.000  -412.335313804  -412.162052368  -412.113244293  -412.335313804  -412.220389898
   303.500  -412.343112093  -412.170819618  -412.119766279  -412.343112093  -412.220460932
   304.000  -412.355094309  -412.184109534  -412.131167589  -412.355094309  -412.220590412
   304.500  -412.369231988  -412.199814234  -412.144734627  -412.369231988  -412.220791639
   305.000  -412.382525589  -412.214836897  -412.156930545  -412.382525589  -412.221045080
   305.500  -412.391438737  -412.225546654  -412.163936930  -412.391438737  -412.221242031
   306.000  -412.393657205  -412.229562155  -412.163496247  -412.393657205  -412.221160345
   306.500  -412.391104225  -412.228787040  -412.157941403  -412.391104225  -412.220744161
   307.000  -412.390015177  -412.229495076  -412.154081432  -412.390015177  -412.220515962
   307.500  -412.393824925  -412.235251104  -412.155650333  -412.393824925  -412.220813077
   308.000  -412.395703680  -412.253419355  -412.163925334  -412.395703680  -412.218013750
   308.500  -412.397930043  -412.257768138  -412.170487641  -412.397930043  -412.218014881
   309.000  -412.396769450  -412.258629546  -412.173592999  -412.396769450  -412.218046030
   309.500  -412.391171847  -412.254902531  -412.172058076  -412.391171847  -412.218077380
   310.000  -412.380202713  -412.245602609  -412.164822385  -412.380202713  -412.217955363
   310.500  -412.365136536  -412.231969049  -412.153075808  -412.365136536  -412.217730322
   311.000  -412.348971766  -412.216985986  -412.139782081  -412.348971766  -412.217516390
   311.500  -412.334800689  -412.203753984  -412.128036396  -412.334800689  -412.217368400
   312.000  -412.324870798  -412.194548543  -412.120102972  -412.324870798  -412.217290348
   312.500  -412.320406866  -412.190636726  -412.117216170  -412.320406866  -412.217271317
   313.000  -412.321713442  -412.192373420  -412.119676741  -412.321713442  -412.217305373
   313.500  -412.328247291  -412.199268964  -412.126936641  -412.328247291  -412.217397533
   314.000  -412.338559358  -412.209928483  -412.137566607  -412.338559358  -412.217561512
   314.500  -412.350146074  -412.221900154  -412.149130398  -412.350146074  -412.217806943
   315.000  -412.359422146  -412.231637386  -412.158154976  -412.359422146  -412.218105482
   315.500  -412.362355913  -412.235112796  -412.160726571  -412.362355913  -412.218321664
   316.000  -412.356718962  -412.230039225  -412.154677902  -412.356718962  -412.218163762
   316.500  -412.346190014  -412.219953995  -412.143621821  -412.346190014  -412.217442484
   317.000  -412.342034470  -412.215919915  -412.138644293  -412.342034470  -412.216723559
   317.500  -412.354436513  -412.227929571  -412.149736562  -412.354436513  -412.216967037
   318.000  -412.379995659  -412.252484814  -412.173400426  -412.379995659  -412.217917092
   318.500  -412.404974243  -412.275873790  -412.195896894  -412.404974243  -412.218567880
   319.000  -412.418912591  -412.287753750  -412.206808615  -412.418912591  -412.218595697
   319.500  -412.420142984  -412.286605372  -412.204516183  -412.420142984  -412.218278044
   320.000  -412.412563878  -412.276461600  -412.192987565  -412.412563878  -412.217916401
   320.500  -412.401270980  -412.262552814  -412.177452776  -412.401270980  -412.217649242
   321.000  -412.390316473  -412.249177983  -412.162216277  -412.390316473  -412.217478030
   321.500  -412.382311508  -412.238708054  -412.150723252  -412.382311508  -412.217310116
   322.000  -412.379129109  -412.233656670  -412.143501513  -412.379129109  -412.217283894
   322.500  -412.381412759  -412.234084900  -412.141862219  -412.381412759  -412.217294403
   323.000  -412.389002777  -412.239699811  -412.145927388  -412.389002777  -412.217356743
   323.500  -412.400900412  -412.249391038  -412.154817573  -412.400900412  -412.217488455
   324.000  -412.415038538  -412.261022357  -412.166441564  -412.415038538  -412.217710818
   324.500  -412.428055378  -412.271227182  -412.177319907  -412.428055378  -412.218025871
   325.000  -412.433284519  -412.276668930  -412.184124995  -412.433284519  -412.216966397
   325.500  -412.432311619  -412.258109537  -412.202900108  -412.432311619  -412.218816117
   326.000  -412.419808444  -412.242068861  -412.191124444  -412.419808444  -412.218602559
   326.500  -412.400924258  -412.219504791  -412.173010843  -412.400924258  -412.217911652
   327.000  -412.386950163  -412.201693224  -412.159969618  -412.386950163  -412.217051813
   327.500  -412.390099949  -412.200916501  -412.164371086  -412.390099949  -412.217050744
   328.000  -412.409721822  -412.216684131  -412.185640430  -412.409721822  -412.218150177
   328.500  -412.430191277  -412.233570844  -412.208102902  -412.430191277  -412.218995369
   329.000  -412.438340844  -412.238581785  -412.218497586  -412.438340844  -412.218991005
   329.500  -412.432689018  -412.230360244  -412.215267350  -412.432689018  -412.218573683
   330.000  -412.418469870  -412.214233492  -412.203573682  -412.418469870  -412.218152958
   330.500  -412.401649477  -412.196256195  -412.189279316  -412.401649477  -412.217862506
   331.000  -412.386576445  -412.180879884  -412.176581222  -412.386576445  -412.217699612
   331.500  -412.375775399  -412.170742964  -412.167806574  -412.375775399  -412.217632678
   332.000  -412.370322072  -412.166962253  -412.163880201  -412.370322072  -412.217638042
   332.500  -412.370176912  -412.169476067  -412.164660177  -412.370176912  -412.217705714
   333.000  -412.374366561  -412.177303817  -412.169036907  -412.374366561  -412.217827467
   333.500  -412.381157798  -412.188490650  -412.175295995  -412.381157798  -412.217985546
   334.000  -412.388434429  -412.200850234  -412.181300112  -412.388434429  -412.218110535
   334.500  -412.394750450  -412.213046270  -412.185521161  -412.394750450  -412.218133787
   335.000  -412.400103307  -412.225673391  -412.187620112  -412.400103307  -412.218256740
   335.500  -412.402345963  -412.239965295  -412.190371198  -412.402345963  -412.217167633
   336.000  -412.400924890  -412.243211034  -412.194320211  -412.400924890  -412.217808265
   336.500  -412.388806644  -412.235417847  -412.186357089  -412.388806644  -412.217634577
   337.000  -412.369839607  -412.220344269  -412.170493540  -412.369839607  -412.216526855
   337.500  -412.359595215  -412.213360879  -412.162163499  -412.359595215  -412.215955473
   338.000  -412.366257615  -412.222517944  -412.169419600  -412.366257615  -412.216545353
   338.500  -412.381990126  -412.239937089  -412.184436674  -412.381990126  -412.217237115
   339.000  -412.395832187  -412.254717399  -412.196421225  -412.395832187  -412.217502668
   339.500  -412.402401114  -412.261594562  -412.200234118  -412.402401114  -412.217400573
   340.000  -412.401967324  -412.260970996  -412.196345554  -412.401967324  -412.217127842
   340.500  -412.397766476  -412.256215573  -412.188056257  -412.397766476  -412.216859152
   341.000  -412.393365641  -412.251027899  -412.178881232  -412.393365641  -412.216684133
   341.500  -412.391160024  -412.247908437  -412.171237992  -412.391160024  -412.216632644
   342.000  -412.391879925  -412.247384724  -412.166420280  -412.391879925  -412.216670482
   342.500  -412.395013378  -412.248549708  -412.164401666  -412.395013378  -412.216732221
   343.000  -412.399820088  -412.250606717  -412.164298951  -412.399820088  -412.216723717
   343.500  -412.406737845  -412.254118193  -412.166390327  -412.406737845  -412.216576808
   344.000  -412.418064315  -412.261536536  -412.172957060  -412.418064315  -412.216456710
   344.500  -412.435378183  -412.274644000  -412.185630702  -412.435378183  -412.216688178
   345.000  -412.454945004  -412.292593106  -412.199540678  -412.454945004  -412.217000601
   345.500  -412.468742050  -412.302362969  -412.209434286  -412.468742050  -412.217610572
   346.000  -412.467867486  -412.297753085  -412.205320174  -412.467867486  -412.217827960
   346.500  -412.450201119  -412.276651041  -412.185308563  -412.450201119  -412.217280060
   347.000  -412.424853020  -412.248265119  -412.158476018  -412.424853020  -412.216305134
   347.500  -412.404336642  -412.227870064  -412.142924770  -412.404336642  -412.214466538
   348.000  -412.395771971  -412.217916818  -412.138416542  -412.395771971  -412.214906456
   348.500  -412.391921161  -412.213315557  -412.139289942  -412.391921161  -412.215041291
   349.000  -412.389358724  -412.210730997  -412.142010470  -412.389358724  -412.214999425
   349.500  -412.387255708  -412.209418411  -412.145619008  -412.387255708  -412.215048986
   350.000  -412.384090028  -412.207904043  -412.148450743  -412.384090028  -412.215088569
   350.500  -412.378614450  -412.204922091  -412.149098090  -412.378614450  -412.215056616
   351.000  -412.370745924  -412.200293292  -412.147304505  -412.370745924  -412.215011312
   351.500  -412.360917907  -412.194300733  -412.143327420  -412.360917907  -412.214976191
   352.000  -412.349808810  -412.187447586  -412.137670175  -412.349808810  -412.214871780
   352.500  -412.339407343  -412.181546400  -412.132145226  -412.339407343  -412.214604491
   353.000  -412.334009878  -412.180730574  -412.130871986  -412.334009878  -412.214298107
   353.500  -412.338111115  -412.189357368  -412.138183340  -412.338111115  -412.214285358
   354.000  -412.351849220  -412.207465986  -412.154098381  -412.351849220  -412.214614292
   354.500  -412.370367651  -412.230142720  -412.173705404  -412.370367651  -412.214979860
   355.000  -412.387929492  -412.251621911  -412.191273217  -412.387929492  -412.215226186
   355.500  -412.400448948  -412.267796598  -412.202763644  -412.400448948  -412.215422873
   356.000  -412.404973111  -412.275686407  -412.205296445  -412.404973111  -412.215575866
   356.500  -412.399823921  -412.273578068  -412.197283630  -412.399823921  -412.215473313
   357.000  -412.387347515  -412.263780661  -412.181171882  -412.387347515  -412.214987836
   357.500  -412.374851731  -412.253568909  -412.164361200  -412.374851731  -412.214636733
   358.000  -412.367570666  -412.248147621  -412.152139004  -412.367570666  -412.214866490
   358.500  -412.363287510  -412.245270897  -412.142291726  -412.363287510  -412.215077370
   359.000  -412.359379356  -412.242288904  -412.132201008  -412.359379356  -412.214928577
   359.500  -412.357242035  -412.240581051  -412.123368320  -412.357242035  -412.214893086
   360.000  -412.356734539  -412.240007999  -412.115932858  -412.356734539  -412.215169503
   360.500  -412.353587722  -412.236321377  -412.106051967  -412.353587722  -412.215426404
   361.000  -412.343825148  -412.225580860  -412.090202985  -412.343825148  -412.215389179
   361.500  -412.327929900  -412.208313699  -412.069221844  -412.327929900  -412.215026074
   362.000  -412.311390414  -412.190055960  -412.048783700  -412.311390414  -412.214521080
   362.500  -412.301695659  -412.178351846  -412.036404559  -412.301695659  -412.214244996
   363.000  -412.302948802  -412.177377918  -412.036097127  -412.302948802  -412.214363397
   363.500  -412.313531723  -412.185611110  -412.046089511  -412.313531723  -412.214621744
   364.000  -412.329451556  -412.199162900  -412.062254374  -412.329451556  -412.214780655
   364.500  -412.347868487  -412.215286265  -412.081717403  -412.347868487  -412.214854824
   365.000  -412.367236040  -412.232508561  -412.102973929  -412.367236040  -412.214944735
   365.500  -412.385967079  -412.249312561  -412.124411361  -412.385967079  -412.215094536
   366.000  -412.401760305  -412.263483609  -412.143518261  -412.401760305  -412.215258975
   366.500  -412.412219993  -412.272723488  -412.157530922  -412.412219993  -412.215314255
   367.000  -412.417564452  -412.276219802  -412.165820716  -412.417564452  -412.216133210
   367.500  -412.417905115  -412.275780775  -412.168991069  -412.417905115  -412.215774873
   368.000  -412.419908923  -412.265589781  -412.186782012  -412.419908923  -412.217542287
   368.500  -412.419451326  -412.263351789  -412.191455633  -412.419451326  -412.216959956
   369.000  -412.419499332  -412.263215584  -412.198653150  -412.419499332  -412.216874346
   369.500  -412.421996101  -412.266346703  -412.207365825  -412.421996101  -412.216960346
   370.000  -412.425777532  -412.270917347  -412.216556053  -412.425777532  -412.217208581
   370.500  -412.427487832  -412.273218173  -412.222808643  -412.427487832  -412.217334438
   371.000  -412.425494840  -412.271475905  -412.224309615  -412.425494840  -412.217156268
   371.500  -412.422319088  -412.268218049  -412.223396569  -412.422319088  -412.216879089
   372.000  -412.421764726  -412.267363384  -412.223759940  -412.421764726  -412.216842019
   372.500  -412.424333567  -412.269621150  -412.225891293  -412.424333567  -412.217025512
   373.000  -412.427347732  -412.272595725  -412.227217213  -412.427347732  -412.217158086
   373.500  -412.428585295  -412.274391852  -412.225718498  -412.428585295  -412.217144632
   374.000  -412.427864199  -412.275212759  -412.221498012  -412.427864199  -412.217072241
   374.500  -412.426018667  -412.276686150  -412.215538141  -412.426018667  -412.217018131
   375.000  -412.423034679  -412.282435529  -412.208487849  -412.423034679  -412.216669998
   375.500  -412.420017854  -412.283352152  -412.207079566  -412.420017854  -412.216719688
   376.000  -412.416982162  -412.283631999  -412.205162166  -412.416982162  -412.216684812
   376.500  -412.414237816  -412.283947473  -412.202727172  -412.414237816  -412.216644581
   377.000  -412.412161242  -412.284607951  -412.200120295  -412.412161242  -412.216679082
   377.500  -412.410180514  -412.284954186  -412.196834212  -412.410180514  -412.216812957
   378.000  -412.406511595  -412.283157647  -412.191203091  -412.406511595  -412.216975276
   378.500  -412.399180933  -412.277241469  -412.181392792  -412.399180933  -412.217042520
   379.000  -412.387824051  -412.266864580  -412.167159942  -412.387824051  -412.216898188
   379.500  -412.375269038  -412.254889210  -412.151398360  -412.375269038  -412.216549669
   380.000  -412.367118040  -412.246956814  -412.139714344  -412.367118040  -412.216236336
   380.500  -412.368150873  -412.247903302  -412.136882717  -412.368150873  -412.216219570
   381.000  -412.378587125  -412.258056059  -412.143207278  -412.378587125  -412.216497776
   381.500  -412.393651126  -412.273619166  -412.155910769  -412.393651126  -412.216311342
   382.000  -412.408563792  -412.288053283  -412.166838323  -412.408563792  -412.216587803
   382.500  -412.418168013  -412.297373425  -412.174002756  -412.418168013  -412.216671150
   383.000  -412.420954069  -412.299900035  -412.177361862  -412.420954069  -412.216562301
   383.500  -412.418167138  -412.296662159  -412.177809359  -412.418167138  -412.216420985
   384.000  -412.411893411  -412.289877593  -412.176291565  -412.411893411  -412.216302168
   384.500  -412.404053180  -412.281614291  -412.173952409  -412.404053180  -412.216192261
   385.000  -412.396449540  -412.273754386  -412.172104960  -412.396449540  -412.216113623
   385.500  -412.390332663  -412.268031734  -412.172125336  -412.390332663  -412.215974509
   386.000  -412.386603891  -412.264701766  -412.174023035  -412.386603891  -412.216054931
   386.500  -412.384297516  -412.262523505  -412.176347145  -412.384297516  -412.216195585
   387.000  -412.381618501  -412.259964691  -412.177274227  -412.381618501  -412.216256480
   387.500  -412.377676312  -412.256029421  -412.175876586  -412.377676312  -412.216264736
   388.000  -412.372346155  -412.250379912  -412.171960697  -412.372346155  -412.216283908
   388.500  -412.365455910  -412.242624214  -412.165330057  -412.365455910  -412.216316169
   389.000  -412.356873220  -412.232427265  -412.155879731  -412.356873220  -412.216247106
   389.500  -412.348133445  -412.221180831  -412.145232530  -412.348133445  -412.215946310
   390.000  -412.343982206  -412.213582993  -412.138296945  -412.343982206  -412.215545772
   390.500  -412.350130859  -412.215417473  -412.141033178  -412.350130859  -412.215489294
   391.000  -412.367174707  -412.227470859  -412.154362480  -412.367174707  -412.215954414
   391.500  -412.388301714  -412.243205927  -412.171831197  -412.388301714  -412.216540733
   392.000  -412.404639592  -412.254052564  -412.184889592  -412.404639592  -412.216848727
   392.500  -412.411018824  -412.255119535  -412.188583050  -412.411018824  -412.216853986
   393.000  -412.406850601  -412.246046912  -412.182393758  -412.406850601  -412.216678701
   393.500  -412.394650030  -412.229474577  -412.168792693  -412.394650030  -412.216363342
   394.000  -412.379290546  -412.210283917  -412.152550752  -412.379290546  -412.215936816
   394.500  -412.367343290  -412.194629806  -412.140132698  -412.367343290  -412.215769025
   395.000  -412.363003400  -412.187411222  -412.135465669  -412.363003400  -412.215843049
   395.500  -412.365359844  -412.187391496  -412.137554020  -412.365359844  -412.216163731
   396.000  -412.369776516  -412.189962200  -412.141640001  -412.369776516  -412.216382211
   396.500  -412.372760949  -412.191667508  -412.144148389  -412.372760949  -412.216411744
   397.000  -412.373494080  -412.191713053  -412.144222453  -412.373494080  -412.216371310
   397.500  -412.372375732  -412.190483507  -412.142269626  -412.372375732  -412.216361787
   398.000  -412.369600903  -412.188088859  -412.138534668  -412.369600903  -412.216389928
   398.500  -412.365051660  -412.184236288  -412.132994226  -412.365051660  -412.216386970
   399.000  -412.359252500  -412.179183610  -412.126333551  -412.359252500  -412.216292299
   399.500  -412.354106400  -412.174548345  -412.120734354  -412.354106400  -412.216171993
   400.000  -412.351909308  -412.172594443  -412.118746949  -412.351909308  -412.216133656
   400.500  -412.353849339  -412.174769009  -412.121251518  -412.353849339  -412.216117445
   401.000  -412.360524841  -412.181688696  -412.128272093  -412.360524841  -412.216078156
   401.500  -412.372274232  -412.193561715  -412.139859300  -412.372274232  -412.216218224
   402.000  -412.386615116  -412.207824356  -412.153487269  -412.386615116  -412.216612600
   402.500  -412.397578318  -412.218475213  -412.163294538  -412.397578318  -412.216933799
   403.000  -412.400328740  -412.220650465  -412.164664220  -412.400328740  -412.216847444
   403.500  -412.396005969  -412.215442080  -412.159051874  -412.396005969  -412.216353843
   404.000  -412.391532160  -412.209678724  -412.153843064  -412.391532160  -412.215901344
   404.500  -412.393131407  -412.209454294  -412.155989417  -412.393131407  -412.215966383
   405.000  -412.399956183  -412.213980035  -412.165579783  -412.399956183  -412.216343119
   405.500  -412.406570295  -412.218303493  -412.177668230  -412.406570295  -412.216633747
   406.000  -412.398862685  -412.219900424  -412.206893651  -412.398862685  -412.205740020
   406.500  -412.398626257  -412.224396287  -412.206284311  -412.398626257  -412.205661859
   407.000  -412.395699531  -412.225343106  -412.203577312  -412.395699531  -412.205606601
   407.500  -412.390909270  -412.223499733  -412.199742890  -412.390909270  -412.205564716
   408.000  -412.385039536  -412.219325251  -412.195612751  -412.385039536  -412.205438878
   408.500  -412.383567752  -412.206843616  -412.196248702  -412.383567752  -412.208551228
   409.000  -412.384061096  -412.201190023  -412.196442011  -412.384061096  -412.207733432
   409.500  -412.387283476  -412.211455831  -412.191236492  -412.387283476  -412.205851182
   410.000  -412.388732982  -412.221202782  -412.192508149  -412.388732982  -412.206126903
   410.500  -412.385785944  -412.225453042  -412.193518227  -412.385785944  -412.206285142
   411.000  -412.376247035  -412.221282607  -412.188377972  -412.376247035  -412.206246496
   411.500  -412.359848694  -412.214300440  -412.175116064  -412.359848694  -412.204241683
   412.000  -412.345026276  -412.201681046  -412.162034152  -412.345026276  -412.203901218
   412.500  -412.335451503  -412.193131021  -412.152097542  -412.335451503  -412.203687361
   413.000  -412.334592230  -412.192245711  -412.148925443  -412.334592230  -412.203651556
   413.500  -412.342724670  -412.199482200  -412.152990661  -412.342724670  -412.203877655
   414.000  -412.356141976  -412.211325543  -412.160768509  -412.356141976  -412.204203671
   414.500  -412.369600489  -412.222719464  -412.167186171  -412.369600489  -412.204360913
   415.000  -412.380104604  -412.230852756  -412.169442210  -412.380104604  -412.204337511
   415.500  -412.387407608  -412.235665106  -412.167533141  -412.387407608  -412.204261047
   416.000  -412.392327753  -412.238159006  -412.162542857  -412.392327753  -412.204210644
   416.500  -412.395513718  -412.239130195  -412.155335406  -412.395513718  -412.204186046
   417.000  -412.395039490  -412.241470799  -412.149548684  -412.395039490  -412.202234485
   417.500  -412.395107125  -412.240347500  -412.145561898  -412.395107125  -412.202149387
   418.000  -412.395310468  -412.239713927  -412.141543646  -412.395310468  -412.202001104
   418.500  -412.397728299  -412.241634879  -412.139716350  -412.397728299  -412.201910541
   419.000  -412.403540836  -412.247217275  -412.141405843  -412.403540836  -412.202017266
   419.500  -412.411185285  -412.254783559  -412.145189999  -412.411185285  -412.202297155
   420.000  -412.416660154  -412.260204152  -412.147197296  -412.416660154  -412.202608176
   420.500  -412.415514226  -412.258902061  -412.143080741  -412.415514226  -412.202833473
   421.000  -412.404755989  -412.247768811  -412.129916798  -412.404755989  -412.202855649
   421.500  -412.384756373  -412.227073808  -412.108096925  -412.384756373  -412.202533051
   422.000  -412.361077026  -412.202315283  -412.083146312  -412.361077026  -412.201919187
   422.500  -412.343146180  -412.182911997  -412.064388749  -412.343146180  -412.201467091
   423.000  -412.337706980  -412.175638121  -412.058424163  -412.337706980  -412.201568428
   423.500  -412.343510417  -412.179291841  -412.063890446  -412.343510417  -412.201984369
   424.000  -412.354379907  -412.187759054  -412.074573349  -412.354379907  -412.202276253
   424.500  -412.365346269  -412.196164116  -412.085532542  -412.365346269  -412.202360869
   425.000  -412.374367132  -412.202608577  -412.094773508  -412.374367132  -412.202369364
   425.500  -412.380801529  -412.206644457  -412.101685438  -412.380801529  -412.202378728
   426.000  -412.384290232  -412.208144403  -412.105905203  -412.384290232  -412.202369965
   426.500  -412.384923768  -412.207440611  -412.107509647  -412.384923768  -412.202290781
   427.000  -412.383885482  -412.205941733  -412.107700408  -412.383885482  -412.202133268
   427.500  -412.383441825  -412.206101052  -412.108840074  -412.383441825  -412.201987194
   428.000  -412.385622394  -412.210085655  -412.113142114  -412.385622394  -412.201970124
   428.500  -412.390609958  -412.218158948  -412.121012909  -412.390609958  -412.202082339
   429.000  -412.396704864  -412.228653646  -412.130920729  -412.396704864  -412.202226852
   429.500  -412.401629114  -412.239265250  -412.141019895  -412.401629114  -412.202270382
   430.000  -412.404041625  -412.248087916  -412.148067814  -412.404041625  -412.202699027
   430.500  -412.401826661  -412.253499505  -412.151806851  -412.401826661  -412.202757574
   431.000  -412.395379714  -412.255662118  -412.151580640  -412.395379714  -412.203570601
   431.500  -412.383570181  -412.252598988  -412.145536357  -412.383570181  -412.203404470
   432.000  -412.369793244  -412.247504846  -412.137040246  -412.369793244  -412.203144726
   432.500  -412.357904419  -412.243807532  -412.129741546  -412.357904419  -412.202946920
   433.000  -412.354145985  -412.241549587  -412.133936473  -412.354145985  -412.206442639
   433.500  -412.351225178  -412.244767050  -412.137932389  -412.351225178  -412.206616914
   434.000  -412.350077721  -412.248468320  -412.141974348  -412.350077721  -412.206780840
   434.500  -412.348244019  -412.250117284  -412.143570825  -412.348244019  -412.206846606
   435.000  -412.344625275  -412.248573060  -412.141618623  -412.344625275  -412.206823623
   435.500  -412.339527187  -412.244099026  -412.136439377  -412.339527187  -412.206727700
   436.000  -412.334443328  -412.238145218  -412.129570789  -412.334443328  -412.206573776
   436.500  -412.331673829  -412.232978716  -412.123414493  -412.331673829  -412.206452430
   437.000  -412.332945579  -412.230309812  -412.119902306  -412.332945579  -412.206476817
   437.500  -412.337842540  -412.229765600  -412.118890635  -412.337842540  -412.206639567
   438.000  -412.343889397  -412.228884744  -412.118843118  -412.343889397  -412.206894084
   438.500  -412.345697916  -412.221531790  -412.125798533  -412.345697916  -412.205596776
   439.000  -412.346359602  -412.214731242  -412.127452578  -412.346359602  -412.205884881
   439.500  -412.344985055  -412.206241706  -412.124169685  -412.344985055  -412.205879604
   440.000  -412.341581634  -412.195958546  -412.117880097  -412.341581634  -412.205776405
   440.500  -412.337737748  -412.185532466  -412.110792007  -412.337737748  -412.205611530
   441.000  -412.335845429  -412.177430840  -412.105622518  -412.335845429  -412.205522100
   441.500  -412.337198404  -412.173022597  -412.103828408  -412.337198404  -412.205616101
   442.000  -412.340668834  -412.171259611  -412.104333474  -412.340668834  -412.205769180
   442.500  -412.344353841  -412.170327066  -412.105217789  -412.344353841  -412.205796401
   443.000  -412.347933084  -412.169997842  -412.106113051  -412.347933084  -412.205742172
   443.500  -412.352084017  -412.171042728  -412.107644063  -412.352084017  -412.205777339
   444.000  -412.356253068  -412.172998199  -412.109208374  -412.356253068  -412.205914160
   444.500  -412.358506991  -412.174045024  -412.108792664  -412.358506991  -412.205998611
   445.000  -412.356207919  -412.173452069  -412.136877467  -412.356207919  -412.204534542
   445.500  -412.353407861  -412.170765877  -412.132148600  -412.353407861  -412.204320147
   446.000  -412.351855838  -412.169836394  -412.128292184  -412.351855838  -412.204167562
   446.500  -412.353656867  -412.172724418  -412.127474072  -412.353656867  -412.204211891
   447.000  -412.358078891  -412.178785933  -412.128807604  -412.358078891  -412.204349267
   447.500  -412.362910348  -412.193690204  -412.123794079  -412.362910348  -412.205180643
   448.000  -412.364806656  -412.198133941  -412.128812468  -412.364806656  -412.205201104
   448.500  -412.364609965  -412.200373966  -412.131982661  -412.364609965  -412.205151837
   449.000  -412.362934552  -412.201136933  -412.133748445  -412.362934552  -412.205055704
   449.500  -412.361565370  -412.202476632  -412.135129216  -412.361565370  -412.205255418
   450.000  -412.361764913  -412.204816872  -412.138717948  -412.361764913  -412.205148442
   450.500  -412.365286348  -412.210373184  -412.145318546  -412.365286348  -412.205176502
   451.000  -412.371697226  -412.218702239  -412.154434999  -412.371697226  -412.205355118
   451.500  -412.378507032  -412.227313145  -412.163551880  -412.378507032  -412.205567887
   452.000  -412.382757924  -412.233246899  -412.169715850  -412.382757924  -412.205686620
   452.500  -412.382861475  -412.234902705  -412.171357588  -412.382861475  -412.205660643
   453.000  -412.379365335  -412.232799956  -412.169042861  -412.379365335  -412.205528073
   453.500  -412.374370279  -412.228999165  -412.164880640  -412.374370279  -412.205391460
   454.000  -412.370040171  -412.225624811  -412.161031478  -412.370040171  -412.205314795
   454.500  -412.367665449  -412.223940197  -412.158773327  -412.367665449  -412.205254034
   455.000  -412.368137262  -412.224778161  -412.158922647  -412.368137262  -412.205154916
   455.500  -412.372974482  -412.228722603  -412.162172520  -412.372974482  -412.206320661
   456.000  -412.378774245  -412.234726809  -412.168306578  -412.378774245  -412.206491875
   456.500  -412.384174991  -412.240125446  -412.173593772  -412.384174991  -412.206655325
   457.000  -412.386673162  -412.242383621  -412.175519108  -412.386673162  -412.206715774
   457.500  -412.385291427  -412.240450883  -412.173137715  -412.385291427  -412.206683077
   458.000  -412.380592658  -412.234734947  -412.167239308  -412.380592658  -412.206587080
   458.500  -412.374240553  -412.226427665  -412.160890110  -412.374240553  -412.206524460
   459.000  -412.368601960  -412.218098767  -412.160254689  -412.368601960  -412.205928680
   459.500  -412.369346104  -412.217894828  -412.164018550  -412.369346104  -412.205812797
   460.000  -412.378703555  -412.226990005  -412.174212126  -412.378703555  -412.205964377
   460.500  -412.394433161  -412.242754271  -412.189340601  -412.394433161  -412.206289886
   461.000  -412.411648023  -412.260160546  -412.204912926  -412.411648023  -412.206577855
   461.500  -412.425806219  -412.274586340  -412.216658155  -412.425806219  -412.206759184
   462.000  -412.433948731  -412.283008771  -412.221776873  -412.433948731  -412.206863478
   462.500  -412.434528369  -412.283818537  -412.218796932  -412.434528369  -412.206869962
   463.000  -412.427750139  -412.277154294  -412.207936829  -412.427750139  -412.206698408
   463.500  -412.416584164  -412.265918364  -412.192179796  -412.416584164  -412.206338428
   464.000  -412.406598640  -412.255623323  -412.177119379  -412.406598640  -412.205994691
   464.500  -412.402894352  -412.251344309  -412.167940818  -412.402894352  -412.205945322
   465.000  -412.406218495  -412.253842240  -412.165490054  -412.406218495  -412.206202219
   465.500  -412.412834331  -412.259414760  -412.166030304  -412.412834331  -412.206478065
   466.000  -412.418497711  -412.263995556  -412.164317256  -412.418497711  -412.205917762
   466.500  -412.419558275  -412.268763981  -412.162813667  -412.419558275  -412.205154487
   467.000  -412.414599659  -412.262692930  -412.159829966  -412.414599659  -412.205110694
   467.500  -412.405515952  -412.252319197  -412.153357113  -412.405515952  -412.204984757
   468.000  -412.394532594  -412.239883519  -412.145434684  -412.394532594  -412.204732961
   468.500  -412.385671339  -412.229403772  -412.139837279  -412.385671339  -412.204460711
   469.000  -412.382981837  -412.224852559  -412.140299883  -412.382981837  -412.204419101
   469.500  -412.387243779  -412.226198339  -412.147095756  -412.387243779  -412.204279627
   470.000  -412.395110449  -412.225572821  -412.161154736  -412.395110449  -412.204912226
   470.500  -412.400261690  -412.227849295  -412.172302922  -412.400261690  -412.205014183
   471.000  -412.401991714  -412.227796691  -412.179928767  -412.401991714  -412.205027423
   471.500  -412.399895964  -412.224731476  -412.183686052  -412.399895964  -412.205018976
   472.000  -412.394182507  -412.218759796  -412.183614058  -412.394182507  -412.204973989
   472.500  -412.385869021  -412.210821351  -412.180477693  -412.385869021  -412.204815705
   473.000  -412.377714892  -412.203576880  -412.176797346  -412.377714892  -412.204547277
   473.500  -412.373917980  -412.201083231  -412.176631472  -412.373917980  -412.204334864
   474.000  -412.377663991  -412.206351512  -412.183177314  -412.377663991  -412.204322597
   474.500  -412.389039033  -412.219233860  -412.196716582  -412.389039033  -412.204486768
   475.000  -412.405084255  -412.235613844  -412.216286850  -412.405084255  -412.204739870
   475.500  -412.421054444  -412.254185783  -412.232944895  -412.421054444  -412.205079930
   476.000  -412.431772339  -412.267774758  -412.243797828  -412.431772339  -412.205315538
   476.500  -412.433856881  -412.272966784  -412.245530050  -412.433856881  -412.205305161
   477.000  -412.427689742  -412.269995704  -412.238631965  -412.427689742  -412.205027366
   477.500  -412.417505276  -412.262877367  -412.227446520  -412.417505276  -412.204684296
   478.000  -412.408327231  -412.256444782  -412.217042101  -412.408327231  -412.204566970
   478.500  -412.401925191  -412.252391894  -412.209152894  -412.401925191  -412.204689555
   479.000  -412.396534653  -412.249015189  -412.201948638  -412.396534653  -412.204826881
   479.500  -412.389904643  -412.244237716  -412.193144069  -412.389904643  -412.204867251
   480.000  -412.381094791  -412.237498791  -412.181792445  -412.381094791  -412.204871005
   480.500  -412.368719975  -412.232936136  -412.171615163  -412.368719975  -412.203226084
   481.000  -412.356640937  -412.222421788  -412.162559819  -412.356640937  -412.203146835
   481.500  -412.344626433  -412.212118688  -412.152952271  -412.344626433  -412.202947291
   482.000  -412.335916541  -412.205228368  -412.146106472  -412.335916541  -412.202731790
   482.500  -412.333694154  -412.204839383  -412.145328315  -412.333694154  -412.202761940
   483.000  -412.337472217  -412.210366326  -412.150266158  -412.337472217  -412.203096557
   483.500  -412.342372571  -412.216859144  -412.156147657  -412.342372571  -412.203480431
   484.000  -412.342717617  -412.218598265  -412.157341561  -412.342717617  -412.203675066
   484.500  -412.335714025  -412.212759259  -412.151031350  -412.335714025  -412.203589120
   485.000  -412.323007935  -412.200951655  -412.138783046  -412.323007935  -412.203243326
   485.500  -412.310217508  -412.188751022  -412.126114337  -412.310217508  -412.202826615
   486.000  -412.304023325  -412.182805970  -412.119647753  -412.304023325  -412.202578805
   486.500  -412.308547739  -412.187234110  -412.123553467  -412.308547739  -412.202590413
   487.000  -412.323593571  -412.201863405  -412.137794499  -412.323593571  -412.202881074
   487.500  -412.344397624  -412.221975364  -412.157812762  -412.344397624  -412.203331993
   488.000  -412.363695876  -412.240351769  -412.176507134  -412.363695876  -412.203655661
   488.500  -412.375926580  -412.251460267  -412.188389150  -412.375926580  -412.203715697
   489.000  -412.379429758  -412.253645522  -412.191787480  -412.379429758  -412.203603784
   489.500  -412.375420429  -412.248105401  -412.187852800  -412.375420429  -412.203431923
   490.000  -412.366411344  -412.237323765  -412.179010360  -412.366411344  -412.203213938
   490.500  -412.355838925  -412.224706568  -412.168606494  -412.355838925  -412.202930484
   491.000  -412.348050021  -412.214580502  -412.160902956  -412.348050021  -412.202678031
   491.500  -412.346746889  -412.210652251  -412.159532882  -412.346746889  -412.202646760
   492.000  -412.352398261  -412.213430818  -412.164929396  -412.352398261  -412.202855498
   492.500  -412.361997318  -412.219978240  -412.174087954  -412.361997318  -412.203116781
   493.000  -412.371584411  -412.226412225  -412.183075770  -412.371584411  -412.203306842
   493.500  -412.378121643  -412.229759191  -412.188892337  -412.378121643  -412.203444589
   494.000  -412.379488518  -412.227932992  -412.189457210  -412.379488518  -412.203550612
   494.500  -412.374377842  -412.219625047  -412.183499044  -412.374377842  -412.203536024
   495.000  -412.363610287  -412.205633315  -412.171852157  -412.363610287  -412.203248920
   495.500  -412.352020261  -412.190781998  -412.159296531  -412.352020261  -412.202736186
   496.000  -412.347280113  -412.182767494  -412.153352968  -412.347280113  -412.202422064
   496.500  -412.353892506  -412.186126938  -412.158329330  -412.353892506  -412.202634472
   497.000  -412.368887950  -412.197928972  -412.171100142  -412.368887950  -412.203099222
   497.500  -412.385416490  -412.211381824  -412.184734966  -412.385416490  -412.203406884
   498.000  -412.398469614  -412.221594213  -412.194215106  -412.398469614  -412.203499203
   498.500  -412.406170977  -412.226866367  -412.197718036  -412.406170977  -412.203485887
   499.000  -412.408493103  -412.227381537  -412.195319893  -412.408493103  -412.203397207
   499.500  -412.406779006  -412.224679247  -412.188510048  -412.406779006  -412.203197133
   500.000  -412.404058433  -412.221933069  -412.180493787  -412.404058433  -412.202932304
