 N     7.0   -1.92148376   -0.21327609   -0.02163163   14.00307401
 N     7.0    1.81994170    2.20277321    0.17867493   14.00307401
 C     6.0   -0.85838648    2.26231233    0.04331350   12.00000000
 C     6.0    3.22255269    0.14252472    0.11412002   12.00000000
 C     6.0    2.10601609   -2.13987433   -0.28809710   12.00000000
 C     6.0   -0.55655909   -2.42861178   -0.11439510   12.00000000
 O     8.0   -1.67291778   -4.40995615    0.14610564   15.99491464
 O     8.0   -2.05803867    4.33270578   -0.10517621   15.99491464
 H     1.0   -4.07922817   -0.35510104    0.29471792    1.00782504
 H     1.0    2.63543507    3.72802747   -0.13184019    1.00782504
 H     1.0    5.25587302    0.39929225   -0.07001293    1.00782504
 H     1.0    3.33690758   -3.89999880   -0.02663748    1.00782504
