    0.000247453    0.000417842    0.000289799
    0.000338030   -0.000149163    0.000283923
   -0.000379274   -0.000200547   -0.000430085
   -0.000661782    0.000251527    0.000222229
    0.000293742    0.000720414   -0.000267194
   -0.000332497   -0.001120129   -0.000023658
    0.000038741    0.000076706   -0.000018816
    0.000120382   -0.000035591   -0.000014415
   -0.001019229   -0.000087482    0.000121827
    0.003060485    0.000649917   -0.001270375
   -0.000008927   -0.000858392   -0.000574401
    0.000108550   -0.000541111   -0.000047125
