 N     7.0   -1.88914214   -0.14790255   -0.10401213   14.00307401
 N     7.0    1.73632168    2.06216954    0.03826494   14.00307401
 C     6.0   -0.82267028    2.29148232    0.02410909   12.00000000
 C     6.0    3.25973033    0.16592482    0.05254425   12.00000000
 C     6.0    2.15313703   -2.11924604   -0.12573739   12.00000000
 C     6.0   -0.65945529   -2.42465284   -0.01414529   12.00000000
 O     8.0   -1.74744171   -4.44126107    0.10156540   15.99491464
 O     8.0   -1.98964694    4.37585231   -0.00280711   15.99491464
 H     1.0   -3.77627679   -0.24797449    0.06361931    1.00782504
 H     1.0    2.91021692    3.53633109    0.07911336    1.00782504
 H     1.0    5.42043105    0.43901838    0.25792093    1.00782504
 H     1.0    3.13695927   -3.89935589   -0.27259181    1.00782504
