   -0.000310232   -0.000141808   -0.000021303
   -0.000538434   -0.000109109    0.000070397
   -0.000415271   -0.000126733   -0.000137543
    0.000109307   -0.000585774    0.000256024
   -0.000180812    0.000568606   -0.000250062
    0.000288151   -0.000164258   -0.000022237
    0.000501785    0.000248032    0.000084895
    0.000018204    0.000141013    0.000094585
    0.001602275    0.001639350   -0.000602831
    0.001456884   -0.000498539   -0.001362807
    0.000423294    0.001535711   -0.000337900
    0.001764143   -0.001651136    0.000314183
