 N     7.0   -1.80766890   -0.02139778    0.20011397   14.00307401
 N     7.0    1.86638462    2.25749948   -0.22045115   14.00307401
 C     6.0   -0.83796345    2.41468532    0.04723500   12.00000000
 C     6.0    3.17446841    0.02666880    0.10187600   12.00000000
 C     6.0    2.15871488   -2.34662006    0.11315220   12.00000000
 C     6.0   -0.53976581   -2.44934000    0.02688020   12.00000000
 O     8.0   -1.81807335   -4.41358509   -0.15246816   15.99491464
 O     8.0   -2.10968921    4.21303590   -0.00359247   15.99491464
 H     1.0   -4.07457760   -0.11480036   -0.22937210    1.00782504
 H     1.0    2.75721749    4.10167240   -0.54590881    1.00782504
 H     1.0    5.35177093    0.45378217    0.29580537    1.00782504
 H     1.0    3.56521223   -3.79808681   -0.26153983    1.00782504
