    0.000086910   -0.000265839    0.000304844
   -0.000096794   -0.000306293   -0.000117893
    0.000385029   -0.000002526    0.000397737
    0.000122859    0.000040192    0.000034399
    0.000330289    0.000328792   -0.000029517
   -0.000258400    0.000258114   -0.000219764
    0.000257987   -0.000217609   -0.000006138
   -0.000595847    0.000115946   -0.000227110
    0.000842067    0.001039579   -0.000574096
    0.001573105    0.001657409   -0.000805054
   -0.001285113   -0.000562591    0.001419460
   -0.002207709    0.000188911   -0.000856218
