 N     7.0   -1.87985467   -0.09057944   -0.31772387   14.00307401
 N     7.0    1.78876410    2.23016685   -0.08730026   14.00307401
 C     6.0   -0.77422005    2.28341600   -0.02972099   12.00000000
 C     6.0    3.29024977    0.08689724    0.11976484   12.00000000
 C     6.0    2.21132519   -2.32725627   -0.13453426   12.00000000
 C     6.0   -0.63608019   -2.50056465   -0.08616451   12.00000000
 O     8.0   -1.91245794   -4.35631971    0.24113111   15.99491464
 O     8.0   -2.00971153    4.33037725    0.21846534   15.99491464
 H     1.0   -3.50558957   -0.00283574   -0.79864779    1.00782504
 H     1.0    2.47340015    4.23004903   -0.06958976    1.00782504
 H     1.0    5.21237395    0.42036572    0.33515211    1.00782504
 H     1.0    3.65911637   -4.15225287    0.35778750    1.00782504
