    0.000235329    0.000028117   -0.000168355
   -0.000010006   -0.000189299    0.000237914
   -0.000022365   -0.000206282   -0.000073368
   -0.000398569   -0.000099786   -0.000193773
    0.000212188   -0.000041844    0.000208414
   -0.000302629    0.000175830   -0.000139726
   -0.000268035    0.000098235    0.000132637
    0.000174163    0.000014923    0.000098033
    0.002432450    0.000867019   -0.000304550
    0.002369453    0.002098267   -0.001126935
   -0.000129217   -0.000819929    0.000205704
   -0.000220531    0.000519491   -0.000770127
