 N     7.0   -1.87847425   -0.08955811    0.04648600   14.00307401
 N     7.0    1.77852095    2.23702588    0.10840883   14.00307401
 C     6.0   -0.89385933    2.30513552   -0.11213392   12.00000000
 C     6.0    3.17030018    0.05095632    0.02213242   12.00000000
 C     6.0    2.16806400   -2.28709188   -0.12988929   12.00000000
 C     6.0   -0.50094751   -2.40310144   -0.05083580   12.00000000
 O     8.0   -1.78941647   -4.37033365    0.08646892   15.99491464
 O     8.0   -1.99761100    4.23666231    0.01825051   15.99491464
 H     1.0   -3.74433090   -0.03340066   -0.69070429    1.00782504
 H     1.0    2.63415568    4.11554684    0.01010100    1.00782504
 H     1.0    5.05258776    0.41921632   -0.16670751    1.00782504
 H     1.0    3.68264561   -3.86424045    0.19227130    1.00782504
