   -0.000585577   -0.000134884   -0.000293624
    0.000156326    0.000695330    0.000300254
    0.000020285    0.000237991   -0.000125896
    0.000391469    0.000283737   -0.000195175
   -0.000273450   -0.000243311    0.000097976
    0.000420652    0.000226522    0.000142983
   -0.000177026   -0.000240980    0.000017064
    0.000056857   -0.000378137    0.000115908
    0.001802723    0.001712772    0.000318040
    0.001054410   -0.000694022   -0.001256947
    0.000309253   -0.004004902   -0.000368956
   -0.002689638   -0.000727667    0.000079287
