 N     7.0   -1.69822871   -0.08435242    0.32287134   14.00307401
 N     7.0    1.71110813    2.23688376    0.05007515   14.00307401
 C     6.0   -0.97893558    2.23288685   -0.03635373   12.00000000
 C     6.0    3.25497776    0.11683529    0.06658121   12.00000000
 C     6.0    2.11183076   -2.07599259   -0.06082027   12.00000000
 C     6.0   -0.56917140   -2.43604980    0.04339723   12.00000000
 O     8.0   -1.74110762   -4.45395387   -0.13997311   15.99491464
 O     8.0   -2.08153472    4.20908639   -0.17911476   15.99491464
 H     1.0   -3.21967211   -0.01072380    0.28050122    1.00782504
 H     1.0    2.82418873    3.70894497    0.10279972    1.00782504
 H     1.0    5.30417852    0.53111721   -0.31273401    1.00782504
 H     1.0    3.12717756   -3.96173389   -0.40434049    1.00782504
