    0.000318541    0.000045463    0.000093867
   -0.000069657    0.000058933   -0.000050563
    0.000024987   -0.000250288   -0.000193952
    0.000019697    0.000276785    0.000107185
    0.000083573   -0.000448128   -0.000270053
   -0.000267092    0.000529966   -0.000286073
    0.000141506   -0.000196904    0.000167163
   -0.000335239    0.000012911    0.000092885
    0.000787790    0.000574094    0.000333361
   -0.000230496   -0.000374484    0.000105590
    0.001136797   -0.000551544    0.001465440
   -0.000178667    0.000777553    0.001084231
