 N     7.0   -1.90659753    0.05724043    0.29119800   14.00307401
 N     7.0    1.89861556    2.28687363   -0.07997500   14.00307401
 C     6.0   -0.85577275    2.31343950    0.11214369   12.00000000
 C     6.0    3.19407299    0.06380670   -0.04281699   12.00000000
 C     6.0    2.08215242   -2.36037431    0.15769002   12.00000000
 C     6.0   -0.60784283   -2.46656625    0.01489853   12.00000000
 O     8.0   -1.82000663   -4.36007241   -0.18460320   15.99491464
 O     8.0   -1.93819207    4.16110112   -0.10615267   15.99491464
 H     1.0   -3.60445510   -0.01249769   -0.59062205    1.00782504
 H     1.0    2.75624104    4.06951586   -0.31292108    1.00782504
 H     1.0    4.96113167    0.32088876   -0.35262757    1.00782504
 H     1.0    3.24037876   -4.22128571    0.01250473    1.00782504
