   -0.000169679   -0.000284954   -0.000028914
   -0.000099454    0.000130296    0.000231405
    0.000516818    0.000170501   -0.000104677
   -0.000150168    0.000018706   -0.000233461
   -0.000167652    0.000671222   -0.000403407
    0.000106018    0.000286758    0.000237812
   -0.000216079   -0.000187799    0.000153893
   -0.000215700   -0.000112047   -0.000055331
    0.003748076    0.000190363   -0.001345394
    0.002825179   -0.001404544    0.001711032
   -0.002475743   -0.003547002    0.001045789
    0.002397060   -0.001023921    0.000276231
