     0.000  -412.494233773  -412.322799998  -412.267073866  -412.267073866  -412.225310793
     0.500  -412.493476022  -412.325793679  -412.265388031  -412.265388031  -412.225161398
     1.000  -412.496519896  -412.332349840  -412.268884255  -412.268884255  -412.225160249
     1.500  -412.503255081  -412.343226663  -412.277797126  -412.277797126  -412.225260608
     2.000  -412.512101552  -412.357452224  -412.290770483  -412.290770483  -412.225498729
     2.500  -412.519583502  -412.371808163  -412.304386328  -412.304386328  -412.225890051
     3.000  -412.520321275  -412.380932908  -412.313178065  -412.313178065  -412.226352610
     3.500  -412.508880167  -412.379205631  -412.311478977  -412.311478977  -412.226487443
     4.000  -412.485954591  -412.366941730  -412.299601953  -412.299601953  -412.225729727
     4.500  -412.464688353  -412.356788459  -412.290181560  -412.290181560  -412.224775813
     5.000  -412.458982509  -412.362161317  -412.296527475  -412.296527475  -412.225263882
     5.500  -412.462968494  -412.376821457  -412.312154551  -412.312154551  -412.226264547
     6.000  -412.462112857  -412.385962783  -412.321974683  -412.321974683  -412.226444539
     6.500  -412.451839292  -412.384770129  -412.321008978  -412.321008978  -412.226130752
     7.000  -412.435362041  -412.376249618  -412.312269215  -412.312269215  -412.225809642
     7.500  -412.416846259  -412.364422486  -412.299914560  -412.299914560  -412.225588030
     8.000  -412.399274246  -412.352206775  -412.287076846  -412.287076846  -412.225433041
     8.500  -412.384689464  -412.341651204  -412.276038583  -412.276038583  -412.225316366
     9.000  -412.374588351  -412.334300883  -412.268555957  -412.268555957  -412.225233395
     9.500  -412.370015571  -412.331264854  -412.265887651  -412.265887651  -412.225192679
    10.000  -412.371457087  -412.333087094  -412.268639750  -412.268639750  -412.225204652
    10.500  -412.378692104  -412.339587356  -412.276597014  -412.276597014  -412.225274509
    11.000  -412.390706820  -412.349777971  -412.288645236  -412.288645236  -412.225408959
    11.500  -412.405563263  -412.361744082  -412.302680920  -412.302680920  -412.225635583
    12.000  -412.420018577  -412.372283199  -412.315291773  -412.315291773  -412.225992727
    12.500  -412.429176273  -412.376572283  -412.321478767  -412.321478767  -412.226420174
    13.000  -412.427968197  -412.369649926  -412.316188124  -412.316188124  -412.226503129
    13.500  -412.417571970  -412.352812859  -412.300743129  -412.300743129  -412.225625076
    14.000  -412.412204693  -412.340397502  -412.289595885  -412.289595885  -412.224622615
    14.500  -412.425394829  -412.346094324  -412.296512366  -412.296512366  -412.225317080
    15.000  -412.447630893  -412.360644829  -412.312162870  -412.312162870  -412.226450922
    15.500  -412.461610905  -412.367047542  -412.319402985  -412.319402985  -412.226537774
    16.000  -412.463313342  -412.361545521  -412.314390541  -412.314390541  -412.226057305
    16.500  -412.457940482  -412.349543630  -412.302538793  -412.302538793  -412.225641787
    17.000  -412.450860970  -412.336572646  -412.289455195  -412.289455195  -412.225447174
    17.500  -412.444651599  -412.325357364  -412.277971762  -412.277971762  -412.225382968
    18.000  -412.440024772  -412.316752012  -412.269050979  -412.269050979  -412.225346855
    18.500  -412.437241953  -412.311148813  -412.263171614  -412.263171614  -412.225308021
    19.000  -412.436629880  -412.308992037  -412.260824227  -412.260824227  -412.225277429
    19.500  -412.438476028  -412.310671197  -412.262395128  -412.262395128  -412.225266359
    20.000  -412.442849604  -412.316340865  -412.267990444  -412.267990444  -412.225285031
    20.500  -412.449428418  -412.325744469  -412.277268796  -412.277268796  -412.225358531
    21.000  -412.457121739  -412.337824262  -412.289072513  -412.289072513  -412.225538801
    21.500  -412.463385112  -412.350019107  -412.300741480  -412.300741480  -412.225883567
    22.000  -412.463635265  -412.357644727  -412.307523725  -412.307523725  -412.226347569
    22.500  -412.452589785  -412.355191626  -412.303904466  -412.303904466  -412.226508865
    23.000  -412.430934888  -412.342965281  -412.290282467  -412.290282467  -412.225658375
    23.500  -412.413403818  -412.335205078  -412.281071517  -412.281071517  -412.224565921
    24.000  -412.415391467  -412.346825670  -412.291313634  -412.291313634  -412.225299632
    24.500  -412.427388971  -412.367956608  -412.311088412  -412.311088412  -412.226617191
    25.000  -412.429987587  -412.378902299  -412.320572572  -412.320572572  -412.226800235
    25.500  -412.418088854  -412.374276845  -412.314374096  -412.314374096  -412.226266093
    26.000  -412.398017252  -412.360133959  -412.298729616  -412.298729616  -412.225670646
    26.500  -412.378017867  -412.344527086  -412.281998912  -412.281998912  -412.225281933
    27.000  -412.363629894  -412.332907430  -412.269946806  -412.269946806  -412.225149009
    27.500  -412.356722866  -412.327132868  -412.264641625  -412.264641625  -412.225191702
    28.000  -412.356621654  -412.326545392  -412.265471171  -412.265471171  -412.225288566
    28.500  -412.361871857  -412.329703651  -412.270876671  -412.270876671  -412.225366893
    29.000  -412.371339468  -412.335485016  -412.279491859  -412.279491859  -412.225416642
    29.500  -412.384352899  -412.343257156  -412.290374403  -412.290374403  -412.225462180
    30.000  -412.400265318  -412.352480351  -412.302674954  -412.302674954  -412.225545431
    30.500  -412.417765083  -412.362048614  -412.315025066  -412.315025066  -412.225724030
    31.000  -412.434055043  -412.369461288  -412.324736197  -412.324736197  -412.226058076
    31.500  -412.444264305  -412.370196225  -412.327179928  -412.327179928  -412.226500193
    32.000  -412.442892687  -412.359090102  -412.317180021  -412.317180021  -412.226607972
    32.500  -412.430853961  -412.337316710  -412.296017303  -412.296017303  -412.225635807
    33.000  -412.423961524  -412.320855726  -412.279882260  -412.279882260  -412.224428439
    33.500  -412.438447378  -412.326093748  -412.285329600  -412.285329600  -412.225165918
    34.000  -412.464163308  -412.343127539  -412.302417042  -412.302417042  -412.226480075
    34.500  -412.480993324  -412.352128905  -412.311150321  -412.311150321  -412.226658390
    35.000  -412.483270594  -412.347646188  -412.305957381  -412.305957381  -412.226189919
    35.500  -412.476138563  -412.334922621  -412.292055772  -412.292055772  -412.225681406
    36.000  -412.466673037  -412.321047644  -412.276573081  -412.276573081  -412.225313401
    36.500  -412.460317698  -412.311443832  -412.264993194  -412.264993194  -412.225136238
    37.000  -412.459716692  -412.308740706  -412.260008742  -412.260008742  -412.225157086
    37.500  -412.464532146  -412.312627722  -412.261355152  -412.261355152  -412.225288354
    38.000  -412.472675603  -412.321073397  -412.267037273  -412.267037273  -412.225404716
    38.500  -412.482145835  -412.332144398  -412.275149561  -412.275149561  -412.225449659
    39.000  -412.491930260  -412.344875360  -412.284776786  -412.284776786  -412.225456572
    39.500  -412.501586606  -412.358811153  -412.295588279  -412.295588279  -412.225508005
    40.000  -412.510098218  -412.372862265  -412.306686988  -412.306686988  -412.225697222
    40.500  -412.514652993  -412.384115276  -412.315341485  -412.315341485  -412.226077464
    41.000  -412.510305140  -412.387513592  -412.316584164  -412.316584164  -412.226489184
    41.500  -412.493077177  -412.378901224  -412.306281068  -412.306281068  -412.226310052
    42.000  -412.468806505  -412.363812828  -412.289992918  -412.289992918  -412.225111008
    42.500  -412.456067607  -412.360438384  -412.285920186  -412.285920186  -412.224558572
    43.000  -412.462729830  -412.376287793  -412.301464897  -412.301464897  -412.225779403
    43.500  -412.472426301  -412.394715536  -412.319728704  -412.319728704  -412.226697763
    44.000  -412.470288869  -412.400593062  -412.325347537  -412.325347537  -412.226580432
    44.500  -412.455795482  -412.393114090  -412.317434461  -412.317434461  -412.226125733
    45.000  -412.434742319  -412.377797810  -412.301602308  -412.301602308  -412.225725302
    45.500  -412.412988246  -412.360285394  -412.283705803  -412.283705803  -412.225406439
    46.000  -412.395363069  -412.345275428  -412.268691950  -412.268691950  -412.225156863
    46.500  -412.385573908  -412.336425956  -412.260416020  -412.260416020  -412.225040640
    47.000  -412.385297794  -412.335431904  -412.260650448  -412.260650448  -412.225103502
    47.500  -412.393592504  -412.341423182  -412.268457046  -412.268457046  -412.225275530
    48.000  -412.407857485  -412.351923048  -412.281168061  -412.281168061  -412.225442670
    48.500  -412.425419741  -412.364436305  -412.296034068  -412.296034068  -412.225564718
    49.000  -412.444147706  -412.377069037  -412.310906337  -412.310906337  -412.225690193
    49.500  -412.461814814  -412.387884978  -412.323643285  -412.323643285  -412.225909045
    50.000  -412.474918536  -412.393701759  -412.330938373  -412.330938373  -412.226283832
    50.500  -412.478184802  -412.389552814  -412.327801905  -412.327801905  -412.226671099
    51.000  -412.467488567  -412.371554301  -412.310448457  -412.310448457  -412.226443677
    51.500  -412.448913199  -412.345928002  -412.285319258  -412.285319258  -412.225113129
    52.000  -412.442394832  -412.332678262  -412.272684761  -412.272684761  -412.224393189
    52.500  -412.457464132  -412.341446655  -412.282323304  -412.282323304  -412.225566218
    53.000  -412.477837942  -412.356156244  -412.298087585  -412.298087585  -412.226489799
    53.500  -412.487859286  -412.361372561  -412.304378312  -412.304378312  -412.226396649
    54.000  -412.486017826  -412.355733337  -412.299693420  -412.299693420  -412.226012825
    54.500  -412.476708434  -412.343687583  -412.288395940  -412.288395940  -412.225719220
    55.000  -412.464124875  -412.329419069  -412.274620253  -412.274620253  -412.225506576
    55.500  -412.451678231  -412.316297673  -412.261707984  -412.261707984  -412.225301327
    56.000  -412.442681544  -412.307591205  -412.252919465  -412.252919465  -412.225120145
    56.500  -412.439946550  -412.306082554  -412.251047413  -412.251047413  -412.225054856
    57.000  -412.444441660  -412.312739608  -412.257085793  -412.257085793  -412.225144614
    57.500  -412.454752040  -412.326172253  -412.269679000  -412.269679000  -412.225315799
    58.000  -412.468128910  -412.343662283  -412.286136749  -412.286136749  -412.225485646
    58.500  -412.481745366  -412.362390285  -412.303647856  -412.303647856  -412.225662093
    59.000  -412.492752253  -412.379463521  -412.319300788  -412.319300788  -412.225926012
    59.500  -412.497334838  -412.390946012  -412.329123751  -412.329123751  -412.226335219
    60.000  -412.490313047  -412.391434368  -412.327691529  -412.327691529  -412.226719801
    60.500  -412.468366020  -412.377264859  -412.311387712  -412.311387712  -412.226427071
    61.000  -412.439179661  -412.355685176  -412.287618888  -412.287618888  -412.225058153
    61.500  -412.423642671  -412.347144447  -412.277079413  -412.277079413  -412.224430158
    62.000  -412.430495344  -412.360080954  -412.288395919  -412.288395919  -412.225631796
    62.500  -412.443226669  -412.377854660  -412.304967944  -412.304967944  -412.226512116
    63.000  -412.446893794  -412.385479554  -412.311773727  -412.311773727  -412.226396260
    63.500  -412.440468965  -412.381889215  -412.307730896  -412.307730896  -412.225987108
    64.000  -412.428720641  -412.371804465  -412.297570483  -412.297570483  -412.225674215
    64.500  -412.416010285  -412.359539746  -412.285612242  -412.285612242  -412.225494699
    65.000  -412.405151515  -412.347868798  -412.274603978  -412.274603978  -412.225383611
    65.500  -412.398121780  -412.338744552  -412.266421756  -412.266421756  -412.225278318
    66.000  -412.396819434  -412.334065813  -412.262840026  -412.262840026  -412.225174798
    66.500  -412.402978321  -412.335618032  -412.265481082  -412.265481082  -412.225140299
    67.000  -412.417105582  -412.344043991  -412.274811475  -412.274811475  -412.225240030
    67.500  -412.437526419  -412.357909349  -412.289242103  -412.289242103  -412.225451939
    68.000  -412.460679535  -412.373983101  -412.305446686  -412.305446686  -412.225709858
    68.500  -412.482122474  -412.388191520  -412.319340642  -412.319340642  -412.226004547
    69.000  -412.496921213  -412.395943621  -412.326411586  -412.326411586  -412.226374114
    69.500  -412.499642058  -412.392068013  -412.321649244  -412.321649244  -412.226709052
    70.000  -412.486802222  -412.373221719  -412.301957301  -412.301957301  -412.226445662
    70.500  -412.465096378  -412.346108181  -412.274362561  -412.274362561  -412.225072409
    71.000  -412.455450632  -412.331596163  -412.260054870  -412.260054870  -412.224204836
    71.500  -412.469537036  -412.341364828  -412.270866046  -412.270866046  -412.225363417
    72.000  -412.491446822  -412.359659916  -412.290917491  -412.290917491  -412.226436079
    72.500  -412.503633223  -412.369159850  -412.302609061  -412.302609061  -412.226409347
    73.000  -412.503508172  -412.367460601  -412.303284582  -412.303284582  -412.225988644
    73.500  -412.495774070  -412.359370133  -412.297595543  -412.297595543  -412.225652986
    74.000  -412.484997248  -412.349495246  -412.290071084  -412.290071084  -412.225479260
    74.500  -412.473811079  -412.340468624  -412.283293427  -412.283293427  -412.225411713
    75.000  -412.463460857  -412.333492017  -412.278414088  -412.278414088  -412.225380831
    75.500  -412.454783948  -412.329314980  -412.276106573  -412.276106573  -412.225330077
    76.000  -412.448951609  -412.328966128  -412.277314965  -412.277314965  -412.225253433
    76.500  -412.447446560  -412.333739750  -412.283257235  -412.283257235  -412.225217635
    77.000  -412.451025846  -412.344186479  -412.294425987  -412.294425987  -412.225313178
    77.500  -412.458421856  -412.358841556  -412.309319075  -412.309319075  -412.225565167
    78.000  -412.466020329  -412.373910600  -412.324120506  -412.324120506  -412.225934137
    78.500  -412.468546317  -412.383938280  -412.333372995  -412.333372995  -412.226381226
    79.000  -412.460068564  -412.382787529  -412.330980690  -412.330980690  -412.226758324
    79.500  -412.437038436  -412.366660868  -412.313276712  -412.313276712  -412.226477963
    80.000  -412.406736944  -412.342556226  -412.287525331  -412.287525331  -412.225072079
    80.500  -412.390347517  -412.331398989  -412.275009113  -412.275009113  -412.224356175
    81.000  -412.397375472  -412.342554107  -412.285339779  -412.285339779  -412.225638313
    81.500  -412.410278490  -412.358476305  -412.300967125  -412.300967125  -412.226573557
    82.000  -412.413349457  -412.363500399  -412.306097943  -412.306097943  -412.226376496
    82.500  -412.406619418  -412.357669663  -412.300675068  -412.300675068  -412.225862768
    83.000  -412.396379597  -412.347252197  -412.290909235  -412.290909235  -412.225491123
    83.500  -412.387858669  -412.337438503  -412.281946800  -412.281946800  -412.225315110
    84.000  -412.383734293  -412.330879598  -412.276374149  -412.276374149  -412.225277023
    84.500  -412.384686793  -412.328257239  -412.274786492  -412.274786492  -412.225319147
    85.000  -412.390177410  -412.329075902  -412.276588781  -412.276588781  -412.225394514
    85.500  -412.399145773  -412.332367932  -412.280712550  -412.280712550  -412.225457877
    86.000  -412.410675989  -412.337359290  -412.286294332  -412.286294332  -412.225473936
    86.500  -412.424486233  -412.343959354  -412.293167501  -412.293167501  -412.225451405
    87.000  -412.440742831  -412.352580888  -412.301679209  -412.301679209  -412.225473183
    87.500  -412.458836269  -412.362918752  -412.311472643  -412.311472643  -412.225659080
    88.000  -412.475730622  -412.372284977  -412.319840456  -412.319840456  -412.226069314
    88.500  -412.485391844  -412.374982839  -412.321134917  -412.321134917  -412.226582702
    89.000  -412.481309702  -412.364740120  -412.309248887  -412.309248887  -412.226665200
    89.500  -412.464825353  -412.342966358  -412.285902726  -412.285902726  -412.225573107
    90.000  -412.453325456  -412.326986374  -412.268789816  -412.268789816  -412.224368615
    90.500  -412.463035799  -412.332999977  -412.274292957  -412.274292957  -412.225192660
    91.000  -412.482919015  -412.350121963  -412.291333924  -412.291333924  -412.226418074
    91.500  -412.494134121  -412.359762837  -412.300923373  -412.300923373  -412.226483193
    92.000  -412.492723913  -412.358137600  -412.298983894  -412.298983894  -412.226001621
    92.500  -412.484006975  -412.350584388  -412.290793880  -412.290793880  -412.225579456
    93.000  -412.473638314  -412.342668580  -412.282033474  -412.282033474  -412.225346289
    93.500  -412.464950382  -412.337585316  -412.276075202  -412.276075202  -412.225261438
    94.000  -412.459226314  -412.336479238  -412.274205271  -412.274205271  -412.225271458
    94.500  -412.456406665  -412.339159054  -412.276300614  -412.276300614  -412.225340205
    95.000  -412.455640516  -412.344637940  -412.281369129  -412.281369129  -412.225435454
    95.500  -412.455803406  -412.351632894  -412.288069191  -412.288069191  -412.225513546
    96.000  -412.456161981  -412.359217446  -412.295383617  -412.295383617  -412.225529646
    96.500  -412.456973603  -412.367419961  -412.303238790  -412.303238790  -412.225493653
    97.000  -412.459207364  -412.376956055  -412.312260047  -412.312260047  -412.225526811
    97.500  -412.462716226  -412.387428542  -412.321989261  -412.321989261  -412.225801791
    98.000  -412.463878619  -412.394993589  -412.328573655  -412.328573655  -412.226344726
    98.500  -412.455669596  -412.392438683  -412.324873549  -412.324873549  -412.226802740
    99.000  -412.433464656  -412.374972879  -412.306291720  -412.306291720  -412.226373074
    99.500  -412.405941126  -412.351116377  -412.281677560  -412.281677560  -412.224933502
   100.000  -412.393637266  -412.341287234  -412.271802709  -412.271802709  -412.224588645
   100.500  -412.401221545  -412.350125972  -412.281454240  -412.281454240  -412.225789459
   101.000  -412.411900398  -412.360897477  -412.293759666  -412.293759666  -412.226400244
   101.500  -412.414498335  -412.362502522  -412.297358902  -412.297358902  -412.226154663
   102.000  -412.410342724  -412.356329960  -412.293393870  -412.293393870  -412.225753852
   102.500  -412.404443550  -412.347451107  -412.286733547  -412.286733547  -412.225496273
   103.000  -412.400429091  -412.339575403  -412.280932917  -412.280932917  -412.225379132
   103.500  -412.400024707  -412.334541209  -412.277720141  -412.277720141  -412.225337018
   104.000  -412.403809550  -412.333072568  -412.277754013  -412.277754013  -412.225326760
   104.500  -412.411809949  -412.335364267  -412.281207660  -412.281207660  -412.225338741
   105.000  -412.423659623  -412.341228439  -412.287909374  -412.287909374  -412.225382628
   105.500  -412.438493987  -412.349976188  -412.297213055  -412.297213055  -412.225466884
   106.000  -412.454859394  -412.360320172  -412.307885925  -412.307885925  -412.225586601
   106.500  -412.470811490  -412.370472930  -412.318190727  -412.318190727  -412.225732607
   107.000  -412.484052625  -412.378289501  -412.326019993  -412.326019993  -412.225930163
   107.500  -412.491634023  -412.380974052  -412.328609552  -412.328609552  -412.226229888
   108.000  -412.489603385  -412.374718821  -412.322207912  -412.322207912  -412.226489898
   108.500  -412.475704738  -412.357374518  -412.304795375  -412.304795375  -412.226129134
   109.000  -412.457161611  -412.336210862  -412.283857569  -412.283857569  -412.224977633
   109.500  -412.450417484  -412.327694414  -412.276075974  -412.276075974  -412.224664074
   110.000  -412.459558251  -412.336015664  -412.285664507  -412.285664507  -412.225691043
   110.500  -412.470214234  -412.347019001  -412.298249592  -412.298249592  -412.226305742
   111.000  -412.471628626  -412.350175737  -412.302994441  -412.302994441  -412.226143606
   111.500  -412.464138742  -412.345947006  -412.300116823  -412.300116823  -412.225799705
   112.000  -412.451998831  -412.338559643  -412.293702037  -412.293702037  -412.225573110
   112.500  -412.438556786  -412.331195406  -412.286876451  -412.286876451  -412.225470543
   113.000  -412.425676421  -412.325453998  -412.281229650  -412.281229650  -412.225416598
   113.500  -412.414628953  -412.322281423  -412.277714971  -412.277714971  -412.225354129
   114.000  -412.406821026  -412.322730666  -412.277393518  -412.277393518  -412.225285486
   114.500  -412.403674478  -412.327869500  -412.281338108  -412.281338108  -412.225271521
   115.000  -412.405695585  -412.337874359  -412.289733209  -412.289733209  -412.225372964
   115.500  -412.411585438  -412.351160308  -412.301020127  -412.301020127  -412.225586826
   116.000  -412.418294099  -412.364447024  -412.311977551  -412.311977551  -412.225855225
   116.500  -412.421883807  -412.373624784  -412.318612224  -412.318612224  -412.226127937
   117.000  -412.418438056  -412.374660782  -412.317081985  -412.317081985  -412.226350778
   117.500  -412.405233565  -412.364760311  -412.304870867  -412.304870867  -412.226326227
   118.000  -412.383966961  -412.345577566  -412.283984002  -412.283984002  -412.225687930
   118.500  -412.365175149  -412.327616347  -412.265285493  -412.265285493  -412.224709612
   119.000  -412.362705418  -412.324698978  -412.262812729  -412.262812729  -412.224742601
   119.500  -412.376198424  -412.336468615  -412.276122084  -412.276122084  -412.225715436
   120.000  -412.391945286  -412.349252497  -412.291185323  -412.291185323  -412.226247291
   120.500  -412.400860614  -412.354022166  -412.298544442  -412.298544442  -412.226151064
   121.000  -412.402909350  -412.350820545  -412.297883861  -412.297883861  -412.225880691
   121.500  -412.401413260  -412.343082808  -412.292392009  -412.292392009  -412.225668057
   122.000  -412.399322922  -412.333913019  -412.285033831  -412.285033831  -412.225527596
   122.500  -412.398660639  -412.325521572  -412.277963701  -412.277963701  -412.225417100
   123.000  -412.400992937  -412.319687134  -412.272958992  -412.272958992  -412.225318569
   123.500  -412.407628820  -412.317947869  -412.271590047  -412.271590047  -412.225253446
   124.000  -412.419291978  -412.321271781  -412.274870918  -412.274870918  -412.225253764
   124.500  -412.435642260  -412.329577996  -412.282768849  -412.282768849  -412.225337205
   125.000  -412.455007157  -412.341464358  -412.293930429  -412.293930429  -412.225510424
   125.500  -412.474351068  -412.354161438  -412.305636278  -412.305636278  -412.225770038
   126.000  -412.489475693  -412.363707380  -412.313981901  -412.313981901  -412.226078767
   126.500  -412.495829442  -412.365722121  -412.314668538  -412.314668538  -412.226292031
   127.000  -412.490967304  -412.357832371  -412.305445099  -412.305445099  -412.226090843
   127.500  -412.479003622  -412.344111043  -412.290550525  -412.290550525  -412.225328268
   128.000  -412.471443542  -412.335946007  -412.281535143  -412.281535143  -412.224771082
   128.500  -412.476133099  -412.341078439  -412.286198988  -412.286198988  -412.225190965
   129.000  -412.487440147  -412.353848966  -412.298793023  -412.298793023  -412.225873808
   129.500  -412.495080610  -412.363998652  -412.308908581  -412.308908581  -412.226094569
   130.000  -412.494604927  -412.367086251  -412.312003293  -412.312003293  -412.225967603
   130.500  -412.487018311  -412.364062067  -412.309010457  -412.309010457  -412.225756959
   131.000  -412.475166133  -412.357647038  -412.302692612  -412.302692612  -412.225571683
   131.500  -412.461875017  -412.350492891  -412.295758633  -412.295758633  -412.225435605
   132.000  -412.449389970  -412.344645062  -412.290292986  -412.290292986  -412.225360567
   132.500  -412.439111681  -412.341303492  -412.287496351  -412.287496351  -412.225350771
   133.000  -412.431502191  -412.340743536  -412.287602806  -412.287602806  -412.225384158
   133.500  -412.426369291  -412.342606791  -412.290178956  -412.290178956  -412.225426958
   134.000  -412.423318787  -412.346353759  -412.294588431  -412.294588431  -412.225478817
   134.500  -412.421744676  -412.351247779  -412.299995133  -412.299995133  -412.225593998
   135.000  -412.420114847  -412.355631188  -412.304661232  -412.304661232  -412.225825430
   135.500  -412.415408215  -412.356351102  -412.305402176  -412.305402176  -412.226096507
   136.000  -412.404539492  -412.350178849  -412.299036381  -412.299036381  -412.226097190
   136.500  -412.388837454  -412.338291850  -412.286884769  -412.286884769  -412.225538614
   137.000  -412.377135149  -412.329385803  -412.277858228  -412.277858228  -412.224928009
   137.500  -412.377977698  -412.331921818  -412.280610237  -412.280610237  -412.225153212
   138.000  -412.388265044  -412.342784645  -412.292100703  -412.292100703  -412.225796168
   138.500  -412.398368598  -412.352378974  -412.302690394  -412.302690394  -412.226072486
   139.000  -412.403034005  -412.355501008  -412.307070190  -412.307070190  -412.225998025
   139.500  -412.402375229  -412.352324051  -412.305290792  -412.305290792  -412.225820868
   140.000  -412.398593068  -412.345121933  -412.299500607  -412.299500607  -412.225646432
   140.500  -412.394148794  -412.336451963  -412.292137753  -412.292137753  -412.225500514
   141.000  -412.391158587  -412.328549302  -412.285335117  -412.285335117  -412.225400932
   141.500  -412.391053885  -412.322981254  -412.280578008  -412.280578008  -412.225357534
   142.000  -412.394412549  -412.320468461  -412.278526470  -412.278526470  -412.225360805
   142.500  -412.401086006  -412.321003173  -412.279132010  -412.279132010  -412.225391982
   143.000  -412.410475701  -412.324120724  -412.281906834  -412.281906834  -412.225444859
   143.500  -412.421642336  -412.329006433  -412.286031040  -412.286031040  -412.225538811
   144.000  -412.433063307  -412.334250540  -412.290114489  -412.290114489  -412.225708114
   144.500  -412.442268083  -412.337481320  -412.291840073  -412.291840073  -412.225933089
   145.000  -412.446424052  -412.335940943  -412.288557296  -412.288557296  -412.226009885
   145.500  -412.445474938  -412.329613969  -412.280426079  -412.280426079  -412.225619858
   146.000  -412.445931158  -412.325023735  -412.274199361  -412.274199361  -412.225019473
   146.500  -412.456168717  -412.330577624  -412.278497129  -412.278497129  -412.225129198
   147.000  -412.474446870  -412.344641303  -412.291786093  -412.291786093  -412.225792347
   147.500  -412.490881495  -412.357508441  -412.304332678  -412.304332678  -412.226098119
   148.000  -412.499647686  -412.363545964  -412.310408193  -412.310408193  -412.225970521
   148.500  -412.501331341  -412.363499745  -412.310644506  -412.310644506  -412.225752236
   149.000  -412.498566796  -412.360119517  -412.307675165  -412.307675165  -412.225605700
   149.500  -412.493390670  -412.355509973  -412.303498194  -412.303498194  -412.225529475
   150.000  -412.486973426  -412.350860652  -412.299217175  -412.299217175  -412.225487844
   150.500  -412.480020286  -412.346837761  -412.295449271  -412.295449271  -412.225461516
   151.000  -412.473059183  -412.343885195  -412.292604844  -412.292604844  -412.225443492
   151.500  -412.466533180  -412.342315148  -412.290973746  -412.290973746  -412.225438717
   152.000  -412.460728890  -412.342241956  -412.290648512  -412.290648512  -412.225459789
   152.500  -412.455583464  -412.343387925  -412.291334277  -412.291334277  -412.225525726
   153.000  -412.450414459  -412.344818975  -412.292090115  -412.292090115  -412.225656051
   153.500  -412.443698662  -412.344731506  -412.291126753  -412.291126753  -412.225842705
   154.000  -412.433368954  -412.340755430  -412.286129918  -412.286129918  -412.225973523
   154.500  -412.418700910  -412.331849963  -412.276175212  -412.276175212  -412.225779856
   155.000  -412.403968369  -412.321980038  -412.265404377  -412.265404377  -412.225177073
   155.500  -412.398491881  -412.320205475  -412.263072549  -412.263072549  -412.224863483
   156.000  -412.406678052  -412.330776823  -412.273552783  -412.273552783  -412.225381555
   156.500  -412.421217236  -412.346348235  -412.289510349  -412.289510349  -412.225982794
   157.000  -412.432698979  -412.357560249  -412.301525369  -412.301525369  -412.226072068
   157.500  -412.438448530  -412.361835842  -412.306949459  -412.306949459  -412.225861499
   158.000  -412.440571859  -412.361416462  -412.307954293  -412.307954293  -412.225666284
   158.500  -412.441496995  -412.358909217  -412.307063997  -412.307063997  -412.225584790
   159.000  -412.442243319  -412.355557374  -412.305414709  -412.305414709  -412.225571575
   159.500  -412.442874076  -412.351678253  -412.303198109  -412.303198109  -412.225559584
   160.000  -412.443420039  -412.347563131  -412.300572956  -412.300572956  -412.225519691
   160.500  -412.444318956  -412.343890524  -412.298093776  -412.298093776  -412.225463457
   161.000  -412.446273723  -412.341568883  -412.296559271  -412.296559271  -412.225421444
   161.500  -412.449796049  -412.341270662  -412.296556234  -412.296556234  -412.225430081
   162.000  -412.454660780  -412.342886877  -412.297923717  -412.297923717  -412.225525664
   162.500  -412.459410091  -412.345037456  -412.299272022  -412.299272022  -412.225723882
   163.000  -412.461239614  -412.344948422  -412.297893423  -412.297893423  -412.225960381
   163.500  -412.457253649  -412.339698789  -412.291031491  -412.291031491  -412.225984476
   164.000  -412.448290110  -412.330054883  -412.279699161  -412.279699161  -412.225487313
   164.500  -412.442431398  -412.324007535  -412.272166262  -412.272166262  -412.224861990
   165.000  -412.448418201  -412.330251217  -412.277332833  -412.277332833  -412.225098285
   165.500  -412.462871254  -412.345455934  -412.291917849  -412.291917849  -412.225869754
   166.000  -412.474407918  -412.358358614  -412.304576592  -412.304576592  -412.226186457
   166.500  -412.477117210  -412.363167966  -412.309391865  -412.309391865  -412.226007749
   167.000  -412.472511968  -412.361469324  -412.307832120  -412.307832120  -412.225712985
   167.500  -412.464527835  -412.357213955  -412.303750948  -412.303750948  -412.225512365
   168.000  -412.456149861  -412.353357263  -412.300020394  -412.300020394  -412.225433387
   168.500  -412.448718307  -412.351177034  -412.297843269  -412.297843269  -412.225428290
   169.000  -412.442504208  -412.350852230  -412.297328441  -412.297328441  -412.225444062
   169.500  -412.437467181  -412.352216289  -412.298238315  -412.298238315  -412.225454233
   170.000  -412.433660330  -412.355154012  -412.300382741  -412.300382741  -412.225464797
   170.500  -412.431156751  -412.359524907  -412.303547341  -412.303547341  -412.225503630
   171.000  -412.429637532  -412.364760322  -412.307104191  -412.307104191  -412.225604252
   171.500  -412.427881016  -412.369368984  -412.309550414  -412.309550414  -412.225789129
   172.000  -412.423498898  -412.370703204  -412.308306510  -412.308306510  -412.226019718
   172.500  -412.413700897  -412.365746696  -412.300544909  -412.300544909  -412.226104075
   173.000  -412.398283227  -412.354117678  -412.286212349  -412.286212349  -412.225725670
   173.500  -412.383636205  -412.342079048  -412.272010661  -412.272010661  -412.225015918
   174.000  -412.379806966  -412.339606268  -412.268329012  -412.268329012  -412.224897030
   174.500  -412.388287738  -412.348176518  -412.276853276  -412.276853276  -412.225527531
   175.000  -412.400123084  -412.358857685  -412.288582500  -412.288582500  -412.225980885
   175.500  -412.407952216  -412.364319085  -412.295932714  -412.295932714  -412.225960551
   176.000  -412.411118822  -412.363925224  -412.297957683  -412.297957683  -412.225767746
   176.500  -412.412072521  -412.360149503  -412.296833493  -412.296833493  -412.225613227
   177.000  -412.413104503  -412.355339901  -412.294650936  -412.294650936  -412.225518704
   177.500  -412.415677125  -412.351080711  -412.292787141  -412.292787141  -412.225450529
   178.000  -412.420719221  -412.348505259  -412.292230607  -412.292230607  -412.225403095
   178.500  -412.428680884  -412.348349633  -412.293637702  -412.293637702  -412.225392729
   179.000  -412.439342619  -412.350740624  -412.297113993  -412.297113993  -412.225423748
   179.500  -412.451796546  -412.355140300  -412.302145422  -412.302145422  -412.225486802
   180.000  -412.464619257  -412.360480077  -412.307715463  -412.307715463  -412.225584803
   180.500  -412.475897281  -412.365152812  -412.312283684  -412.312283684  -412.225741132
   181.000  -412.483017919  -412.366778366  -412.313549085  -412.313549085  -412.225959115
   181.500  -412.482882162  -412.362399198  -412.308651920  -412.308651920  -412.226117769
   182.000  -412.473985393  -412.350551388  -412.296256327  -412.296256327  -412.225905905
   182.500  -412.460666053  -412.335525648  -412.280809181  -412.280809181  -412.225216098
   183.000  -412.453338453  -412.327651362  -412.272779319  -412.272779319  -412.224829585
   183.500  -412.457401530  -412.332276278  -412.277561118  -412.277561118  -412.225336738
   184.000  -412.465834400  -412.342389731  -412.288064441  -412.288064441  -412.225919272
   184.500  -412.469572392  -412.348951536  -412.295102178  -412.295102178  -412.225995142
   185.000  -412.466282549  -412.349606191  -412.296179688  -412.296179688  -412.225803219
   185.500  -412.458103209  -412.346401900  -412.293240206  -412.293240206  -412.225626293
   186.000  -412.447594567  -412.341749908  -412.288616503  -412.288616503  -412.225531240
   186.500  -412.436437262  -412.337137726  -412.283732016  -412.283732016  -412.225478027
   187.000  -412.425820195  -412.333524072  -412.279491751  -412.279491751  -412.225419000
   187.500  -412.417051326  -412.331957798  -412.276902806  -412.276902806  -412.225339714
   188.000  -412.411692006  -412.333725401  -412.277231236  -412.277231236  -412.225273294
   188.500  -412.411006312  -412.339824597  -412.281483606  -412.281483606  -412.225282013
   189.000  -412.415025178  -412.350054179  -412.289503886  -412.289503886  -412.225407670
   189.500  -412.421942005  -412.362430446  -412.299390305  -412.299390305  -412.225641880
   190.000  -412.428284492  -412.373361980  -412.307668533  -412.307668533  -412.225937926
   190.500  -412.429793856  -412.378516158  -412.310159974  -412.310159974  -412.226184059
   191.000  -412.423426046  -412.374800471  -412.303966789  -412.303966789  -412.226117740
   191.500  -412.411214591  -412.364199618  -412.291318907  -412.291318907  -412.225518963
   192.000  -412.402458905  -412.355958523  -412.281714251  -412.281714251  -412.224906489
   192.500  -412.405760864  -412.358638370  -412.283872205  -412.283872205  -412.225135270
   193.000  -412.418085811  -412.369202856  -412.294724942  -412.294724942  -412.225766712
   193.500  -412.430168663  -412.378421404  -412.304850302  -412.304850302  -412.226005288
   194.000  -412.437469413  -412.381809864  -412.309520283  -412.309520283  -412.225890882
   194.500  -412.440770122  -412.380227144  -412.309377456  -412.309377456  -412.225715006
   195.000  -412.442254401  -412.375962184  -412.306557160  -412.306557160  -412.225598449
   195.500  -412.443474548  -412.370709756  -412.302662662  -412.302662662  -412.225541141
   196.000  -412.445151724  -412.365366360  -412.298552259  -412.298552259  -412.225515568
   196.500  -412.447538339  -412.360379396  -412.294672797  -412.294672797  -412.225493587
   197.000  -412.450859612  -412.356176341  -412.291467079  -412.291467079  -412.225447216
   197.500  -412.455730250  -412.353573431  -412.289764161  -412.289764161  -412.225366222
   198.000  -412.463243798  -412.353864092  -412.290859059  -412.290859059  -412.225297772
   198.500  -412.474200701  -412.358052767  -412.295751533  -412.295751533  -412.225353227
   199.000  -412.487510472  -412.365260193  -412.303565935  -412.303565935  -412.225617563
   199.500  -412.499122354  -412.371641726  -412.310491435  -412.310491435  -412.226022822
   200.000  -412.503318581  -412.371653850  -412.311065351  -412.311065351  -412.226281318
   200.500  -412.497218850  -412.362528307  -412.302656512  -412.302656512  -412.225972006
   201.000  -412.486366477  -412.349854435  -412.291028384  -412.291028384  -412.225177834
   201.500  -412.482177137  -412.345071211  -412.287742446  -412.287742446  -412.224972712
   202.000  -412.487516723  -412.351100621  -412.295678549  -412.295678549  -412.225631012
   202.500  -412.493236632  -412.358880925  -412.305559846  -412.305559846  -412.226104140
   203.000  -412.491626596  -412.360752961  -412.309462964  -412.309462964  -412.226050580
   203.500  -412.482374761  -412.356368068  -412.306826973  -412.306826973  -412.225800606
   204.000  -412.468730570  -412.348850327  -412.300638053  -412.300638053  -412.225586204
   204.500  -412.453947167  -412.341265234  -412.293878717  -412.293878717  -412.225455424
   205.000  -412.440250122  -412.335611205  -412.288498540  -412.288498540  -412.225394408
   205.500  -412.428893643  -412.332886301  -412.285463163  -412.285463163  -412.225384699
   206.000  -412.420389637  -412.333316454  -412.284975510  -412.284975510  -412.225412330
   206.500  -412.414714332  -412.336559253  -412.286679412  -412.286679412  -412.225462737
   207.000  -412.411513772  -412.341913237  -412.289881907  -412.289881907  -412.225521869
   207.500  -412.410265516  -412.348500848  -412.293759868  -412.293759868  -412.225590904
   208.000  -412.410182127  -412.355208321  -412.297334295  -412.297334295  -412.225707975
   208.500  -412.409661672  -412.360184178  -412.298986064  -412.298986064  -412.225917174
   209.000  -412.405899162  -412.360475234  -412.296089698  -412.296089698  -412.226119569
   209.500  -412.396801631  -412.353932120  -412.286879051  -412.286879051  -412.225932275
   210.000  -412.386311971  -412.344487616  -412.275668949  -412.275668949  -412.225182104
   210.500  -412.385379471  -412.343091855  -412.273679610  -412.273679610  -412.224818158
   211.000  -412.398854126  -412.354605661  -412.285788904  -412.285788904  -412.225489470
   211.500  -412.417505646  -412.369838602  -412.302537387  -412.302537387  -412.226154401
   212.000  -412.431002002  -412.378541359  -412.313262078  -412.313262078  -412.226215076
   212.500  -412.437050507  -412.378557457  -412.315423869  -412.315423869  -412.225980610
   213.000  -412.438170808  -412.372613249  -412.311475829  -412.311475829  -412.225743715
   213.500  -412.437378340  -412.364007396  -412.304559270  -412.304559270  -412.225578462
   214.000  -412.436765814  -412.355176964  -412.297048471  -412.297048471  -412.225470164
   214.500  -412.437574555  -412.347743011  -412.290561204  -412.290561204  -412.225396586
   215.000  -412.440501198  -412.342785265  -412.286203901  -412.286203901  -412.225350055
   215.500  -412.445831192  -412.340945502  -412.284654833  -412.284654833  -412.225337178
   216.000  -412.453373970  -412.342338464  -412.286063128  -412.286063128  -412.225372893
   216.500  -412.462274375  -412.346347197  -412.289839465  -412.289839465  -412.225474262
   217.000  -412.470792205  -412.351388888  -412.294430767  -412.294430767  -412.225654758
   217.500  -412.476191757  -412.354798718  -412.297213271  -412.297213271  -412.225901939
   218.000  -412.475096177  -412.353179096  -412.294865441  -412.294865441  -412.226122281
   218.500  -412.465154933  -412.344065157  -412.285062618  -412.285062618  -412.226057504
   219.000  -412.448893164  -412.329789416  -412.270350215  -412.270350215  -412.225431026
   219.500  -412.436621659  -412.320436857  -412.261059525  -412.261059525  -412.224711621
   220.000  -412.438647556  -412.326130679  -412.267462963  -412.267462963  -412.224978159
   220.500  -412.451322597  -412.343130575  -412.285753336  -412.285753336  -412.225877051
   221.000  -412.461564883  -412.358320436  -412.302567881  -412.302567881  -412.226308332
   221.500  -412.461816469  -412.364085643  -412.310012969  -412.310012969  -412.226185480
   222.000  -412.452772282  -412.361002118  -412.308444344  -412.308444344  -412.225888124
   222.500  -412.438466242  -412.352934265  -412.301576737  -412.301576737  -412.225635740
   223.000  -412.422760183  -412.343551589  -412.292987302  -412.292987302  -412.225473927
   223.500  -412.408363951  -412.335371416  -412.285137317  -412.285137317  -412.225378968
   224.000  -412.397005961  -412.329942871  -412.279547825  -412.279547825  -412.225321642
   224.500  -412.389784307  -412.328203967  -412.277156045  -412.277156045  -412.225289925
   225.000  -412.387317892  -412.330637813  -412.278472807  -412.278472807  -412.225289031
   225.500  -412.389651268  -412.337182634  -412.283497794  -412.283497794  -412.225337552
   226.000  -412.395985391  -412.346964142  -412.291453973  -412.291453973  -412.225462556
   226.500  -412.404319578  -412.357935170  -412.300426587  -412.300426587  -412.225690170
   227.000  -412.411193620  -412.366609044  -412.307094267  -412.307094267  -412.226009657
   227.500  -412.412142637  -412.368498417  -412.307165676  -412.307165676  -412.226274590
   228.000  -412.404279039  -412.360675922  -412.297937449  -412.297937449  -412.226104315
   228.500  -412.391734682  -412.347198768  -412.283699816  -412.283699816  -412.225263082
   229.000  -412.387498988  -412.340955145  -412.277512508  -412.277512508  -412.224636539
   229.500  -412.400433180  -412.350726388  -412.288150289  -412.288150289  -412.225213850
   230.000  -412.422763285  -412.368734750  -412.307603568  -412.307603568  -412.226088635
   230.500  -412.441304907  -412.381881582  -412.322430182  -412.322430182  -412.226344747
   231.000  -412.450726916  -412.384988592  -412.327148748  -412.327148748  -412.226147182
   231.500  -412.452709543  -412.379929775  -412.323442320  -412.323442320  -412.225852499
   232.000  -412.450956193  -412.370622863  -412.315152568  -412.315152568  -412.225627706
   232.500  -412.448462802  -412.360283910  -412.305506016  -412.305506016  -412.225496217
   233.000  -412.446948552  -412.350846078  -412.296509779  -412.296509779  -412.225420697
   233.500  -412.447281097  -412.343370178  -412.289351105  -412.289351105  -412.225364228
   234.000  -412.449977567  -412.338527534  -412.284880738  -412.284880738  -412.225317435
   234.500  -412.455341260  -412.336710370  -412.283734550  -412.283734550  -412.225294928
   235.000  -412.463244955  -412.337786154  -412.286096247  -412.286096247  -412.225331040
   235.500  -412.472719526  -412.340757253  -412.291215782  -412.291215782  -412.225474893
   236.000  -412.481522231  -412.343526631  -412.296838100  -412.296838100  -412.225752552
   236.500  -412.486034771  -412.342764978  -412.299092138  -412.299092138  -412.226088768
   237.000  -412.482271471  -412.334567611  -412.293746049  -412.293746049  -412.226254233
   237.500  -412.469468724  -412.318025973  -412.279895953  -412.279895953  -412.225847331
   238.000  -412.455298932  -412.300608283  -412.265115598  -412.265115598  -412.224997953
   238.500  -412.452389916  -412.294783371  -412.261929464  -412.261929464  -412.224893058
   239.000  -412.462457741  -412.302226926  -412.271942996  -412.271942996  -412.225670769
   239.500  -412.474490262  -412.312005423  -412.284052340  -412.284052340  -412.226151569
   240.000  -412.480132761  -412.315899250  -412.289854600  -412.289854600  -412.226079510
   240.500  -412.478908140  -412.313563437  -412.288873723  -412.288873723  -412.225820629
   241.000  -412.473840009  -412.308128158  -412.284170152  -412.284170152  -412.225582644
   241.500  -412.468114051  -412.302853029  -412.278977882  -412.278977882  -412.225426266
   242.000  -412.463898869  -412.299944155  -412.275498904  -412.275498904  -412.225367605
   242.500  -412.462033914  -412.300237060  -412.274574889  -412.274574889  -412.225379542
   243.000  -412.462373599  -412.303533466  -412.276028654  -412.276028654  -412.225411492
   243.500  -412.464469651  -412.309284572  -412.279356160  -412.279356160  -412.225433881
   244.000  -412.467981152  -412.317008676  -412.284152909  -412.284152909  -412.225454687
   244.500  -412.472568196  -412.326205707  -412.290023515  -412.290023515  -412.225505855
   245.000  -412.477437182  -412.335919022  -412.296136763  -412.296136763  -412.225629131
   245.500  -412.480785558  -412.344194994  -412.300674185  -412.300674185  -412.225852122
   246.000  -412.479600100  -412.347885080  -412.300625405  -412.300625405  -412.226105611
   246.500  -412.471055698  -412.344032831  -412.293189339  -412.293189339  -412.226089943
   247.000  -412.456990328  -412.334350044  -412.280260702  -412.280260702  -412.225463630
   247.500  -412.447493331  -412.328803012  -412.272035108  -412.272035108  -412.224799679
   248.000  -412.451778944  -412.336524066  -412.277862516  -412.277862516  -412.225193688
   248.500  -412.464391111  -412.352077682  -412.292368536  -412.292368536  -412.226016253
   249.000  -412.473077518  -412.363334638  -412.303282077  -412.303282077  -412.226244019
   249.500  -412.473026841  -412.365641405  -412.305712973  -412.305712973  -412.226015109
   250.000  -412.466537468  -412.361426217  -412.301882264  -412.301882264  -412.225730445
   250.500  -412.457519121  -412.354687907  -412.295646955  -412.295646955  -412.225520712
   251.000  -412.449104380  -412.348614595  -412.290105390  -412.290105390  -412.225386365
   251.500  -412.443305052  -412.345246902  -412.287239180  -412.287239180  -412.225342754
   252.000  -412.440742345  -412.345210030  -412.287636731  -412.287636731  -412.225390243
   252.500  -412.440681899  -412.347755876  -412.290528834  -412.290528834  -412.225469150
   253.000  -412.441887422  -412.351623510  -412.294642292  -412.294642292  -412.225516163
   253.500  -412.443539271  -412.355965846  -412.299118542  -412.299118542  -412.225528830
   254.000  -412.445315745  -412.360435518  -412.303596330  -412.303596330  -412.225562398
   254.500  -412.446642370  -412.364435806  -412.307465014  -412.307465014  -412.225689093
   255.000  -412.445729702  -412.366153253  -412.308911067  -412.308911067  -412.225935707
   255.500  -412.439457672  -412.362432570  -412.304809618  -412.304809618  -412.226153397
   256.000  -412.425948697  -412.351335952  -412.293308319  -412.293308319  -412.225920829
   256.500  -412.410347826  -412.337921162  -412.279606402  -412.279606402  -412.225081867
   257.000  -412.405221213  -412.334671347  -412.276335033  -412.276335033  -412.224725427
   257.500  -412.415379610  -412.346378767  -412.288340502  -412.288340502  -412.225524611
   258.000  -412.429634574  -412.361916841  -412.304414209  -412.304414209  -412.226250942
   258.500  -412.436377930  -412.369762198  -412.312888348  -412.312888348  -412.226267683
   259.000  -412.433732030  -412.368087978  -412.311811127  -412.311811127  -412.225955139
   259.500  -412.425458646  -412.360659470  -412.304870508  -412.304870508  -412.225668830
   260.000  -412.415645146  -412.351542623  -412.296090252  -412.296090252  -412.225507622
   260.500  -412.406840443  -412.343263587  -412.287975736  -412.287975736  -412.225424513
   261.000  -412.400485235  -412.337253414  -412.281947125  -412.281947125  -412.225347749
   261.500  -412.397796779  -412.334731500  -412.279224474  -412.279224474  -412.225280506
   262.000  -412.399705064  -412.336639047  -412.280761291  -412.280761291  -412.225281505
   262.500  -412.406064424  -412.342847459  -412.286455591  -412.286455591  -412.225367186
   263.000  -412.415442746  -412.351945815  -412.294924875  -412.294924875  -412.225500505
   263.500  -412.425637527  -412.361750831  -412.304008415  -412.304008415  -412.225672119
   264.000  -412.433906316  -412.369527101  -412.310987979  -412.310987979  -412.225915725
   264.500  -412.436738843  -412.371747750  -412.312363268  -412.312363268  -412.226200238
   265.000  -412.430748101  -412.364972204  -412.304763483  -412.304763483  -412.226245667
   265.500  -412.417006287  -412.350175624  -412.289306688  -412.289306688  -412.225608746
   266.000  -412.406169354  -412.337891649  -412.276737125  -412.276737125  -412.224718292
   266.500  -412.410762169  -412.340557104  -412.279673659  -412.279673659  -412.224958219
   267.000  -412.427483267  -412.354880218  -412.294846947  -412.294846947  -412.225920985
   267.500  -412.442208204  -412.366837746  -412.308095024  -412.308095024  -412.226309850
   268.000  -412.447511853  -412.369136669  -412.311935005  -412.311935005  -412.226138921
   268.500  -412.444465733  -412.362964541  -412.307397671  -412.307397671  -412.225852064
   269.000  -412.436782777  -412.352125032  -412.298177969  -412.298177969  -412.225628191
   269.500  -412.427750565  -412.339978371  -412.287565267  -412.287565267  -412.225474505
   270.000  -412.419774131  -412.328996016  -412.277979916  -412.277979916  -412.225369830
   270.500  -412.414545133  -412.320938421  -412.271143566  -412.271143566  -412.225297407
   271.000  -412.413230741  -412.317047903  -412.268269895  -412.268269895  -412.225243083
   271.500  -412.416625090  -412.318199358  -412.270211366  -412.270211366  -412.225219280
   272.000  -412.424941551  -412.324682973  -412.277241329  -412.277241329  -412.225273328
   272.500  -412.437185670  -412.335563278  -412.288410779  -412.288410779  -412.225439128
   273.000  -412.450735368  -412.348245490  -412.301113159  -412.301113159  -412.225710204
   273.500  -412.461512730  -412.358635642  -412.311251971  -412.311251971  -412.226059137
   274.000  -412.464668789  -412.361824996  -412.313932879  -412.313932879  -412.226368700
   274.500  -412.456824766  -412.354328721  -412.305731310  -412.305731310  -412.226256778
   275.000  -412.441692522  -412.339711576  -412.290340442  -412.290340442  -412.225361234
   275.500  -412.433399732  -412.331946641  -412.281893156  -412.281893156  -412.224594766
   276.000  -412.442617800  -412.341611133  -412.291045850  -412.291045850  -412.225212491
   276.500  -412.460941469  -412.360320288  -412.309326124  -412.309326124  -412.226126503
   277.000  -412.474299957  -412.374104294  -412.322591318  -412.322591318  -412.226286506
   277.500  -412.478255772  -412.378631845  -412.326387364  -412.326387364  -412.226023750
   278.000  -412.475282096  -412.376448039  -412.323229650  -412.323229650  -412.225770921
   278.500  -412.468602494  -412.370809767  -412.316410246  -412.316410246  -412.225640883
   279.000  -412.460086926  -412.363582519  -412.307859518  -412.307859518  -412.225585716
   279.500  -412.450724759  -412.355721208  -412.298594736  -412.298594736  -412.225521559
   280.000  -412.441755712  -412.348407335  -412.289844354  -412.289844354  -412.225394095
   280.500  -412.435370906  -412.343762786  -412.283754180  -412.283754180  -412.225226303
   281.000  -412.434245452  -412.344402469  -412.282944904  -412.282944904  -412.225126085
   281.500  -412.439909329  -412.351821925  -412.288904539  -412.288904539  -412.225206994
   282.000  -412.451107626  -412.364760632  -412.300361160  -412.300361160  -412.225493267
   282.500  -412.463491946  -412.378878707  -412.312972089  -412.312972089  -412.225917017
   283.000  -412.470773089  -412.387886395  -412.320463866  -412.320463866  -412.226359533
   283.500  -412.466914389  -412.385707029  -412.316818300  -412.316818300  -412.226562778
   284.000  -412.450490218  -412.370813243  -412.300637845  -412.300637845  -412.226043455
   284.500  -412.430985079  -412.352534264  -412.281456369  -412.281456369  -412.224905836
   285.000  -412.424989740  -412.347317972  -412.275916558  -412.275916558  -412.224694979
   285.500  -412.435528269  -412.358148372  -412.287040124  -412.287040124  -412.225657469
   286.000  -412.448961381  -412.371459415  -412.301116697  -412.301116697  -412.226231607
   286.500  -412.455187713  -412.377258460  -412.307958100  -412.307958100  -412.226114157
   287.000  -412.454038688  -412.375454072  -412.307334510  -412.307334510  -412.225816382
   287.500  -412.449013728  -412.369578454  -412.302714439  -412.302714439  -412.225613263
   288.000  -412.442885081  -412.362408613  -412.296856152  -412.296856152  -412.225528139
   288.500  -412.436944691  -412.355233574  -412.291043663  -412.291043663  -412.225506345
   289.000  -412.431658140  -412.348516138  -412.285730041  -412.285730041  -412.225488032
   289.500  -412.427519964  -412.342751752  -412.281385305  -412.281385305  -412.225426938
   290.000  -412.425704100  -412.339120838  -412.279145773  -412.279145773  -412.225311437
   290.500  -412.428137676  -412.339569806  -412.280897609  -412.280897609  -412.225199762
   291.000  -412.436531567  -412.345855998  -412.288327466  -412.288327466  -412.225217266
   291.500  -412.450520858  -412.357701217  -412.301089369  -412.301089369  -412.225465880
   292.000  -412.466280985  -412.371408422  -412.315433153  -412.315433153  -412.225918460
   292.500  -412.477111941  -412.380419580  -412.324786953  -412.324786953  -412.226392959
   293.000  -412.476511504  -412.378342955  -412.322815888  -412.322815888  -412.226512558
   293.500  -412.463970461  -412.364706719  -412.309205784  -412.309205784  -412.225852448
   294.000  -412.449957017  -412.349945488  -412.294625408  -412.294625408  -412.224915922
   294.500  -412.447437481  -412.346984812  -412.292184236  -412.292184236  -412.225071731
   295.000  -412.454447141  -412.353883500  -412.299930154  -412.299930154  -412.225894422
   295.500  -412.459101334  -412.358833507  -412.305881470  -412.305881470  -412.226167114
   296.000  -412.455908619  -412.356407359  -412.304425021  -412.304425021  -412.225934076
   296.500  -412.446995375  -412.348746833  -412.297591846  -412.297591846  -412.225629298
   297.000  -412.436345490  -412.339811749  -412.289303373  -412.289303373  -412.225431306
   297.500  -412.426784346  -412.332381188  -412.282345235  -412.282345235  -412.225349830
   298.000  -412.419540060  -412.327624595  -412.277910835  -412.277910835  -412.225357160
   298.500  -412.414564534  -412.325428833  -412.275909665  -412.275909665  -412.225423004
   299.000  -412.410998636  -412.324859460  -412.275422097  -412.275422097  -412.225504802
   299.500  -412.407849415  -412.324837552  -412.275369819  -412.275369819  -412.225541421
   300.000  -412.404888665  -412.325035905  -412.275415666  -412.275415666  -412.225488293
   300.500  -412.403224624  -412.326456576  -412.276544752  -412.276544752  -412.225388767
   301.000  -412.404543213  -412.330686254  -412.280327184  -412.280327184  -412.225404364
   301.500  -412.408761303  -412.337566477  -412.286599518  -412.286599518  -412.225685347
   302.000  -412.412108128  -412.343279889  -412.291569055  -412.291569055  -412.226119287
   302.500  -412.409193464  -412.342406214  -412.289882876  -412.289882876  -412.226206063
   303.000  -412.400182300  -412.335071193  -412.281787708  -412.281787708  -412.225536597
   303.500  -412.395135954  -412.331290243  -412.277436102  -412.277436102  -412.224931102
   304.000  -412.402056963  -412.339057510  -412.284882882  -412.284882882  -412.225450984
   304.500  -412.413766738  -412.351255056  -412.296941443  -412.296941443  -412.226174538
   305.000  -412.419173465  -412.356888205  -412.302486450  -412.302486450  -412.226227509
   305.500  -412.415874699  -412.353633616  -412.299097079  -412.299097079  -412.225895491
   306.000  -412.407702641  -412.345363824  -412.290610355  -412.290610355  -412.225563868
   306.500  -412.399214585  -412.336650856  -412.281604109  -412.281604109  -412.225355645
   307.000  -412.393446292  -412.330538750  -412.275145151  -412.275145151  -412.225268785
   307.500  -412.391688896  -412.328338079  -412.272563629  -412.272563629  -412.225275503
   308.000  -412.393819394  -412.329958344  -412.273781610  -412.273781610  -412.225346763
   308.500  -412.398735347  -412.334342444  -412.277742631  -412.277742631  -412.225452659
   309.000  -412.404829997  -412.339933253  -412.282879447  -412.282879447  -412.225563437
   309.500  -412.410495747  -412.345170035  -412.287605090  -412.287605090  -412.225648905
   310.000  -412.414616241  -412.348972130  -412.290795019  -412.290795019  -412.225694459
   310.500  -412.416777534  -412.350943061  -412.291996505  -412.291996505  -412.225741234
   311.000  -412.416670108  -412.350768917  -412.290846837  -412.290846837  -412.225880556
   311.500  -412.413006101  -412.347130311  -412.286024981  -412.286024981  -412.226051532
   312.000  -412.404881637  -412.339062674  -412.276652043  -412.276652043  -412.225807760
   312.500  -412.397609812  -412.331795323  -412.268145031  -412.268145031  -412.225027393
   313.000  -412.402291290  -412.336363362  -412.271764213  -412.271764213  -412.224962247
   313.500  -412.419213949  -412.353056005  -412.287941338  -412.287941338  -412.225933737
   314.000  -412.434285590  -412.367852802  -412.302652824  -412.302652824  -412.226485026
   314.500  -412.437798330  -412.371124978  -412.306183581  -412.306183581  -412.226268826
   315.000  -412.431125335  -412.364281090  -412.299847690  -412.299847690  -412.225815053
   315.500  -412.420203004  -412.353246695  -412.289491991  -412.289491991  -412.225457063
   316.000  -412.410258700  -412.343212850  -412.280240171  -412.280240171  -412.225264658
   316.500  -412.404308827  -412.337153665  -412.275002986  -412.275002986  -412.225204419
   317.000  -412.403426421  -412.336101081  -412.274755657  -412.274755657  -412.225222019
   317.500  -412.407463562  -412.339871247  -412.279266821  -412.279266821  -412.225277535
   318.000  -412.415631820  -412.347644721  -412.287679913  -412.287679913  -412.225357338
   318.500  -412.426726763  -412.358189047  -412.298736773  -412.298736773  -412.225468413
   319.000  -412.439081432  -412.369809820  -412.310722930  -412.310722930  -412.225621768
   319.500  -412.450452530  -412.380232785  -412.321352007  -412.321352007  -412.225823750
   320.000  -412.458003292  -412.386582442  -412.327750799  -412.327750799  -412.226069596
   320.500  -412.458536386  -412.385610059  -412.326705811  -412.326705811  -412.226303951
   321.000  -412.449672208  -412.374866179  -412.315870540  -412.315870540  -412.226281325
   321.500  -412.433746914  -412.356596058  -412.297700086  -412.297700086  -412.225577256
   322.000  -412.422663079  -412.342604624  -412.284308467  -412.284308467  -412.224630398
   322.500  -412.429565431  -412.345984155  -412.289074947  -412.289074947  -412.225010555
   323.000  -412.448832137  -412.361161310  -412.306536508  -412.306536508  -412.226199568
   323.500  -412.462712981  -412.370503266  -412.319023063  -412.319023063  -412.226591407
   324.000  -412.463050639  -412.365956745  -412.318451351  -412.318451351  -412.226245171
   324.500  -412.452977303  -412.350733000  -412.308022595  -412.308022595  -412.225769111
   325.000  -412.438839864  -412.331278964  -412.294076283  -412.294076283  -412.225438602
   325.500  -412.425605654  -412.312675101  -412.281465474  -412.281465474  -412.225277035
   326.000  -412.415997238  -412.297737954  -412.272732510  -412.272732510  -412.225226624
   326.500  -412.411089815  -412.287630198  -412.268757642  -412.268757642  -412.225231023
   327.000  -412.411086936  -412.282698152  -412.269546592  -412.269546592  -412.225264294
   327.500  -412.415761713  -412.283023987  -412.274618622  -412.274618622  -412.225343196
   328.000  -412.424517359  -412.288738981  -412.282892892  -412.288738981  -412.225461192
   328.500  -412.435527747  -412.298063024  -412.291225562  -412.298063024  -412.225840079
   329.000  -412.447013939  -412.309320294  -412.299813665  -412.309320294  -412.226172490
   329.500  -412.455129732  -412.317515221  -412.305905777  -412.317515221  -412.226559533
   330.000  -412.454826800  -412.317409667  -412.304674021  -412.317409667  -412.226899185
   330.500  -412.442657228  -412.305571111  -412.292591224  -412.305571111  -412.226696624
   331.000  -412.423956511  -412.287458205  -412.274712172  -412.287458205  -412.225575946
   331.500  -412.415662286  -412.280305570  -412.267567147  -412.280305570  -412.224835192
   332.000  -412.427395665  -412.294308398  -412.280329760  -412.294308398  -412.225711981
   332.500  -412.446411323  -412.317481535  -412.299921234  -412.317481535  -412.226659031
   333.000  -412.457170768  -412.334856239  -412.310845291  -412.334856239  -412.226732469
   333.500  -412.456061141  -412.343100538  -412.309960365  -412.343100538  -412.226415915
   334.000  -412.446564278  -412.345346066  -412.301830446  -412.345346066  -412.226295829
   334.500  -412.433172263  -412.343787132  -412.292395661  -412.343787132  -412.226153756
   335.000  -412.419048586  -412.340185642  -412.283991780  -412.340185642  -412.226000876
   335.500  -412.405897932  -412.336428243  -412.276721539  -412.336428243  -412.225915315
   336.000  -412.394772276  -412.333667365  -412.270756850  -412.333667365  -412.225853697
   336.500  -412.386510471  -412.332733374  -412.266532245  -412.332733374  -412.225805123
   337.000  -412.381748706  -412.334265377  -412.264543115  -412.334265377  -412.225784719
   337.500  -412.380642842  -412.338468668  -412.264966462  -412.338468668  -412.225821797
   338.000  -412.382449977  -412.344689571  -412.267190558  -412.344689571  -412.225950152
   338.500  -412.385070978  -412.350943029  -412.269318283  -412.350943029  -412.226199123
   339.000  -412.384756573  -412.353600882  -412.267843893  -412.353600882  -412.226549655
   339.500  -412.376714048  -412.347982094  -412.258236602  -412.347982094  -412.226815173
   340.000  -412.358258004  -412.331492665  -412.238065143  -412.331492665  -412.226560449
   340.500  -412.334795140  -412.309604138  -412.212957688  -412.309604138  -412.225640569
   341.000  -412.320121653  -412.296157139  -412.196865420  -412.296157139  -412.225145832
   341.500  -412.321178715  -412.298130692  -412.196793399  -412.298130692  -412.225796583
   342.000  -412.329027932  -412.306622407  -412.203795860  -412.306622407  -412.226453823
   342.500  -412.333120630  -412.311105871  -412.207297606  -412.311105871  -412.226491842
   343.000  -412.331145406  -412.309272726  -412.204974537  -412.309272726  -412.226260787
   343.500  -412.325427857  -412.303439522  -412.199151078  -412.303439522  -412.226058979
   344.000  -412.318539409  -412.296162991  -412.192395290  -412.296162991  -412.225928545
   344.500  -412.312286212  -412.289230421  -412.186492669  -412.289230421  -412.225831247
   345.000  -412.308080733  -412.284029257  -412.182809594  -412.284029257  -412.225747203
   345.500  -412.307187954  -412.281791248  -412.182537106  -412.281791248  -412.225680738
   346.000  -412.310641681  -412.283508427  -412.186608338  -412.283508427  -412.225643730
   346.500  -412.319040201  -412.289730565  -412.195497366  -412.289730565  -412.225647818
   347.000  -412.332347562  -412.300369288  -412.209026188  -412.300369288  -412.225704724
   347.500  -412.349698306  -412.314509867  -412.226176188  -412.314509867  -412.225830406
   348.000  -412.369168639  -412.330191455  -412.244871295  -412.330191455  -412.226043655
   348.500  -412.387556136  -412.344198612  -412.261775043  -412.344198612  -412.226348210
   349.000  -412.400489960  -412.352180833  -412.272422956  -412.352180833  -412.226672533
   349.500  -412.403796856  -412.350015908  -412.272607491  -412.350015908  -412.226768466
   350.000  -412.397324130  -412.337612389  -412.262203142  -412.337612389  -412.226293728
   350.500  -412.389135197  -412.323082920  -412.249342936  -412.323082920  -412.225493741
   351.000  -412.390828887  -412.318072507  -412.245718236  -412.318072507  -412.225404018
   351.500  -412.403740644  -412.323996888  -412.252784589  -412.323996888  -412.226066600
   352.000  -412.418244247  -412.331351864  -412.261092006  -412.331351864  -412.226513566
   352.500  -412.426593367  -412.332496182  -412.263172077  -412.332496182  -412.226502350
   353.000  -412.427777730  -412.326278375  -412.258572909  -412.326278375  -412.226407487
   353.500  -412.424377935  -412.310896634  -412.254959325  -412.310896634  -412.225584670
   354.000  -412.417767994  -412.297648586  -412.250733330  -412.297648586  -412.226585473
   354.500  -412.411093240  -412.288256155  -412.244836519  -412.288256155  -412.226552282
   355.000  -412.406025581  -412.282621678  -412.240021507  -412.282621678  -412.226487172
   355.500  -412.403741417  -412.281715019  -412.237576376  -412.281715019  -412.226428977
   356.000  -412.404960371  -412.286454475  -412.238170798  -412.286454475  -412.226371982
   356.500  -412.409815487  -412.297791210  -412.241691000  -412.297791210  -412.226272663
   357.000  -412.417569441  -412.315620884  -412.248616698  -412.315620884  -412.227160692
   357.500  -412.427237502  -412.333829186  -412.261530680  -412.333829186  -412.227074145
   358.000  -412.436708878  -412.350905622  -412.275490144  -412.350905622  -412.227247548
   358.500  -412.442905532  -412.364268425  -412.286240939  -412.364268425  -412.227463936
   359.000  -412.442860104  -412.370891313  -412.290398494  -412.370891313  -412.227556232
   359.500  -412.435743067  -412.369796656  -412.286942978  -412.369796656  -412.227346991
   360.000  -412.424957565  -412.364253129  -412.279217386  -412.364253129  -412.226941862
   360.500  -412.416300311  -412.359967926  -412.273042281  -412.359967926  -412.226796980
   361.000  -412.411991032  -412.359126247  -412.270691357  -412.359126247  -412.227022565
   361.500  -412.409160099  -412.358864153  -412.269336346  -412.358864153  -412.227235841
   362.000  -412.404633664  -412.356032095  -412.265814793  -412.356032095  -412.227252222
   362.500  -412.397770720  -412.350020803  -412.259462762  -412.350020803  -412.227166630
   363.000  -412.389518314  -412.341814452  -412.251171658  -412.341814452  -412.227076181
   363.500  -412.381050678  -412.332635716  -412.242034743  -412.332635716  -412.227006309
   364.000  -412.373320817  -412.323502146  -412.232919826  -412.323502146  -412.226947505
   364.500  -412.367143701  -412.315311012  -412.224575878  -412.315311012  -412.226888758
   365.000  -412.363324167  -412.308968618  -412.217779982  -412.308968618  -412.226831456
   365.500  -412.362623372  -412.305353830  -412.213311750  -412.305353830  -412.226788896
   366.000  -412.365562018  -412.305113291  -412.211757865  -412.305113291  -412.226780549
   366.500  -412.372128045  -412.308360652  -412.213218079  -412.308360652  -412.226829911
   367.000  -412.381465404  -412.314347686  -412.216994508  -412.314347686  -412.226953778
   367.500  -412.391705452  -412.321278748  -412.221420803  -412.321278748  -412.227133141
   368.000  -412.400400079  -412.326725385  -412.224281235  -412.326725385  -412.227256796
   368.500  -412.406227463  -412.329326982  -412.224484605  -412.329326982  -412.227139933
   369.000  -412.411312094  -412.331131263  -412.224335821  -412.331131263  -412.226826948
   369.500  -412.420040035  -412.336446420  -412.228313183  -412.336446420  -412.226795915
   370.000  -412.432753892  -412.345579897  -412.236763665  -412.345579897  -412.227196304
   370.500  -412.444048684  -412.353128114  -412.244244996  -412.353128114  -412.227498019
   371.000  -412.449469810  -412.354648235  -412.246265572  -412.354648235  -412.227444358
   371.500  -412.449320754  -412.350448457  -412.243103184  -412.350448457  -412.227241096
   372.000  -412.446284429  -412.343217690  -412.237413555  -412.343217690  -412.227082239
   372.500  -412.442645550  -412.335271060  -412.231449274  -412.335271060  -412.226995453
   373.000  -412.439692507  -412.327964574  -412.226465535  -412.327964574  -412.226938299
   373.500  -412.438202905  -412.322194312  -412.223223297  -412.322194312  -412.226884640
   374.000  -412.438814242  -412.318765824  -412.222382250  -412.318765824  -412.226838225
   374.500  -412.441982867  -412.318345814  -412.224486789  -412.318345814  -412.226820881
   375.000  -412.447696434  -412.321141628  -412.229700097  -412.321141628  -412.226862220
   375.500  -412.455132430  -412.326474964  -412.237473930  -412.326474964  -412.226993687
   376.000  -412.462422689  -412.332394589  -412.246273292  -412.332394589  -412.227225811
   376.500  -412.466782885  -412.335762431  -412.253632285  -412.335762431  -412.227458575
   377.000  -412.465557105  -412.334316372  -412.257061620  -412.334316372  -412.227279219
   377.500  -412.459273640  -412.331040359  -412.256522761  -412.331040359  -412.226890699
   378.000  -412.455332842  -412.332644785  -412.259083202  -412.332644785  -412.226461140
   378.500  -412.460610855  -412.344706810  -412.271603571  -412.344706810  -412.226812214
   379.000  -412.470519455  -412.362066621  -412.289322534  -412.362066621  -412.227576831
   379.500  -412.474102114  -412.373470365  -412.301028233  -412.373470365  -412.227887476
   380.000  -412.466093452  -412.373411767  -412.301162273  -412.373411767  -412.227685991
   380.500  -412.448885572  -412.364042705  -412.291809318  -412.364042705  -412.227281896
   381.000  -412.428390159  -412.351027229  -412.278597874  -412.351027229  -412.226920434
   381.500  -412.410124455  -412.339657176  -412.266816141  -412.339657176  -412.226750600
   382.000  -412.396832990  -412.332497202  -412.259061182  -412.332497202  -412.226781126
   382.500  -412.388257491  -412.329170112  -412.255015946  -412.329170112  -412.226893426
   383.000  -412.382769873  -412.327991206  -412.253068297  -412.327991206  -412.226970596
   383.500  -412.379091625  -412.327675670  -412.252001917  -412.327675670  -412.226983922
   384.000  -412.376809426  -412.327840788  -412.251484474  -412.327840788  -412.226975032
   384.500  -412.375851986  -412.328467448  -412.251527274  -412.328467448  -412.227006105
   385.000  -412.375617467  -412.329019705  -412.251611385  -412.329019705  -412.227129622
   385.500  -412.374291955  -412.327756364  -412.250013039  -412.327756364  -412.227348476
   386.000  -412.369066191  -412.321944489  -412.244043638  -412.321944489  -412.227510193
   386.500  -412.358717124  -412.310437138  -412.232644185  -412.310437138  -412.227238352
   387.000  -412.348682996  -412.298747022  -412.221471126  -412.298747022  -412.226449726
   387.500  -412.350539192  -412.298536161  -412.222314236  -412.298536161  -412.226183979
   388.000  -412.367624611  -412.313265532  -412.238639400  -412.313265532  -412.227002476
   388.500  -412.388242849  -412.331388686  -412.258727356  -412.331388686  -412.227752394
   389.000  -412.400393948  -412.341032641  -412.270463792  -412.341032641  -412.227843180
   389.500  -412.401181491  -412.339369164  -412.270813917  -412.339369164  -412.227595725
   390.000  -412.393530591  -412.329329205  -412.262576109  -412.329329205  -412.227280728
   390.500  -412.382135645  -412.315564886  -412.250330217  -412.315564886  -412.226960755
   391.000  -412.372042059  -412.303055289  -412.239023457  -412.303055289  -412.226680792
   391.500  -412.367631841  -412.296124301  -412.232975080  -412.296124301  -412.226548851
   392.000  -412.370935785  -412.296784835  -412.234215254  -412.296784835  -412.226630538
   392.500  -412.380695515  -412.303820826  -412.241560920  -412.303820826  -412.226838752
   393.000  -412.393605355  -412.314028524  -412.251847524  -412.314028524  -412.227018479
   393.500  -412.406579413  -412.324468990  -412.262169789  -412.324468990  -412.227099829
   394.000  -412.417905601  -412.333604651  -412.271004564  -412.333604651  -412.227123220
   394.500  -412.426810668  -412.340846370  -412.277761449  -412.340846370  -412.227173584
   395.000  -412.432306732  -412.345381273  -412.281615847  -412.345381273  -412.227323372
   395.500  -412.432305247  -412.345253912  -412.280615432  -412.345253912  -412.227553202
   396.000  -412.424279175  -412.337990603  -412.272323171  -412.337990603  -412.227610099
   396.500  -412.409270031  -412.324573382  -412.257805801  -412.324573382  -412.227059692
   397.000  -412.397073075  -412.314644078  -412.246804447  -412.314644078  -412.226213512
   397.500  -412.399998311  -412.320336646  -412.251498833  -412.320336646  -412.226402126
   398.000  -412.415493670  -412.338969236  -412.269144867  -412.338969236  -412.227404636
   398.500  -412.428970132  -412.355867496  -412.284935499  -412.355867496  -412.227899109
   399.000  -412.431587600  -412.362096168  -412.289823965  -412.362096168  -412.227785209
   399.500  -412.423629662  -412.357803872  -412.283919811  -412.357803872  -412.227501688
   400.000  -412.408863598  -412.346601284  -412.270858787  -412.346601284  -412.227250791
   400.500  -412.391162048  -412.332215131  -412.254427560  -412.332215131  -412.227040665
   401.000  -412.373971361  -412.317978230  -412.238026588  -412.317978230  -412.226847418
   401.500  -412.360459641  -412.306980928  -412.224810786  -412.306980928  -412.226686052
   402.000  -412.353195393  -412.301745462  -412.217357724  -412.301745462  -412.226613607
   402.500  -412.353310497  -412.303373917  -412.216824799  -412.303373917  -412.226670628
   403.000  -412.359944564  -412.310979906  -412.222382704  -412.310979906  -412.226823753
   403.500  -412.370757869  -412.322185173  -412.231720599  -412.322185173  -412.226993807
   404.000  -412.383069630  -412.334256119  -412.242161089  -412.334256119  -412.227147342
   404.500  -412.394448354  -412.344691213  -412.251241561  -412.344691213  -412.227306473
   405.000  -412.402512532  -412.351032080  -412.256499307  -412.351032080  -412.227485702
   405.500  -412.404898685  -412.350836599  -412.255451474  -412.350836599  -412.227594338
   406.000  -412.400728240  -412.343152666  -412.247083409  -412.343152666  -412.227403657
   406.500  -412.393683593  -412.331607269  -412.234951703  -412.331607269  -412.226825856
   407.000  -412.392427795  -412.324847296  -412.227632531  -412.324847296  -412.226398876
   407.500  -412.402853563  -412.328824753  -412.230991554  -412.328824753  -412.226691585
   408.000  -412.420766498  -412.339499708  -412.240906805  -412.339499708  -412.227257910
   408.500  -412.437462273  -412.348406307  -412.248881592  -412.348406307  -412.227511249
   409.000  -412.448064662  -412.350949148  -412.250387074  -412.350949148  -412.227464440
   409.500  -412.452258446  -412.347103358  -412.245522902  -412.347103358  -412.227314440
   410.000  -412.451750577  -412.338844987  -412.236363451  -412.338844987  -412.227145312
   410.500  -412.448851987  -412.328725983  -412.225444499  -412.328725983  -412.226967734
   411.000  -412.446125741  -412.319526889  -412.215430308  -412.319526889  -412.226795224
   411.500  -412.446012199  -412.313919121  -412.208817870  -412.313919121  -412.226674414
   412.000  -412.450126233  -412.313764546  -412.207314060  -412.313764546  -412.226643424
   412.500  -412.458663998  -412.319500800  -412.211288621  -412.319500800  -412.226721193
   413.000  -412.470431537  -412.329916541  -412.219791735  -412.329916541  -412.226896521
   413.500  -412.483289134  -412.342469512  -412.230889465  -412.342469512  -412.227083615
   414.000  -412.494430712  -412.354196050  -412.241848359  -412.354196050  -412.227279556
   414.500  -412.500744867  -412.362048375  -412.249600136  -412.362048375  -412.227475324
   415.000  -412.499469089  -412.363249770  -412.251431586  -412.363249770  -412.227567449
   415.500  -412.489800874  -412.356887117  -412.246532310  -412.356887117  -412.227367627
   416.000  -412.475294944  -412.346352232  -412.238324393  -412.346352232  -412.226877974
   416.500  -412.463190794  -412.338715762  -412.233784662  -412.338715762  -412.226586086
   417.000  -412.457676729  -412.338034891  -412.236779401  -412.338034891  -412.226828974
   417.500  -412.455537969  -412.341015380  -412.243788112  -412.341015380  -412.227197424
   418.000  -412.451270623  -412.342108572  -412.249039640  -412.342108572  -412.227314157
   418.500  -412.442531240  -412.338933818  -412.249950048  -412.338933818  -412.227239227
   419.000  -412.429925089  -412.332048971  -412.246896974  -412.332048971  -412.227126693
   419.500  -412.414959008  -412.322894109  -412.241166834  -412.322894109  -412.227031494
   420.000  -412.399136557  -412.312876669  -412.234051229  -412.312876669  -412.226938518
   420.500  -412.384079899  -412.303466260  -412.226970080  -412.303466260  -412.226830959
   421.000  -412.371755735  -412.296360757  -412.221696353  -412.296360757  -412.226724471
   421.500  -412.363902734  -412.293258114  -412.220072813  -412.293258114  -412.226645117
   422.000  -412.360888377  -412.295048723  -412.222863224  -412.295048723  -412.226722974
   422.500  -412.361807964  -412.300629369  -412.228854035  -412.300629369  -412.226903083
   423.000  -412.364184579  -412.307283657  -412.235368985  -412.307283657  -412.227134735
   423.500  -412.364704058  -412.311574803  -412.239086116  -412.311574803  -412.227340576
   424.000  -412.360574827  -412.310629975  -412.237288596  -412.310629975  -412.227400136
   424.500  -412.351417088  -412.304001438  -412.229705326  -412.304001438  -412.227172871
   425.000  -412.341044996  -412.295441521  -412.220262107  -412.295441521  -412.226731686
   425.500  -412.335927432  -412.291368564  -412.215513988  -412.291368564  -412.226523396
   426.000  -412.339071489  -412.294759272  -412.218504282  -412.294759272  -412.226770749
   426.500  -412.347166379  -412.302291934  -412.225899633  -412.302291934  -412.227092288
   427.000  -412.355441104  -412.309191578  -412.232859508  -412.309191578  -412.227190286
   427.500  -412.361971263  -412.313527215  -412.237363886  -412.313527215  -412.227136401
   428.000  -412.367131713  -412.315667401  -412.239683097  -412.315667401  -412.227071264
   428.500  -412.371682279  -412.316378848  -412.240476345  -412.316378848  -412.227043473
   429.000  -412.375966699  -412.316039565  -412.240003468  -412.316039565  -412.227032351
   429.500  -412.380127589  -412.314863854  -412.238355036  -412.314863854  -412.227001745
   430.000  -412.384584116  -412.313383771  -412.235944096  -412.313383771  -412.226938251
   430.500  -412.390191716  -412.312607429  -412.233677435  -412.312607429  -412.226866038
   431.000  -412.397847985  -412.313635378  -412.232583491  -412.313635378  -412.226828760
   431.500  -412.406640168  -412.318124853  -412.233962347  -412.318124853  -412.227980874
   432.000  -412.418035661  -412.322900588  -412.237720062  -412.322900588  -412.228090812
   432.500  -412.428407139  -412.326833338  -412.240377867  -412.326833338  -412.228293519
   433.000  -412.434577408  -412.327006399  -412.239015213  -412.327006399  -412.228480802
   433.500  -412.433959379  -412.321008869  -412.231345574  -412.321008869  -412.228496222
   434.000  -412.426878187  -412.309331906  -412.217955836  -412.309331906  -412.228171349
   434.500  -412.418598517  -412.297406988  -412.204270652  -412.297406988  -412.227657267
   435.000  -412.416553386  -412.292822181  -412.197779425  -412.292822181  -412.227524700
   435.500  -412.422567909  -412.297524538  -412.200348243  -412.297524538  -412.227908205
   436.000  -412.431161296  -412.306064507  -412.206656389  -412.306064507  -412.228275911
   436.500  -412.436632679  -412.312609033  -412.211299513  -412.312609033  -412.228344795
   437.000  -412.437442535  -412.315376445  -412.212956581  -412.315376445  -412.228237812
   437.500  -412.434859735  -412.315418004  -412.212839926  -412.315418004  -412.228108037
   438.000  -412.430640258  -412.314415473  -412.212528881  -412.314415473  -412.228018542
   438.500  -412.426099174  -412.313658536  -412.213167715  -412.313658536  -412.227963935
   439.000  -412.422130354  -412.313971998  -412.215373539  -412.313971998  -412.227932839
   439.500  -412.419324438  -412.315838574  -412.219393328  -412.315838574  -412.227926475
   440.000  -412.418189070  -412.319240833  -412.225257019  -412.319240833  -412.228343943
   440.500  -412.420004663  -412.323132198  -412.233760008  -412.323132198  -412.227649064
   441.000  -412.421414231  -412.329645854  -412.243688006  -412.329645854  -412.227723296
   441.500  -412.422997143  -412.336424579  -412.253420909  -412.336424579  -412.227848258
   442.000  -412.422995827  -412.341606326  -412.261013235  -412.341606326  -412.228033206
   442.500  -412.418906538  -412.342627784  -412.263858978  -412.342627784  -412.228208465
   443.000  -412.408731332  -412.337436007  -412.259899658  -412.337436007  -412.228192002
   443.500  -412.393693775  -412.327192525  -412.250326319  -412.327192525  -412.227802409
   444.000  -412.380301841  -412.318341550  -412.241639731  -412.318341550  -412.227282937
   444.500  -412.376201371  -412.318483243  -412.241505247  -412.318483243  -412.227280641
   445.000  -412.381465060  -412.327679041  -412.250033957  -412.327679041  -412.227777622
   445.500  -412.388798942  -412.338651933  -412.259974115  -412.338651933  -412.228140047
   446.000  -412.392113610  -412.345331352  -412.265275110  -412.345331352  -412.228159746
   446.500  -412.390203138  -412.346518008  -412.264771184  -412.346518008  -412.228015111
   447.000  -412.384699147  -412.343832896  -412.260145883  -412.343832896  -412.227861115
   447.500  -412.377715987  -412.339374418  -412.253579738  -412.339374418  -412.227751703
   448.000  -412.370881735  -412.334749366  -412.246783584  -412.334749366  -412.227686986
   448.500  -412.365201135  -412.330944900  -412.240849316  -412.330944900  -412.227655209
   449.000  -412.361218335  -412.328481594  -412.236413545  -412.328481594  -412.227637281
   449.500  -412.359247753  -412.327650595  -412.233871216  -412.327650595  -412.227625803
   450.000  -412.359520552  -412.328645970  -412.233531384  -412.328645970  -412.227623247
   450.500  -412.362111451  -412.331496400  -412.235527857  -412.331496400  -412.227657285
   451.000  -412.366571975  -412.335691201  -412.239450088  -412.335691201  -412.227766435
   451.500  -412.371443503  -412.339695588  -412.243834769  -412.339695588  -412.227955780
   452.000  -412.374378607  -412.341074170  -412.246263528  -412.341074170  -412.228106566
   452.500  -412.374048965  -412.338404651  -412.245252059  -412.338404651  -412.227973992
   453.000  -412.373361892  -412.334506373  -412.243468817  -412.334506373  -412.227549300
   453.500  -412.378757678  -412.335752604  -412.247082339  -412.335752604  -412.227401832
   454.000  -412.392267360  -412.344153060  -412.257884520  -412.344153060  -412.227829798
   454.500  -412.407675091  -412.353555159  -412.269500655  -412.353555159  -412.228267060
   455.000  -412.417900717  -412.357039960  -412.274838608  -412.357039960  -412.228322392
   455.500  -412.420979472  -412.352887237  -412.272107907  -412.352887237  -412.228132849
   456.000  -412.418826344  -412.343319644  -412.263570524  -412.343319644  -412.227909577
   456.500  -412.414230940  -412.331476854  -412.252486988  -412.331476854  -412.227745657
   457.000  -412.409293105  -412.319831635  -412.241482745  -412.319831635  -412.227653291
   457.500  -412.405087265  -412.309863563  -412.232115981  -412.309863563  -412.227593385
   458.000  -412.402194651  -412.304521674  -412.224231253  -412.304521674  -412.229763446
   458.500  -412.400087072  -412.299346695  -412.219663223  -412.299346695  -412.229779566
   459.000  -412.398704997  -412.296143092  -412.217174145  -412.296143092  -412.229796531
   459.500  -412.397909647  -412.294697397  -412.216447042  -412.294697397  -412.229824479
   460.000  -412.397415335  -412.294637160  -412.217058562  -412.294637160  -412.229891307
   460.500  -412.396366107  -412.295074047  -412.218153507  -412.295074047  -412.230015959
   461.000  -412.393204007  -412.294486120  -412.218331735  -412.294486120  -412.230132271
   461.500  -412.386889288  -412.291896135  -412.216801429  -412.291896135  -412.230036516
   462.000  -412.379762841  -412.289665298  -412.216071083  -412.289665298  -412.229637119
   462.500  -412.378066695  -412.293969927  -412.222303480  -412.293969927  -412.229413980
   463.000  -412.384948574  -412.307801556  -412.238270179  -412.307801556  -412.229834813
   463.500  -412.394521493  -412.325034593  -412.257510678  -412.325034593  -412.230405625
   464.000  -412.398307401  -412.336835763  -412.270952128  -412.336835763  -412.230635543
   464.500  -412.393100244  -412.338847293  -412.276701956  -412.338847293  -412.229456760
   465.000  -412.381354721  -412.335092792  -412.273126417  -412.335092792  -412.229192695
   465.500  -412.366962875  -412.328032852  -412.265435079  -412.328032852  -412.228965235
   466.000  -412.353566075  -412.321027667  -412.257107973  -412.321027667  -412.228822702
   466.500  -412.343493841  -412.316258082  -412.250503461  -412.316258082  -412.228768474
   467.000  -412.337626961  -412.314588075  -412.246730577  -412.314588075  -412.228781814
   467.500  -412.335694006  -412.315835628  -412.245888786  -412.315835628  -412.228837746
   468.000  -412.336678498  -412.319137267  -412.247377657  -412.319137267  -412.228926264
   468.500  -412.339038572  -412.323124488  -412.250014221  -412.323124488  -412.229054420
   469.000  -412.340702592  -412.325886941  -412.251961682  -412.325886941  -412.229227104
   469.500  -412.339131203  -412.325016117  -412.250782295  -412.325016117  -412.229411375
   470.000  -412.331999078  -412.318278135  -412.244166817  -412.318278135  -412.229484750
   470.500  -412.319181734  -412.305597102  -412.231989408  -412.305597102  -412.229227599
   471.000  -412.305737471  -412.292037344  -412.219336527  -412.292037344  -412.228597838
   471.500  -412.301496401  -412.287401956  -412.216084793  -412.287401956  -412.228214680
   472.000  -412.311903889  -412.297095864  -412.227673011  -412.297095864  -412.228671372
   472.500  -412.330387465  -412.314510186  -412.247406028  -412.314510186  -412.229379738
   473.000  -412.346021698  -412.328689152  -412.264139162  -412.328689152  -412.229650830
   473.500  -412.353507327  -412.334208469  -412.272504907  -412.334208469  -412.229480816
   474.000  -412.353743346  -412.332112163  -412.272747603  -412.332112163  -412.229279905
   474.500  -412.349883113  -412.325522310  -412.268034091  -412.325522310  -412.229038441
   475.000  -412.345430385  -412.317915134  -412.261856052  -412.317915134  -412.228846623
   475.500  -412.343273456  -412.312179301  -412.257105648  -412.312179301  -412.228723051
   476.000  -412.345192733  -412.310373720  -412.255674354  -412.310373720  -412.228862498
   476.500  -412.352130664  -412.312852522  -412.258483288  -412.312852522  -412.228881159
   477.000  -412.363717307  -412.319546036  -412.265169279  -412.319546036  -412.228949543
   477.500  -412.378843838  -412.329391703  -412.274674438  -412.329391703  -412.229066457
   478.000  -412.395615998  -412.340566680  -412.285185281  -412.340566680  -412.229248847
   478.500  -412.411184772  -412.350317833  -412.293968132  -412.350317833  -412.229502759
   479.000  -412.421848581  -412.355050188  -412.297464790  -412.355050188  -412.229752469
   479.500  -412.424444256  -412.351693218  -412.292660352  -412.351693218  -412.229772188
   480.000  -412.420394733  -412.342263278  -412.281813649  -412.342263278  -412.230591390
   480.500  -412.415080835  -412.331155704  -412.269412476  -412.331155704  -412.230064616
   481.000  -412.416877842  -412.327323760  -412.264260208  -412.327323760  -412.230087403
   481.500  -412.425611124  -412.330648994  -412.266270850  -412.330648994  -412.230496020
   482.000  -412.435102047  -412.335054951  -412.269348402  -412.335054951  -412.230727702
   482.500  -412.440897785  -412.336224562  -412.269146587  -412.336224562  -412.230721348
   483.000  -412.442035059  -412.333344527  -412.264842105  -412.333344527  -412.230626785
   483.500  -412.439255349  -412.327306852  -412.257332835  -412.327306852  -412.230503848
   484.000  -412.434012964  -412.319705351  -412.248221373  -412.319705351  -412.230360367
   484.500  -412.428233162  -412.312580442  -412.239553928  -412.312580442  -412.230217316
   485.000  -412.423942524  -412.308038779  -412.233443184  -412.308038779  -412.230112495
   485.500  -412.422690802  -412.307661918  -412.231491830  -412.307661918  -412.230073155
   486.000  -412.425110964  -412.312061244  -412.234350271  -412.312061244  -412.230102712
   486.500  -412.430831982  -412.320790345  -412.241620991  -412.320790345  -412.230191150
   487.000  -412.438600551  -412.332475014  -412.251966617  -412.332475014  -412.230335907
   487.500  -412.446348309  -412.344889906  -412.263171029  -412.344889906  -412.230541178
   488.000  -412.451241326  -412.355015142  -412.272195487  -412.355015142  -412.230777877
   488.500  -412.450316433  -412.359676346  -412.275834539  -412.359676346  -412.230910888
   489.000  -412.442615791  -412.357684339  -412.272878053  -412.357684339  -412.230718762
   489.500  -412.432018105  -412.352682867  -412.266973396  -412.352682867  -412.230260457
   490.000  -412.425546114  -412.351490080  -412.264958392  -412.351490080  -412.230142292
   490.500  -412.424975214  -412.355743169  -412.268479248  -412.355743169  -412.230577472
   491.000  -412.424165252  -412.359235146  -412.271315331  -412.359235146  -412.230928470
   491.500  -412.417471551  -412.356294575  -412.267777488  -412.356294575  -412.230847540
   492.000  -412.405180274  -412.347188971  -412.258133448  -412.347188971  -412.230552377
   492.500  -412.391068055  -412.335674427  -412.246160864  -412.335674427  -412.230312138
   493.000  -412.378514443  -412.325114215  -412.235253088  -412.325114215  -412.230214508
   493.500  -412.368982043  -412.316967129  -412.226889531  -412.316967129  -412.230210170
   494.000  -412.362549333  -412.311325978  -412.221156957  -412.311325978  -412.230224766
   494.500  -412.358941795  -412.307951018  -412.217771492  -412.307951018  -412.230223981
   495.000  -412.358061036  -412.306799608  -412.216606084  -412.306799608  -412.230213485
   495.500  -412.359934487  -412.307973604  -412.217646975  -412.307973604  -412.230215790
   496.000  -412.364393138  -412.311392337  -412.220684543  -412.311392337  -412.230256694
   496.500  -412.370699708  -412.316412012  -412.224954427  -412.316412012  -412.230360255
   497.000  -412.377241260  -412.321506625  -412.228836976  -412.321506625  -412.230533990
   497.500  -412.381552846  -412.324277791  -412.229876709  -412.324277791  -412.230721879
   498.000  -412.381361914  -412.322486345  -412.225813342  -412.322486345  -412.230743247
   498.500  -412.377283834  -412.316742813  -412.217262929  -412.316742813  -412.230400549
   499.000  -412.375046846  -412.312766136  -412.209930517  -412.312766136  -412.229929085
   499.500  -412.381023767  -412.317831648  -412.209992251  -412.317831648  -412.230431270
   500.000  -412.394291095  -412.329092128  -412.217500826  -412.329092128  -412.230838526
