 N     7.0   -1.76048980   -0.00710277   -0.18934133   14.00307401
 N     7.0    1.82848782    2.19863217    0.13191407   14.00307401
 C     6.0   -0.83030738    2.40792977    0.02492889   12.00000000
 C     6.0    3.08942910    0.10996171    0.08120790   12.00000000
 C     6.0    2.08410068   -2.24223324   -0.20051288   12.00000000
 C     6.0   -0.53257280   -2.36665115    0.02035461   12.00000000
 O     8.0   -1.69306152   -4.40507409    0.15539945   15.99491464
 O     8.0   -2.11334988    4.07822815   -0.04572977   15.99491464
 H     1.0   -3.52665794    0.01582791    0.40466910    1.00782504
 H     1.0    2.55939365    3.89279057    0.28536064    1.00782504
 H     1.0    5.17614143    0.24473431    0.07573835    1.00782504
 H     1.0    3.02390501   -4.00829954   -0.77731489    1.00782504
