    0.000058362   -0.000099267   -0.000136834
   -0.000087357   -0.000429198   -0.000099395
    0.000061391    0.000391504   -0.000146039
    0.000111973    0.000326980    0.000059783
   -0.000580972    0.000182827   -0.000066742
    0.000323981    0.000212179    0.000373018
    0.000114664    0.000085926   -0.000048170
   -0.000079904   -0.000152946    0.000101372
    0.000799282   -0.000592926   -0.000289530
    0.002801351   -0.000383694    0.000455566
   -0.001527059   -0.002812599    0.000468517
   -0.001310509   -0.001119484   -0.000913049
