 N     7.0   -1.83600361   -0.02787602   -0.32801677   14.00307401
 N     7.0    1.84074544    2.20202739    0.11195829   14.00307401
 C     6.0   -0.76847660    2.27003322   -0.02485071   12.00000000
 C     6.0    3.23493169    0.07964940    0.04946949   12.00000000
 C     6.0    2.11469568   -2.23920342   -0.11276284   12.00000000
 C     6.0   -0.64019975   -2.51294081    0.07334262   12.00000000
 O     8.0   -1.82865084   -4.38198363    0.17799525   15.99491464
 O     8.0   -2.01774483    4.27051477    0.09404635   15.99491464
 H     1.0   -3.57173124   -0.33034275   -0.27285973    1.00782504
 H     1.0    2.32237678    4.19326183   -0.14533648    1.00782504
 H     1.0    5.20366494    0.33251318   -0.12247668    1.00782504
 H     1.0    3.20577711   -3.53030950   -0.61301535    1.00782504
