    0.000271530   -0.000044208    0.000204221
   -0.000213307   -0.000348918   -0.000013010
    0.000196255   -0.000066812   -0.000307017
    0.000416580    0.000358515    0.000276465
   -0.000146223    0.000008488   -0.000022859
   -0.000317060   -0.000227545   -0.000133409
   -0.000041053   -0.000084334    0.000025404
   -0.000158519    0.000143964    0.000111368
    0.000399565    0.001641580   -0.000937550
    0.002013945    0.000596220   -0.000714496
    0.000227851   -0.000294850   -0.000980512
   -0.001960993    0.001414639   -0.000236056
