 N     7.0   -1.83121220   -0.05579119   -0.19928923   14.00307401
 N     7.0    1.80946115    2.22066011    0.03886164   14.00307401
 C     6.0   -0.75056970    2.32093245    0.07696943   12.00000000
 C     6.0    3.28558508    0.10269323   -0.00790408   12.00000000
 C     6.0    2.11938942   -2.22135605    0.01241548   12.00000000
 C     6.0   -0.60011135   -2.55129738   -0.08045115   12.00000000
 O     8.0   -2.01037938   -4.40551376    0.14064142   15.99491464
 O     8.0   -1.91109794    4.27277051    0.03590247   15.99491464
 H     1.0   -3.77995580   -0.08163197   -0.05893584    1.00782504
 H     1.0    2.44105827    4.18592169   -0.03995862    1.00782504
 H     1.0    5.40804001    0.36690378    0.10219588    1.00782504
 H     1.0    3.22951651   -3.98121354   -0.47160884    1.00782504
