   -0.000448066   -0.000598471   -0.000184517
    0.000281176   -0.000379041   -0.000471207
    0.000676571   -0.000087721    0.000042118
    0.000075025    0.000132113    0.000520844
   -0.000149587    0.000942264    0.000007821
   -0.000450476    0.000385404    0.000141571
    0.000523761   -0.000441102   -0.000126148
   -0.000343880    0.000171635    0.000140130
   -0.000094565    0.003234943    0.000701477
   -0.001701109    0.000500227    0.000579053
   -0.000483863    0.000436243   -0.002191604
    0.000144974   -0.002308638    0.000703422
