     0.000  -412.521208941  -412.343559768  -412.290330616  -412.290330616  -412.247052350
     0.500  -412.518184324  -412.344128602  -412.290655633  -412.290655633  -412.247040566
     1.000  -412.517200745  -412.347428476  -412.293967260  -412.293967260  -412.247074780
     1.500  -412.517754966  -412.352993979  -412.299728448  -412.299728448  -412.247150259
     2.000  -412.518705852  -412.359690583  -412.306751542  -412.306751542  -412.247257930
     2.500  -412.518475867  -412.365890654  -412.313380706  -412.313380706  -412.247378824
     3.000  -412.515423792  -412.369832653  -412.317838950  -412.317838950  -412.247478816
     3.500  -412.508427869  -412.370221515  -412.318803382  -412.318803382  -412.247505901
     4.000  -412.497646002  -412.367003225  -412.316189884  -412.316189884  -412.247412362
     4.500  -412.485108501  -412.361977468  -412.311778498  -412.311778498  -412.247214535
     5.000  -412.474215331  -412.358317279  -412.308751447  -412.308751447  -412.247059679
     5.500  -412.467486388  -412.358379675  -412.309471121  -412.309471121  -412.247102959
     6.000  -412.464402330  -412.361580364  -412.313331077  -412.313331077  -412.247289782
     6.500  -412.462166603  -412.365143520  -412.317496650  -412.317496650  -412.247436456
     7.000  -412.458311857  -412.366648627  -412.319480175  -412.319480175  -412.247469334
     7.500  -412.451980820  -412.365268451  -412.318402734  -412.318402734  -412.247425298
     8.000  -412.443573256  -412.361396396  -412.314641936  -412.314641936  -412.247348740
     8.500  -412.434108953  -412.356017911  -412.309201426  -412.309201426  -412.247262899
     9.000  -412.424811460  -412.350310105  -412.303305630  -412.303305630  -412.247186072
     9.500  -412.416787670  -412.345333664  -412.298083595  -412.298083595  -412.247135267
    10.000  -412.410762623  -412.341781951  -412.294300911  -412.294300911  -412.247117298
    10.500  -412.406958958  -412.339861181  -412.292236747  -412.292236747  -412.247128668
    11.000  -412.405175987  -412.339373207  -412.291749595  -412.291749595  -412.247153058
    11.500  -412.405033212  -412.339953366  -412.292514545  -412.292514545  -412.247172899
    12.000  -412.406228301  -412.341324724  -412.294274567  -412.294274567  -412.247185754
    12.500  -412.408564170  -412.343321509  -412.296862910  -412.296862910  -412.247215993
    13.000  -412.411602600  -412.345539206  -412.299850973  -412.299850973  -412.247295736
    13.500  -412.414235808  -412.346899954  -412.302117853  -412.302117853  -412.247416160
    14.000  -412.414897118  -412.345854640  -412.302054866  -412.302054866  -412.247493807
    14.500  -412.412802566  -412.341619339  -412.298804320  -412.298804320  -412.247424984
    15.000  -412.409337741  -412.335563469  -412.293649433  -412.293649433  -412.247223805
    15.500  -412.407656370  -412.330830942  -412.289639321  -412.289639321  -412.247072978
    16.000  -412.410062272  -412.329758586  -412.289002571  -412.289002571  -412.247106549
    16.500  -412.416117972  -412.332011349  -412.291294314  -412.291294314  -412.247232973
    17.000  -412.423808856  -412.335742835  -412.294574511  -412.294574511  -412.247306195
    17.500  -412.431624222  -412.339647697  -412.297479808  -412.297479808  -412.247306185
    18.000  -412.439059175  -412.343431165  -412.299700275  -412.299700275  -412.247285196
    18.500  -412.445998756  -412.347166549  -412.301340295  -412.301340295  -412.247276173
    19.000  -412.452253024  -412.350811558  -412.302433021  -412.302433021  -412.247277353
    19.500  -412.457567094  -412.354207509  -412.302933558  -412.302933558  -412.247270994
    20.000  -412.461870525  -412.357324725  -412.302959356  -412.302959356  -412.247240374
    20.500  -412.465522044  -412.360516531  -412.303028370  -412.303028370  -412.247180831
    21.000  -412.469344651  -412.364566543  -412.304092804  -412.304092804  -412.247113933
    21.500  -412.474275023  -412.370353314  -412.307183356  -412.307183356  -412.247084915
    22.000  -412.480684359  -412.378182786  -412.312722586  -412.312722586  -412.247135077
    22.500  -412.487796310  -412.387210225  -412.319930267  -412.319930267  -412.247266926
    23.000  -412.493696809  -412.395444711  -412.326820116  -412.326820116  -412.247434992
    23.500  -412.496057676  -412.400461737  -412.330918423  -412.330918423  -412.247563246
    24.000  -412.493323769  -412.400576372  -412.330453849  -412.330453849  -412.247566234
    24.500  -412.485959725  -412.396083714  -412.325624075  -412.325624075  -412.247397472
    25.000  -412.476945205  -412.389766791  -412.319131736  -412.319131736  -412.247145028
    25.500  -412.470269094  -412.385428958  -412.314734565  -412.314734565  -412.247024450
    26.000  -412.467827737  -412.384839254  -412.314190680  -412.314190680  -412.247133051
    26.500  -412.468081047  -412.386410811  -412.315919568  -412.315919568  -412.247320508
    27.000  -412.468096110  -412.387225592  -412.317011030  -412.317011030  -412.247420521
    27.500  -412.466019193  -412.385467174  -412.315649900  -412.315649900  -412.247416378
    28.000  -412.461564334  -412.380879426  -412.311580736  -412.311580736  -412.247365251
    28.500  -412.455333257  -412.374077683  -412.305420445  -412.305420445  -412.247298368
    29.000  -412.448341752  -412.366075924  -412.298189856  -412.298189856  -412.247212061
    29.500  -412.441986523  -412.358265399  -412.291287500  -412.291287500  -412.247105574
    30.000  -412.437952562  -412.352333167  -412.286405471  -412.286405471  -412.247012559
    30.500  -412.437665043  -412.349731841  -412.284986684  -412.284986684  -412.246983720
    31.000  -412.441530319  -412.350932484  -412.287472700  -412.287472700  -412.247038334
    31.500  -412.448651410  -412.355142961  -412.293025477  -412.293025477  -412.247143395
    32.000  -412.457313092  -412.360792021  -412.300015310  -412.300015310  -412.247247290
    32.500  -412.465752027  -412.366282299  -412.306789875  -412.306789875  -412.247326913
    33.000  -412.472568613  -412.370385205  -412.312075415  -412.312075415  -412.247389035
    33.500  -412.476719684  -412.372208709  -412.314952291  -412.314952291  -412.247436701
    34.000  -412.477555458  -412.371216579  -412.314873587  -412.314873587  -412.247435529
    34.500  -412.475353744  -412.367747342  -412.312178489  -412.312178489  -412.247323844
    35.000  -412.472093572  -412.363787353  -412.308859783  -412.308859783  -412.247108517
    35.500  -412.471113183  -412.362650806  -412.308236186  -412.308236186  -412.246956184
    36.000  -412.474615871  -412.366525611  -412.312498622  -412.312498622  -412.247048242
    36.500  -412.481182162  -412.374006201  -412.320260072  -412.320260072  -412.247318867
    37.000  -412.486694561  -412.381008720  -412.327477926  -412.327477926  -412.247538131
    37.500  -412.487619814  -412.384020175  -412.330696464  -412.330696464  -412.247581591
    38.000  -412.483016021  -412.382081389  -412.329013038  -412.329013038  -412.247474743
    38.500  -412.474338676  -412.376592966  -412.323864238  -412.323864238  -412.247305223
    39.000  -412.464143223  -412.370030306  -412.317730129  -412.317730129  -412.247167932
    39.500  -412.454616077  -412.364490328  -412.312673901  -412.312673901  -412.247122208
    40.000  -412.446627217  -412.360753149  -412.309413223  -412.309413223  -412.247159964
    40.500  -412.439804738  -412.358358776  -412.307408437  -412.307408437  -412.247220671
    41.000  -412.433381149  -412.356452012  -412.305727315  -412.305727315  -412.247251592
    41.500  -412.426981607  -412.354569061  -412.303844079  -412.303844079  -412.247242330
    42.000  -412.420808053  -412.352821146  -412.301832353  -412.301832353  -412.247216236
    42.500  -412.415319573  -412.351575299  -412.300046951  -412.300046951  -412.247204677
    43.000  -412.410771741  -412.350994276  -412.298662065  -412.298662065  -412.247229942
    43.500  -412.406887190  -412.350708073  -412.297342500  -412.297342500  -412.247296528
    44.000  -412.402831637  -412.349790209  -412.295215455  -412.295215455  -412.247376333
    44.500  -412.397671082  -412.347214998  -412.291330919  -412.291330919  -412.247401125
    45.000  -412.391390203  -412.342877011  -412.285680328  -412.285680328  -412.247295003
    45.500  -412.385886753  -412.338592098  -412.280188418  -412.280188418  -412.247083154
    46.000  -412.384388001  -412.337524234  -412.278132165  -412.278132165  -412.246956754
    46.500  -412.388715346  -412.341465598  -412.281399767  -412.281399767  -412.247059043
    47.000  -412.397366921  -412.348924373  -412.288562661  -412.288562661  -412.247266068
    47.500  -412.407184487  -412.356782769  -412.296519160  -412.296519160  -412.247386638
    48.000  -412.416035709  -412.362965348  -412.303161978  -412.303161978  -412.247405683
    48.500  -412.423243045  -412.366861273  -412.307807034  -412.307807034  -412.247402989
    49.000  -412.428589971  -412.368332664  -412.310215019  -412.310215019  -412.247405618
    49.500  -412.431898246  -412.367295714  -412.310192469  -412.310192469  -412.247385704
    50.000  -412.433359583  -412.364054127  -412.307943604  -412.307943604  -412.247324397
    50.500  -412.433790899  -412.359553370  -412.304335304  -412.304335304  -412.247234553
    51.000  -412.434443675  -412.355186171  -412.300708296  -412.300708296  -412.247144364
    51.500  -412.436578253  -412.352363780  -412.298445174  -412.298445174  -412.247078097
    52.000  -412.441076144  -412.352123730  -412.298574270  -412.298574270  -412.247051150
    52.500  -412.448186497  -412.354870966  -412.301506734  -412.301506734  -412.247072912
    53.000  -412.457386580  -412.360231421  -412.306884681  -412.306884681  -412.247148415
    53.500  -412.467328296  -412.366989215  -412.313515461  -412.313515461  -412.247276580
    54.000  -412.475911921  -412.373147112  -412.319430164  -412.319430164  -412.247440783
    54.500  -412.480634623  -412.376260936  -412.322214803  -412.322214803  -412.247590832
    55.000  -412.479454921  -412.374290581  -412.319858379  -412.319858379  -412.247630618
    55.500  -412.472266536  -412.367066855  -412.312215215  -412.312215215  -412.247457071
    56.000  -412.462249787  -412.357650684  -412.302361142  -412.302361142  -412.247100113
    56.500  -412.455089613  -412.351585426  -412.295840344  -412.295840344  -412.246829174
    57.000  -412.454923686  -412.352892096  -412.296664853  -412.296664853  -412.246914093
    57.500  -412.460584709  -412.360343368  -412.303592347  -412.303592347  -412.247255159
    58.000  -412.466954594  -412.368805744  -412.311470419  -412.311470419  -412.247535848
    58.500  -412.469488352  -412.373723554  -412.315719990  -412.315719990  -412.247603794
    59.000  -412.466720284  -412.373594892  -412.314812470  -412.314812470  -412.247509362
    59.500  -412.459798767  -412.369499938  -412.309799973  -412.309799973  -412.247354638
    60.000  -412.451011117  -412.363633073  -412.302854678  -412.302854678  -412.247209880
    60.500  -412.442652832  -412.358187225  -412.296154019  -412.296154019  -412.247104863
    61.000  -412.436467736  -412.354806490  -412.291339029  -412.291339029  -412.247046682
    61.500  -412.433460360  -412.354407885  -412.289340821  -412.289340821  -412.247033754
    62.000  -412.433881269  -412.357172589  -412.290375430  -412.290375430  -412.247061581
    62.500  -412.437288341  -412.362608053  -412.294009355  -412.294009355  -412.247123077
    63.000  -412.442670816  -412.369670420  -412.299282050  -412.299282050  -412.247206316
    63.500  -412.448664452  -412.376975738  -412.304912530  -412.304912530  -412.247293925
    64.000  -412.453860404  -412.383104424  -412.309591649  -412.309591649  -412.247368161
    64.500  -412.457116170  -412.386907619  -412.312271849  -412.312271849  -412.247421663
    65.000  -412.457726406  -412.387673613  -412.312312357  -412.312312357  -412.247452981
    65.500  -412.455529954  -412.385229496  -412.309562896  -412.309562896  -412.247431180
    66.000  -412.451392737  -412.380419261  -412.304834427  -412.304834427  -412.247291811
    66.500  -412.447915047  -412.375816660  -412.300624926  -412.300624926  -412.247074936
    67.000  -412.448488143  -412.374802963  -412.300229464  -412.300229464  -412.247011746
    67.500  -412.453989518  -412.378292801  -412.304503214  -412.304503214  -412.247214089
    68.000  -412.461333049  -412.383296945  -412.310441218  -412.310441218  -412.247457491
    68.500  -412.466544133  -412.385975917  -412.314222058  -412.314222058  -412.247522394
    69.000  -412.468039345  -412.384884851  -412.314425812  -412.314425812  -412.247424583
    69.500  -412.466747412  -412.381078480  -412.312107291  -412.312107291  -412.247279721
    70.000  -412.464534244  -412.376529910  -412.309207890  -412.309207890  -412.247170746
    70.500  -412.462922072  -412.372853558  -412.307275589  -412.307275589  -412.247125172
    71.000  -412.462575157  -412.370795187  -412.306967302  -412.306967302  -412.247137568
    71.500  -412.463319470  -412.370248237  -412.308084758  -412.308084758  -412.247185688
    72.000  -412.464458882  -412.370570266  -412.309906855  -412.309906855  -412.247236548
    72.500  -412.465268935  -412.371073799  -412.311693559  -412.311693559  -412.247255265
    73.000  -412.465505267  -412.371531478  -412.313197068  -412.313197068  -412.247227432
    73.500  -412.465594201  -412.372367116  -412.314845641  -412.314845641  -412.247184492
    74.000  -412.466155515  -412.374181413  -412.317253130  -412.317253130  -412.247195488
    74.500  -412.467011374  -412.376760015  -412.320216614  -412.320216614  -412.247306130
    75.000  -412.466590270  -412.378476309  -412.322111316  -412.322111316  -412.247475117
    75.500  -412.462599805  -412.376959581  -412.320561521  -412.320561521  -412.247583444
    76.000  -412.453799284  -412.370860970  -412.314223109  -412.314223109  -412.247510455
    76.500  -412.441705235  -412.361560243  -412.304506086  -412.304506086  -412.247245303
    77.000  -412.430534238  -412.353126079  -412.295540677  -412.295540677  -412.246976418
    77.500  -412.424341858  -412.349486983  -412.291336249  -412.291336249  -412.246944815
    78.000  -412.423647983  -412.351080654  -412.292409232  -412.292409232  -412.247134026
    78.500  -412.425638377  -412.355057271  -412.295960103  -412.295960103  -412.247319266
    79.000  -412.427293461  -412.358381050  -412.298974208  -412.298974208  -412.247377455
    79.500  -412.427335711  -412.359750198  -412.300159791  -412.300159791  -412.247346641
    80.000  -412.425906676  -412.359263342  -412.299628084  -412.299628084  -412.247298502
    80.500  -412.423576162  -412.357428582  -412.297914806  -412.297914806  -412.247264947
    81.000  -412.420844311  -412.354674017  -412.295488357  -412.295488357  -412.247234186
    81.500  -412.418236788  -412.351442638  -412.292855633  -412.292855633  -412.247182999
    82.000  -412.416612538  -412.348508876  -412.290866260  -412.290866260  -412.247105403
    82.500  -412.417195475  -412.347012974  -412.290742379  -412.290742379  -412.247035558
    83.000  -412.421042946  -412.347937575  -412.293540458  -412.293540458  -412.247027910
    83.500  -412.428248580  -412.351319972  -412.299350843  -412.299350843  -412.247104562
    84.000  -412.437631890  -412.355958478  -412.306989342  -412.306989342  -412.247230139
    84.500  -412.447249770  -412.359943687  -412.314518056  -412.314518056  -412.247350805
    85.000  -412.455192804  -412.361465499  -412.320055866  -412.320055866  -412.247442875
    85.500  -412.460022180  -412.359246687  -412.322216695  -412.322216695  -412.247503950
    86.000  -412.460919012  -412.352656139  -412.320243649  -412.320243649  -412.247510446
    86.500  -412.458111351  -412.342090110  -412.314405211  -412.314405211  -412.247401403
    87.000  -412.453688400  -412.329760811  -412.306785687  -412.306785687  -412.247159031
    87.500  -412.451579538  -412.319694760  -412.301270988  -412.301270988  -412.246937591
    88.000  -412.455129602  -412.315365174  -412.301166394  -412.301166394  -412.246967744
    88.500  -412.463881112  -412.316519326  -412.306032238  -412.306032238  -412.247234526
    89.000  -412.473772972  -412.319357801  -412.311917122  -412.311917122  -412.247489727
    89.500  -412.480576747  -412.319868630  -412.314822452  -412.314822452  -412.247574113
    90.000  -412.482335570  -412.316142891  -412.313163401  -412.316142891  -412.247509707
    90.500  -412.478378968  -412.307944788  -412.304720795  -412.307944788  -412.247481226
    91.000  -412.471342225  -412.298629190  -412.292831730  -412.298629190  -412.247380800
    91.500  -412.463787519  -412.289770960  -412.281046699  -412.289770960  -412.247246890
    92.000  -412.457875283  -412.283378990  -412.271743716  -412.283378990  -412.247186758
    92.500  -412.454561871  -412.280391940  -412.265951440  -412.280391940  -412.247212614
    93.000  -412.453496924  -412.280453771  -412.263365167  -412.280453771  -412.247278735
    93.500  -412.453687634  -412.282560596  -412.263026754  -412.282560596  -412.247332310
    94.000  -412.454285880  -412.285843798  -412.264111608  -412.285843798  -412.247357661
    94.500  -412.454865953  -412.289844062  -412.266201948  -412.289844062  -412.247375994
    95.000  -412.455166082  -412.294246969  -412.269025892  -412.294246969  -412.247416680
    95.500  -412.454700858  -412.298487110  -412.272063108  -412.298487110  -412.247486045
    96.000  -412.452720490  -412.301699890  -412.274494484  -412.301699890  -412.247541769
    96.500  -412.448864142  -412.303373934  -412.275840681  -412.303373934  -412.247499650
    97.000  -412.444293195  -412.304497988  -412.277085087  -412.304497988  -412.247327379
    97.500  -412.441885953  -412.307790521  -412.280882750  -412.307790521  -412.247174804
    98.000  -412.443926130  -412.315432651  -412.289296323  -412.315432651  -412.247260104
    98.500  -412.449131959  -412.326122517  -412.300878416  -412.326122517  -412.247538978
    99.000  -412.453301718  -412.335707004  -412.311332789  -412.335707004  -412.247749717
    99.500  -412.452978136  -412.340804623  -412.317148484  -412.340804623  -412.247759573
   100.000  -412.447558302  -412.340875359  -412.317670105  -412.340875359  -412.247636805
   100.500  -412.438541757  -412.337446169  -412.314325690  -412.337446169  -412.247501160
   101.000  -412.427837999  -412.332412293  -412.308935762  -412.332412293  -412.247416992
   101.500  -412.416757842  -412.327031668  -412.302718648  -412.327031668  -412.247381119
   102.000  -412.405976172  -412.321888270  -412.296281652  -412.321888270  -412.247367217
   102.500  -412.395940528  -412.318632915  -412.289594444  -412.318632915  -412.248622151
   103.000  -412.387246533  -412.315167283  -412.283761149  -412.315167283  -412.248587085
   103.500  -412.380460820  -412.313297517  -412.279039568  -412.313297517  -412.248561540
   104.000  -412.376095356  -412.313416195  -412.275904398  -412.313416195  -412.248561292
   104.500  -412.374302120  -412.315534925  -412.274497285  -412.315534925  -412.248597976
   105.000  -412.374699235  -412.319112151  -412.274480338  -412.319112151  -412.248678332
   105.500  -412.376270162  -412.322985521  -412.275020084  -412.322985521  -412.248787218
   106.000  -412.377447332  -412.325686408  -412.274744768  -412.325686408  -412.248867375
   106.500  -412.376728462  -412.325966412  -412.271909358  -412.325966412  -412.248931990
   107.000  -412.373449604  -412.323278797  -412.265975578  -412.323278797  -412.248855977
   107.500  -412.368783183  -412.319090091  -412.258380292  -412.319090091  -412.248655000
   108.000  -412.365512128  -412.316542764  -412.252139143  -412.316542764  -412.248498411
   108.500  -412.365712716  -412.317970983  -412.249523328  -412.317970983  -412.248546734
   109.000  -412.368618145  -412.322675259  -412.249913826  -412.322675259  -412.248736254
   109.500  -412.371429646  -412.327762148  -412.250624984  -412.327762148  -412.248886581
   110.000  -412.371769726  -412.330695564  -412.249367439  -412.330695564  -412.248922773
   110.500  -412.368877591  -412.330574948  -412.245460989  -412.330574948  -412.248875769
   111.000  -412.363288970  -412.327849117  -412.239514036  -412.327849117  -412.248793625
   111.500  -412.356175015  -412.323643548  -412.232758972  -412.323643548  -412.248703542
   112.000  -412.348890618  -412.319293389  -412.226586452  -412.319293389  -412.248623720
   112.500  -412.342691219  -412.316032987  -412.222251853  -412.316032987  -412.248565833
   113.000  -412.338527913  -412.314774324  -412.220657191  -412.314774324  -412.248538974
   113.500  -412.336925329  -412.315955982  -412.222218930  -412.315955982  -412.248546162
   114.000  -412.337951761  -412.319482352  -412.226823683  -412.319482352  -412.248586852
   114.500  -412.341268846  -412.324737541  -412.233866205  -412.324737541  -412.248655630
   115.000  -412.346208890  -412.330681993  -412.242344048  -412.330681993  -412.248739677
   115.500  -412.351802026  -412.336051512  -412.250983859  -412.336051512  -412.248822183
   116.000  -412.356759480  -412.339586137  -412.258360058  -412.339586137  -412.248899684
   116.500  -412.359572585  -412.340120142  -412.262990173  -412.340120142  -412.248972255
   117.000  -412.358834003  -412.336679351  -412.263534200  -412.336679351  -412.249008613
   117.500  -412.353889976  -412.329006273  -412.259377379  -412.329006273  -412.248937551
   118.000  -412.345831447  -412.318548217  -412.251622112  -412.318548217  -412.248715761
   118.500  -412.337893269  -412.308858602  -412.243504083  -412.308858602  -412.248459007
   119.000  -412.333666409  -412.303756520  -412.238620178  -412.303756520  -412.248402212
   119.500  -412.333924828  -412.304088186  -412.237763008  -412.304088186  -412.248594059
   120.000  -412.335989604  -412.307099780  -412.238293187  -412.307099780  -412.248819498
   120.500  -412.336563638  -412.309364267  -412.236979074  -412.309364267  -412.248900752
   121.000  -412.334261681  -412.309398933  -412.232524979  -412.309398933  -412.248844863
   121.500  -412.329695939  -412.307776941  -412.225650055  -412.307776941  -412.248738484
   122.000  -412.324316097  -412.305949944  -412.217921933  -412.305949944  -412.248647090
   122.500  -412.319436459  -412.305247516  -412.210779653  -412.305247516  -412.248595988
   123.000  -412.315827324  -412.306437086  -412.205115474  -412.306437086  -412.248587467
   123.500  -412.313761215  -412.309612769  -412.201238915  -412.309612769  -412.248668060
   124.000  -412.315379725  -412.312074173  -412.198982199  -412.312074173  -412.248938395
   124.500  -412.321241526  -412.313118905  -412.198713091  -412.313118905  -412.248833296
   125.000  -412.328031184  -412.315883918  -412.200536573  -412.315883918  -412.248846415
   125.500  -412.335584772  -412.320224992  -412.204386818  -412.320224992  -412.248871071
   126.000  -412.343943111  -412.325731427  -412.210126308  -412.325731427  -412.248911811
   126.500  -412.353035057  -412.331752392  -412.217401399  -412.331752392  -412.248968443
   127.000  -412.362436026  -412.337395310  -412.225517122  -412.337395310  -412.249035933
   127.500  -412.371263815  -412.341612379  -412.233434978  -412.341612379  -412.249105586
   128.000  -412.378336310  -412.343368037  -412.239940238  -412.343368037  -412.249151462
   128.500  -412.382718541  -412.342061422  -412.244132910  -412.342061422  -412.249119244
   129.000  -412.384589036  -412.338269433  -412.246242977  -412.338269433  -412.248979814
   129.500  -412.385621126  -412.334035257  -412.247984319  -412.334035257  -412.248818818
   130.000  -412.387801280  -412.331603755  -412.251349754  -412.331603755  -412.248787149
   130.500  -412.391455253  -412.331396068  -412.256614739  -412.331396068  -412.248902225
   131.000  -412.394975193  -412.331761597  -412.262062459  -412.331761597  -412.249027857
   131.500  -412.396538354  -412.330779411  -412.265725842  -412.330779411  -412.249063624
   132.000  -412.395503830  -412.327722008  -412.266815422  -412.327722008  -412.249020094
   132.500  -412.392378246  -412.323039186  -412.265701801  -412.323039186  -412.248948812
   133.000  -412.388143224  -412.317676269  -412.263247210  -412.317676269  -412.248882770
   133.500  -412.383773797  -412.312578279  -412.260318419  -412.312578279  -412.248831567
   134.000  -412.381072082  -412.307706929  -412.257828347  -412.307706929  -412.247946354
   134.500  -412.378466490  -412.305437335  -412.256066024  -412.305437335  -412.247874489
   135.000  -412.382541942  -412.315172029  -412.258303095  -412.315172029  -412.257093576
   135.500  -412.383337336  -412.318385699  -412.262916660  -412.318385699  -412.257103338
   136.000  -412.385552771  -412.323455586  -412.268845571  -412.323455586  -412.257109886
   136.500  -412.389083537  -412.330246800  -412.275844107  -412.330246800  -412.257121905
   137.000  -412.393746058  -412.338521508  -412.283581586  -412.338521508  -412.257167364
   137.500  -412.398910362  -412.347568916  -412.291277621  -412.347568916  -412.257264754
   138.000  -412.403273635  -412.355979452  -412.297483693  -412.355979452  -412.257395522
   138.500  -412.405156718  -412.361946078  -412.300394163  -412.361946078  -412.257501791
   139.000  -412.403355494  -412.364124627  -412.298719320  -412.364124627  -412.257506859
   139.500  -412.398205146  -412.362709052  -412.292776535  -412.362709052  -412.257371332
   140.000  -412.392425370  -412.359346926  -412.285301271  -412.359346926  -412.256621491
   140.500  -412.388088886  -412.357987014  -412.278872727  -412.357987014  -412.256556625
   141.000  -412.386579935  -412.359009725  -412.274926096  -412.359009725  -412.256683229
   141.500  -412.386180059  -412.360681254  -412.272030058  -412.360681254  -412.256853275
   142.000  -412.384415105  -412.360534177  -412.267986579  -412.360534177  -412.256915453
   142.500  -412.380209247  -412.357502167  -412.261946544  -412.357502167  -412.256860326
   143.000  -412.374171619  -412.352195818  -412.254680452  -412.352195818  -412.256759794
   143.500  -412.367652767  -412.345955908  -412.247633223  -412.345955908  -412.256676792
   144.000  -412.361835212  -412.339944680  -412.242012650  -412.339944680  -412.256629456
   144.500  -412.357436926  -412.334849196  -412.238476605  -412.334849196  -412.256599760
   145.000  -412.354929994  -412.331109820  -412.237314722  -412.331109820  -412.256543016
   145.500  -412.354925579  -412.329646821  -412.238832716  -412.329646821  -412.257055744
   146.000  -412.357525607  -412.329569466  -412.243091514  -412.329569466  -412.257055858
   146.500  -412.362846164  -412.331405992  -412.249436441  -412.331405992  -412.257079834
   147.000  -412.370528064  -412.334749481  -412.257105898  -412.334749481  -412.257117323
   147.500  -412.379998983  -412.339001506  -412.265220206  -412.339001506  -412.257160960
   148.000  -412.390539084  -412.343472255  -412.272889146  -412.343472255  -412.257220345
   148.500  -412.401155409  -412.347269065  -412.279105536  -412.347269065  -412.257307386
   149.000  -412.410482122  -412.349168235  -412.282616764  -412.349168235  -412.257414645
   149.500  -412.416788499  -412.348146389  -412.282349578  -412.348146389  -412.257728584
   150.000  -412.419709218  -412.343142683  -412.277444166  -412.343142683  -412.257658878
   150.500  -412.420354105  -412.335806852  -412.269536718  -412.335806852  -412.257416415
   151.000  -412.422336243  -412.329911033  -412.262456819  -412.329911033  -412.257181197
   151.500  -412.428867327  -412.328840300  -412.259658256  -412.328840300  -412.257223979
   152.000  -412.439141647  -412.331997126  -412.260654287  -412.331997126  -412.257505419
   152.500  -412.448903252  -412.335349873  -412.261574445  -412.335349873  -412.257732387
   153.000  -412.454459462  -412.335406793  -412.259107501  -412.335406793  -412.257756431
   153.500  -412.454993727  -412.331502305  -412.252741324  -412.331502305  -412.257634427
   154.000  -412.451974296  -412.325194331  -412.244132504  -412.325194331  -412.257478881
   154.500  -412.447556430  -412.318662628  -412.235513814  -412.318662628  -412.257369658
   155.000  -412.443367549  -412.313493216  -412.228500245  -412.313493216  -412.257327963
   155.500  -412.440168729  -412.310329561  -412.223771208  -412.310329561  -412.257322637
   156.000  -412.438238153  -412.309276507  -412.221476418  -412.309276507  -412.257314210
   156.500  -412.437842120  -412.310469798  -412.221779492  -412.310469798  -412.257287850
   157.000  -412.439305356  -412.314265077  -412.225015792  -412.314265077  -412.257270756
   157.500  -412.442763505  -412.320883100  -412.231395100  -412.320883100  -412.257293155
   158.000  -412.447880427  -412.329974200  -412.240600267  -412.329974200  -412.257362435
   158.500  -412.453711543  -412.340477175  -412.251577076  -412.340477175  -412.257471210
   159.000  -412.458757560  -412.350729360  -412.262603648  -412.350729360  -412.257611431
   159.500  -412.461176737  -412.358648444  -412.272272700  -412.358648444  -412.257575538
   160.000  -412.459363859  -412.362751690  -412.277132397  -412.362751690  -412.257645592
   160.500  -412.452610105  -412.362000863  -412.276894416  -412.362000863  -412.257561019
   161.000  -412.442646339  -412.357937969  -412.272970487  -412.357937969  -412.257291413
   161.500  -412.433702162  -412.354605150  -412.269341317  -412.354605150  -412.257025636
   162.000  -412.429706612  -412.355778017  -412.269803986  -412.355778017  -412.257040854
   162.500  -412.430636376  -412.361335112  -412.274330378  -412.361335112  -412.257293427
   163.000  -412.433063025  -412.367798886  -412.279579130  -412.367798886  -412.257500094
   163.500  -412.433891147  -412.372051326  -412.282586377  -412.372051326  -412.257546895
   164.000  -412.432147709  -412.373107233  -412.282523182  -412.373107233  -412.257499822
   164.500  -412.428285579  -412.371414242  -412.279980855  -412.371414242  -412.257426344
   165.000  -412.423253146  -412.367922130  -412.276028372  -412.367922130  -412.257348559
   165.500  -412.418118579  -412.363708975  -412.271823071  -412.363708975  -412.257275053
   166.000  -412.413921938  -412.359828879  -412.268457804  -412.359828879  -412.257214243
   166.500  -412.411528676  -412.357164341  -412.266810340  -412.357164341  -412.257175164
   167.000  -412.411489873  -412.356284629  -412.267407908  -412.356284629  -412.257163109
   167.500  -412.413961064  -412.357365676  -412.270352172  -412.357365676  -412.257177155
   168.000  -412.418708721  -412.360202789  -412.275338729  -412.360202789  -412.257211220
   168.500  -412.425191574  -412.364298165  -412.281757249  -412.364298165  -412.257259346
   169.000  -412.432622226  -412.368933283  -412.288776330  -412.368933283  -412.257325908
   169.500  -412.439899717  -412.373106533  -412.295297180  -412.373106533  -412.257423007
   170.000  -412.445461440  -412.375386608  -412.299816650  -412.375386608  -412.257547416
   170.500  -412.447412427  -412.374032757  -412.300553776  -412.374032757  -412.257642689
   171.000  -412.444436508  -412.367887361  -412.296341279  -412.367887361  -412.257591090
   171.500  -412.437488657  -412.358039147  -412.288282509  -412.358039147  -412.257309189
   172.000  -412.430755189  -412.348759699  -412.280672953  -412.348759699  -412.256949002
   172.500  -412.429295844  -412.345145363  -412.278628070  -412.345145363  -412.256867826
   173.000  -412.434223125  -412.348332414  -412.283291547  -412.348332414  -412.257151394
   173.500  -412.441552170  -412.354384492  -412.290729974  -412.354384492  -412.257476932
   174.000  -412.446408072  -412.358499907  -412.296146473  -412.358499907  -412.257597524
   174.500  -412.446614846  -412.358568953  -412.297439555  -412.358568953  -412.257541860
   175.000  -412.442634092  -412.355085234  -412.295106498  -412.355085234  -412.257428593
   175.500  -412.435989965  -412.349562217  -412.290658430  -412.349562217  -412.257327849
   176.000  -412.428187948  -412.343460589  -412.285543838  -412.343460589  -412.257254876
   176.500  -412.420402233  -412.337889172  -412.280854409  -412.337889172  -412.257201698
   177.000  -412.413523111  -412.333665268  -412.277385400  -412.333665268  -412.257164004
   177.500  -412.408191201  -412.331355499  -412.275681511  -412.331355499  -412.257148642
   178.000  -412.404687847  -412.331168814  -412.275927131  -412.331168814  -412.257167033
   178.500  -412.402784870  -412.332804603  -412.277797368  -412.332804603  -412.257218227
   179.000  -412.401772756  -412.335479919  -412.280482787  -412.335479919  -412.257281686
   179.500  -412.400776051  -412.338243974  -412.283008841  -412.338243974  -412.257326640
   180.000  -412.399200474  -412.340426610  -412.284685651  -412.340426610  -412.257340025
   180.500  -412.396925354  -412.341830711  -412.285307597  -412.341830711  -412.257347217
   181.000  -412.393953273  -412.342380731  -412.284802404  -412.342380731  -412.257397582
   181.500  -412.389769655  -412.341477557  -412.282590726  -412.341477557  -412.257501003
   182.000  -412.383302119  -412.337954231  -412.277541125  -412.337954231  -412.257569291
   182.500  -412.374252142  -412.331406295  -412.269308405  -412.331406295  -412.257448644
   183.000  -412.365129643  -412.324238255  -412.260383194  -412.324238255  -412.257117881
   183.500  -412.361134471  -412.321572929  -412.256002118  -412.321572929  -412.256873908
   184.000  -412.365804780  -412.326934836  -412.259817219  -412.326934836  -412.257021438
   184.500  -412.376940437  -412.338183180  -412.269810786  -412.338183180  -412.257391240
   185.000  -412.388845624  -412.349723424  -412.280486974  -412.349723424  -412.257628355
   185.500  -412.397355984  -412.357486626  -412.287842366  -412.357486626  -412.257643415
   186.000  -412.401537669  -412.360599622  -412.291031815  -412.360599622  -412.257541572
   186.500  -412.402423303  -412.360115001  -412.291097268  -412.360115001  -412.257430195
   187.000  -412.401466935  -412.357416195  -412.289390226  -412.357416195  -412.257429174
   187.500  -412.400841357  -412.352837059  -412.287445668  -412.352837059  -412.256763962
   188.000  -412.398292117  -412.348107577  -412.284105446  -412.348107577  -412.256760479
   188.500  -412.395099890  -412.342541700  -412.280017160  -412.342541700  -412.256735677
   189.000  -412.391685323  -412.336598771  -412.275553091  -412.336598771  -412.256675560
   189.500  -412.388971602  -412.331255547  -412.271624994  -412.331255547  -412.256606839
   190.000  -412.387976057  -412.327595979  -412.269279450  -412.327595979  -412.256570593
   190.500  -412.389211887  -412.326208368  -412.269093847  -412.326208368  -412.256580784
   191.000  -412.392477097  -412.326967015  -412.270951228  -412.326967015  -412.256621447
   191.500  -412.397081389  -412.329249851  -412.274246948  -412.329249851  -412.256679620
   192.000  -412.402066526  -412.332149781  -412.278086794  -412.332149781  -412.256761665
   192.500  -412.406180088  -412.334445544  -412.281242642  -412.334445544  -412.256869967
   193.000  -412.407389371  -412.335134318  -412.282291559  -412.335134318  -412.257484800
   193.500  -412.405771614  -412.332052100  -412.279962375  -412.332052100  -412.257451938
   194.000  -412.401692028  -412.326617625  -412.275161420  -412.326617625  -412.257199824
   194.500  -412.399084132  -412.322728475  -412.271771159  -412.322728475  -412.256885742
   195.000  -412.402371454  -412.324806323  -412.274218259  -412.324806323  -412.256872825
   195.500  -412.411632161  -412.332976919  -412.282652774  -412.332976919  -412.257204800
   196.000  -412.422065859  -412.342516307  -412.292379078  -412.342516307  -412.257531783
   196.500  -412.428653716  -412.348477701  -412.298463904  -412.348477701  -412.257626459
   197.000  -412.429565521  -412.349079654  -412.299117398  -412.349079654  -412.257528320
   197.500  -412.425916002  -412.345459048  -412.295455020  -412.345459048  -412.257359993
   198.000  -412.420053868  -412.339965659  -412.289807111  -412.339965659  -412.257218581
   198.500  -412.414071019  -412.334677130  -412.284244549  -412.334677130  -412.257151636
   199.000  -412.409027634  -412.330629512  -412.279809489  -412.330629512  -412.257152592
   199.500  -412.404998454  -412.327862757  -412.276554307  -412.327862757  -412.257177770
   200.000  -412.401672718  -412.326022764  -412.274133924  -412.326022764  -412.257187797
   200.500  -412.398934055  -412.324940397  -412.272379488  -412.324940397  -412.257173715
   201.000  -412.397012887  -412.324788176  -412.271453478  -412.324788176  -412.257152383
   201.500  -412.396257921  -412.325855890  -412.271628834  -412.325855890  -412.257146906
   202.000  -412.396793383  -412.328214628  -412.272956870  -412.328214628  -412.257173899
   202.500  -412.398275587  -412.331476974  -412.275033286  -412.331476974  -412.257237436
   203.000  -412.399844788  -412.334751800  -412.276955612  -412.334751800  -412.257325389
   203.500  -412.400336649  -412.336857538  -412.277536383  -412.336857538  -412.257399970
   204.000  -412.398871259  -412.336922232  -412.275892425  -412.336922232  -412.257381751
   204.500  -412.396807016  -412.335516798  -412.274639379  -412.335516798  -412.257414513
   205.000  -412.394896559  -412.334674015  -412.272086585  -412.334674015  -412.257195952
   205.500  -412.397027462  -412.337696540  -412.273389711  -412.337696540  -412.257172602
   206.000  -412.403483727  -412.344861038  -412.278858203  -412.344861038  -412.257407308
   206.500  -412.411011229  -412.352919140  -412.285258947  -412.352919140  -412.257631524
   207.000  -412.416307442  -412.358576919  -412.289301308  -412.358576919  -412.257660376
   207.500  -412.418628244  -412.361091477  -412.290240378  -412.361091477  -412.257572676
   208.000  -412.418949904  -412.361429641  -412.289046452  -412.361429641  -412.257500031
   208.500  -412.418201785  -412.360504628  -412.286645409  -412.360504628  -412.257478857
   209.000  -412.416688136  -412.358602331  -412.283344906  -412.358602331  -412.257475345
   209.500  -412.414498671  -412.355795275  -412.279240989  -412.355795275  -412.257457291
   210.000  -412.411947694  -412.352382950  -412.274651717  -412.352382950  -412.257421821
   210.500  -412.409614550  -412.348934147  -412.270152484  -412.348934147  -412.257383092
   211.000  -412.408137753  -412.346083537  -412.266371533  -412.346083537  -412.257352384
   211.500  -412.408042486  -412.344362538  -412.263824652  -412.344362538  -412.257330051
   212.000  -412.409719187  -412.344182211  -412.262904073  -412.344182211  -412.257312660
   212.500  -412.413451898  -412.345865408  -412.263918438  -412.345865408  -412.257309801
   213.000  -412.419252114  -412.349483859  -412.266933356  -412.349483859  -412.257355126
   213.500  -412.426371327  -412.354372382  -412.271282813  -412.354372382  -412.257485792
   214.000  -412.432845058  -412.358664348  -412.275105769  -412.358664348  -412.257687135
   214.500  -412.435842987  -412.359625696  -412.275673710  -412.359625696  -412.257854926
   215.000  -412.433357163  -412.355310811  -412.271046180  -412.355310811  -412.257813973
   215.500  -412.426728670  -412.347064945  -412.262559996  -412.347064945  -412.257471812
   216.000  -412.421549077  -412.340428733  -412.255725819  -412.340428733  -412.257087403
   216.500  -412.423531891  -412.341065100  -412.256161294  -412.341065100  -412.257119725
   217.000  -412.432245891  -412.348555436  -412.263416407  -412.348555436  -412.257507350
   217.500  -412.441929698  -412.357215878  -412.271811300  -412.357215878  -412.257767408
   218.000  -412.448102120  -412.362649926  -412.276986720  -412.362649926  -412.257740063
   218.500  -412.450316795  -412.364458271  -412.278590556  -412.364458271  -412.257601874
   219.000  -412.450069391  -412.364137606  -412.278162846  -412.364137606  -412.257507136
   219.500  -412.448546308  -412.362842088  -412.276888857  -412.362842088  -412.257475187
   220.000  -412.446166267  -412.360938004  -412.275151554  -412.360938004  -412.257463782
   220.500  -412.443092503  -412.358526364  -412.273052646  -412.358526364  -412.257439901
   221.000  -412.439696832  -412.355915741  -412.270889636  -412.355915741  -412.257396149
   221.500  -412.436666471  -412.353736446  -412.269280940  -412.353736446  -412.257344358
   222.000  -412.434811514  -412.352754907  -412.268988245  -412.352754907  -412.257308052
   222.500  -412.434712617  -412.353523866  -412.270574350  -412.353523866  -412.257305618
   223.000  -412.436446878  -412.356107759  -412.274122919  -412.356107759  -412.257337066
   223.500  -412.439580888  -412.360070156  -412.279216884  -412.360070156  -412.257393821
   224.000  -412.443283631  -412.364579384  -412.285027391  -412.364579384  -412.257484469
   224.500  -412.446235720  -412.368311224  -412.290200841  -412.368311224  -412.257624722
   225.000  -412.446514894  -412.369329943  -412.292730440  -412.369329943  -412.257773168
   225.500  -412.442333999  -412.365825525  -412.290695891  -412.365825525  -412.257785553
   226.000  -412.434108548  -412.358183987  -412.284351877  -412.358183987  -412.257526729
   226.500  -412.426038382  -412.350577262  -412.277748670  -412.350577262  -412.257155372
   227.000  -412.423521687  -412.348391706  -412.276199469  -412.348391706  -412.257090496
   227.500  -412.427508119  -412.352592776  -412.280671584  -412.352592776  -412.257385994
   228.000  -412.433764912  -412.358986881  -412.287046402  -412.358986881  -412.257657310
   228.500  -412.437952546  -412.363276615  -412.291143480  -412.363276615  -412.257709147
   229.000  -412.438669619  -412.364085126  -412.291706784  -412.364085126  -412.257640327
   229.500  -412.436457113  -412.361952000  -412.289368119  -412.361952000  -412.257563355
   230.000  -412.432231663  -412.357769840  -412.285064856  -412.357769840  -412.257503276
   230.500  -412.426801438  -412.352310111  -412.279562963  -412.352310111  -412.257451092
   231.000  -412.420915853  -412.346285260  -412.273532151  -412.346285260  -412.257404180
   231.500  -412.415284171  -412.340378844  -412.267595878  -412.340378844  -412.257361112
   232.000  -412.410586167  -412.335263913  -412.262368219  -412.335263913  -412.257313250
   232.500  -412.407554984  -412.331716713  -412.258540590  -412.331716713  -412.257197336
   233.000  -412.406323574  -412.331541329  -412.258689496  -412.331541329  -412.258092263
   233.500  -412.408746565  -412.333204712  -412.260658777  -412.333204712  -412.258104708
   234.000  -412.413851314  -412.337526317  -412.265214984  -412.337526317  -412.258177026
   234.500  -412.420503095  -412.343416761  -412.271274255  -412.343416761  -412.258301404
   235.000  -412.426801494  -412.349020913  -412.276995332  -412.349020913  -412.258467004
   235.500  -412.430316271  -412.351948999  -412.280004347  -412.351948999  -412.258653444
   236.000  -412.428545593  -412.349727949  -412.277829498  -412.349727949  -412.258782343
   236.500  -412.420233710  -412.341110370  -412.269181642  -412.341110370  -412.258687715
   237.000  -412.407704852  -412.328401511  -412.256255585  -412.328401511  -412.258273419
   237.500  -412.397675538  -412.318278850  -412.245561543  -412.318278850  -412.257844491
   238.000  -412.396505631  -412.317069254  -412.243283775  -412.317069254  -412.257890488
   238.500  -412.403592582  -412.324169501  -412.248801969  -412.324169501  -412.258302244
   239.000  -412.412746070  -412.333415520  -412.256076216  -412.333415520  -412.258599599
   239.500  -412.418817070  -412.339683070  -412.260167210  -412.339683070  -412.258646755
   240.000  -412.420234110  -412.341405683  -412.259671096  -412.341405683  -412.258569062
   240.500  -412.417606104  -412.339177593  -412.255289697  -412.339177593  -412.258461128
   241.000  -412.412304126  -412.334343493  -412.248426403  -412.334343493  -412.258346989
   241.500  -412.405954397  -412.328498527  -412.240701970  -412.328498527  -412.258239386
   242.000  -412.400160319  -412.323213915  -412.233692848  -412.323213915  -412.258161075
   242.500  -412.396139911  -412.319675736  -412.228577896  -412.319675736  -412.258124949
   243.000  -412.394519499  -412.318479093  -412.225940486  -412.318479093  -412.258119577
   243.500  -412.395468982  -412.319763998  -412.225914782  -412.319763998  -412.258124408
   244.000  -412.398976524  -412.323491517  -412.228475122  -412.323491517  -412.258131853
   244.500  -412.404955439  -412.329552649  -412.233555517  -412.329552649  -412.258151786
   245.000  -412.413106001  -412.337632359  -412.240915595  -412.337632359  -412.258202257
   245.500  -412.422660429  -412.346955820  -412.249875508  -412.346955820  -412.258298171
   246.000  -412.432183984  -412.356089950  -412.259091524  -412.356089950  -412.258439586
   246.500  -412.439627612  -412.362993995  -412.266576930  -412.362993995  -412.258590487
   247.000  -412.442934996  -412.365624402  -412.270285802  -412.365624402  -412.258653460
   247.500  -412.441492270  -412.363382937  -412.269563670  -412.363382937  -412.258498338
   248.000  -412.437806346  -412.358799880  -412.266847889  -412.358799880  -412.258146581
   248.500  -412.436852904  -412.356890912  -412.267042071  -412.356890912  -412.257931467
   249.000  -412.441488902  -412.360575718  -412.272944362  -412.360575718  -412.258123325
   249.500  -412.449024882  -412.367240721  -412.281834632  -412.367240721  -412.258481487
   250.000  -412.454303806  -412.371795371  -412.288569287  -412.371795371  -412.258656591
   250.500  -412.455554946  -412.370220644  -412.295063984  -412.370220644  -412.257302283
   251.000  -412.450852681  -412.365385801  -412.291877240  -412.365385801  -412.257184768
   251.500  -412.442767045  -412.357418916  -412.285370211  -412.357418916  -412.257075143
   252.000  -412.432884008  -412.347909547  -412.277099554  -412.347909547  -412.256984825
   252.500  -412.422576379  -412.338230381  -412.268388866  -412.338230381  -412.256905547
   253.000  -412.413071143  -412.329606136  -412.260413897  -412.329606136  -412.256837791
   253.500  -412.405423267  -412.323087137  -412.254191422  -412.323087137  -412.256789756
   254.000  -412.400389830  -412.319420248  -412.250461388  -412.319420248  -412.256768535
   254.500  -412.398315099  -412.318933034  -412.249572932  -412.318933034  -412.256776881
   255.000  -412.399090717  -412.321492253  -412.251441238  -412.321492253  -412.256812723
   255.500  -412.402189945  -412.326539027  -412.255575964  -412.326539027  -412.256873567
   256.000  -412.406712817  -412.333135150  -412.261118652  -412.333135150  -412.256965133
   256.500  -412.411318820  -412.339898520  -412.266764531  -412.339898520  -412.257106139
   257.000  -412.414025926  -412.344804095  -412.270544527  -412.344804095  -412.257299985
   257.500  -412.412337052  -412.345312497  -412.269927959  -412.345312497  -412.257459199
   258.000  -412.404716407  -412.339847633  -412.263274963  -412.339847633  -412.257368893
   258.500  -412.393579250  -412.330787500  -412.252826579  -412.330787500  -412.256909213
   259.000  -412.386291637  -412.325465427  -412.245768878  -412.325465427  -412.256477617
   259.500  -412.389111546  -412.330112592  -412.248299364  -412.330112592  -412.256657862
   260.000  -412.399472807  -412.342143246  -412.257981039  -412.342143246  -412.257230846
   260.500  -412.408850856  -412.353020260  -412.266522001  -412.353020260  -412.257569900
   261.000  -412.411425355  -412.356916713  -412.268294258  -412.356916713  -412.257533287
   261.500  -412.406813616  -412.353446521  -412.263005775  -412.353446521  -412.257318604
   262.000  -412.397651205  -412.345242669  -412.253300309  -412.345242669  -412.257097181
   262.500  -412.387022517  -412.335387103  -412.242227718  -412.335387103  -412.256936901
   263.000  -412.377276361  -412.326226698  -412.232088786  -412.326226698  -412.256846514
   263.500  -412.369771472  -412.319119362  -412.224196722  -412.319119362  -412.256812930
   264.000  -412.365016057  -412.314573799  -412.219024620  -412.314573799  -412.256815635
   264.500  -412.362959692  -412.312542027  -412.216501860  -412.312542027  -412.256831107
   265.000  -412.363348294  -412.312774541  -412.216371063  -412.312774541  -412.256838501
   265.500  -412.366036361  -412.315133029  -412.218500273  -412.315133029  -412.256831963
   266.000  -412.371073938  -412.319677192  -412.222967019  -412.319677192  -412.256829480
   266.500  -412.378453847  -412.326411474  -412.229800308  -412.326411474  -412.256859983
   267.000  -412.387707833  -412.334880162  -412.238570615  -412.334880162  -412.256938059
   267.500  -412.397691376  -412.343951050  -412.248170513  -412.343951050  -412.257062973
   268.000  -412.406595905  -412.351826675  -412.256823844  -412.351826675  -412.257225002
   268.500  -412.412172231  -412.356266929  -412.262303644  -412.356266929  -412.257361407
   269.000  -412.412745249  -412.355602052  -412.262931803  -412.355602052  -412.257322505
   269.500  -412.409269684  -412.350786113  -412.259610041  -412.350786113  -412.257023032
   270.000  -412.406183414  -412.346248200  -412.256654199  -412.346248200  -412.256708666
   270.500  -412.407870225  -412.346357732  -412.258283013  -412.346357732  -412.256752873
   271.000  -412.413801636  -412.350574771  -412.263841260  -412.350574771  -412.257065744
   271.500  -412.419593325  -412.354514883  -412.268923944  -412.354514883  -412.257272099
   272.000  -412.421959843  -412.354905173  -412.270317713  -412.354905173  -412.257258046
   272.500  -412.420632797  -412.351497939  -412.267854635  -412.351497939  -412.257140129
   273.000  -412.416996774  -412.345701521  -412.262996059  -412.345701521  -412.257030476
   273.500  -412.412423272  -412.340065022  -412.258075704  -412.340065022  -412.258029908
   274.000  -412.407898713  -412.333335939  -412.252462903  -412.333335939  -412.257999075
   274.500  -412.403766596  -412.326982013  -412.247170946  -412.326982013  -412.257971995
   275.000  -412.400405083  -412.321399774  -412.242574513  -412.321399774  -412.257928668
   275.500  -412.398441112  -412.317232664  -412.239303924  -412.317232664  -412.257871938
   276.000  -412.398706525  -412.315328793  -412.238204951  -412.315328793  -412.257824843
   276.500  -412.401886409  -412.316393076  -412.239987582  -412.316393076  -412.257816478
   277.000  -412.408071812  -412.320543584  -412.244776995  -412.320543584  -412.257866800
   277.500  -412.416461773  -412.327015928  -412.251811876  -412.327015928  -412.257976037
   278.000  -412.425379406  -412.334179381  -412.259454604  -412.334179381  -412.258126468
   278.500  -412.432588437  -412.339849028  -412.265496872  -412.339849028  -412.258286704
   279.000  -412.435874674  -412.341858862  -412.267725034  -412.341858862  -412.258386997
   279.500  -412.434196593  -412.339201101  -412.265055645  -412.339201101  -412.258298544
   280.000  -412.429463832  -412.333797214  -412.259319066  -412.333797214  -412.257960364
   280.500  -412.426957005  -412.330921770  -412.255723530  -412.330921770  -412.257632519
   281.000  -412.431376927  -412.335267120  -412.258970080  -412.335267120  -412.257712093
   281.500  -412.441582158  -412.345689553  -412.268008836  -412.345689553  -412.258109227
   282.000  -412.451773198  -412.356380282  -412.277158394  -412.356380282  -412.258403225
   282.500  -412.457215218  -412.362568257  -412.281751121  -412.362568257  -412.258443346
   283.000  -412.456757760  -412.363037625  -412.280630450  -412.363037625  -412.258338992
   283.500  -412.451606883  -412.358911235  -412.274952050  -412.358911235  -412.258205158
   284.000  -412.443659219  -412.352002508  -412.266552385  -412.352002508  -412.258085444
   284.500  -412.434756466  -412.344081029  -412.257229647  -412.344081029  -412.257982949
   285.000  -412.426531299  -412.336726314  -412.248599222  -412.336726314  -412.257902821
   285.500  -412.420266061  -412.331187041  -412.241950809  -412.331187041  -412.257865109
   286.000  -412.416577072  -412.328063682  -412.237920443  -412.328063682  -412.257881274
   286.500  -412.415258370  -412.327146821  -412.236317444  -412.327146821  -412.257927938
   287.000  -412.415623089  -412.327752247  -412.236452729  -412.327752247  -412.257965945
   287.500  -412.417079175  -412.329274700  -412.237721947  -412.329274700  -412.258007330
   288.000  -412.419378404  -412.331472311  -412.239820167  -412.331472311  -412.258052114
   288.500  -412.422165665  -412.334036630  -412.242351994  -412.334036630  -412.258116282
   289.000  -412.424532592  -412.336051716  -412.244402730  -412.336051716  -412.258244361
   289.500  -412.424767269  -412.335815876  -412.244259431  -412.335815876  -412.258385740
   290.000  -412.421202455  -412.331673557  -412.240247831  -412.331673557  -412.258393876
   290.500  -412.414322660  -412.324116981  -412.232813413  -412.324116981  -412.258132520
   291.000  -412.408359603  -412.317383746  -412.226108250  -412.317383746  -412.257757775
   291.500  -412.408712859  -412.316835471  -412.225432071  -412.316835471  -412.257705929
   292.000  -412.415977104  -412.323113244  -412.231391411  -412.323113244  -412.258046257
   292.500  -412.425229284  -412.331332018  -412.239184178  -412.331332018  -412.258357276
   293.000  -412.431525708  -412.336583208  -412.244078119  -412.336583208  -412.258406736
   293.500  -412.433505576  -412.337533476  -412.244919716  -412.337533476  -412.258286298
   294.000  -412.432497714  -412.335527068  -412.243171889  -412.335527068  -412.258146590
   294.500  -412.430379621  -412.332449638  -412.240751092  -412.332449638  -412.258065198
   295.000  -412.428325116  -412.329481462  -412.238788478  -412.329481462  -412.258043911
   295.500  -412.426668559  -412.326967538  -412.237527185  -412.326967538  -412.258045469
   296.000  -412.425392626  -412.324908991  -412.236848110  -412.324908991  -412.258036193
   296.500  -412.424616127  -412.323451876  -412.236788207  -412.323451876  -412.258006349
   297.000  -412.424750852  -412.323043374  -412.237713155  -412.323043374  -412.257966361
   297.500  -412.426352097  -412.324279076  -412.240167605  -412.324279076  -412.257937767
   298.000  -412.429785156  -412.327567682  -412.244532932  -412.327567682  -412.257948758
   298.500  -412.434807572  -412.332707682  -412.250594790  -412.332707682  -412.258024829
   299.000  -412.440216765  -412.338529675  -412.257175005  -412.338529675  -412.258171198
   299.500  -412.443844585  -412.342881077  -412.262107989  -412.342881077  -412.258347963
   300.000  -412.443247138  -412.343305899  -412.262915854  -412.343305899  -412.258451889
   300.500  -412.437276920  -412.338611154  -412.258377941  -412.338611154  -412.258350512
   301.000  -412.427877870  -412.330665883  -412.250344744  -412.330665883  -412.258034209
   301.500  -412.419920114  -412.324257246  -412.243613694  -412.324257246  -412.257754078
   302.000  -412.417564712  -412.323487402  -412.242333475  -412.323487402  -412.257776717
   302.500  -412.420633423  -412.328164447  -412.246375677  -412.328164447  -412.258017879
   303.000  -412.425602310  -412.334791888  -412.252290845  -412.334791888  -412.258225131
   303.500  -412.429082353  -412.340029250  -412.256750455  -412.340029250  -412.258299378
   304.000  -412.429516729  -412.342370350  -412.258230938  -412.342370350  -412.258273540
   304.500  -412.426941608  -412.341892128  -412.256779027  -412.341892128  -412.258198283
   305.000  -412.422294428  -412.339554396  -412.253325591  -412.339554396  -412.258109519
   305.500  -412.416868974  -412.336630921  -412.249128380  -412.336630921  -412.258036028
   306.000  -412.413382741  -412.333411767  -412.246382441  -412.333411767  -412.257031865
   306.500  -412.409752682  -412.332754283  -412.245646849  -412.332754283  -412.256997419
   307.000  -412.408062699  -412.334272295  -412.246982560  -412.334272295  -412.256982682
   307.500  -412.408576093  -412.338195795  -412.250615000  -412.338195795  -412.256991848
   308.000  -412.411141840  -412.344346376  -412.256366232  -412.344346376  -412.257036987
   308.500  -412.415028858  -412.351962785  -412.263475410  -412.351962785  -412.257133573
   309.000  -412.418730707  -412.359503582  -412.270399748  -412.359503582  -412.257283482
   309.500  -412.419998634  -412.364678720  -412.274846162  -412.364678720  -412.257453590
   310.000  -412.416411722  -412.365016251  -412.274338417  -412.365016251  -412.257562989
   310.500  -412.406632851  -412.359113906  -412.267470010  -412.359113906  -412.257501098
   311.000  -412.391987866  -412.348214483  -412.255485243  -412.348214483  -412.257216886
   311.500  -412.376982658  -412.336727834  -412.242811509  -412.336727834  -412.256860890
   312.000  -412.366928315  -412.329873949  -412.234710154  -412.329873949  -412.256739154
   312.500  -412.363845897  -412.329618676  -412.232884018  -412.329618676  -412.257159695
   313.000  -412.364371703  -412.332544922  -412.234754508  -412.332544922  -412.257451027
   313.500  -412.364321507  -412.334507839  -412.235874179  -412.334507839  -412.257578698
   314.000  -412.361478169  -412.333311516  -412.234129727  -412.333311516  -412.257526290
   314.500  -412.356313443  -412.329432992  -412.230082383  -412.329432992  -412.257396810
   315.000  -412.350665032  -412.324671902  -412.225665795  -412.324671902  -412.257259558
   315.500  -412.346435042  -412.321016716  -412.222750677  -412.321016716  -412.257178689
   316.000  -412.344931620  -412.319815648  -412.222575183  -412.319815648  -412.257146772
   316.500  -412.346734352  -412.321613542  -412.225702718  -412.321613542  -412.257152647
   317.000  -412.351802988  -412.326360267  -412.232059480  -412.326360267  -412.257184522
   317.500  -412.359660727  -412.333577376  -412.241129102  -412.333577376  -412.257234031
   318.000  -412.369525306  -412.342485542  -412.252088313  -412.342485542  -412.257299313
   318.500  -412.380380196  -412.352051534  -412.263898612  -412.352051534  -412.257353177
   319.000  -412.390893882  -412.361045295  -412.275184119  -412.361045295  -412.257444015
   319.500  -412.399628870  -412.368015452  -412.284466732  -412.368015452  -412.257521162
   320.000  -412.405382258  -412.371806784  -412.290511689  -412.371806784  -412.257563369
   320.500  -412.407522487  -412.371829350  -412.292678282  -412.371829350  -412.257558453
   321.000  -412.406357847  -412.368374523  -412.291336937  -412.368374523  -412.257455326
   321.500  -412.403481487  -412.363087022  -412.288068381  -412.363087022  -412.257288670
   322.000  -412.401286074  -412.358437224  -412.285243956  -412.358437224  -412.257188091
   322.500  -412.401145177  -412.355877537  -412.284251686  -412.355877537  -412.257250676
   323.000  -412.402130052  -412.354568529  -412.284215964  -412.354568529  -412.257387808
   323.500  -412.402185896  -412.352553834  -412.283167304  -412.352553834  -412.257450677
   324.000  -412.400196968  -412.348815043  -412.280090480  -412.348815043  -412.257405830
   324.500  -412.396585409  -412.343859243  -412.275503524  -412.343859243  -412.257313175
   325.000  -412.392551065  -412.338950960  -412.270683892  -412.338950960  -412.257234967
   325.500  -412.389164856  -412.335203260  -412.266754062  -412.335203260  -412.257199895
   326.000  -412.386911503  -412.333119903  -412.264221483  -412.333119903  -412.257207512
   326.500  -412.385671706  -412.332578230  -412.262959450  -412.332578230  -412.257239667
   327.000  -412.384990064  -412.333097159  -412.262475539  -412.333097159  -412.257268532
   327.500  -412.384491201  -412.334253872  -412.262329976  -412.334253872  -412.257267770
   328.000  -412.384259224  -412.336064709  -412.262521143  -412.336064709  -412.257231400
   328.500  -412.384895753  -412.339046718  -412.263553555  -412.339046718  -412.257190810
   329.000  -412.387036170  -412.343739304  -412.265968198  -412.343739304  -412.257202940
   329.500  -412.390528944  -412.349889883  -412.269536947  -412.349889883  -412.257302487
   330.000  -412.393962674  -412.355986668  -412.272802442  -412.355986668  -412.257463593
   330.500  -412.395073565  -412.359669619  -412.273493217  -412.359669619  -412.257613712
   331.000  -412.391851187  -412.358837028  -412.269630494  -412.358837028  -412.257671126
   331.500  -412.383791542  -412.352897796  -412.260777903  -412.352897796  -412.257571690
   332.000  -412.372799765  -412.343673658  -412.248935678  -412.343673658  -412.257321283
   332.500  -412.362919980  -412.335132516  -412.238260094  -412.335132516  -412.257065866
   333.000  -412.358084314  -412.331144954  -412.232793642  -412.331144954  -412.257007504
   333.500  -412.359263681  -412.332642158  -412.233592160  -412.332642158  -412.257163134
   334.000  -412.364202760  -412.337349704  -412.238433901  -412.337349704  -412.257357322
   334.500  -412.369839720  -412.342197546  -412.244224351  -412.342197546  -412.257461253
   335.000  -412.374283184  -412.345286430  -412.248969600  -412.345286430  -412.257478096
   335.500  -412.376980708  -412.346052581  -412.251956234  -412.346052581  -412.257452927
   336.000  -412.378146729  -412.344700922  -412.253198355  -412.344700922  -412.257405291
   336.500  -412.378444383  -412.341898498  -412.253151812  -412.341898498  -412.257331764
   337.000  -412.378955041  -412.338758462  -412.252722596  -412.338758462  -412.257238771
   337.500  -412.381012585  -412.336686090  -412.253142046  -412.336686090  -412.257159446
   338.000  -412.385685466  -412.336866405  -412.255480480  -412.336866405  -412.257133635
   338.500  -412.393199027  -412.339680778  -412.260087061  -412.339680778  -412.257174548
   339.000  -412.402757344  -412.344452079  -412.266528102  -412.344452079  -412.257204604
   339.500  -412.413018058  -412.350182236  -412.273412142  -412.350182236  -412.257317951
   340.000  -412.422392076  -412.355561755  -412.279351775  -412.355561755  -412.257516836
   340.500  -412.429366478  -412.359008976  -412.283554457  -412.359008976  -412.257579023
   341.000  -412.432861676  -412.359664507  -412.285003021  -412.359664507  -412.257620438
   341.500  -412.432326014  -412.357061783  -412.283240311  -412.357061783  -412.257605274
   342.000  -412.428217787  -412.351683537  -412.278738248  -412.351683537  -412.257488105
   342.500  -412.422545364  -412.345517024  -412.273447372  -412.345517024  -412.257287416
   343.000  -412.418397199  -412.341610701  -412.270368755  -412.341610701  -412.257148019
   343.500  -412.417803907  -412.341965393  -412.271460494  -412.341965393  -412.257214417
   344.000  -412.419779807  -412.345585551  -412.275695135  -412.345585551  -412.257429015
   344.500  -412.421139137  -412.349274345  -412.279853082  -412.349274345  -412.257604887
   345.000  -412.419146305  -412.350252339  -412.281136528  -412.350252339  -412.257640492
   345.500  -412.413118882  -412.347742814  -412.278753030  -412.347742814  -412.257558807
   346.000  -412.404222318  -412.342769865  -412.273716040  -412.342769865  -412.257433575
   346.500  -412.394391670  -412.337096706  -412.267784129  -412.337096706  -412.257335514
   347.000  -412.385242787  -412.332156471  -412.262393530  -412.332156471  -412.257300212
   347.500  -412.377499007  -412.328497513  -412.258103214  -412.328497513  -412.257314977
   348.000  -412.371133299  -412.325939940  -412.254755359  -412.325939940  -412.257339463
   348.500  -412.365927413  -412.324144253  -412.252048510  -412.324144253  -412.257344228
   349.000  -412.361902066  -412.323044859  -412.249977053  -412.323044859  -412.257328593
   349.500  -412.359343300  -412.322874407  -412.248856145  -412.322874407  -412.257310588
   350.000  -412.358552627  -412.323907522  -412.249060884  -412.323907522  -412.257309249
   350.500  -412.359572224  -412.326177231  -412.250732795  -412.326177231  -412.257336664
   351.000  -412.362016772  -412.329297147  -412.253589910  -412.329297147  -412.257396101
   351.500  -412.365057645  -412.332436242  -412.256890856  -412.332436242  -412.257474616
   352.000  -412.367667365  -412.334555403  -412.259660576  -412.334555403  -412.257529905
   352.500  -412.369268906  -412.335057390  -412.261308312  -412.335057390  -412.257499450
   353.000  -412.370577375  -412.334629427  -412.262464998  -412.334629427  -412.257371959
   353.500  -412.373654096  -412.335287290  -412.265083862  -412.335287290  -412.257253524
   354.000  -412.380289644  -412.338784991  -412.270817686  -412.338784991  -412.257284722
   354.500  -412.390079083  -412.344720727  -412.279121130  -412.344720727  -412.257432983
   355.000  -412.400831052  -412.350962362  -412.287706078  -412.350962362  -412.257541212
   355.500  -412.410684635  -412.355761681  -412.294688265  -412.355761681  -412.257552758
   356.000  -412.419021347  -412.358650744  -412.299499521  -412.358650744  -412.257529687
   356.500  -412.425754983  -412.359713101  -412.302157119  -412.359713101  -412.257522761
   357.000  -412.430661080  -412.358898161  -412.302567749  -412.358898161  -412.257519572
   357.500  -412.433535251  -412.356168231  -412.300664211  -412.356168231  -412.257487272
   358.000  -412.434655475  -412.351953737  -412.296854868  -412.351953737  -412.257417317
   358.500  -412.434913445  -412.347280943  -412.292150043  -412.347280943  -412.257328827
   359.000  -412.435532293  -412.343489328  -412.287883474  -412.343489328  -412.257249976
   359.500  -412.437630205  -412.341794940  -412.285285269  -412.341794940  -412.257203586
   360.000  -412.441854261  -412.342922010  -412.285126873  -412.342922010  -412.257203447
   360.500  -412.448154566  -412.346872928  -412.287498331  -412.346872928  -412.257257195
   361.000  -412.455678135  -412.352816421  -412.291695793  -412.352816421  -412.257365454
   361.500  -412.462789800  -412.359106539  -412.296218407  -412.359106539  -412.257514620
   362.000  -412.467348759  -412.363557470  -412.299013346  -412.363557470  -412.257656757
   362.500  -412.467498793  -412.364235622  -412.298234529  -412.364235622  -412.257697886
   363.000  -412.463066274  -412.360860907  -412.293634121  -412.360860907  -412.257543853
   363.500  -412.456752122  -412.356012814  -412.287785992  -412.356012814  -412.257243378
   364.000  -412.453165252  -412.354189362  -412.285189338  -412.354189362  -412.257052670
   364.500  -412.455146464  -412.358160570  -412.288652515  -412.358160570  -412.257170539
   365.000  -412.461058908  -412.366267687  -412.296581786  -412.366267687  -412.257472142
   365.500  -412.466429268  -412.374048597  -412.304553861  -412.374048597  -412.257706174
   366.000  -412.467514076  -412.377776121  -412.308812613  -412.377776121  -412.257765535
   366.500  -412.463072205  -412.376211662  -412.308013694  -412.376211662  -412.257687357
   367.000  -412.454034861  -412.370262819  -412.302912252  -412.370262819  -412.257547365
   367.500  -412.442433737  -412.361911175  -412.295321820  -412.361911175  -412.257405148
   368.000  -412.430482682  -412.353294834  -412.287233493  -412.353294834  -412.257291219
   368.500  -412.420037418  -412.346179113  -412.280300384  -412.346179113  -412.257218282
   369.000  -412.412351301  -412.341720199  -412.275617249  -412.341720199  -412.257188093
   369.500  -412.407996677  -412.340398781  -412.273650167  -412.340398781  -412.257199801
   370.000  -412.406868891  -412.342028456  -412.274244243  -412.342028456  -412.257249359
   370.500  -412.408254125  -412.345825990  -412.276685996  -412.345825990  -412.257328063
   371.000  -412.410989454  -412.350568497  -412.279851751  -412.350568497  -412.257419874
   371.500  -412.413745868  -412.354871387  -412.282478323  -412.354871387  -412.257502009
   372.000  -412.415402682  -412.357558205  -412.283520313  -412.357558205  -412.257554744
   372.500  -412.415374747  -412.357982843  -412.282460879  -412.357982843  -412.257566870
   373.000  -412.413808516  -412.356224290  -412.279486279  -412.356224290  -412.257519159
   373.500  -412.411862459  -412.353367038  -412.275750423  -412.353367038  -412.257371910
   374.000  -412.412079542  -412.351884434  -412.273737815  -412.351884434  -412.257166140
   374.500  -412.417503045  -412.354771687  -412.276396020  -412.354771687  -412.257115346
   375.000  -412.428697458  -412.362593697  -412.284188958  -412.362593697  -412.257347117
   375.500  -412.442193147  -412.371944223  -412.293588265  -412.371944223  -412.257647653
   376.000  -412.453367657  -412.378319917  -412.299981519  -412.378319917  -412.257768031
   376.500  -412.459964629  -412.379619399  -412.301197760  -412.379619399  -412.257699543
   377.000  -412.462492752  -412.376524722  -412.297895429  -412.376524722  -412.257558186
   377.500  -412.462690172  -412.370959084  -412.292012470  -412.370959084  -412.257432581
   378.000  -412.462186516  -412.364748034  -412.285415852  -412.364748034  -412.257355130
   378.500  -412.461943747  -412.359059989  -412.279331705  -412.359059989  -412.257325396
   379.000  -412.462217235  -412.354364354  -412.274294436  -412.354364354  -412.257329405
   379.500  -412.462762899  -412.350631702  -412.270339185  -412.350631702  -412.257345725
   380.000  -412.463178726  -412.347665782  -412.267325329  -412.347665782  -412.257347964
   380.500  -412.463315720  -412.345503753  -412.265327778  -412.345503753  -412.257315757
   381.000  -412.463571903  -412.344698066  -412.264911544  -412.344698066  -412.257258652
   381.500  -412.464720811  -412.346131379  -412.266943994  -412.346131379  -412.257233133
   382.000  -412.467081898  -412.350169862  -412.271752686  -412.350169862  -412.257312837
   382.500  -412.469502117  -412.355631762  -412.278099187  -412.355631762  -412.257515495
   383.000  -412.469192411  -412.359622662  -412.283013072  -412.359622662  -412.257751987
   383.500  -412.463141032  -412.358957067  -412.283210185  -412.358957067  -412.257840687
   384.000  -412.450793374  -412.352852336  -412.277787938  -412.352852336  -412.257619445
   384.500  -412.436124834  -412.345015583  -412.270331999  -412.345015583  -412.257199642
   385.000  -412.425600375  -412.341629924  -412.266931356  -412.341629924  -412.257029521
   385.500  -412.422104770  -412.345605747  -412.269962099  -412.345605747  -412.257795541
   386.000  -412.421567289  -412.352054395  -412.275555347  -412.352054395  -412.258144926
   386.500  -412.418570025  -412.355786629  -412.277793446  -412.355786629  -412.258060125
   387.000  -412.411902573  -412.355240549  -412.275829860  -412.355240549  -412.258343831
   387.500  -412.401088433  -412.350063863  -412.268702229  -412.350063863  -412.258228912
   388.000  -412.387975658  -412.341962074  -412.258433550  -412.341962074  -412.258141985
   388.500  -412.373835151  -412.332159662  -412.246375113  -412.332159662  -412.258084634
   389.000  -412.359594136  -412.321570604  -412.233590505  -412.321570604  -412.258024716
   389.500  -412.346258527  -412.311215718  -412.221258924  -412.311215718  -412.257932888
   390.000  -412.335296779  -412.302597698  -412.211034950  -412.302597698  -412.257816756
   390.500  -412.328473194  -412.297525889  -412.204857479  -412.297525889  -412.257732945
   391.000  -412.326997640  -412.297258925  -412.204079147  -412.297258925  -412.257745507
   391.500  -412.330608157  -412.301582590  -412.208535070  -412.301582590  -412.257863311
   392.000  -412.337454512  -412.308689938  -412.216419503  -412.308689938  -412.258037131
   392.500  -412.344831602  -412.315912046  -412.225019537  -412.315912046  -412.258214676
   393.000  -412.350024529  -412.320561113  -412.231565574  -412.320561113  -412.258366836
   393.500  -412.350891891  -412.320512440  -412.233823012  -412.320512440  -412.258446607
   394.000  -412.346705966  -412.315043799  -412.230941397  -412.315043799  -412.258343739
   394.500  -412.339705142  -412.306387300  -412.225015311  -412.306387300  -412.257980343
   395.000  -412.335768146  -412.300406100  -412.221769544  -412.300406100  -412.257576877
   395.500  -412.340861233  -412.303051012  -412.227026022  -412.303051012  -412.257572883
   396.000  -412.355040364  -412.314380864  -412.240736427  -412.314380864  -412.257976893
   396.500  -412.372319187  -412.328446300  -412.256875453  -412.328446300  -412.258355796
   397.000  -412.386541899  -412.339164968  -412.269317355  -412.339164968  -412.258482913
   397.500  -412.395012954  -412.343939891  -412.275448400  -412.343939891  -412.258426723
   398.000  -412.397978341  -412.343126219  -412.275626884  -412.343126219  -412.258288784
   398.500  -412.397218203  -412.338612668  -412.271759745  -412.338612668  -412.258114551
   399.000  -412.395230499  -412.333001036  -412.266479981  -412.333001036  -412.257944531
   399.500  -412.394487588  -412.328863733  -412.262402837  -412.328863733  -412.257843327
   400.000  -412.396431803  -412.327744473  -412.261124814  -412.327744473  -412.257850827
   400.500  -412.400887443  -412.329574471  -412.262636510  -412.329574471  -412.257932042
   401.000  -412.406549423  -412.333163418  -412.265808946  -412.333163418  -412.258010708
   401.500  -412.412088971  -412.337303106  -412.269490075  -412.337303106  -412.258040561
   402.000  -412.416870017  -412.341480604  -412.273209789  -412.341480604  -412.258029418
   402.500  -412.420887967  -412.345810812  -412.277101775  -412.345810812  -412.258015153
   403.000  -412.424239510  -412.350497842  -412.281356330  -412.350497842  -412.258036397
   403.500  -412.426568078  -412.355265152  -412.285643919  -412.355265152  -412.258115246
   404.000  -412.426780369  -412.359049672  -412.288808929  -412.359049672  -412.258240907
   404.500  -412.423298042  -412.360225309  -412.289095799  -412.360225309  -412.258345493
   405.000  -412.415131463  -412.357698482  -412.285215891  -412.357698482  -412.258329913
   405.500  -412.403594017  -412.352457822  -412.278186666  -412.352457822  -412.258099046
   406.000  -412.392702566  -412.348165344  -412.271451260  -412.348165344  -412.257873754
   406.500  -412.386093001  -412.348100535  -412.268251787  -412.348100535  -412.257947496
   407.000  -412.383082987  -412.351271395  -412.267640178  -412.351271395  -412.258229703
   407.500  -412.379813147  -412.353598268  -412.265674053  -412.353598268  -412.258385682
   408.000  -412.373769437  -412.352435642  -412.259934465  -412.352435642  -412.258330861
   408.500  -412.365278292  -412.348049847  -412.250978726  -412.348049847  -412.258210464
   409.000  -412.355742733  -412.341837048  -412.240519566  -412.341837048  -412.258132610
   409.500  -412.346108153  -412.334774324  -412.229833261  -412.334774324  -412.258090960
   410.000  -412.336851713  -412.327398758  -412.219704872  -412.327398758  -412.258043541
   410.500  -412.328541126  -412.320359462  -412.210962140  -412.320359462  -412.257978109
   411.000  -412.322024434  -412.314598057  -412.204648198  -412.314598057  -412.257912342
   411.500  -412.318192883  -412.311093605  -412.201765818  -412.311093605  -412.257868168
   412.000  -412.317658657  -412.310520035  -412.202935860  -412.310520035  -412.257857042
   412.500  -412.320564436  -412.313048251  -412.208203895  -412.313048251  -412.257879811
   413.000  -412.326535801  -412.318310158  -412.217012572  -412.318310158  -412.257933631
   413.500  -412.334700894  -412.325436490  -412.228259001  -412.325436490  -412.258016969
   414.000  -412.343717946  -412.333096395  -412.240361791  -412.333096395  -412.258129748
   414.500  -412.351817830  -412.339541981  -412.251335765  -412.339541981  -412.258265461
   415.000  -412.356972642  -412.342774235  -412.258980592  -412.342774235  -412.258394714
   415.500  -412.357426091  -412.341068487  -412.261419447  -412.341068487  -412.258444715
   416.000  -412.352823715  -412.334099691  -412.258226064  -412.334099691  -412.258310311
   416.500  -412.345632498  -412.324360817  -412.251834693  -412.324360817  -412.257966391
   417.000  -412.341149504  -412.317178966  -412.247542721  -412.317178966  -412.257637691
   417.500  -412.344066371  -412.317296357  -412.250080294  -412.317296357  -412.257665880
   418.000  -412.353857389  -412.324269267  -412.259006206  -412.324269267  -412.258031728
   418.500  -412.365096737  -412.332774460  -412.269014953  -412.332774460  -412.258368674
   419.000  -412.372471283  -412.337592875  -412.274918620  -412.337592875  -412.258459154
   419.500  -412.374107117  -412.336913257  -412.274943448  -412.336913257  -412.258355922
   420.000  -412.371137789  -412.331895112  -412.270285862  -412.331895112  -412.258186619
   420.500  -412.365922295  -412.324894440  -412.263334521  -412.324894440  -412.258033447
   421.000  -412.360748276  -412.318178973  -412.256384031  -412.318178973  -412.257927121
   421.500  -412.357272522  -412.313378709  -412.251086136  -412.313378709  -412.257871419
   422.000  -412.356394811  -412.311366842  -412.248331523  -412.311366842  -412.257860885
   422.500  -412.358309063  -412.312314860  -412.248306652  -412.312314860  -412.257887170
   423.000  -412.362626278  -412.315817633  -412.250620444  -412.315817633  -412.257938499
   423.500  -412.368568835  -412.321088368  -412.254501162  -412.321088368  -412.257996370
   424.000  -412.375272913  -412.327260235  -412.259099818  -412.327260235  -412.258035878
   424.500  -412.382172620  -412.333768414  -412.263873682  -412.333768414  -412.258038781
   425.000  -412.389253973  -412.340600216  -412.268836879  -412.340600216  -412.258020253
   425.500  -412.396801295  -412.348036296  -412.274300654  -412.348036296  -412.258041407
   426.000  -412.404518785  -412.355765311  -412.279985834  -412.355765311  -412.258162982
   426.500  -412.410739017  -412.362084345  -412.284220374  -412.362084345  -412.258354176
   427.000  -412.412985636  -412.364454189  -412.284492466  -412.364454189  -412.258452129
   427.500  -412.410335726  -412.361858773  -412.279812124  -412.361858773  -412.258276737
   428.000  -412.406117110  -412.357015997  -412.273881980  -412.357015997  -412.257765340
   428.500  -412.405115236  -412.355482904  -412.270698192  -412.355482904  -412.257611226
   429.000  -412.409787809  -412.359262354  -412.273041870  -412.359262354  -412.257854804
   429.500  -412.416825341  -412.365037049  -412.277618416  -412.365037049  -412.258160499
   430.000  -412.421728409  -412.368325426  -412.279921808  -412.368325426  -412.258243476
   430.500  -412.422900030  -412.367546687  -412.278318235  -412.367546687  -412.258145057
   431.000  -412.421423601  -412.363792688  -412.273839803  -412.363792688  -412.258010836
   431.500  -412.419103297  -412.358867232  -412.268254645  -412.358867232  -412.257922511
   432.000  -412.417192936  -412.354025233  -412.262806802  -412.354025233  -412.257892964
   432.500  -412.416142091  -412.349723661  -412.257966197  -412.349723661  -412.257894707
   433.000  -412.415981838  -412.346009798  -412.253809511  -412.346009798  -412.257882661
   433.500  -412.416968613  -412.343168768  -412.250656346  -412.343168768  -412.257824379
   434.000  -412.420018449  -412.342159002  -412.249501410  -412.342159002  -412.257736304
   434.500  -412.426388263  -412.344302181  -412.251690480  -412.344302181  -412.257693506
   435.000  -412.436583423  -412.350192735  -412.257829121  -412.350192735  -412.257760440
   435.500  -412.449445289  -412.358788689  -412.266862400  -412.358788689  -412.257923767
   436.000  -412.462369163  -412.367620462  -412.276292549  -412.367620462  -412.258114449
   436.500  -412.472331640  -412.373804195  -412.283201176  -412.373804195  -412.258279113
   437.000  -412.476769720  -412.374903678  -412.285126178  -412.374903678  -412.258387819
   437.500  -412.474173465  -412.369502973  -412.280649801  -412.369502973  -412.258378424
   438.000  -412.465047999  -412.358157042  -412.270346731  -412.358157042  -412.258152045
   438.500  -412.453147089  -412.344620400  -412.258000139  -412.344620400  -412.257735689
   439.000  -412.444681197  -412.335069951  -412.249795135  -412.335069951  -412.257453606
   439.500  -412.443722963  -412.333539442  -412.249754691  -412.333539442  -412.257590552
   440.000  -412.448423505  -412.338175942  -412.256005642  -412.338175942  -412.257949466
   440.500  -412.453517697  -412.343752553  -412.263313413  -412.343752553  -412.258184755
   441.000  -412.455104550  -412.346430696  -412.267822997  -412.346430696  -412.258223185
   441.500  -412.452121009  -412.345200449  -412.268478060  -412.345200449  -412.258149035
   442.000  -412.445420158  -412.340936311  -412.266063250  -412.340936311  -412.258019968
   442.500  -412.436934525  -412.335546696  -412.262371558  -412.335546696  -412.257856465
   443.000  -412.429223775  -412.331520460  -412.259769827  -412.331520460  -412.257708732
   443.500  -412.424621428  -412.331077953  -412.260375154  -412.331077953  -412.257658182
   444.000  -412.424011520  -412.334959986  -412.264854384  -412.334959986  -412.257737265
   444.500  -412.426356854  -412.341970513  -412.271975696  -412.341970513  -412.257882906
   445.000  -412.429589936  -412.349883456  -412.279516434  -412.349883456  -412.258000398
   445.500  -412.432000896  -412.356841911  -412.285664614  -412.356841911  -412.258043790
   446.000  -412.432955228  -412.362085026  -412.289740734  -412.362085026  -412.258030575
   446.500  -412.432688809  -412.365745415  -412.291991883  -412.365745415  -412.258006114
   447.000  -412.431646752  -412.368189266  -412.292918794  -412.368189266  -412.258013139
   447.500  -412.429859969  -412.369387217  -412.292636556  -412.369387217  -412.258073361
   448.000  -412.426659065  -412.368620192  -412.290565368  -412.368620192  -412.258170050
   448.500  -412.421021089  -412.364811536  -412.285756470  -412.364811536  -412.258219431
   449.000  -412.412867565  -412.357812302  -412.278171816  -412.357812302  -412.258090885
   449.500  -412.404798344  -412.350130233  -412.270410906  -412.350130233  -412.257780768
   450.000  -412.401698462  -412.346557255  -412.267320373  -412.346557255  -412.257593295
   450.500  -412.406293105  -412.349767877  -412.271565538  -412.349767877  -412.257797730
   451.000  -412.415576116  -412.356784970  -412.280083464  -412.356784970  -412.258156138
   451.500  -412.423978006  -412.362143597  -412.287270931  -412.362143597  -412.258304940
   452.000  -412.428525000  -412.363013594  -412.290150517  -412.363013594  -412.258223328
   452.500  -412.429599127  -412.359927653  -412.289125729  -412.359927653  -412.258082550
   453.000  -412.428727364  -412.354556941  -412.285764546  -412.354556941  -412.257992992
   453.500  -412.426915140  -412.348044990  -412.281128146  -412.348044990  -412.257960990
   454.000  -412.424434817  -412.340797146  -412.275557228  -412.340797146  -412.257945688
   454.500  -412.421357985  -412.333013009  -412.269200300  -412.333013009  -412.257912486
   455.000  -412.418050820  -412.325179564  -412.262507664  -412.325179564  -412.257854115
   455.500  -412.415280888  -412.318178548  -412.256338882  -412.318178548  -412.257785636
   456.000  -412.413993945  -412.313063447  -412.251745799  -412.313063447  -412.257728124
   456.500  -412.414978081  -412.310726213  -412.249641602  -412.310726213  -412.257700775
   457.000  -412.418560708  -412.311592548  -412.250498788  -412.311592548  -412.257719021
   457.500  -412.424368267  -412.315378429  -412.254097892  -412.315378429  -412.257796708
   458.000  -412.431146495  -412.320900893  -412.259327717  -412.320900893  -412.257941612
   458.500  -412.436716202  -412.326020988  -412.264114991  -412.326020988  -412.258138769
   459.000  -412.438330997  -412.327985772  -412.265757168  -412.327985772  -412.258315298
   459.500  -412.433911308  -412.324650790  -412.262138508  -412.324650790  -412.258316994
   460.000  -412.424303759  -412.316740000  -412.253987077  -412.316740000  -412.258008591
   460.500  -412.414823035  -412.309414757  -412.246446009  -412.309414757  -412.257560034
   461.000  -412.412293025  -412.309368866  -412.246179522  -412.309368866  -412.257453072
   461.500  -412.418325400  -412.318158458  -412.254717441  -412.318158458  -412.257808380
   462.000  -412.427699949  -412.330579570  -412.266843530  -412.330579570  -412.258200465
   462.500  -412.434122012  -412.340377341  -412.276297438  -412.340377341  -412.258334948
   463.000  -412.434764495  -412.344998950  -412.279920881  -412.344998950  -412.258555612
   463.500  -412.429930891  -412.344226841  -412.278633679  -412.344226841  -412.258421256
   464.000  -412.421313727  -412.339521960  -412.274158219  -412.339521960  -412.257817454
   464.500  -412.411315313  -412.333823714  -412.267594125  -412.333823714  -412.257748932
   465.000  -412.401362390  -412.328312727  -412.261153572  -412.328312727  -412.257666121
   465.500  -412.392997620  -412.324319036  -412.255916572  -412.324319036  -412.257614409
   466.000  -412.387167994  -412.322675251  -412.252671561  -412.322675251  -412.257593701
   466.500  -412.384318529  -412.323727906  -412.251754131  -412.323727906  -412.257603795
   467.000  -412.384385573  -412.327336132  -412.253058388  -412.327336132  -412.257643436
   467.500  -412.386824532  -412.332901275  -412.256069320  -412.332901275  -412.257708379
   468.000  -412.390699143  -412.339448484  -412.259931716  -412.339448484  -412.257793750
   468.500  -412.394809029  -412.345732347  -412.263551505  -412.345732347  -412.257895961
   469.000  -412.397758592  -412.350321012  -412.265671300  -412.350321012  -412.258014311
   469.500  -412.398063196  -412.351691797  -412.264932502  -412.351691797  -412.258120217
   470.000  -412.394732121  -412.348794642  -412.260429477  -412.348794642  -412.258099742
   470.500  -412.388941281  -412.342719132  -412.253363517  -412.342719132  -412.257820553
   471.000  -412.385519282  -412.338190496  -412.248516451  -412.338190496  -412.257431996
   471.500  -412.390290988  -412.340948142  -412.251598112  -412.340948142  -412.257397229
   472.000  -412.403708445  -412.351421152  -412.262912124  -412.351421152  -412.257799857
   472.500  -412.419781066  -412.363677122  -412.276335429  -412.363677122  -412.258179569
   473.000  -412.432313687  -412.371635013  -412.285595272  -412.371635013  -412.258255218
   473.500  -412.439290116  -412.373411843  -412.288657774  -412.373411843  -412.258118094
   474.000  -412.442072286  -412.370497880  -412.286915495  -412.370497880  -412.257932987
   474.500  -412.443068373  -412.365420633  -412.282835908  -412.365420633  -412.257786925
   475.000  -412.444311425  -412.360325785  -412.278531097  -412.360325785  -412.257699765
   475.500  -412.447020764  -412.356546587  -412.275316263  -412.356546587  -412.257664650
   476.000  -412.451635231  -412.354641883  -412.273754047  -412.354641883  -412.257665916
   476.500  -412.458013976  -412.354602961  -412.273866843  -412.354602961  -412.257685691
   477.000  -412.465706551  -412.356123664  -412.275417736  -412.356123664  -412.257704808
   477.500  -412.474230260  -412.358878724  -412.278179160  -412.358878724  -412.257715236
   478.000  -412.483195882  -412.362644109  -412.282040374  -412.362644109  -412.257731182
   478.500  -412.492095309  -412.367084259  -412.286757334  -412.367084259  -412.257789927
   479.000  -412.499831839  -412.371268545  -412.291457205  -412.371268545  -412.257913496
   479.500  -412.504489854  -412.373419320  -412.294376361  -412.373419320  -412.258075644
   480.000  -412.503859555  -412.371401604  -412.293363874  -412.371401604  -412.258182267
   480.500  -412.496929359  -412.364199605  -412.287350184  -412.364199605  -412.258084216
   481.000  -412.485938391  -412.353983844  -412.278405406  -412.353983844  -412.257728742
   481.500  -412.476614022  -412.346386508  -412.272032300  -412.346386508  -412.257414382
   482.000  -412.473654186  -412.346026927  -412.272740138  -412.346026927  -412.257528474
   482.500  -412.475567991  -412.351373092  -412.278944188  -412.351373092  -412.257909506
   483.000  -412.476787998  -412.356832734  -412.285046858  -412.356832734  -412.258131653
   483.500  -412.473592686  -412.358628394  -412.287288974  -412.358628394  -412.258098754
   484.000  -412.465946690  -412.356615972  -412.285539318  -412.356615972  -412.257957784
   484.500  -412.455700021  -412.352485052  -412.281492973  -412.352485052  -412.257832607
   485.000  -412.444730367  -412.347922918  -412.276832741  -412.347922918  -412.257761036
   485.500  -412.434267878  -412.343957976  -412.272585837  -412.343957976  -412.257724770
   486.000  -412.425064682  -412.341148307  -412.269317940  -412.341148307  -412.257691404
   486.500  -412.417804237  -412.340005298  -412.267565501  -412.340005298  -412.257649880
   487.000  -412.413214347  -412.341116174  -412.267960300  -412.341116174  -412.257625554
   487.500  -412.411688867  -412.344771977  -412.270852706  -412.344771977  -412.257648496
   488.000  -412.412874795  -412.350555151  -412.275891857  -412.350555151  -412.257710736
   488.500  -412.415778141  -412.357443451  -412.282117461  -412.357443451  -412.257786697
   489.000  -412.419136867  -412.364175420  -412.288315231  -412.364175420  -412.257878898
   489.500  -412.421457242  -412.369277732  -412.293034287  -412.369277732  -412.258008440
   490.000  -412.420835363  -412.370872594  -412.294392376  -412.370872594  -412.258162064
   490.500  -412.415284935  -412.366991353  -412.290390967  -412.366991353  -412.258250036
   491.000  -412.404164444  -412.356987657  -412.280335086  -412.356987657  -412.258110248
   491.500  -412.390409854  -412.343767075  -412.267064757  -412.343767075  -412.257677604
   492.000  -412.380915656  -412.334183072  -412.257351429  -412.334183072  -412.257278355
   492.500  -412.381531781  -412.334068018  -412.256932822  -412.334068018  -412.257381365
   493.000  -412.390779627  -412.341945468  -412.264292166  -412.341945468  -412.257907891
   493.500  -412.401864133  -412.349530697  -412.275694430  -412.349530697  -412.256867153
   494.000  -412.408764566  -412.354119241  -412.278821016  -412.354119241  -412.256911852
   494.500  -412.410102773  -412.352822062  -412.275654567  -412.352822062  -412.256782875
   495.000  -412.407321105  -412.347128823  -412.267764645  -412.347128823  -412.256602538
   495.500  -412.402927339  -412.339574515  -412.257793195  -412.339574515  -412.256446249
   496.000  -412.399217101  -412.332471958  -412.248180157  -412.332471958  -412.256362531
   496.500  -412.397464143  -412.327112422  -412.240356423  -412.327112422  -412.256354071
   497.000  -412.397838221  -412.323689542  -412.234663765  -412.323689542  -412.256372006
   497.500  -412.400066356  -412.321966019  -412.231016291  -412.321966019  -412.256371618
   498.000  -412.404054080  -412.321904065  -412.229516316  -412.321904065  -412.256359276
   498.500  -412.409822260  -412.323605418  -412.230366385  -412.323605418  -412.256371057
   499.000  -412.416495367  -412.327772505  -412.233653137  -412.327772505  -412.257479344
   499.500  -412.424319652  -412.331216560  -412.238010114  -412.331216560  -412.257590385
   500.000  -412.430890246  -412.333350325  -412.241516659  -412.333350325  -412.257732741
