     0.000  -412.518603736  -412.367537459  -412.289520249  -412.289520249  -412.258803599
     0.500  -412.521857104  -412.370309964  -412.291446146  -412.291446146  -412.258890419
     1.000  -412.526254782  -412.375580105  -412.296253037  -412.296253037  -412.259006396
     1.500  -412.529912955  -412.381424617  -412.302115727  -412.302115727  -412.259116621
     2.000  -412.531114669  -412.386049151  -412.307307458  -412.307307458  -412.259205397
     2.500  -412.528623022  -412.388100542  -412.310501765  -412.310501765  -412.259258084
     3.000  -412.521970856  -412.386963703  -412.311056624  -412.311056624  -412.259245715
     3.500  -412.511886108  -412.383194043  -412.309449510  -412.309449510  -412.259135910
     4.000  -412.500635924  -412.378870610  -412.307637745  -412.307637745  -412.258958621
     4.500  -412.491325205  -412.376906727  -412.308372523  -412.308372523  -412.258881322
     5.000  -412.485395767  -412.378549220  -412.312713738  -412.312713738  -412.259043173
     5.500  -412.480811940  -412.381564490  -412.318233317  -412.318233317  -412.259294016
     6.000  -412.474116930  -412.382292339  -412.321105342  -412.321105342  -412.259396060
     6.500  -412.463797979  -412.379013848  -412.319503564  -412.319503564  -412.259315225
     7.000  -412.451009424  -412.372682429  -412.314346692  -412.314346692  -412.259156788
     7.500  -412.438179800  -412.365540514  -412.307914272  -412.307914272  -412.259008927
     8.000  -412.427671224  -412.359785628  -412.302502128  -412.302502128  -412.258897593
     8.500  -412.421270511  -412.357074809  -412.299905442  -412.299905442  -412.258823214
     9.000  -412.420093596  -412.358427280  -412.301296800  -412.301296800  -412.258804375
     9.500  -412.424308523  -412.363953476  -412.306921273  -412.306921273  -412.258870796
    10.000  -412.432786918  -412.372504951  -412.315716620  -412.315716620  -412.259013520
    10.500  -412.443298999  -412.381866611  -412.325494094  -412.325494094  -412.259174154
    11.000  -412.453374360  -412.389612671  -412.333806176  -412.333806176  -412.259292498
    11.500  -412.461189332  -412.393990940  -412.338858404  -412.338858404  -412.259345546
    12.000  -412.465965273  -412.394324459  -412.339932310  -412.339932310  -412.259326005
    12.500  -412.468113909  -412.391163632  -412.337554113  -412.337554113  -412.259208953
    13.000  -412.469481250  -412.386536417  -412.333747158  -412.333747158  -412.259018300
    13.500  -412.472732203  -412.383333494  -412.331408105  -412.331408105  -412.258925110
    14.000  -412.478893927  -412.382844384  -412.331828191  -412.331828191  -412.259053708
    14.500  -412.485777423  -412.383160191  -412.333087366  -412.333087366  -412.259249658
    15.000  -412.490092335  -412.381268783  -412.332155010  -412.332155010  -412.259312791
    15.500  -412.490348577  -412.375938455  -412.327777214  -412.327777214  -412.259231237
    16.000  -412.487277048  -412.368118856  -412.320880750  -412.320880750  -412.259097672
    16.500  -412.482597822  -412.359707850  -412.313327933  -412.313327933  -412.258986728
    17.000  -412.477889430  -412.352421959  -412.306774050  -412.306774050  -412.258927404
    17.500  -412.474088060  -412.347298974  -412.302167340  -412.302167340  -412.258915257
    18.000  -412.471493856  -412.344699449  -412.299771471  -412.299771471  -412.258926432
    18.500  -412.470067643  -412.344592853  -412.299493440  -412.299493440  -412.258937388
    19.000  -412.469718543  -412.346834301  -412.301206488  -412.301206488  -412.258950139
    19.500  -412.470260003  -412.351131573  -412.304725141  -412.304725141  -412.258991130
    20.000  -412.471070791  -412.356729106  -412.309453544  -412.309453544  -412.259078048
    20.500  -412.470905538  -412.362247270  -412.314161074  -412.314161074  -412.259193282
    21.000  -412.468220620  -412.366012537  -412.317270147  -412.317270147  -412.259277443
    21.500  -412.462119736  -412.366991537  -412.317773965  -412.317773965  -412.259240178
    22.000  -412.453577995  -412.365997159  -412.316452457  -412.316452457  -412.259076826
    22.500  -412.445273069  -412.365510099  -412.315711910  -412.315711910  -412.258971712
    23.000  -412.438960294  -412.367056123  -412.316980929  -412.316980929  -412.259065550
    23.500  -412.433580674  -412.369327529  -412.318853512  -412.318853512  -412.259222242
    24.000  -412.427030584  -412.369974449  -412.318902534  -412.318902534  -412.259261983
    24.500  -412.418690009  -412.368156654  -412.316255992  -412.316255992  -412.259180368
    25.000  -412.409676221  -412.364819420  -412.311880718  -412.311880718  -412.259061660
    25.500  -412.401688308  -412.361550615  -412.307438876  -412.307438876  -412.258968159
    26.000  -412.396045808  -412.359619766  -412.304313999  -412.304313999  -412.258922077
    26.500  -412.393322655  -412.359600272  -412.303211851  -412.303211851  -412.258924163
    27.000  -412.393341671  -412.361344974  -412.304114833  -412.304114833  -412.258967515
    27.500  -412.395319870  -412.364108799  -412.306389282  -412.306389282  -412.259037926
    28.000  -412.398137520  -412.366801387  -412.309026510  -412.309026510  -412.259108427
    28.500  -412.400777361  -412.368414315  -412.311064214  -412.311064214  -412.259147964
    29.000  -412.402790457  -412.368483370  -412.312038590  -412.312038590  -412.259150078
    29.500  -412.404373087  -412.367171740  -412.312058662  -412.312058662  -412.259145912
    30.000  -412.405941826  -412.364864273  -412.311396138  -412.311396138  -412.259145780
    30.500  -412.407987232  -412.362052526  -412.310381942  -412.310381942  -412.259092930
    31.000  -412.411658083  -412.359947234  -412.310057598  -412.310057598  -412.258987986
    31.500  -412.418464775  -412.360199000  -412.311929395  -412.311929395  -412.258986391
    32.000  -412.428141405  -412.362750236  -412.315842092  -412.315842092  -412.259155311
    32.500  -412.437881642  -412.365044889  -412.319186336  -412.319186336  -412.259315077
    33.000  -412.444841951  -412.364501712  -412.319361664  -412.319361664  -412.259315413
    33.500  -412.448410697  -412.360759024  -412.316010497  -412.316010497  -412.259191705
    34.000  -412.449933222  -412.355385500  -412.310719542  -412.310719542  -412.259044629
    34.500  -412.451302376  -412.350464134  -412.305595911  -412.305595911  -412.258937751
    35.000  -412.453940425  -412.347574232  -412.302245677  -412.302245677  -412.258890679
    35.500  -412.458433353  -412.347431292  -412.301407779  -412.301407779  -412.258898242
    36.000  -412.464568234  -412.349927618  -412.302996605  -412.302996605  -412.258943692
    36.500  -412.471582846  -412.354384816  -412.306359146  -412.306359146  -412.259002134
    37.000  -412.478545016  -412.359932242  -412.310663825  -412.310663825  -412.259048435
    37.500  -412.484709736  -412.365859165  -412.315265782  -412.315265782  -412.259081318
    38.000  -412.489515116  -412.371607788  -412.319702846  -412.319702846  -412.259139738
    38.500  -412.492076457  -412.376269437  -412.323172027  -412.323172027  -412.259246929
    39.000  -412.490998510  -412.378393947  -412.324311942  -412.324311942  -412.259317382
    39.500  -412.485653460  -412.377259598  -412.322447292  -412.322447292  -412.259220013
    40.000  -412.477852964  -412.374533043  -412.319239599  -412.319239599  -412.259014719
    40.500  -412.470833192  -412.373249918  -412.317672059  -412.317672059  -412.258947062
    41.000  -412.465891809  -412.374460342  -412.318710218  -412.318710218  -412.259082685
    41.500  -412.461426146  -412.376285662  -412.320379138  -412.320379138  -412.259236778
    42.000  -412.455376536  -412.376376384  -412.320249600  -412.320249600  -412.259274621
    42.500  -412.447258305  -412.373959485  -412.317501810  -412.317501810  -412.259207103
    43.000  -412.438164824  -412.369853666  -412.312950730  -412.312950730  -412.259096140
    43.500  -412.429875893  -412.365595413  -412.308170994  -412.308170994  -412.258993111
    44.000  -412.424040374  -412.362640742  -412.304688525  -412.304688525  -412.258929494
    44.500  -412.421665290  -412.361865707  -412.303465386  -412.303465386  -412.258918857
    45.000  -412.422913298  -412.363367204  -412.304680955  -412.304680955  -412.258954981
    45.500  -412.427225573  -412.366580546  -412.307833420  -412.307833420  -412.259011120
    46.000  -412.433741746  -412.370692658  -412.312144523  -412.312144523  -412.259055083
    46.500  -412.441756631  -412.375094999  -412.317011910  -412.317011910  -412.259085656
    47.000  -412.450710951  -412.379374197  -412.322001926  -412.322001926  -412.259144902
    47.500  -412.459632008  -412.382754816  -412.326294838  -412.326294838  -412.259241857
    48.000  -412.467098790  -412.384060229  -412.328653226  -412.328653226  -412.259278590
    48.500  -412.472576064  -412.383030902  -412.328749417  -412.328749417  -412.259180918
    49.000  -412.477254117  -412.381137077  -412.327987416  -412.327987416  -412.259086466
    49.500  -412.482156955  -412.379660088  -412.327582984  -412.327582984  -412.259152655
    50.000  -412.486140821  -412.377670744  -412.326539531  -412.326539531  -412.259265411
    50.500  -412.487386018  -412.373516247  -412.323139967  -412.323139967  -412.259245515
    51.000  -412.485861923  -412.367291405  -412.317426771  -412.317426771  -412.259109646
    51.500  -412.483259581  -412.360785779  -412.311152897  -412.311152897  -412.258978730
    52.000  -412.481350352  -412.355854693  -412.306148153  -412.306148153  -412.258918577
    52.500  -412.480953527  -412.353393041  -412.303292851  -412.303292851  -412.258919603
    53.000  -412.481977115  -412.353370855  -412.302557665  -412.302557665  -412.258951000
    53.500  -412.483848675  -412.355253537  -412.303429694  -412.303429694  -412.258993767
    54.000  -412.485835031  -412.358310606  -412.305226250  -412.305226250  -412.259035414
    54.500  -412.487270926  -412.361837602  -412.307318300  -412.307318300  -412.259060405
    55.000  -412.487823520  -412.365421562  -412.309380068  -412.309380068  -412.259059299
    55.500  -412.487593194  -412.369050394  -412.311483786  -412.311483786  -412.259060996
    56.000  -412.486685419  -412.372699844  -412.313664440  -412.313664440  -412.259114466
    56.500  -412.484585234  -412.375723132  -412.315294711  -412.315294711  -412.259191909
    57.000  -412.480613634  -412.377313363  -412.315549286  -412.315549286  -412.259167613
    57.500  -412.475557842  -412.378131182  -412.315046171  -412.315046171  -412.259016159
    58.000  -412.471786491  -412.380413800  -412.315967119  -412.315967119  -412.258948097
    58.500  -412.470339510  -412.385057649  -412.319151868  -412.319151868  -412.259110180
    59.000  -412.469031252  -412.389718295  -412.322205898  -412.322205898  -412.259322323
    59.500  -412.464850781  -412.391210973  -412.321916689  -412.321916689  -412.259367981
    60.000  -412.457044266  -412.388601678  -412.317360152  -412.317360152  -412.259242833
    60.500  -412.447367166  -412.383475588  -412.310177558  -412.310177558  -412.259062373
    61.000  -412.438459578  -412.378331896  -412.302967272  -412.302967272  -412.258930531
    61.500  -412.432277466  -412.375030652  -412.297710837  -412.297710837  -412.258887992
    62.000  -412.429433996  -412.374135477  -412.295094740  -412.295094740  -412.258917226
    62.500  -412.429439672  -412.375145467  -412.294719747  -412.294719747  -412.258974119
    63.000  -412.431372020  -412.377150490  -412.295745960  -412.295745960  -412.259019315
    63.500  -412.434502008  -412.379446173  -412.297505344  -412.297505344  -412.259032242
    64.000  -412.438610506  -412.381845700  -412.299817146  -412.299817146  -412.259026227
    64.500  -412.443767658  -412.384461843  -412.302773437  -412.302773437  -412.259055801
    65.000  -412.449552141  -412.386934399  -412.305969368  -412.305969368  -412.259159668
    65.500  -412.454582275  -412.387966488  -412.308052072  -412.308052072  -412.259261262
    66.000  -412.457673013  -412.386484210  -412.307893806  -412.307893806  -412.259198058
    66.500  -412.459980193  -412.383774133  -412.306746492  -412.306746492  -412.258966653
    67.000  -412.464766217  -412.383238088  -412.307999767  -412.307999767  -412.258848088
    67.500  -412.473494750  -412.386479821  -412.313252650  -412.313252650  -412.259022826
    68.000  -412.483449247  -412.390920675  -412.319909728  -412.319909728  -412.259277779
    68.500  -412.490575082  -412.392638995  -412.324015653  -412.324015653  -412.259371393
    69.000  -412.493014736  -412.389901671  -412.323791380  -412.323791380  -412.259293799
    69.500  -412.491559970  -412.383613378  -412.320087091  -412.320087091  -412.259140941
    70.000  -412.488327418  -412.375989617  -412.315060324  -412.315060324  -412.258997539
    70.500  -412.485414851  -412.369218814  -412.310838349  -412.310838349  -412.258918932
    71.000  -412.484000725  -412.364565479  -412.308624170  -412.308624170  -412.258923892
    71.500  -412.484042615  -412.362071835  -412.308399688  -412.308399688  -412.258982618
    72.000  -412.484715223  -412.360994842  -412.309362702  -412.309362702  -412.259034086
    72.500  -412.485298584  -412.360685222  -412.310810608  -412.310810608  -412.259035949
    73.000  -412.485774558  -412.361176597  -412.312734374  -412.312734374  -412.259011030
    73.500  -412.486473781  -412.362823545  -412.315466597  -412.315466597  -412.259039121
    74.000  -412.486986813  -412.365214000  -412.318592201  -412.318592201  -412.259154333
    74.500  -412.485769890  -412.366772429  -412.320558546  -412.320558546  -412.259256765
    75.000  -412.481620526  -412.366236227  -412.320144243  -412.320144243  -412.259189452
    75.500  -412.475783194  -412.364761110  -412.318555621  -412.318555621  -412.258966598
    76.000  -412.471570357  -412.365547558  -412.319025330  -412.319025330  -412.258845631
    76.500  -412.470797049  -412.370278698  -412.323228421  -412.323228421  -412.258987887
    77.000  -412.471604752  -412.376941616  -412.329106514  -412.329106514  -412.259217956
    77.500  -412.470732469  -412.382089793  -412.333164226  -412.333164226  -412.259330113
    78.000  -412.466471572  -412.383796354  -412.333451498  -412.333451498  -412.259310176
    78.500  -412.459104025  -412.382096821  -412.330027916  -412.330027916  -412.259229265
    79.000  -412.449948199  -412.378051418  -412.324030316  -412.324030316  -412.259134428
    79.500  -412.440596374  -412.373005570  -412.316927573  -412.316927573  -412.259042212
    80.000  -412.432579551  -412.368276692  -412.310194598  -412.310194598  -412.258964067
    80.500  -412.427169638  -412.364971695  -412.305105918  -412.305105918  -412.258911662
    81.000  -412.425232051  -412.363846423  -412.302562157  -412.302562157  -412.258885238
    81.500  -412.427225540  -412.365304244  -412.303059068  -412.303059068  -412.258882933
    82.000  -412.433187287  -412.369379943  -412.306650159  -412.306650159  -412.258932519
    82.500  -412.442310072  -412.375324339  -412.312523832  -412.312523832  -412.259075347
    83.000  -412.452406253  -412.381076665  -412.318493536  -412.318493536  -412.259280674
    83.500  -412.460425057  -412.383784187  -412.321560922  -412.321560922  -412.259412123
    84.000  -412.464454041  -412.381795174  -412.319951013  -412.319951013  -412.259324953
    84.500  -412.465707379  -412.376622299  -412.315109564  -412.315109564  -412.259047967
    85.000  -412.467947565  -412.372340785  -412.311095239  -412.311095239  -412.258843780
    85.500  -412.473784349  -412.371866954  -412.310835298  -412.310835298  -412.258906489
    86.000  -412.482047662  -412.374316727  -412.313460774  -412.313460774  -412.259091527
    86.500  -412.489670140  -412.376873196  -412.316167579  -412.316167579  -412.259184084
    87.000  -412.494747867  -412.377833516  -412.317268962  -412.317268962  -412.259160430
    87.500  -412.497144322  -412.377206237  -412.316795523  -412.316795523  -412.259100898
    88.000  -412.497458168  -412.375674950  -412.315462188  -412.315462188  -412.259062677
    88.500  -412.496159531  -412.373736181  -412.313805763  -412.313805763  -412.259052901
    89.000  -412.493436355  -412.371552484  -412.312030301  -412.312030301  -412.259045891
    89.500  -412.489537724  -412.369303118  -412.310350903  -412.310350903  -412.259010027
    90.000  -412.485208856  -412.367634782  -412.309429701  -412.309429701  -412.258938083
    90.500  -412.481710638  -412.367690169  -412.310407240  -412.310407240  -412.258880458
    91.000  -412.480032830  -412.370338256  -412.314125331  -412.314125331  -412.258923187
    91.500  -412.479667345  -412.374959381  -412.319908718  -412.319908718  -412.259099222
    92.000  -412.478209527  -412.379045639  -412.325169899  -412.325169899  -412.259321210
    92.500  -412.472710622  -412.379542245  -412.326763868  -412.326763868  -412.259420935
    93.000  -412.462177695  -412.375334683  -412.323491398  -412.323491398  -412.259271562
    93.500  -412.449282223  -412.368951746  -412.317813118  -412.317813118  -412.258961310
    94.000  -412.438837702  -412.365044819  -412.314325543  -412.314325543  -412.258807104
    94.500  -412.433325816  -412.365917687  -412.315282325  -412.315282325  -412.258952853
    95.000  -412.430903407  -412.369538165  -412.318612056  -412.318612056  -412.259166718
    95.500  -412.428441015  -412.372588843  -412.320992582  -412.320992582  -412.259236767
    96.000  -412.424623199  -412.373586121  -412.320991075  -412.320991075  -412.259180586
    96.500  -412.419979341  -412.372926494  -412.319116003  -412.319116003  -412.259094965
    97.000  -412.415575629  -412.371584941  -412.316501837  -412.316501837  -412.259034799
    97.500  -412.412164407  -412.370258787  -412.314034099  -412.314034099  -412.259006416
    98.000  -412.410071666  -412.369242564  -412.312193778  -412.312193778  -412.258988804
    98.500  -412.409501875  -412.368718319  -412.311322252  -412.311322252  -412.258959646
    99.000  -412.410877416  -412.369084088  -412.311919701  -412.311919701  -412.258920070
    99.500  -412.414795548  -412.370911241  -412.314581803  -412.314581803  -412.258911837
   100.000  -412.421411257  -412.374338484  -412.319381007  -412.319381007  -412.258986979
   100.500  -412.429687267  -412.378344983  -412.325149034  -412.325149034  -412.259146189
   101.000  -412.437382222  -412.380764882  -412.329526509  -412.329526509  -412.259312063
   101.500  -412.442175255  -412.379429575  -412.330156035  -412.330156035  -412.259360840
   102.000  -412.443447195  -412.373947875  -412.326504882  -412.326504882  -412.259210258
   102.500  -412.443325558  -412.366728760  -412.320905923  -412.320905923  -412.258961758
   103.000  -412.445113322  -412.361378031  -412.316940310  -412.316940310  -412.258871060
   103.500  -412.449824669  -412.359204651  -412.315916055  -412.315916055  -412.259005698
   104.000  -412.455291378  -412.358309001  -412.315933528  -412.315933528  -412.259158367
   104.500  -412.458926646  -412.356337865  -412.314633559  -412.314633559  -412.259181122
   105.000  -412.459934183  -412.352688039  -412.311404547  -412.311404547  -412.259107951
   105.500  -412.459036948  -412.348231341  -412.307115866  -412.307115866  -412.259022175
   106.000  -412.457326626  -412.344162551  -412.302971800  -412.302971800  -412.258964483
   106.500  -412.455605378  -412.341337954  -412.299861493  -412.299861493  -412.258931816
   107.000  -412.454371654  -412.340261772  -412.298347099  -412.298347099  -412.258903136
   107.500  -412.454088375  -412.341355639  -412.298924918  -412.298924918  -412.258870086
   108.000  -412.455271250  -412.345055978  -412.302100902  -412.302100902  -412.258859263
   108.500  -412.458103209  -412.351436406  -412.307987631  -412.307987631  -412.258915579
   109.000  -412.461820646  -412.359600528  -412.315682553  -412.315682553  -412.259050761
   109.500  -412.464583725  -412.367553611  -412.323142080  -412.323142080  -412.259218600
   110.000  -412.464170684  -412.372896688  -412.327894536  -412.327894536  -412.259341419
   110.500  -412.459169555  -412.374021018  -412.328256182  -412.328256182  -412.259334138
   111.000  -412.450228508  -412.371367431  -412.324609317  -412.324609317  -412.259149738
   111.500  -412.440544568  -412.367927004  -412.319911035  -412.319911035  -412.258901135
   112.000  -412.434001363  -412.367389131  -412.317841428  -412.317841428  -412.258846238
   112.500  -412.431583350  -412.370561621  -412.319220756  -412.319220756  -412.259042296
   113.000  -412.430613855  -412.374611497  -412.321250818  -412.321250818  -412.259248865
   113.500  -412.427976450  -412.376289237  -412.320750624  -412.320750624  -412.259293972
   114.000  -412.422687128  -412.374506425  -412.316741416  -412.316741416  -412.259213078
   114.500  -412.415648844  -412.370091048  -412.310199272  -412.310199272  -412.259099178
   115.000  -412.408394245  -412.364524929  -412.302775276  -412.302775276  -412.258999175
   115.500  -412.402373978  -412.359222000  -412.296046958  -412.296046958  -412.258913366
   116.000  -412.398906509  -412.355467408  -412.291427495  -412.291427495  -412.258833063
   116.500  -412.399254374  -412.354487723  -412.290209373  -412.290209373  -412.258778152
   117.000  -412.404290606  -412.357121810  -412.293216375  -412.293216375  -412.258799216
   117.500  -412.413755606  -412.363091158  -412.300071055  -412.300071055  -412.258927532
   118.000  -412.425806360  -412.370568619  -412.308783266  -412.308783266  -412.259131695
   118.500  -412.437464686  -412.376645598  -412.316255243  -412.316255243  -412.259335583
   119.000  -412.445766313  -412.378487303  -412.319483900  -412.319483900  -412.259448790
   119.500  -412.449194872  -412.374763408  -412.317021884  -412.317021884  -412.259372384
   120.000  -412.449114666  -412.367063595  -412.310405277  -412.310405277  -412.259081748
   120.500  -412.449843309  -412.359955148  -412.304197912  -412.304197912  -412.258788024
   121.000  -412.455424523  -412.357744240  -412.302730006  -412.302730006  -412.258797246
   121.500  -412.465467206  -412.360311346  -412.305909315  -412.305909315  -412.259061272
   122.000  -412.475780989  -412.363739188  -412.309841562  -412.309841562  -412.259271818
   122.500  -412.482649660  -412.364569285  -412.311090417  -412.311090417  -412.259300474
   123.000  -412.484979293  -412.361926811  -412.308805301  -412.308805301  -412.259218917
   123.500  -412.483543803  -412.356747217  -412.303946406  -412.303946406  -412.259115674
   124.000  -412.479732813  -412.350514818  -412.298017946  -412.298017946  -412.259021289
   124.500  -412.475020419  -412.344735036  -412.292538542  -412.292538542  -412.258926062
   125.000  -412.470996931  -412.340977209  -412.289086438  -412.289086438  -412.258825865
   125.500  -412.469316739  -412.340838202  -412.289264379  -412.289264379  -412.258758732
   126.000  -412.471067578  -412.345326511  -412.294083309  -412.294083309  -412.258787463
   126.500  -412.475871911  -412.353972728  -412.303064918  -412.303064918  -412.258928806
   127.000  -412.481678314  -412.364616738  -412.314026171  -412.314026171  -412.259130799
   127.500  -412.485553062  -412.374186084  -412.323862399  -412.323862399  -412.259323034
   128.000  -412.484816455  -412.379818649  -412.329680903  -412.329680903  -412.259439270
   128.500  -412.478161967  -412.379977717  -412.329926565  -412.329926565  -412.259394724
   129.000  -412.466881868  -412.375686661  -412.325622850  -412.325622850  -412.259147249
   129.500  -412.455172368  -412.370857593  -412.320696435  -412.320696435  -412.258865766
   130.000  -412.447468787  -412.369653708  -412.319330055  -412.319330055  -412.258837846
   130.500  -412.444505890  -412.372572372  -412.322036897  -412.322036897  -412.259044843
   131.000  -412.443494970  -412.376636022  -412.325857406  -412.325857406  -412.259217520
   131.500  -412.441748536  -412.379021791  -412.328002420  -412.328002420  -412.259251453
   132.000  -412.438423423  -412.378805560  -412.327601022  -412.327601022  -412.259215432
   132.500  -412.433816046  -412.376248119  -412.324977280  -412.324977280  -412.259165173
   133.000  -412.428601716  -412.372020928  -412.320860499  -412.320860499  -412.259096342
   133.500  -412.423845176  -412.367203349  -412.316367609  -412.316367609  -412.258991946
   134.000  -412.421167969  -412.363443969  -412.313154859  -412.313154859  -412.258876034
   134.500  -412.422316026  -412.362531495  -412.312981647  -412.312981647  -412.258822606
   135.000  -412.428053136  -412.365298205  -412.316612183  -412.316612183  -412.258888719
   135.500  -412.437333362  -412.370803953  -412.323009131  -412.323009131  -412.259047532
   136.000  -412.447662978  -412.376700573  -412.329720442  -412.329720442  -412.259224203
   136.500  -412.456199542  -412.380324304  -412.333999073  -412.333999073  -412.259364315
   137.000  -412.460677870  -412.379606659  -412.333735838  -412.333735838  -412.259422366
   137.500  -412.460237432  -412.373884710  -412.328277635  -412.328277635  -412.259322304
   138.000  -412.456500885  -412.364963909  -412.319486767  -412.319486767  -412.259041145
   138.500  -412.453607430  -412.357142503  -412.311744188  -412.311744188  -412.258785387
   139.000  -412.455102665  -412.354099733  -412.308806247  -412.308806247  -412.258836583
   139.500  -412.460168780  -412.355131334  -412.310010790  -412.310010790  -412.259103985
   140.000  -412.464820899  -412.356350459  -412.311472286  -412.311472286  -412.259268729
   140.500  -412.466281402  -412.355060175  -412.310472351  -412.310472351  -412.259236355
   141.000  -412.464605025  -412.351380537  -412.307099821  -412.307099821  -412.259123482
   141.500  -412.461219317  -412.346788322  -412.302806133  -412.302806133  -412.259042071
   142.000  -412.457317686  -412.342519088  -412.298804295  -412.298804295  -412.259000175
   142.500  -412.453631061  -412.339336581  -412.295841840  -412.295841840  -412.258948501
   143.000  -412.451013671  -412.338115175  -412.294779816  -412.294779816  -412.258879843
   143.500  -412.450477638  -412.339868108  -412.296618624  -412.296618624  -412.258856558
   144.000  -412.452325305  -412.344878168  -412.301620865  -412.301620865  -412.258926656
   144.500  -412.455489997  -412.352035888  -412.308648087  -412.308648087  -412.259064269
   145.000  -412.457918529  -412.359211728  -412.315537326  -412.315537326  -412.259213773
   145.500  -412.457434368  -412.364113514  -412.319966640  -412.319966640  -412.259335766
   146.000  -412.452444554  -412.364984609  -412.320171466  -412.320171466  -412.259380839
   146.500  -412.442785727  -412.361462448  -412.315804450  -412.315804450  -412.259261098
   147.000  -412.430887349  -412.355757019  -412.309116544  -412.309116544  -412.258964242
   147.500  -412.421557588  -412.352461676  -412.304753502  -412.304753502  -412.258730610
   148.000  -412.418369110  -412.354959624  -412.306140169  -412.306140169  -412.258837578
   148.500  -412.419923910  -412.361698660  -412.311742201  -412.311742201  -412.259156449
   149.000  -412.421565136  -412.367901882  -412.316784153  -412.316784153  -412.259370155
   149.500  -412.419831257  -412.370013495  -412.317722348  -412.317722348  -412.259390420
   150.000  -412.414079270  -412.367313936  -412.313882746  -412.313882746  -412.259293056
   150.500  -412.405625183  -412.361055581  -412.306600403  -412.306600403  -412.259140487
   151.000  -412.396803399  -412.353521194  -412.298261468  -412.298261468  -412.258959281
   151.500  -412.390435585  -412.347492270  -412.291747219  -412.291747219  -412.258793199
   152.000  -412.389079054  -412.345500812  -412.289655389  -412.289655389  -412.258716623
   152.500  -412.393920932  -412.348729166  -412.293171178  -412.293171178  -412.258774565
   153.000  -412.404126744  -412.356362271  -412.301413170  -412.301413170  -412.258930588
   153.500  -412.417345723  -412.366093673  -412.311954779  -412.311954779  -412.259106274
   154.000  -412.430839666  -412.375250779  -412.321982128  -412.321982128  -412.259257584
   154.500  -412.442209617  -412.381517520  -412.329050325  -412.329050325  -412.259376317
   155.000  -412.449674606  -412.383214712  -412.331381731  -412.331381731  -412.259423165
   155.500  -412.452741980  -412.379968742  -412.328547956  -412.328547956  -412.259304106
   156.000  -412.453462178  -412.373969519  -412.322724812  -412.322724812  -412.258998750
   156.500  -412.456362278  -412.369905032  -412.318613129  -412.318613129  -412.258747642
   157.000  -412.464894924  -412.371406828  -412.319860268  -412.319860268  -412.258831058
   157.500  -412.477703373  -412.377310365  -412.325301853  -412.325301853  -412.259122019
   158.000  -412.490281444  -412.383309796  -412.330616986  -412.330616986  -412.259312196
   158.500  -412.499265284  -412.386242743  -412.332632392  -412.332632392  -412.259327655
   159.000  -412.503833885  -412.385480735  -412.330733145  -412.330733145  -412.259256038
   159.500  -412.504684721  -412.381891370  -412.325832404  -412.325832404  -412.259160715
   160.000  -412.503092235  -412.376883023  -412.319414076  -412.319414076  -412.259052895
   160.500  -412.500636941  -412.372127408  -412.313239415  -412.313239415  -412.258943578
   161.000  -412.498953207  -412.369307749  -412.309074666  -412.309074666  -412.258871233
   161.500  -412.499143131  -412.369541424  -412.308091726  -412.308091726  -412.258867196
   162.000  -412.501313995  -412.372930243  -412.310402645  -412.310402645  -412.258924735
   162.500  -412.504629770  -412.378616634  -412.315121027  -412.315121027  -412.259027890
   163.000  -412.507549327  -412.385017369  -412.320612787  -412.320612787  -412.259171239
   163.500  -412.508012284  -412.389998074  -412.324683987  -412.324683987  -412.259329633
   164.000  -412.503936668  -412.391354524  -412.325075681  -412.325075681  -412.259425452
   164.500  -412.494458599  -412.388039302  -412.320700548  -412.320700548  -412.259339508
   165.000  -412.481570655  -412.381798234  -412.313284837  -412.313284837  -412.259052930
   165.500  -412.470002730  -412.377057839  -412.307262271  -412.307262271  -412.258829704
   166.000  -412.463320702  -412.377047661  -412.305887117  -412.305887117  -412.258942501
   166.500  -412.460248657  -412.380151281  -412.307585001  -412.307585001  -412.259219956
   167.000  -412.456878267  -412.382149641  -412.308205315  -412.308205315  -412.259345582
   167.500  -412.451123181  -412.380703445  -412.305510610  -412.305510610  -412.259270096
   168.000  -412.443802597  -412.376450550  -412.300271986  -412.300271986  -412.259102612
   168.500  -412.437275667  -412.371641990  -412.294878345  -412.294878345  -412.258929271
   169.000  -412.434115227  -412.368805661  -412.291967345  -412.291967345  -412.258802681
   169.500  -412.436208197  -412.369839134  -412.293483210  -412.293483210  -412.258777254
   170.000  -412.443906331  -412.375156830  -412.299803187  -412.299803187  -412.258881010
   170.500  -412.455629762  -412.383295859  -412.309344621  -412.309344621  -412.259062756
   171.000  -412.468602987  -412.391651352  -412.319326881  -412.319326881  -412.259223000
   171.500  -412.480289937  -412.397904681  -412.327238399  -412.327238399  -412.259300491
   172.000  -412.489315304  -412.400928062  -412.331782979  -412.331782979  -412.259310990
   172.500  -412.495315800  -412.400614596  -412.332737061  -412.332737061  -412.259306828
   173.000  -412.498285513  -412.397213082  -412.330294188  -412.330294188  -412.259290307
   173.500  -412.498616752  -412.391354434  -412.325096714  -412.325096714  -412.259173637
   174.000  -412.498215937  -412.385157764  -412.319336451  -412.319336451  -412.258928677
   174.500  -412.500537130  -412.382260753  -412.316758085  -412.316758085  -412.258785706
   175.000  -412.507268206  -412.384507468  -412.319309825  -412.319309825  -412.258965012
   175.500  -412.515505445  -412.389124925  -412.324287838  -412.324287838  -412.259270918
   176.000  -412.520400120  -412.391369165  -412.326978416  -412.326978416  -412.259406637
   176.500  -412.519413956  -412.388777462  -412.324924170  -412.324924170  -412.259334772
   177.000  -412.513219661  -412.382065420  -412.318837786  -412.318837786  -412.259156560
   177.500  -412.504354890  -412.373779614  -412.311265272  -412.311265272  -412.258960565
   178.000  -412.495796096  -412.366876431  -412.305160497  -412.305160497  -412.258816090
   178.500  -412.489797950  -412.363568421  -412.302721479  -412.302721479  -412.258779634
   179.000  -412.487024381  -412.364461830  -412.304514429  -412.304514429  -412.258854633
   179.500  -412.486478418  -412.368485772  -412.309402320  -412.309402320  -412.258986825
   180.000  -412.486286601  -412.373669261  -412.315328831  -412.315328831  -412.259118565
   180.500  -412.484580281  -412.378013503  -412.320206040  -412.320206040  -412.259227185
   181.000  -412.479913254  -412.379904904  -412.322342010  -412.322342010  -412.259309965
   181.500  -412.471380922  -412.378238053  -412.320574701  -412.320574701  -412.259351376
   182.000  -412.458907135  -412.372715393  -412.314578480  -412.314578480  -412.259299331
   182.500  -412.444004376  -412.364626323  -412.305648296  -412.305648296  -412.259086016
   183.000  -412.430536944  -412.357629756  -412.297484478  -412.297484478  -412.258771261
   183.500  -412.423432414  -412.356480849  -412.294913163  -412.294913163  -412.258658165
   184.000  -412.424310779  -412.362664093  -412.299511323  -412.299511323  -412.258932520
   184.500  -412.429098792  -412.372006191  -412.307209973  -412.307209973  -412.259309228
   185.000  -412.431927036  -412.378568051  -412.312184521  -412.312184521  -412.259462557
   185.500  -412.429908982  -412.379417725  -412.311627527  -412.311627527  -412.259374321
   186.000  -412.423852301  -412.375336047  -412.306444848  -412.306444848  -412.259167614
   186.500  -412.416617663  -412.369170809  -412.299591077  -412.299591077  -412.258947567
   187.000  -412.411458136  -412.364174268  -412.294383040  -412.294383040  -412.258791605
   187.500  -412.410748002  -412.362732983  -412.293211635  -412.293211635  -412.258749687
   188.000  -412.415199519  -412.365589804  -412.296753975  -412.296753975  -412.258813248
   188.500  -412.423932686  -412.371917312  -412.304060650  -412.304060650  -412.258928317
   189.000  -412.435209229  -412.380054453  -412.313320859  -412.313320859  -412.259052549
   189.500  -412.447064850  -412.388139732  -412.322525001  -412.322525001  -412.259180475
   190.000  -412.457455741  -412.394253043  -412.329633042  -412.329633042  -412.259318867
   190.500  -412.464265293  -412.396413931  -412.332586253  -412.332586253  -412.259440564
   191.000  -412.465830084  -412.393096347  -412.329825693  -412.329825693  -412.259450974
   191.500  -412.462387698  -412.384666442  -412.321725329  -412.321725329  -412.259232012
   192.000  -412.457578613  -412.374880287  -412.312081230  -412.312081230  -412.258843191
   192.500  -412.457162741  -412.369605520  -412.306821948  -412.306821948  -412.258642932
   193.000  -412.463882009  -412.371695590  -412.308870631  -412.308870631  -412.258862035
   193.500  -412.474361842  -412.377902679  -412.315050257  -412.315050257  -412.259235106
   194.000  -412.482678863  -412.382440100  -412.319649823  -412.319649823  -412.259429264
   194.500  -412.485257020  -412.381866906  -412.319308160  -412.319308160  -412.259388103
   195.000  -412.482118965  -412.376322657  -412.314242268  -412.314242268  -412.259206039
   195.500  -412.475672093  -412.368309355  -412.307007726  -412.307007726  -412.258991224
   196.000  -412.469028193  -412.361010834  -412.300799633  -412.300799633  -412.258837074
   196.500  -412.464528309  -412.356821381  -412.297967815  -412.297967815  -412.258792124
   197.000  -412.462971272  -412.356573793  -412.299246341  -412.299246341  -412.258834525
   197.500  -412.463867716  -412.359784958  -412.304017828  -412.304017828  -412.258910402
   198.000  -412.466188342  -412.365390809  -412.311076938  -412.311076938  -412.258993511
   198.500  -412.468777180  -412.372152310  -412.319058947  -412.319058947  -412.259094710
   199.000  -412.470253907  -412.378554468  -412.326354540  -412.326354540  -412.259229037
   199.500  -412.468866473  -412.382660276  -412.330973580  -412.330973580  -412.259372647
   200.000  -412.462940728  -412.382569090  -412.331005566  -412.331005566  -412.259430154
   200.500  -412.452313881  -412.377861479  -412.326063752  -412.326063752  -412.259280562
   201.000  -412.439860230  -412.371139555  -412.318823260  -412.318823260  -412.258977735
   201.500  -412.430359576  -412.366913566  -412.313894968  -412.313894968  -412.258834631
   202.000  -412.426112493  -412.367236448  -412.313438929  -412.313438929  -412.258998642
   202.500  -412.424955307  -412.369735482  -412.315182071  -412.315182071  -412.259217736
   203.000  -412.423577761  -412.370938917  -412.315744469  -412.315744469  -412.259277982
   203.500  -412.420733025  -412.369486282  -412.313848305  -412.313848305  -412.259199166
   204.000  -412.417315205  -412.366197227  -412.310372322  -412.310372322  -412.259067180
   204.500  -412.415173701  -412.362877845  -412.307137178  -412.307137178  -412.258953177
   205.000  -412.415983734  -412.361190848  -412.305761705  -412.305761705  -412.258910050
   205.500  -412.420416919  -412.361837658  -412.306847265  -412.306847265  -412.258941600
   206.000  -412.428025119  -412.364458658  -412.309899549  -412.309899549  -412.259001280
   206.500  -412.437836980  -412.368241642  -412.313968135  -412.313968135  -412.259047413
   207.000  -412.448936788  -412.372500675  -412.318252786  -412.318252786  -412.259080558
   207.500  -412.460503087  -412.376704630  -412.322143058  -412.322143058  -412.259127210
   208.000  -412.471490237  -412.380139458  -412.324884285  -412.324884285  -412.259203135
   208.500  -412.480490964  -412.381744174  -412.325415798  -412.325415798  -412.259276400
   209.000  -412.486310630  -412.380657633  -412.322921539  -412.322921539  -412.259252493
   209.500  -412.489351374  -412.377573547  -412.318188174  -412.318188174  -412.259056957
   210.000  -412.492442208  -412.375549684  -412.314403310  -412.314403310  -412.258828823
   210.500  -412.498628553  -412.377793256  -412.314905601  -412.314905601  -412.258865801
   211.000  -412.507159356  -412.383657525  -412.319134087  -412.319134087  -412.259161723
   211.500  -412.513621816  -412.388782806  -412.322755027  -412.322755027  -412.259388013
   212.000  -412.514451397  -412.389607613  -412.322194996  -412.322194996  -412.259365189
   212.500  -412.509706793  -412.386137886  -412.317456094  -412.317456094  -412.259168200
   213.000  -412.502187022  -412.381068972  -412.311269424  -412.311269424  -412.258950994
   213.500  -412.495118195  -412.377484497  -412.306802110  -412.306802110  -412.258836415
   214.000  -412.490277523  -412.377015768  -412.305767004  -412.305767004  -412.258856738
   214.500  -412.487479999  -412.379343935  -412.307880081  -412.307880081  -412.258950666
   215.000  -412.485447558  -412.383070478  -412.311706038  -412.311706038  -412.259033460
   215.500  -412.483040146  -412.386930576  -412.315886238  -412.315886238  -412.259072455
   216.000  -412.479783436  -412.390307084  -412.319677832  -412.319677832  -412.259091282
   216.500  -412.475578469  -412.392935642  -412.322681042  -412.322681042  -412.259128571
   217.000  -412.470147142  -412.394349945  -412.324311126  -412.324311126  -412.259201127
   217.500  -412.462820296  -412.393680284  -412.323612799  -412.323612799  -412.259270412
   218.000  -412.453139375  -412.390266544  -412.319893315  -412.319893315  -412.259234582
   218.500  -412.442278740  -412.385098004  -412.314171697  -412.314171697  -412.259020387
   219.000  -412.433790494  -412.381574792  -412.309936756  -412.309936756  -412.258784149
   219.500  -412.431113335  -412.383026071  -412.310646689  -412.310646689  -412.258836079
   220.000  -412.433381552  -412.388517054  -412.315513950  -412.315513950  -412.259155922
   220.500  -412.435778752  -412.393191923  -412.319831467  -412.319831467  -412.259400165
   221.000  -412.434317520  -412.393039350  -412.319730740  -412.319730740  -412.259389880
   221.500  -412.428708124  -412.387747577  -412.315024017  -412.315024017  -412.259196298
   222.000  -412.421598344  -412.379935384  -412.308408851  -412.308408851  -412.258967133
   222.500  -412.416395545  -412.372971898  -412.303259804  -412.303259804  -412.258826756
   223.000  -412.415352560  -412.369071635  -412.301702054  -412.301702054  -412.258821971
   223.500  -412.418787025  -412.368531363  -412.303853776  -412.303853776  -412.258910296
   224.000  -412.425578213  -412.370248592  -412.308383912  -412.308383912  -412.259016637
   224.500  -412.434187751  -412.372759816  -412.313602986  -412.313602986  -412.259096166
   225.000  -412.443321243  -412.374912218  -412.318175156  -412.318175156  -412.259149089
   225.500  -412.451966184  -412.375898382  -412.321175450  -412.321175450  -412.259200143
   226.000  -412.459103973  -412.374952772  -412.321787735  -412.321787735  -412.259263367
   226.500  -412.463625604  -412.371247071  -412.319185834  -412.319185834  -412.259301429
   227.000  -412.464982171  -412.364522695  -412.313154731  -412.313154731  -412.259217009
   227.500  -412.464566514  -412.356456398  -412.305444034  -412.305444034  -412.258958242
   228.000  -412.466144252  -412.351077611  -412.300175332  -412.300175332  -412.258717563
   228.500  -412.472915820  -412.351818148  -412.300867625  -412.300867625  -412.258793783
   229.000  -412.483502115  -412.357484120  -412.306392387  -412.306392387  -412.259114912
   229.500  -412.492960627  -412.363266092  -412.311971273  -412.311971273  -412.259339620
   230.000  -412.497543191  -412.365493592  -412.313939973  -412.313939973  -412.259330030
   230.500  -412.496968781  -412.363911013  -412.312037201  -412.312037201  -412.259177009
   231.000  -412.493316716  -412.360574730  -412.308310743  -412.308310743  -412.259015742
   231.500  -412.489019429  -412.357853970  -412.305119356  -412.305119356  -412.258925258
   232.000  -412.485601837  -412.357175901  -412.303880911  -412.303880911  -412.258904291
   232.500  -412.483594696  -412.358946116  -412.304990754  -412.304990754  -412.258913640
   233.000  -412.483021308  -412.363041725  -412.308315660  -412.308315660  -412.258939067
   233.500  -412.483606825  -412.369025278  -412.313408822  -412.313408822  -412.258994122
   234.000  -412.484626941  -412.375997262  -412.319362729  -412.319362729  -412.259086394
   234.500  -412.484827555  -412.382517562  -412.324731505  -412.324731505  -412.259205792
   235.000  -412.482609639  -412.386785340  -412.327718404  -412.327718404  -412.259326440
   235.500  -412.476502729  -412.387117006  -412.326658426  -412.326658426  -412.259385775
   236.000  -412.466173565  -412.382959851  -412.321043528  -412.321043528  -412.259278913
   236.500  -412.453854297  -412.376333311  -412.312970202  -412.312970202  -412.258980965
   237.000  -412.444315359  -412.371819803  -412.307121091  -412.307121091  -412.258737018
   237.500  -412.441188832  -412.372904466  -412.307077147  -412.307077147  -412.258841048
   238.000  -412.443055829  -412.378073182  -412.311381292  -412.311381292  -412.259151737
   238.500  -412.445349791  -412.382712539  -412.315434124  -412.315434124  -412.259320679
   239.000  -412.445245856  -412.383987151  -412.316391588  -412.316391588  -412.259258968
   239.500  -412.443278229  -412.382446515  -412.314785143  -412.314785143  -412.259094549
   240.000  -412.441664684  -412.380339135  -412.312840725  -412.312840725  -412.258975710
   240.500  -412.442110664  -412.379415152  -412.312270659  -412.312270659  -412.258964421
   241.000  -412.444822472  -412.379937128  -412.313280741  -412.313280741  -412.259017644
   241.500  -412.449048599  -412.381221565  -412.315115219  -412.315115219  -412.259057193
   242.000  -412.454166830  -412.382725878  -412.317156573  -412.317156573  -412.259052859
   242.500  -412.460133906  -412.384499065  -412.319389641  -412.319389641  -412.259035494
   243.000  -412.467056908  -412.386758265  -412.321986323  -412.321986323  -412.259058252
   243.500  -412.474432320  -412.389129522  -412.324552724  -412.324552724  -412.259151635
   244.000  -412.480743093  -412.390244418  -412.325728269  -412.325728269  -412.259288400
   244.500  -412.483951538  -412.388227114  -412.323673986  -412.323673986  -412.259365945
   245.000  -412.483097093  -412.382280265  -412.317654279  -412.317654279  -412.259245836
   245.500  -412.480179816  -412.374561488  -412.309902729  -412.309902729  -412.258939284
   246.000  -412.479621494  -412.369645235  -412.305066325  -412.305066325  -412.258762584
   246.500  -412.483748508  -412.370002483  -412.305665959  -412.305665959  -412.258953937
   247.000  -412.489656552  -412.372868021  -412.308953867  -412.308953867  -412.259260223
   247.500  -412.492596362  -412.373614197  -412.310297976  -412.310297976  -412.259354938
   248.000  -412.490682933  -412.370449817  -412.307894105  -412.307894105  -412.259220674
   248.500  -412.485506340  -412.365025387  -412.303377798  -412.303377798  -412.259012838
   249.000  -412.479975464  -412.360281157  -412.299666560  -412.299666560  -412.258877437
   249.500  -412.476110657  -412.358248684  -412.298748358  -412.298748358  -412.258867813
   250.000  -412.474171985  -412.359182271  -412.300807943  -412.300807943  -412.258936599
   250.500  -412.473269254  -412.362161910  -412.304835884  -412.304835884  -412.259007010
   251.000  -412.472462399  -412.366179445  -412.309728507  -412.309728507  -412.259044542
   251.500  -412.471303743  -412.370666903  -412.314832856  -412.314832856  -412.259065066
   252.000  -412.469645206  -412.375299051  -412.319759742  -412.319759742  -412.259104077
   252.500  -412.467128373  -412.379488165  -412.323887932  -412.323887932  -412.259184983
   253.000  -412.462867438  -412.382082118  -412.326068002  -412.326068002  -412.259286133
   253.500  -412.455812950  -412.381748477  -412.325015700  -412.325015700  -412.259318819
   254.000  -412.446033332  -412.378279765  -412.320625102  -412.320625102  -412.259181343
   254.500  -412.435966620  -412.373869423  -412.315243769  -412.315243769  -412.258938012
   255.000  -412.429227439  -412.371939236  -412.312480658  -412.312480658  -412.258862441
   255.500  -412.426834268  -412.373377781  -412.313406604  -412.313406604  -412.259056613
   256.000  -412.425922894  -412.375251042  -412.315221420  -412.315221420  -412.259269794
   256.500  -412.423169387  -412.374210046  -412.314639236  -412.314639236  -412.259288599
   257.000  -412.417976199  -412.369658055  -412.311056681  -412.311056681  -412.259141362
   257.500  -412.412318806  -412.363586373  -412.306398797  -412.306398797  -412.258966057
   258.000  -412.408771048  -412.358598436  -412.303153889  -412.303153889  -412.258875838
   258.500  -412.408752801  -412.356166425  -412.302645094  -412.302645094  -412.258894848
   259.000  -412.412071011  -412.356182281  -412.304600307  -412.304600307  -412.258965669
   259.500  -412.417668663  -412.357713569  -412.307931572  -412.307931572  -412.259022464
   260.000  -412.424568952  -412.359946803  -412.311699349  -412.311699349  -412.259045303
   260.500  -412.432211425  -412.362511462  -412.315449856  -412.315449856  -412.259056181
   261.000  -412.440184980  -412.365197777  -412.318932124  -412.318932124  -412.259088807
   261.500  -412.447775058  -412.367487414  -412.321624056  -412.321624056  -412.259161009
   262.000  -412.453759587  -412.368339008  -412.322510071  -412.322510071  -412.259247699
   262.500  -412.456842431  -412.366615673  -412.320506353  -412.320506353  -412.259266819
   263.000  -412.456863092  -412.362297770  -412.315668996  -412.315668996  -412.259129158
   263.500  -412.455921078  -412.357613235  -412.310312047  -412.310312047  -412.258895580
   264.000  -412.457264975  -412.355929820  -412.307878432  -412.307878432  -412.258825688
   264.500  -412.461706525  -412.358161963  -412.309328531  -412.309328531  -412.259029848
   265.000  -412.466228829  -412.361367009  -412.311728726  -412.311728726  -412.259263862
   265.500  -412.467268988  -412.362016713  -412.311543423  -412.311543423  -412.259298602
   266.000  -412.464016452  -412.359285715  -412.307958738  -412.307958738  -412.259157007
   266.500  -412.458331505  -412.354980942  -412.302812201  -412.302812201  -412.258981572
   267.000  -412.452761895  -412.351575428  -412.298605820  -412.298605820  -412.258879517
   267.500  -412.448912162  -412.350590687  -412.296870381  -412.296870381  -412.258867998
   268.000  -412.447096581  -412.352255553  -412.297816562  -412.297816562  -412.258902738
   268.500  -412.446920978  -412.356086106  -412.300921061  -412.300921061  -412.258941164
   269.000  -412.447900729  -412.361499123  -412.305552818  -412.305552818  -412.258973727
   269.500  -412.449625586  -412.367973940  -412.311147001  -412.311147001  -412.259015114
   270.000  -412.451568089  -412.374862088  -412.317020488  -412.317020488  -412.259083951
   270.500  -412.452833384  -412.381141154  -412.322128761  -412.322128761  -412.259183167
   271.000  -412.452165543  -412.385424702  -412.325080146  -412.325080146  -412.259274241
   271.500  -412.448574484  -412.386591882  -412.324771828  -412.324771828  -412.259265613
   272.000  -412.442628322  -412.385082804  -412.321690135  -412.321690135  -412.259093569
   272.500  -412.437118358  -412.383565613  -412.318579665  -412.318579665  -412.258891359
   273.000  -412.434988531  -412.384870362  -412.318369578  -412.318369578  -412.258910149
   273.500  -412.435958671  -412.388617498  -412.320793582  -412.320793582  -412.259128950
   274.000  -412.436825984  -412.391525663  -412.322685548  -412.322685548  -412.259281081
   274.500  -412.435107113  -412.391057570  -412.321614098  -412.321614098  -412.259244681
   275.000  -412.430984839  -412.387361911  -412.317809437  -412.317809437  -412.259100313
   275.500  -412.426375976  -412.382334438  -412.313203930  -412.313203930  -412.258966989
   276.000  -412.423226075  -412.377907778  -412.309708220  -412.309708220  -412.258904763
   276.500  -412.422570882  -412.375111723  -412.308265657  -412.308265657  -412.258903203
   277.000  -412.424586691  -412.374127466  -412.308921717  -412.308921717  -412.258924957
   277.500  -412.429071163  -412.374773879  -412.311334141  -412.311334141  -412.258947890
   278.000  -412.435743829  -412.376815693  -412.315107642  -412.315107642  -412.258974737
   278.500  -412.444204872  -412.379929093  -412.319780220  -412.319780220  -412.259020161
   279.000  -412.453726036  -412.383494317  -412.324629097  -412.324629097  -412.259096084
   279.500  -412.463102693  -412.386442672  -412.328524848  -412.328524848  -412.259196763
   280.000  -412.470804257  -412.387400036  -412.330077270  -412.330077270  -412.259277546
   280.500  -412.475712837  -412.385419207  -412.328365059  -412.328365059  -412.259249115
   281.000  -412.478379669  -412.381230488  -412.324184537  -412.324184537  -412.259068264
   281.500  -412.481394079  -412.377610374  -412.320406839  -412.320406839  -412.258895794
   282.000  -412.486955833  -412.376953843  -412.319533147  -412.319533147  -412.258969945
   282.500  -412.493744022  -412.378137771  -412.320537833  -412.320537833  -412.259207998
   283.000  -412.498081233  -412.377673867  -412.320008759  -412.320008759  -412.259318618
   283.500  -412.497933942  -412.373699661  -412.316131845  -412.316131845  -412.259222343
   284.000  -412.494263023  -412.367323566  -412.310030272  -412.310030272  -412.259053182
   284.500  -412.489305030  -412.360906581  -412.304034705  -412.304034705  -412.258940665
   285.000  -412.484681299  -412.356166879  -412.299789686  -412.299789686  -412.258911518
   285.500  -412.480905427  -412.353672395  -412.297763233  -412.297763233  -412.258923462
   286.000  -412.477906441  -412.353340499  -412.297779654  -412.297779654  -412.258937722
   286.500  -412.475578323  -412.354970402  -412.299575380  -412.299575380  -412.258950641
   287.000  -412.473877439  -412.358341531  -412.302893429  -412.302893429  -412.258978729
   287.500  -412.472588567  -412.362984255  -412.307254293  -412.307254293  -412.259041974
   288.000  -412.471043414  -412.367916897  -412.311683910  -412.311683910  -412.259147730
   288.500  -412.468031763  -412.371579545  -412.314649289  -412.314649289  -412.259273409
   289.000  -412.462192343  -412.372257888  -412.314486077  -412.314486077  -412.259339468
   289.500  -412.453223892  -412.369321382  -412.310648861  -412.310648861  -412.259223471
   290.000  -412.443521618  -412.364888392  -412.305372627  -412.305372627  -412.258918648
   290.500  -412.437865855  -412.363528514  -412.303360295  -412.303360295  -412.258718884
   291.000  -412.439174371  -412.368023471  -412.307500559  -412.307500559  -412.258892372
   291.500  -412.445001825  -412.375857944  -412.315328739  -412.315328739  -412.259215277
   292.000  -412.450538215  -412.382209633  -412.322007397  -412.322007397  -412.259345110
   292.500  -412.453450384  -412.384779895  -412.325171980  -412.325171980  -412.259263725
   293.000  -412.454528577  -412.384436665  -412.325583166  -412.325583166  -412.259127972
   293.500  -412.455576770  -412.383108300  -412.325030224  -412.325030224  -412.259042507
   294.000  -412.457781359  -412.382155617  -412.324719035  -412.324719035  -412.259017710
   294.500  -412.461421258  -412.382080410  -412.325001430  -412.325001430  -412.259021774
   295.000  -412.466270068  -412.382914618  -412.325786880  -412.325786880  -412.259027331
   295.500  -412.471993516  -412.384590150  -412.326933768  -412.326933768  -412.259028367
   296.000  -412.478268261  -412.387030494  -412.328348019  -412.328348019  -412.259037520
   296.500  -412.484635131  -412.389976702  -412.329810549  -412.329810549  -412.259076521
   297.000  -412.490219033  -412.392691657  -412.330678624  -412.330678624  -412.259160976
   297.500  -412.493569103  -412.393796189  -412.329715750  -412.329715750  -412.259272666
   298.000  -412.493045095  -412.391662792  -412.325475845  -412.325475845  -412.259324028
   298.500  -412.488192435  -412.385807936  -412.317677578  -412.317677578  -412.259178945
   299.000  -412.481526442  -412.378692703  -412.308990307  -412.308990307  -412.258854927
   299.500  -412.477873830  -412.375087357  -412.304355525  -412.304355525  -412.258686288
   300.000  -412.479614086  -412.377327173  -412.306207075  -412.306207075  -412.258899754
   300.500  -412.483713395  -412.382352799  -412.311493908  -412.311493908  -412.259208497
   301.000  -412.485499070  -412.385480593  -412.315470851  -412.315470851  -412.259310236
   301.500  -412.483044147  -412.384779762  -412.316099794  -412.316099794  -412.259235771
   302.000  -412.477148452  -412.381045898  -412.314043512  -412.314043512  -412.259124433
   302.500  -412.469450717  -412.375907936  -412.310781888  -412.310781888  -412.259035925
   303.000  -412.461429606  -412.370824569  -412.307619816  -412.307619816  -412.258966970
   303.500  -412.454305272  -412.366978546  -412.305601342  -412.305601342  -412.258915268
   304.000  -412.449007180  -412.365246756  -412.305493789  -412.305493789  -412.258893648
   304.500  -412.445979676  -412.366005191  -412.307599450  -412.307599450  -412.258911506
   305.000  -412.445031950  -412.368983895  -412.311608971  -412.311608971  -412.258969284
   305.500  -412.445328051  -412.373259485  -412.316588882  -412.316588882  -412.259067216
   306.000  -412.445420892  -412.377292142  -412.321012414  -412.321012414  -412.259202578
   306.500  -412.443383835  -412.379059800  -412.322892605  -412.322892605  -412.259340267
   307.000  -412.437463414  -412.376713866  -412.320440602  -412.320440602  -412.259374504
   307.500  -412.427683864  -412.370188303  -412.313676150  -412.313676150  -412.259178947
   308.000  -412.417408553  -412.362765841  -412.305988254  -412.305988254  -412.258843858
   308.500  -412.411633827  -412.359376014  -412.302415378  -412.302415378  -412.258744898
   309.000  -412.411802965  -412.361411978  -412.304437678  -412.304437678  -412.258989456
   309.500  -412.414412501  -412.365336798  -412.308567342  -412.308567342  -412.259223887
   310.000  -412.415708044  -412.367377519  -412.311047116  -412.311047116  -412.259242408
   310.500  -412.414854686  -412.366691951  -412.311028345  -412.311028345  -412.259151089
   311.000  -412.412824496  -412.364254376  -412.309462612  -412.309462612  -412.259078504
   311.500  -412.410580528  -412.361038391  -412.307288053  -412.307288053  -412.259045621
   312.000  -412.408638137  -412.357577981  -412.304992976  -412.304992976  -412.259018122
   312.500  -412.407465484  -412.354369133  -412.303021283  -412.303021283  -412.258973329
   313.000  -412.407771938  -412.352160203  -412.302067979  -412.302067979  -412.258921178
   313.500  -412.410342989  -412.351793383  -412.302920855  -412.302920855  -412.258892830
   314.000  -412.415563959  -412.353732576  -412.305989887  -412.305989887  -412.258919786
   314.500  -412.422941381  -412.357587914  -412.310836056  -412.310836056  -412.259016994
   315.000  -412.430906219  -412.361916634  -412.315976271  -412.315976271  -412.259171560
   315.500  -412.437073652  -412.364472215  -412.319143066  -412.319143066  -412.259330283
   316.000  -412.439153443  -412.363098899  -412.318191683  -412.318191683  -412.259382026
   316.500  -412.436660637  -412.357427637  -412.312800466  -412.312800466  -412.259206982
   317.000  -412.432449454  -412.350402080  -412.305987328  -412.305987328  -412.258886305
   317.500  -412.431204570  -412.346770613  -412.302572867  -412.302572867  -412.258768100
   318.000  -412.434615895  -412.348269128  -412.304328865  -412.304328865  -412.258974755
   318.500  -412.439753689  -412.352004851  -412.308343893  -412.308343893  -412.259194735
   319.000  -412.443182558  -412.354567879  -412.311144979  -412.311144979  -412.259220252
   319.500  -412.444089106  -412.355159864  -412.311848618  -412.311848618  -412.259131731
   320.000  -412.443490850  -412.354798179  -412.311388066  -412.311388066  -412.259049141
   320.500  -412.442542954  -412.354617065  -412.310830174  -412.310830174  -412.259008383
   321.000  -412.441903069  -412.355229767  -412.310742007  -412.310742007  -412.258994796
   321.500  -412.441877104  -412.356870517  -412.311333273  -412.311333273  -412.258988027
   322.000  -412.442708795  -412.359682266  -412.312738997  -412.312738997  -412.258976130
   322.500  -412.444732085  -412.363871362  -412.315174209  -412.315174209  -412.258962138
   323.000  -412.448301089  -412.369643670  -412.318868694  -412.318868694  -412.258966697
   323.500  -412.453462942  -412.376890450  -412.323751516  -412.323751516  -412.259022255
   324.000  -412.459480021  -412.384722927  -412.328988496  -412.328988496  -412.259149828
   324.500  -412.464575049  -412.391231134  -412.332743400  -412.332743400  -412.259317543
   325.000  -412.466517566  -412.394075242  -412.332771568  -412.332771568  -412.259406585
   325.500  -412.464426116  -412.392290446  -412.328222856  -412.328222856  -412.259269581
   326.000  -412.460697690  -412.388217209  -412.321560695  -412.321560695  -412.258960581
   326.500  -412.459880016  -412.386373912  -412.317412173  -412.317412173  -412.258828682
   327.000  -412.463843822  -412.388631918  -412.317713358  -412.317713358  -412.259026061
   327.500  -412.469766103  -412.392201128  -412.319680247  -412.319680247  -412.259260474
   328.000  -412.473959413  -412.393461240  -412.319650751  -412.319650751  -412.259311314
   328.500  -412.475174345  -412.391263527  -412.316412210  -412.316412210  -412.259224001
   329.000  -412.474314517  -412.386642494  -412.310932657  -412.310932657  -412.259094244
   329.500  -412.473079873  -412.381448848  -412.305011781  -412.305011781  -412.258975660
   330.000  -412.473075891  -412.377446452  -412.300385474  -412.300385474  -412.258900095
   330.500  -412.475286305  -412.375773378  -412.298186703  -412.298186703  -412.258882416
   331.000  -412.479834579  -412.376692258  -412.298692093  -412.298692093  -412.258913215
   331.500  -412.486118849  -412.379720262  -412.301439702  -412.301439702  -412.258968593
   332.000  -412.493162336  -412.383974256  -412.305567255  -412.305567255  -412.259033538
   332.500  -412.499858053  -412.388415933  -412.310051388  -412.310051388  -412.259111705
   333.000  -412.504960871  -412.391845746  -412.313703498  -412.313703498  -412.259211608
   333.500  -412.507044938  -412.392862171  -412.315139264  -412.315139264  -412.259305211
   334.000  -412.505037322  -412.390398531  -412.313323518  -412.313323518  -412.259284907
   334.500  -412.499759246  -412.385264871  -412.309120920  -412.309120920  -412.259052232
   335.000  -412.495001520  -412.381227241  -412.306356321  -412.306356321  -412.258772539
   335.500  -412.494875440  -412.382363477  -412.309131714  -412.309131714  -412.258799887
   336.000  -412.499061338  -412.388318331  -412.317040943  -412.317040943  -412.259101907
   336.500  -412.503201584  -412.394698986  -412.325564126  -412.325564126  -412.259332144
   337.000  -412.503604726  -412.397774778  -412.330807804  -412.330807804  -412.259369277
   337.500  -412.499357935  -412.396586771  -412.331652010  -412.331652010  -412.259294447
   338.000  -412.491426749  -412.392038620  -412.328874794  -412.328874794  -412.259180516
   338.500  -412.481555314  -412.385794988  -412.324059392  -412.324059392  -412.259056787
   339.000  -412.471734231  -412.379754727  -412.319058977  -412.319058977  -412.258942853
   339.500  -412.463814710  -412.375668493  -412.315612908  -412.315612908  -412.258866737
   340.000  -412.459041506  -412.374679333  -412.314881062  -412.314881062  -412.258854454
   340.500  -412.457648206  -412.376925485  -412.317039760  -412.317039760  -412.258912296
   341.000  -412.458751216  -412.381435895  -412.321176006  -412.321176006  -412.259026448
   341.500  -412.460570300  -412.386352656  -412.325504286  -412.325504286  -412.259174838
   342.000  -412.460818763  -412.389319076  -412.327752276  -412.327752276  -412.259328005
   342.500  -412.457269855  -412.388045460  -412.325723271  -412.325723271  -412.259420900
   343.000  -412.448857727  -412.381411428  -412.318393811  -412.318393811  -412.259334651
   343.500  -412.437366585  -412.371157949  -412.307602451  -412.307602451  -412.259010306
   344.000  -412.427908433  -412.362369561  -412.298516794  -412.298516794  -412.258676681
   344.500  -412.425370691  -412.359925247  -412.296068846  -412.296068846  -412.258696804
   345.000  -412.429476918  -412.363560226  -412.300005488  -412.300005488  -412.259010202
   345.500  -412.435538902  -412.368620471  -412.305640878  -412.305640878  -412.259263876
   346.000  -412.439335015  -412.370939935  -412.308746836  -412.308746836  -412.259323670
   346.500  -412.439423026  -412.369150270  -412.307876415  -412.307876415  -412.259258432
   347.000  -412.436430353  -412.363964940  -412.303660613  -412.303660613  -412.259148901
   347.500  -412.431866600  -412.356984885  -412.297622850  -412.297622850  -412.259035125
   348.000  -412.427439941  -412.350008854  -412.291494192  -412.291494192  -412.258931378
   348.500  -412.424762807  -412.344734819  -412.286916664  -412.286916664  -412.258845583
   349.000  -412.425171881  -412.342579009  -412.285260330  -412.285260330  -412.258792530
   349.500  -412.429453699  -412.344401959  -412.287351518  -412.287351518  -412.258798224
   350.000  -412.437443586  -412.350109040  -412.293073836  -412.293073836  -412.258886353
   350.500  -412.447696163  -412.358321202  -412.301040929  -412.301040929  -412.259058280
   351.000  -412.457527589  -412.366413651  -412.308638414  -412.308638414  -412.259277528
   351.500  -412.463680444  -412.371173977  -412.312685804  -412.312685804  -412.259451308
   352.000  -412.463858982  -412.370331126  -412.310965323  -412.310965323  -412.259423513
   352.500  -412.458995930  -412.364817776  -412.304487575  -412.304487575  -412.259100847
   353.000  -412.454218350  -412.359739238  -412.298446944  -412.298446944  -412.258714978
   353.500  -412.455195596  -412.360729369  -412.298560627  -412.298560627  -412.258687431
   354.000  -412.462376948  -412.368199798  -412.305296364  -412.305296364  -412.258996877
   354.500  -412.471187276  -412.377546290  -412.314067835  -412.314067835  -412.259268610
   355.000  -412.477175156  -412.384299618  -412.320392452  -412.320392452  -412.259339145
   355.500  -412.478755786  -412.386863231  -412.322643350  -412.322643350  -412.259271390
   356.000  -412.476616058  -412.385910500  -412.321458026  -412.321458026  -412.259155642
   356.500  -412.472391267  -412.383055005  -412.318417446  -412.318417446  -412.259045134
   357.000  -412.467783947  -412.379966924  -412.315165078  -412.315165078  -412.258962136
   357.500  -412.464151743  -412.377962413  -412.312995643  -412.312995643  -412.258910771
   358.000  -412.462391201  -412.377891332  -412.312741088  -412.312741088  -412.258888015
   358.500  -412.462949065  -412.380152123  -412.314783717  -412.314783717  -412.258894167
   359.000  -412.465787862  -412.384659324  -412.319027074  -412.319027074  -412.258942665
   359.500  -412.470183332  -412.390641386  -412.324699844  -412.324699844  -412.259056586
   360.000  -412.474444468  -412.396360624  -412.330079932  -412.330079932  -412.259235919
   360.500  -412.476033176  -412.399227374  -412.332620592  -412.332620592  -412.259406563
   361.000  -412.472805135  -412.397037096  -412.330191618  -412.330191618  -412.259403352
   361.500  -412.465380069  -412.390335565  -412.323447537  -412.323447537  -412.259120194
   362.000  -412.458293167  -412.383573224  -412.316965585  -412.316965585  -412.258781948
   362.500  -412.456535051  -412.381656768  -412.315760452  -412.315760452  -412.258776768
   363.000  -412.460285281  -412.384700686  -412.319992542  -412.319992542  -412.259059336
   363.500  -412.465424408  -412.388560528  -412.325472871  -412.325472871  -412.259284136
   364.000  -412.468281601  -412.389589415  -412.328435876  -412.328435876  -412.259320784
   364.500  -412.467867153  -412.386870450  -412.327806719  -412.327806719  -412.259239925
   365.000  -412.465108299  -412.381442300  -412.324463683  -412.324463683  -412.259125960
   365.500  -412.461594527  -412.375027961  -412.319992478  -412.319992478  -412.259022665
   366.000  -412.458839490  -412.369278580  -412.315939730  -412.315939730  -412.258947379
   366.500  -412.457958782  -412.365436199  -412.313474850  -412.313474850  -412.258906687
   367.000  -412.459535645  -412.364192715  -412.313244501  -412.313244501  -412.258903241
   367.500  -412.463564333  -412.365634082  -412.315312388  -412.315312388  -412.258938589
   368.000  -412.469420318  -412.369214035  -412.319131380  -412.319131380  -412.259016078
   368.500  -412.475819083  -412.373714243  -412.323506659  -412.323506659  -412.259139778
   369.000  -412.480810307  -412.377235141  -412.326593751  -412.326593751  -412.259294850
   369.500  -412.482119907  -412.377535406  -412.326245637  -412.326245637  -412.259403764
   370.000  -412.478415100  -412.373294474  -412.321280269  -412.321280269  -412.259320130
   370.500  -412.471343571  -412.366155042  -412.313508273  -412.313508273  -412.258998159
   371.000  -412.465782129  -412.360983198  -412.307951535  -412.307951535  -412.258728016
   371.500  -412.465588295  -412.361632507  -412.308547155  -412.308547155  -412.258838821
   372.000  -412.469194118  -412.366541780  -412.313715776  -412.313715776  -412.259168474
   372.500  -412.471703798  -412.370822142  -412.318472562  -412.318472562  -412.259362502
   373.000  -412.469898213  -412.371243714  -412.319466243  -412.319466243  -412.259331460
   373.500  -412.463917243  -412.367908953  -412.316684603  -412.316684603  -412.259175524
   374.000  -412.455981494  -412.362969522  -412.312194927  -412.312194927  -412.259009266
   374.500  -412.448647180  -412.358889997  -412.308411288  -412.308411288  -412.258899931
   375.000  -412.443699361  -412.357355577  -412.306995980  -412.306995980  -412.258864234
   375.500  -412.441812448  -412.358944700  -412.308523175  -412.308523175  -412.258886286
   376.000  -412.442730503  -412.363315748  -412.312657592  -412.312657592  -412.258944090
   376.500  -412.445591435  -412.369532447  -412.318472016  -412.318472016  -412.259025743
   377.000  -412.449134685  -412.376269836  -412.324650762  -412.324650762  -412.259128397
   377.500  -412.451791666  -412.381902091  -412.329580604  -412.329580604  -412.259243713
   378.000  -412.451872194  -412.384686484  -412.331541834  -412.331541834  -412.259336824
   378.500  -412.448149117  -412.383346946  -412.329297785  -412.329297785  -412.259332700
   379.000  -412.440956548  -412.378171112  -412.323199354  -412.323199354  -412.259160143
   379.500  -412.433082420  -412.371904824  -412.316072003  -412.316072003  -412.258879600
   380.000  -412.428687670  -412.368675429  -412.312121148  -412.312121148  -412.258730135
   380.500  -412.429917355  -412.370609552  -412.313524072  -412.313524072  -412.258863161
   381.000  -412.434827797  -412.375764865  -412.318344598  -412.318344598  -412.259129072
   381.500  -412.439381366  -412.380124128  -412.322528428  -412.322528428  -412.259303468
   382.000  -412.440685315  -412.380826685  -412.323153727  -412.323153727  -412.259318061
   382.500  -412.438217361  -412.377384789  -412.319669682  -412.319669682  -412.259222473
   383.000  -412.433248590  -412.371100431  -412.313328663  -412.313328663  -412.259082710
   383.500  -412.427863003  -412.364085114  -412.306209217  -412.306209217  -412.258943734
   384.000  -412.424202481  -412.358510227  -412.300463110  -412.300463110  -412.258836563
   384.500  -412.423909231  -412.356055213  -412.297762279  -412.297762279  -412.258788440
   385.000  -412.427680613  -412.357470562  -412.298854146  -412.298854146  -412.258814107
   385.500  -412.435036243  -412.362347315  -412.303329965  -412.303329965  -412.258907438
   386.000  -412.444416367  -412.369211716  -412.309720886  -412.309720886  -412.259045757
   386.500  -412.453559679  -412.375893939  -412.315869645  -412.315869645  -412.259196605
   387.000  -412.460069604  -412.380083599  -412.319488895  -412.319488895  -412.259309453
   387.500  -412.462254319  -412.380161238  -412.318995016  -412.318995016  -412.259307195
   388.000  -412.460272589  -412.376342160  -412.314649018  -412.314649018  -412.259131893
   388.500  -412.456818953  -412.371363667  -412.309237909  -412.309237909  -412.258864756
   389.000  -412.455771127  -412.369137474  -412.306715521  -412.306715521  -412.258738398
   389.500  -412.458934531  -412.371498526  -412.308934915  -412.308934915  -412.258872387
   390.000  -412.464413080  -412.376575605  -412.314012485  -412.314012485  -412.259112863
   390.500  -412.468648078  -412.380826416  -412.318372167  -412.318372167  -412.259260799
   391.000  -412.469270813  -412.381888454  -412.319608719  -412.319608719  -412.259266209
   391.500  -412.466008019  -412.379479542  -412.317405087  -412.317405087  -412.259183946
   392.000  -412.460005536  -412.374719940  -412.312860593  -412.312860593  -412.259077963
   392.500  -412.452887758  -412.369190785  -412.307549668  -412.307549668  -412.258984512
   393.000  -412.446168992  -412.364348047  -412.302929876  -412.302929876  -412.258915385
   393.500  -412.441017375  -412.361289257  -412.300104551  -412.300104551  -412.258873522
   394.000  -412.438169820  -412.360673613  -412.299737908  -412.299737908  -412.258865123
   394.500  -412.437816145  -412.362611919  -412.301943529  -412.301943529  -412.258904102
   395.000  -412.439397338  -412.366470797  -412.306089261  -412.306089261  -412.259003327
   395.500  -412.441458512  -412.370730147  -412.310657708  -412.310657708  -412.259152234
   396.000  -412.441894151  -412.373230290  -412.313496887  -412.313496887  -412.259288361
   396.500  -412.438962887  -412.372185701  -412.312839186  -412.312839186  -412.259295433
   397.000  -412.432980011  -412.367874884  -412.308991831  -412.308991831  -412.259094075
   397.500  -412.427228901  -412.363548544  -412.305238243  -412.305238243  -412.258818765
   398.000  -412.425805669  -412.363271114  -412.305663369  -412.305663369  -412.258766938
   398.500  -412.429514430  -412.367814450  -412.311030242  -412.311030242  -412.258991578
   399.000  -412.435145206  -412.373939046  -412.318053024  -412.318053024  -412.259236194
   399.500  -412.438943621  -412.377866280  -412.322884907  -412.322884907  -412.259322508
   400.000  -412.439325962  -412.377995366  -412.323853121  -412.323853121  -412.259270246
   400.500  -412.436839328  -412.374863940  -412.321436738  -412.321436738  -412.259160070
   401.000  -412.433042388  -412.370030009  -412.317152603  -412.317152603  -412.259046978
   401.500  -412.429628746  -412.365196505  -412.312679738  -412.312679738  -412.258957252
   402.000  -412.427969471  -412.361754081  -412.309397958  -412.309397958  -412.258901920
   402.500  -412.428898269  -412.360569880  -412.308172374  -412.308172374  -412.258885692
   403.000  -412.432617479  -412.361891236  -412.309255827  -412.309255827  -412.258910541
   403.500  -412.438661683  -412.365309925  -412.312252028  -412.312252028  -412.258977392
   404.000  -412.445904341  -412.369766147  -412.316119432  -412.316119432  -412.259083045
   404.500  -412.452643846  -412.373634279  -412.319259977  -412.319259977  -412.259210788
   405.000  -412.456936768  -412.375053006  -412.319852242  -412.319852242  -412.259308740
   405.500  -412.457461031  -412.372786258  -412.316715175  -412.316715175  -412.259281234
   406.000  -412.454919852  -412.367624444  -412.310705509  -412.310705509  -412.259062685
   406.500  -412.452750501  -412.363090402  -412.305414539  -412.305414539  -412.258789357
   407.000  -412.454910859  -412.363225834  -412.304935056  -412.304935056  -412.258761434
   407.500  -412.461718649  -412.368428088  -412.309683387  -412.309683387  -412.259020147
   408.000  -412.469319298  -412.374916738  -412.315859642  -412.315859642  -412.259269144
   408.500  -412.473734114  -412.378772688  -412.319497385  -412.319497385  -412.259319121
   409.000  -412.473772787  -412.378841984  -412.319381288  -412.319381288  -412.259227215
   409.500  -412.470518401  -412.376213236  -412.316537469  -412.316537469  -412.259108017
   410.000  -412.465712432  -412.372599167  -412.312623122  -412.312623122  -412.259016838
   410.500  -412.460827657  -412.369408842  -412.309008567  -412.309008567  -412.258959516
   411.000  -412.456876563  -412.367560237  -412.306593994  -412.306593994  -412.258928477
   411.500  -412.454466178  -412.367542353  -412.305873311  -412.305873311  -412.258921309
   412.000  -412.453810408  -412.369438535  -412.306954646  -412.306954646  -412.258941886
   412.500  -412.454662514  -412.372867641  -412.309501001  -412.309501001  -412.258996393
   413.000  -412.456246596  -412.376925261  -412.312665508  -412.312665508  -412.259083760
   413.500  -412.457316195  -412.380247182  -412.315153322  -412.315153322  -412.259184245
   414.000  -412.456509115  -412.381366012  -412.315579360  -412.315579360  -412.259248095
   414.500  -412.453157401  -412.379526077  -412.313274067  -412.313274067  -412.259196872
   415.000  -412.448400085  -412.375799508  -412.309392984  -412.309392984  -412.258993883
   415.500  -412.445504521  -412.373418204  -412.307225137  -412.307225137  -412.258776101
   416.000  -412.447672482  -412.375589668  -412.309985761  -412.309985761  -412.258807286
   416.500  -412.454391251  -412.381849284  -412.317159499  -412.317159499  -412.259103871
   417.000  -412.461279789  -412.387897779  -412.324348186  -412.324348186  -412.259366996
   417.500  -412.464204959  -412.389699462  -412.327397860  -412.327397860  -412.259400067
   418.000  -412.462265406  -412.386448829  -412.325394431  -412.325394431  -412.259259817
   418.500  -412.457244844  -412.380011994  -412.320122343  -412.320122343  -412.259083780
   419.000  -412.451664347  -412.372977266  -412.314114309  -412.314114309  -412.258957045
   419.500  -412.447429136  -412.367301741  -412.309296907  -412.309296907  -412.258896642
   420.000  -412.445468640  -412.363954359  -412.306627768  -412.306627768  -412.258884328
   420.500  -412.445940658  -412.363123094  -412.306299996  -412.306299996  -412.258902316
   421.000  -412.448492439  -412.364480144  -412.308001620  -412.308001620  -412.258945587
   421.500  -412.452351909  -412.367272722  -412.311008617  -412.311008617  -412.259017822
   422.000  -412.456318412  -412.370312364  -412.314172808  -412.314172808  -412.259116338
   422.500  -412.458863242  -412.372071894  -412.316018873  -412.316018873  -412.259216577
   423.000  -412.458570895  -412.371124531  -412.315180756  -412.315180756  -412.259259669
   423.500  -412.455051330  -412.367057090  -412.311312748  -412.311312748  -412.259167831
   424.000  -412.450000701  -412.361537678  -412.306148458  -412.306148458  -412.258931881
   424.500  -412.447078659  -412.358203960  -412.303373624  -412.303373624  -412.258731426
   425.000  -412.449195197  -412.359963361  -412.305900411  -412.305900411  -412.258804156
   425.500  -412.455295608  -412.365783718  -412.312642002  -412.312642002  -412.259091780
   426.000  -412.461159162  -412.371488438  -412.319320368  -412.319320368  -412.259316189
   426.500  -412.463256987  -412.373604945  -412.322344809  -412.322344809  -412.259346473
   427.000  -412.460851339  -412.371451847  -412.320929977  -412.320929977  -412.259236454
   427.500  -412.455416017  -412.366548739  -412.316526740  -412.316526740  -412.259080003
   428.000  -412.449261698  -412.361236214  -412.311443240  -412.311443240  -412.258944271
   428.500  -412.444450636  -412.357587557  -412.307753345  -412.307753345  -412.258868316
   429.000  -412.442162195  -412.356775189  -412.306649866  -412.306649866  -412.258862172
   429.500  -412.442510425  -412.358888591  -412.308252789  -412.308252789  -412.258911342
   430.000  -412.444743983  -412.363133903  -412.311801689  -412.311801689  -412.258992997
   430.500  -412.447600508  -412.368188086  -412.316006177  -412.316006177  -412.259089891
   431.000  -412.449610701  -412.372503526  -412.319351532  -412.319351532  -412.259187882
   431.500  -412.449368758  -412.374580130  -412.320378538  -412.320378538  -412.259262513
   432.000  -412.445965987  -412.373404975  -412.318126305  -412.318126305  -412.259264971
   432.500  -412.439728598  -412.369199398  -412.312881785  -412.312881785  -412.259139338
   433.000  -412.432928073  -412.364141047  -412.306892328  -412.306892328  -412.258908041
   433.500  -412.429192403  -412.361784474  -412.303770788  -412.303770788  -412.258760778
   434.000  -412.430685840  -412.364244061  -412.305662028  -412.305662028  -412.258876915
   434.500  -412.435706529  -412.369790189  -412.310832344  -412.310832344  -412.259135409
   435.000  -412.440349558  -412.374509331  -412.315338593  -412.315338593  -412.259289854
   435.500  -412.442002920  -412.375798379  -412.316538041  -412.316538041  -412.259277533
   436.000  -412.440513308  -412.373528765  -412.314264146  -412.314264146  -412.259176238
   436.500  -412.437235429  -412.369094854  -412.309875790  -412.309875790  -412.259056751
   437.000  -412.433953676  -412.364331466  -412.305175563  -412.305175563  -412.258948580
   437.500  -412.432339140  -412.360967162  -412.301861940  -412.301861940  -412.258867218
   438.000  -412.433642703  -412.360314705  -412.301219500  -412.301219500  -412.258832577
   438.500  -412.438364674  -412.362938997  -412.303789748  -412.303789748  -412.258861676
   439.000  -412.445999114  -412.368399483  -412.309118855  -412.309118855  -412.258951769
   439.500  -412.455095655  -412.375309969  -412.315820894  -412.315820894  -412.259075724
   440.000  -412.463699092  -412.381776781  -412.322017563  -412.322017563  -412.259193070
   440.500  -412.470003011  -412.386049465  -412.325991489  -412.325991489  -412.259261243
   441.000  -412.473050176  -412.387221832  -412.326882906  -412.326882906  -412.259235780
   441.500  -412.473401439  -412.385901995  -412.325353719  -412.325353719  -412.259091133
   442.000  -412.473376752  -412.384455294  -412.323816593  -412.323816593  -412.258901168
   442.500  -412.475772187  -412.385719915  -412.325135337  -412.325135337  -412.258860955
   443.000  -412.481094630  -412.390237869  -412.329844780  -412.329844780  -412.259045655
   443.500  -412.486615806  -412.395303943  -412.335196913  -412.335196913  -412.259261284
   444.000  -412.489032872  -412.397623511  -412.337831450  -412.337831450  -412.259321515
   444.500  -412.487195587  -412.396038593  -412.336519931  -412.336519931  -412.259236549
   445.000  -412.482178138  -412.391600675  -412.332252395  -412.332252395  -412.259107103
   445.500  -412.475885619  -412.386180852  -412.326852448  -412.326852448  -412.259005754
   446.000  -412.469918786  -412.381338650  -412.321847474  -412.321847474  -412.258952802
   446.500  -412.465190793  -412.377941442  -412.318085823  -412.318085823  -412.258936164
   447.000  -412.462051765  -412.376288121  -412.315858855  -412.315858855  -412.258938917
   447.500  -412.460513503  -412.376330158  -412.315123576  -412.315123576  -412.258957990
   448.000  -412.460298790  -412.377717539  -412.315553308  -412.315553308  -412.259002908
   448.500  -412.460739259  -412.379695098  -412.316436927  -412.316436927  -412.259075753
   449.000  -412.460779670  -412.381108919  -412.316688925  -412.316688925  -412.259156584
   449.500  -412.459305410  -412.380739585  -412.315180028  -412.315180028  -412.259203982
   450.000  -412.455788128  -412.377957945  -412.311381707  -412.311381707  -412.259163978
   450.500  -412.451058583  -412.373509525  -412.306134830  -412.306134830  -412.259010565
   451.000  -412.447534380  -412.369752570  -412.301867086  -412.301867086  -412.258837245
   451.500  -412.447734802  -412.369176293  -412.301095177  -412.301095177  -412.258829234
   452.000  -412.451762431  -412.371879144  -412.303894044  -412.303894044  -412.259002907
   452.500  -412.457113327  -412.375374464  -412.307712079  -412.307712079  -412.259164261
   453.000  -412.461303036  -412.377215138  -412.310017217  -412.310017217  -412.259188241
   453.500  -412.463740746  -412.376869187  -412.310194243  -412.310194243  -412.259111036
   454.000  -412.465382629  -412.375374171  -412.309211473  -412.309211473  -412.259012228
   454.500  -412.467599974  -412.374203798  -412.308491561  -412.308491561  -412.258938961
   455.000  -412.471421007  -412.374506550  -412.309149187  -412.309149187  -412.258906624
   455.500  -412.477242931  -412.376813597  -412.311697402  -412.311697402  -412.258916550
   456.000  -412.484791813  -412.380993232  -412.316000362  -412.316000362  -412.258962521
   456.500  -412.493219005  -412.386339133  -412.321362725  -412.321362725  -412.259032335
   457.000  -412.501305425  -412.391765341  -412.326724507  -412.326724507  -412.259111552
   457.500  -412.507712408  -412.396047149  -412.330901812  -412.330901812  -412.259186187
   458.000  -412.511233176  -412.398064692  -412.332832382  -412.332832382  -412.259236916
   458.500  -412.511135133  -412.397142681  -412.331911111  -412.331911111  -412.259227090
   459.000  -412.507709587  -412.393601211  -412.328532846  -412.328532846  -412.259118997
   459.500  -412.502713176  -412.389200737  -412.324522972  -412.324522972  -412.258952143
   460.000  -412.498624345  -412.386402779  -412.322376819  -412.322376819  -412.258885688
   460.500  -412.496384919  -412.386115280  -412.322991695  -412.322991695  -412.259011939
   461.000  -412.494230026  -412.386523873  -412.324493952  -412.324493952  -412.259187097
   461.500  -412.489631153  -412.385038403  -412.324203791  -412.324203791  -412.259241189
   462.000  -412.481723778  -412.380715120  -412.321080424  -412.321080424  -412.259168649
   462.500  -412.471551518  -412.374499706  -412.315985030  -412.315985030  -412.259053371
   463.000  -412.460926475  -412.368089690  -412.310549851  -412.310549851  -412.258958352
   463.500  -412.451452857  -412.362962881  -412.306208287  -412.306208287  -412.258903759
   464.000  -412.444149913  -412.360007828  -412.303823234  -412.303823234  -412.258886643
   464.500  -412.439434519  -412.359515230  -412.303678651  -412.303678651  -412.258901578
   465.000  -412.437188294  -412.361253182  -412.305551922  -412.305551922  -412.258945837
   465.500  -412.436812166  -412.364529751  -412.308772478  -412.308772478  -412.259012155
   466.000  -412.437346424  -412.368311530  -412.312346539  -412.312346539  -412.259084696
   466.500  -412.437741322  -412.371494660  -412.315223426  -412.315223426  -412.259142195
   467.000  -412.437186776  -412.373229079  -412.316622887  -412.316622887  -412.259172201
   467.500  -412.435338837  -412.373142503  -412.316255368  -412.316255368  -412.259160428
   468.000  -412.432576752  -412.371597930  -412.314569604  -412.314569604  -412.259073220
   468.500  -412.430405289  -412.370098901  -412.313139574  -412.313139574  -412.258926850
   469.000  -412.430991974  -412.370829196  -412.314186128  -412.314186128  -412.258874507
   469.500  -412.434987382  -412.374471968  -412.318382302  -412.318382302  -412.259021712
   470.000  -412.440182851  -412.378865978  -412.323512712  -412.323512712  -412.259221006
   470.500  -412.443520057  -412.381010914  -412.326498389  -412.326498389  -412.259286803
   471.000  -412.443740351  -412.379712178  -412.326065877  -412.326065877  -412.259212332
   471.500  -412.441687819  -412.375884535  -412.323060994  -412.323060994  -412.259088526
   472.000  -412.439072792  -412.371315000  -412.319216327  -412.319216327  -412.258986216
   472.500  -412.437371637  -412.367560683  -412.316050276  -412.316050276  -412.258931785
   473.000  -412.437364383  -412.365484134  -412.314399548  -412.314399548  -412.258924192
   473.500  -412.439115183  -412.365229929  -412.314393139  -412.314393139  -412.258950599
   474.000  -412.442149126  -412.366393495  -412.315626318  -412.315626318  -412.258996713
   474.500  -412.445686132  -412.368252445  -412.317389668  -412.317389668  -412.259049408
   475.000  -412.448854478  -412.369976576  -412.318881021  -412.318881021  -412.259101763
   475.500  -412.450813321  -412.370751943  -412.319326466  -412.319326466  -412.259155704
   476.000  -412.450758979  -412.369792816  -412.317984480  -412.317984480  -412.259209815
   476.500  -412.448015809  -412.366438432  -412.314232587  -412.314232587  -412.259223853
   477.000  -412.442668372  -412.360788887  -412.308195967  -412.308195967  -412.259119409
   477.500  -412.436556064  -412.354698880  -412.301739102  -412.301739102  -412.258913308
   478.000  -412.432764811  -412.351263575  -412.297953751  -412.297953751  -412.258818502
   478.500  -412.432623521  -412.351808173  -412.298151658  -412.298151658  -412.258969217
   479.000  -412.433953105  -412.354133382  -412.300113674  -412.300113674  -412.259179730
   479.500  -412.433560878  -412.355010416  -412.300590244  -412.300590244  -412.259239198
   480.000  -412.430290230  -412.353234619  -412.298360511  -412.298360511  -412.259149600
   480.500  -412.425249266  -412.349859284  -412.294468133  -412.294468133  -412.259013742
   481.000  -412.420406301  -412.346794365  -412.290819694  -412.290819694  -412.258906709
   481.500  -412.417411548  -412.345631334  -412.289008987  -412.289008987  -412.258856023
   482.000  -412.417104811  -412.347152641  -412.289823744  -412.289823744  -412.258860903
   482.500  -412.419472328  -412.351288850  -412.293205458  -412.293205458  -412.258909261
   483.000  -412.423823511  -412.357295692  -412.298426426  -412.298426426  -412.258982151
   483.500  -412.429089852  -412.364052700  -412.304390054  -412.304390054  -412.259056814
   484.000  -412.434180532  -412.370419035  -412.309987381  -412.309987381  -412.259116401
   484.500  -412.438244461  -412.375496976  -412.314358546  -412.314358546  -412.259162184
   485.000  -412.440683011  -412.378648241  -412.316904134  -412.316904134  -412.259200100
   485.500  -412.441134492  -412.379480902  -412.317268127  -412.317268127  -412.259192867
   486.000  -412.440027279  -412.378403148  -412.315890316  -412.315890316  -412.259075298
   486.500  -412.439321014  -412.377362271  -412.314744593  -412.314744593  -412.258908243
   487.000  -412.441432920  -412.378767814  -412.316261797  -412.316261797  -412.258898206
   487.500  -412.446447019  -412.382703901  -412.320530279  -412.320530279  -412.259082247
   488.000  -412.451654351  -412.386475155  -412.324833310  -412.324833310  -412.259254014
   488.500  -412.454353105  -412.387409245  -412.326453651  -412.326453651  -412.259276047
   489.000  -412.453940351  -412.384946667  -412.324771606  -412.324771606  -412.259183129
   489.500  -412.451610956  -412.380335015  -412.320968911  -412.320968911  -412.259059574
   490.000  -412.449152197  -412.375416666  -412.316826205  -412.316826205  -412.258960885
   490.500  -412.448047918  -412.371729503  -412.313830602  -412.313830602  -412.258910194
   491.000  -412.449069657  -412.370094641  -412.312766921  -412.312766921  -412.258911001
   491.500  -412.452193523  -412.370530957  -412.313635331  -412.313635331  -412.258954454
   492.000  -412.456737303  -412.372390500  -412.315787390  -412.315787390  -412.259020452
   492.500  -412.461676426  -412.374670578  -412.318240758  -412.318240758  -412.259083472
   493.000  -412.466034780  -412.376404149  -412.320069182  -412.320069182  -412.259129284
   493.500  -412.469107452  -412.376886537  -412.320623565  -412.320623565  -412.259167014
   494.000  -412.470371317  -412.375595266  -412.319441726  -412.319441726  -412.259198907
   494.500  -412.469523731  -412.372239493  -412.316286967  -412.316286967  -412.259169330
   495.000  -412.467251649  -412.367538579  -412.311914974  -412.311914974  -412.259022757
   495.500  -412.465811775  -412.363808400  -412.308648230  -412.308648230  -412.258863095
   496.000  -412.467443379  -412.363371911  -412.308780670  -412.308780670  -412.258882378
   496.500  -412.471811560  -412.365992289  -412.312013710  -412.312013710  -412.259054665
   497.000  -412.476364604  -412.369218352  -412.315812082  -412.315812082  -412.259180202
   497.500  -412.479051960  -412.371084611  -412.318130179  -412.318130179  -412.259178591
   498.000  -412.479622571  -412.371398819  -412.318717853  -412.318717853  -412.259108238
   498.500  -412.478957685  -412.371071906  -412.318449382  -412.318449382  -412.259034894
   499.000  -412.478108214  -412.371147500  -412.318354131  -412.318354131  -412.258986588
   499.500  -412.477817418  -412.372329675  -412.319135786  -412.319135786  -412.258969038
   500.000  -412.478400920  -412.374866581  -412.321050868  -412.321050868  -412.258979249
