 N     7.0   -1.85354736   -0.11262334    0.08150670   14.00307401
 N     7.0    1.77545073    2.16039042   -0.00638100   14.00307401
 C     6.0   -0.78197478    2.21339638   -0.10773273   12.00000000
 C     6.0    3.13254820    0.19507899    0.02345442   12.00000000
 C     6.0    2.12958585   -2.21352860   -0.00249206   12.00000000
 C     6.0   -0.67905312   -2.40707073    0.05206977   12.00000000
 O     8.0   -1.78923271   -4.40524792   -0.07276594   15.99491464
 O     8.0   -1.92357944    4.26964004    0.00302879   15.99491464
 H     1.0   -3.60170788   -0.18360604    0.17009535    1.00782504
 H     1.0    2.64266593    3.95203346    0.27307083    1.00782504
 H     1.0    5.48900915    0.43627521   -0.46103849    1.00782504
 H     1.0    3.34050673   -3.62824804    0.37588669    1.00782504
