    0.000096439   -0.000202731    0.000352575
   -0.000199116   -0.000029249   -0.000240741
   -0.000417448    0.000475595   -0.000052540
    0.000181140    0.000106769    0.000053105
    0.000510906   -0.000259315    0.000010322
   -0.000770254   -0.000101561    0.000116992
    0.000286402    0.000156177   -0.000220108
    0.000185707   -0.000196728   -0.000124355
   -0.000449932   -0.001521211    0.000234147
    0.001386589    0.002612656    0.002031547
    0.001167780    0.001218772   -0.000529869
   -0.001882295   -0.001359970    0.000495362
