     0.000  -412.527417931  -412.372138161  -412.294246417  -412.294246417  -412.239415830
     0.500  -412.524311813  -412.372861790  -412.296231337  -412.296231337  -412.239325446
     1.000  -412.519880653  -412.373066400  -412.298213768  -412.298213768  -412.239174533
     1.500  -412.516504909  -412.374983445  -412.302532466  -412.302532466  -412.239117352
     2.000  -412.515191596  -412.379471755  -412.309982505  -412.309982505  -412.239282330
     2.500  -412.513848106  -412.384300168  -412.318137404  -412.318137404  -412.239539227
     3.000  -412.508987622  -412.385841935  -412.323137751  -412.323137751  -412.239669859
     3.500  -412.498848778  -412.382203279  -412.322864885  -412.322864885  -412.239595980
     4.000  -412.484622119  -412.374442235  -412.318206979  -412.318206979  -412.239402538
     4.500  -412.469288879  -412.365421346  -412.311909340  -412.311909340  -412.239233061
     5.000  -412.455545753  -412.357744357  -412.306499517  -412.306499517  -412.239168168
     5.500  -412.444595566  -412.352558329  -412.303072332  -412.303072332  -412.239176889
     6.000  -412.436488864  -412.349886225  -412.301615656  -412.301615656  -412.239193489
     6.500  -412.431016903  -412.349491784  -412.301881669  -412.301881669  -412.239201450
     7.000  -412.428003725  -412.351146423  -412.303662651  -412.303662651  -412.239226572
     7.500  -412.426993388  -412.354312591  -412.306482421  -412.306482421  -412.239290205
     8.000  -412.426961285  -412.357867541  -412.309326407  -412.309326407  -412.239383010
     8.500  -412.426482875  -412.360293946  -412.310826590  -412.310826590  -412.239458429
     9.000  -412.424472527  -412.360441516  -412.310002567  -412.310002567  -412.239441965
     9.500  -412.421278060  -412.358633037  -412.307340299  -412.307340299  -412.239289411
    10.000  -412.419205221  -412.357190121  -412.305286089  -412.305286089  -412.239088855
    10.500  -412.421118928  -412.359028520  -412.306816651  -412.306816651  -412.239038548
    11.000  -412.427655467  -412.364861058  -412.312637111  -412.312637111  -412.239206330
    11.500  -412.436291042  -412.372258851  -412.320257402  -412.320257402  -412.239434685
    12.000  -412.443478841  -412.377784624  -412.326156605  -412.326156605  -412.239564671
    12.500  -412.446979547  -412.379320496  -412.328138530  -412.328138530  -412.239578184
    13.000  -412.446305841  -412.376507411  -412.325785440  -412.325785440  -412.239530737
    13.500  -412.442012426  -412.370027907  -412.319741400  -412.319741400  -412.239463846
    14.000  -412.435083636  -412.360980650  -412.311083236  -412.311083236  -412.239381752
    14.500  -412.426835748  -412.350775340  -412.301202808  -412.301202808  -412.239270760
    15.000  -412.419049840  -412.341262409  -412.291928251  -412.291928251  -412.239140763
    15.500  -412.413739754  -412.334502903  -412.285293741  -412.285293741  -412.239051104
    16.000  -412.412231416  -412.331864002  -412.282639340  -412.282639340  -412.239072938
    16.500  -412.414145853  -412.333011753  -412.283611568  -412.283611568  -412.239210743
    17.000  -412.417352320  -412.335862820  -412.286126511  -412.286126511  -412.239385832
    17.500  -412.419149505  -412.337755820  -412.287547072  -412.287547072  -412.239490486
    18.000  -412.417924541  -412.337093671  -412.286324470  -412.286324470  -412.239446978
    18.500  -412.414313060  -412.334496693  -412.283141514  -412.283141514  -412.239270595
    19.000  -412.410890374  -412.332493505  -412.280592192  -412.280592192  -412.239104215
    19.500  -412.410086279  -412.333446921  -412.281086265  -412.281086265  -412.239095607
    20.000  -412.412102097  -412.337482734  -412.284763252  -412.284763252  -412.239222919
    20.500  -412.415135084  -412.342719773  -412.289727758  -412.289727758  -412.239347712
    21.000  -412.417302301  -412.347196792  -412.293987606  -412.293987606  -412.239385677
    21.500  -412.417944159  -412.350171884  -412.296773221  -412.296773221  -412.239348731
    22.000  -412.417561926  -412.352060572  -412.298485819  -412.298485819  -412.239285121
    22.500  -412.417127436  -412.353747909  -412.300012804  -412.300012804  -412.239233335
    23.000  -412.417467170  -412.355976949  -412.302114969  -412.302114969  -412.239213129
    23.500  -412.418940358  -412.359031380  -412.305097902  -412.305097902  -412.239227418
    24.000  -412.421370424  -412.362668933  -412.308739466  -412.308739466  -412.239268168
    24.500  -412.424150355  -412.366226472  -412.312394413  -412.312394413  -412.239322579
    25.000  -412.426454338  -412.368831963  -412.315200495  -412.315200495  -412.239374868
    25.500  -412.427466999  -412.369631073  -412.316315300  -412.316315300  -412.239415932
    26.000  -412.426553169  -412.367960316  -412.315090204  -412.315090204  -412.239438051
    26.500  -412.423418218  -412.363510857  -412.311239648  -412.311239648  -412.239419340
    27.000  -412.418462080  -412.356686744  -412.305196143  -412.305196143  -412.239325256
    27.500  -412.413202933  -412.349028645  -412.298528235  -412.298528235  -412.239173416
    28.000  -412.409899344  -412.342833950  -412.293544292  -412.293544292  -412.239077327
    28.500  -412.409932822  -412.339539084  -412.291651130  -412.291651130  -412.239129919
    29.000  -412.412558209  -412.338468710  -412.292089967  -412.292089967  -412.239270364
    29.500  -412.415731260  -412.337662506  -412.292770242  -412.292770242  -412.239366404
    30.000  -412.417969985  -412.335731928  -412.292154032  -412.292154032  -412.239360918
    30.500  -412.419258746  -412.332760929  -412.290184482  -412.290184482  -412.239282448
    31.000  -412.420697009  -412.329947939  -412.287951829  -412.287951829  -412.239185419
    31.500  -412.423707655  -412.328815070  -412.286905270  -412.286905270  -412.239109126
    32.000  -412.429413813  -412.330578849  -412.288226638  -412.288226638  -412.239073097
    32.500  -412.438310620  -412.335822602  -412.292495365  -412.292495365  -412.239082865
    33.000  -412.450152722  -412.344379751  -412.299569797  -412.299569797  -412.239137521
    33.500  -412.463966995  -412.355342239  -412.308592416  -412.308592416  -412.239230908
    34.000  -412.478157571  -412.367165852  -412.318094605  -412.318094605  -412.239349418
    34.500  -412.490742822  -412.377903754  -412.326234662  -412.326234662  -412.239466438
    35.000  -412.499796675  -412.385643475  -412.331242288  -412.331242288  -412.239538895
    35.500  -412.504142331  -412.389200407  -412.332108794  -412.332108794  -412.239513822
    36.000  -412.504144146  -412.388916894  -412.329366432  -412.329366432  -412.239367716
    36.500  -412.501965047  -412.386936133  -412.325327392  -412.325327392  -412.239174924
    37.000  -412.500381376  -412.386025975  -412.322875934  -412.322875934  -412.239098308
    37.500  -412.500461711  -412.387262041  -412.323134306  -412.323134306  -412.239214338
    38.000  -412.500533962  -412.388985397  -412.324423538  -412.324423538  -412.239401705
    38.500  -412.497855128  -412.388459205  -412.323937535  -412.323937535  -412.239499420
    39.000  -412.490930945  -412.384173004  -412.320070284  -412.320070284  -412.239468154
    39.500  -412.480226363  -412.376543639  -412.313133503  -412.313133503  -412.239362432
    40.000  -412.467452679  -412.367198374  -412.304653390  -412.304653390  -412.239246245
    40.500  -412.454597265  -412.358009076  -412.296412414  -412.296412414  -412.239156672
    41.000  -412.443297126  -412.350474874  -412.289836726  -412.289836726  -412.239107081
    41.500  -412.434570190  -412.345464834  -412.285741386  -412.285741386  -412.239099421
    42.000  -412.428744646  -412.343159134  -412.284271855  -412.284271855  -412.239131966
    42.500  -412.425471215  -412.343071191  -412.284925690  -412.284925690  -412.239200673
    43.000  -412.423795422  -412.344126839  -412.286631824  -412.286631824  -412.239295335
    43.500  -412.422354100  -412.344865649  -412.287949508  -412.287949508  -412.239390259
    44.000  -412.419816045  -412.343884382  -412.287509244  -412.287509244  -412.239437210
    44.500  -412.415637169  -412.340593872  -412.284766877  -412.284766877  -412.239379527
    45.000  -412.410877691  -412.336038668  -412.280810956  -412.280810956  -412.239207877
    45.500  -412.408204719  -412.332901735  -412.278354637  -412.278354637  -412.239033453
    46.000  -412.410179887  -412.333790952  -412.280005588  -412.280005588  -412.239028450
    46.500  -412.416829641  -412.338807174  -412.285825177  -412.285825177  -412.239215338
    47.000  -412.425350034  -412.345238456  -412.293028207  -412.293028207  -412.239425323
    47.500  -412.432457197  -412.349902425  -412.298344176  -412.298344176  -412.239511652
    48.000  -412.436577880  -412.351327578  -412.300221828  -412.300221828  -412.239467682
    48.500  -412.438106510  -412.350006130  -412.299098679  -412.299098679  -412.239361122
    49.000  -412.438474112  -412.347464346  -412.296477732  -412.296477732  -412.239253467
    49.500  -412.439198847  -412.345317181  -412.293980600  -412.293980600  -412.239176408
    50.000  -412.441347833  -412.344733492  -412.292807248  -412.292807248  -412.239140099
    50.500  -412.445339302  -412.346239644  -412.293532143  -412.293532143  -412.239145349
    51.000  -412.450919026  -412.349691549  -412.296068342  -412.296068342  -412.239189475
    51.500  -412.457205208  -412.354313629  -412.299702041  -412.299702041  -412.239268302
    52.000  -412.462798668  -412.358798760  -412.303185915  -412.303185915  -412.239369285
    52.500  -412.466035838  -412.361550991  -412.304978518  -412.304978518  -412.239461521
    53.000  -412.465520988  -412.361208338  -412.303765970  -412.303765970  -412.239490039
    53.500  -412.460980564  -412.357490840  -412.299309227  -412.299309227  -412.239397359
    54.000  -412.454046765  -412.351984946  -412.293226039  -412.293226039  -412.239193890
    54.500  -412.447946945  -412.347842342  -412.288683227  -412.288683227  -412.239015192
    55.000  -412.445450494  -412.347742860  -412.288350631  -412.288350631  -412.239018169
    55.500  -412.446650015  -412.351690644  -412.292191833  -412.292191833  -412.239187208
    56.000  -412.449154293  -412.357213334  -412.297668910  -412.297668910  -412.239362684
    56.500  -412.450336647  -412.361606259  -412.302002853  -412.302002853  -412.239434396
    57.000  -412.449031703  -412.363620168  -412.303880935  -412.303880935  -412.239404591
    57.500  -412.445634841  -412.363555082  -412.303563707  -412.303563707  -412.239325127
    58.000  -412.441373733  -412.362533084  -412.302161807  -412.302161807  -412.239241625
    58.500  -412.437590435  -412.361787444  -412.300922315  -412.300922315  -412.239179005
    59.000  -412.435315701  -412.362246446  -412.300805397  -412.300805397  -412.239147038
    59.500  -412.435087818  -412.364362095  -412.302302608  -412.302302608  -412.239147662
    60.000  -412.436898963  -412.368060293  -412.305383875  -412.305383875  -412.239181498
    60.500  -412.440195784  -412.372745608  -412.309495425  -412.309495425  -412.239246200
    61.000  -412.443938344  -412.377358896  -412.313618285  -412.313618285  -412.239331778
    61.500  -412.446796372  -412.380572831  -412.316463561  -412.316463561  -412.239410617
    62.000  -412.447603540  -412.381241755  -412.316927781  -412.316927781  -412.239434869
    62.500  -412.446079315  -412.379121576  -412.314814083  -412.314814083  -412.239361428
    63.000  -412.443396229  -412.375435513  -412.311392445  -412.311392445  -412.239217400
    63.500  -412.441666877  -412.372358093  -412.308874713  -412.308874713  -412.239128521
    64.000  -412.442135497  -412.371202907  -412.308588611  -412.308588611  -412.239185858
    64.500  -412.443950098  -412.371189540  -412.309736294  -412.309736294  -412.239311615
    65.000  -412.445212685  -412.370490392  -412.310444987  -412.310444987  -412.239376683
    65.500  -412.444785104  -412.368035859  -412.309588524  -412.309588524  -412.239360058
    66.000  -412.442715200  -412.363943356  -412.307225588  -412.307225588  -412.239312944
    66.500  -412.439577745  -412.358858423  -412.303948994  -412.303948994  -412.239270934
    67.000  -412.435956592  -412.353432698  -412.300357139  -412.300357139  -412.239235864
    67.500  -412.432369914  -412.348242706  -412.296969751  -412.296969751  -412.239204113
    68.000  -412.429304176  -412.343816346  -412.294252939  -412.294252939  -412.239180744
    68.500  -412.427131653  -412.340547071  -412.292539197  -412.292539197  -412.239176910
    69.000  -412.425955387  -412.338538543  -412.291874036  -412.291874036  -412.239197897
    69.500  -412.425491127  -412.337490982  -412.291919481  -412.291919481  -412.239243682
    70.000  -412.425086842  -412.336729672  -412.291983450  -412.291983450  -412.239301450
    70.500  -412.423952247  -412.335442348  -412.291256911  -412.291256911  -412.239338812
    71.000  -412.421653659  -412.333182699  -412.289318601  -412.289318601  -412.239310308
    71.500  -412.418772687  -412.330533547  -412.286790395  -412.286790395  -412.239193074
    72.000  -412.417149972  -412.329349499  -412.285567871  -412.285567871  -412.239052955
    72.500  -412.418837687  -412.331701545  -412.287750524  -412.287750524  -412.239032568
    73.000  -412.424095748  -412.337862475  -412.293618006  -412.293618006  -412.239181825
    73.500  -412.430747694  -412.345652726  -412.300976960  -412.300976960  -412.239369969
    74.000  -412.435997467  -412.352251017  -412.306984305  -412.306984305  -412.239452027
    74.500  -412.438528813  -412.356290643  -412.310261554  -412.310261554  -412.239409952
    75.000  -412.438882405  -412.358236649  -412.311284289  -412.311284289  -412.239313302
    75.500  -412.438481222  -412.359415366  -412.311421090  -412.311421090  -412.239235364
    76.000  -412.438514958  -412.360905474  -412.311829735  -412.311829735  -412.239209058
    76.500  -412.439394682  -412.363001525  -412.312920682  -412.312920682  -412.239224765
    77.000  -412.440840221  -412.365302313  -412.314447439  -412.314447439  -412.239256925
    77.500  -412.442243666  -412.367074504  -412.315863644  -412.315863644  -412.239289849
    78.000  -412.442939773  -412.367526185  -412.316572007  -412.316572007  -412.239323744
    78.500  -412.442288858  -412.365903779  -412.315964451  -412.315964451  -412.239364961
    79.000  -412.439722032  -412.361568885  -412.313407669  -412.313407669  -412.239404390
    79.500  -412.434951513  -412.354219599  -412.308440201  -412.308440201  -412.239404637
    80.000  -412.428422642  -412.344302014  -412.301302737  -412.301302737  -412.239323431
    80.500  -412.421765413  -412.333426821  -412.293476535  -412.293476535  -412.239166081
    81.000  -412.417564420  -412.324146645  -412.287474170  -412.287474170  -412.239030436
    81.500  -412.417905314  -412.318545440  -412.285358293  -412.285358293  -412.239036921
    82.000  -412.422692231  -412.316583570  -412.287043278  -412.287043278  -412.239179634
    82.500  -412.429754201  -412.316216485  -412.290400760  -412.290400760  -412.239328983
    83.000  -412.436683039  -412.315225310  -412.293100695  -412.293100695  -412.239392771
    83.500  -412.442273133  -412.312636958  -412.294034020  -412.294034020  -412.239375756
    84.000  -412.446612960  -412.308795284  -412.293370849  -412.293370849  -412.239318880
    84.500  -412.450545512  -412.304807361  -412.291999560  -412.291999560  -412.239248948
    85.000  -412.455188183  -412.302026271  -412.291078688  -412.291078688  -412.239179400
    85.500  -412.461553286  -412.301597194  -412.291746468  -412.291746468  -412.239132813
    86.000  -412.470126254  -412.304013570  -412.294713889  -412.294713889  -412.239146296
    86.500  -412.480526230  -412.308924111  -412.299726234  -412.299726234  -412.239234823
    87.000  -412.491535438  -412.315330091  -412.305392048  -412.305392048  -412.239356965
    87.500  -412.501551157  -412.321900890  -412.309807111  -412.309807111  -412.239442149
    88.000  -412.509190068  -412.327302249  -412.311540766  -412.311540766  -412.239468279
    88.500  -412.513752704  -412.330714160  -412.310092876  -412.310092876  -412.239433165
    89.000  -412.515508662  -412.332278696  -412.305994904  -412.305994904  -412.239331792
    89.500  -412.515767873  -412.333217331  -412.300812549  -412.300812549  -412.239194025
    90.000  -412.516357629  -412.335311650  -412.296605951  -412.296605951  -412.239107127
    90.500  -412.518358889  -412.339649629  -412.294644270  -412.294644270  -412.239143650
    91.000  -412.521129486  -412.345703213  -412.294411322  -412.294411322  -412.239264511
    91.500  -412.522806623  -412.352057513  -412.294153920  -412.294153920  -412.239356076
    92.000  -412.521654507  -412.357758528  -412.292856839  -412.292856839  -412.239072865
    92.500  -412.518020097  -412.360655908  -412.292069514  -412.292069514  -412.239210364
    93.000  -412.512630664  -412.361480996  -412.291466915  -412.291466915  -412.239222452
    93.500  -412.505955292  -412.361614121  -412.290971642  -412.290971642  -412.239201367
    94.000  -412.498698934  -412.361885374  -412.291013678  -412.291013678  -412.239172299
    94.500  -412.491680210  -412.362977423  -412.292128876  -412.292128876  -412.239141701
    95.000  -412.485743783  -412.365509843  -412.294835593  -412.294835593  -412.239127991
    95.500  -412.481444080  -412.369786519  -412.299341294  -412.299341294  -412.239162689
    96.000  -412.478562648  -412.375346604  -412.305095107  -412.305095107  -412.239258856
    96.500  -412.475913099  -412.380787669  -412.310629705  -412.310629705  -412.239384609
    97.000  -412.471844076  -412.384278399  -412.314080226  -412.314080226  -412.239469151
    97.500  -412.465287440  -412.384607628  -412.314241615  -412.314241615  -412.239448910
    98.000  -412.456676394  -412.382100652  -412.311482727  -412.311482727  -412.239324001
    98.500  -412.447890778  -412.378562421  -412.307678894  -412.307678894  -412.239188244
    99.000  -412.440883723  -412.375902559  -412.304818653  -412.304818653  -412.239156639
    99.500  -412.436089972  -412.374541070  -412.303387540  -412.303387540  -412.239230709
   100.000  -412.432398466  -412.373377691  -412.302323061  -412.302323061  -412.239307465
   100.500  -412.428583334  -412.371215581  -412.300435682  -412.300435682  -412.239315035
   101.000  -412.424394995  -412.367844721  -412.297495764  -412.297495764  -412.239263744
   101.500  -412.420497642  -412.363971930  -412.294172155  -412.294172155  -412.239198840
   102.000  -412.417836013  -412.360583414  -412.291400779  -412.291400779  -412.239154585
   102.500  -412.417103474  -412.358410048  -412.289856864  -412.289856864  -412.239143272
   103.000  -412.418524960  -412.357712982  -412.289744417  -412.289744417  -412.239159785
   103.500  -412.421908776  -412.358336078  -412.290854370  -412.290854370  -412.239189399
   104.000  -412.426847646  -412.359911114  -412.292773992  -412.292773992  -412.239217949
   104.500  -412.432918397  -412.362061664  -412.295093155  -412.295093155  -412.239242965
   105.000  -412.439707435  -412.364434383  -412.297438934  -412.297438934  -412.239276620
   105.500  -412.446632864  -412.366527973  -412.299311397  -412.299311397  -412.239326556
   106.000  -412.452864898  -412.367617692  -412.300014162  -412.300014162  -412.239365350
   106.500  -412.457738695  -412.367169374  -412.299070448  -412.299070448  -412.239340636
   107.000  -412.461463889  -412.365541910  -412.296922845  -412.296922845  -412.239245457
   107.500  -412.465165656  -412.364020298  -412.294953693  -412.294953693  -412.239162440
   108.000  -412.469744865  -412.363671831  -412.294320036  -412.294320036  -412.239175934
   108.500  -412.474764385  -412.364228585  -412.294821317  -412.294821317  -412.239256284
   109.000  -412.478864105  -412.364497396  -412.295300290  -412.295300290  -412.239307420
   109.500  -412.481094167  -412.363686975  -412.294968154  -412.294968154  -412.239289272
   110.000  -412.481562433  -412.362054050  -412.294037188  -412.294037188  -412.239229201
   110.500  -412.481096612  -412.360552080  -412.293373713  -412.293373713  -412.239169442
   111.000  -412.480614639  -412.360180328  -412.293873849  -412.293873849  -412.239136043
   111.500  -412.480700281  -412.361543024  -412.296053776  -412.296053776  -412.239136197
   112.000  -412.481446481  -412.364684496  -412.299905770  -412.299905770  -412.239168621
   112.500  -412.482467358  -412.369110866  -412.304908038  -412.304908038  -412.239226950
   113.000  -412.483009585  -412.373912053  -412.310132614  -412.310132614  -412.239299475
   113.500  -412.482142981  -412.377961238  -412.314441787  -412.314441787  -412.239368961
   114.000  -412.479021375  -412.380183394  -412.316764940  -412.316764940  -412.239416541
   114.500  -412.473177613  -412.379866327  -412.316411942  -412.316411942  -412.239422671
   115.000  -412.464814330  -412.376969396  -412.313386342  -412.313386342  -412.239368099
   115.500  -412.455062541  -412.372401571  -412.308661654  -412.308661654  -412.239246853
   116.000  -412.445967653  -412.368023092  -412.304175189  -412.304175189  -412.239111861
   116.500  -412.439605578  -412.365767653  -412.301937950  -412.301937950  -412.239078593
   117.000  -412.436458166  -412.366017434  -412.302393704  -412.302393704  -412.239190504
   117.500  -412.434879986  -412.367066543  -412.303868410  -412.303868410  -412.239336918
   118.000  -412.432648514  -412.366664198  -412.304111711  -412.304111711  -412.239395726
   118.500  -412.428743367  -412.363787526  -412.302075565  -412.302075565  -412.239353892
   119.000  -412.423655298  -412.358945473  -412.298227446  -412.298227446  -412.239266103
   119.500  -412.418662282  -412.353450144  -412.293825017  -412.293825017  -412.239180569
   120.000  -412.415078199  -412.348661842  -412.290171423  -412.290171423  -412.239120529
   120.500  -412.413860150  -412.345595129  -412.288221844  -412.288221844  -412.239090624
   121.000  -412.415482490  -412.344789998  -412.288463476  -412.288463476  -412.239091551
   121.500  -412.419907975  -412.346283282  -412.290887294  -412.290887294  -412.239124449
   122.000  -412.426559132  -412.349578379  -412.294963717  -412.294963717  -412.239191922
   122.500  -412.434301165  -412.353626098  -412.299625092  -412.299625092  -412.239290421
   123.000  -412.441541442  -412.356922300  -412.303363807  -412.303363807  -412.239398152
   123.500  -412.446616687  -412.357891111  -412.304616818  -412.304616818  -412.239465307
   124.000  -412.448585202  -412.355675206  -412.302553996  -412.302553996  -412.239424318
   124.500  -412.448184767  -412.351094823  -412.298036897  -412.298036897  -412.239253415
   125.000  -412.448001574  -412.346824809  -412.293788572  -412.293788572  -412.239059946
   125.500  -412.450784112  -412.345719923  -412.292711505  -412.292711505  -412.239024746
   126.000  -412.456897319  -412.348278030  -412.295340242  -412.295340242  -412.239176677
   126.500  -412.463932065  -412.352249135  -412.299444380  -412.299444380  -412.239353106
   127.000  -412.468976186  -412.354894968  -412.302287031  -412.302287031  -412.239418821
   127.500  -412.470668850  -412.355026557  -412.302661327  -412.302661327  -412.239372842
   128.000  -412.469394191  -412.353180030  -412.301067640  -412.301067640  -412.239278081
   128.500  -412.466431200  -412.350750687  -412.298850770  -412.298850770  -412.239187532
   129.000  -412.463140610  -412.349166011  -412.297380693  -412.297380693  -412.239126636
   129.500  -412.460530769  -412.349440133  -412.297617555  -412.297617555  -412.239101977
   130.000  -412.459113695  -412.352022268  -412.299970638  -412.299970638  -412.239112473
   130.500  -412.458894689  -412.356784405  -412.304292611  -412.304292611  -412.239156288
   131.000  -412.459391957  -412.363048609  -412.309905809  -412.309905809  -412.239232312
   131.500  -412.459658367  -412.369620275  -412.315634595  -412.315634595  -412.239336570
   132.000  -412.458367830  -412.374892979  -412.319908947  -412.319908947  -412.239449274
   132.500  -412.454151457  -412.377204868  -412.321125609  -412.321125609  -412.239518628
   133.000  -412.446385337  -412.375646124  -412.318464150  -412.318464150  -412.239471774
   133.500  -412.436181591  -412.371070372  -412.312899138  -412.312899138  -412.239296886
   134.000  -412.426369797  -412.366089957  -412.307185324  -412.307185324  -412.239133007
   134.500  -412.419444442  -412.363035045  -412.303784132  -412.303784132  -412.239142991
   135.000  -412.415366203  -412.361750126  -412.302628612  -412.302628612  -412.239279218
   135.500  -412.412208090  -412.360241912  -412.301746145  -412.301746145  -412.239372078
   136.000  -412.408519549  -412.357032260  -412.299617643  -412.299617643  -412.239361500
   136.500  -412.404331498  -412.352159883  -412.296193156  -412.296193156  -412.239294887
   137.000  -412.400586213  -412.346609449  -412.292337985  -412.292337985  -412.239224481
   137.500  -412.398353021  -412.341530080  -412.289066830  -412.289066830  -412.239170807
   138.000  -412.398441281  -412.337846861  -412.287177489  -412.287177489  -412.239137708
   138.500  -412.401298073  -412.336160139  -412.287159900  -412.287159900  -412.239124673
   139.000  -412.406996235  -412.336725402  -412.289186827  -412.289186827  -412.239132438
   139.500  -412.415233432  -412.339442432  -412.293104150  -412.293104150  -412.239161824
   140.000  -412.425337697  -412.343849859  -412.298423991  -412.298423991  -412.239212661
   140.500  -412.436295680  -412.349141436  -412.304338635  -412.304338635  -412.239281806
   141.000  -412.446832967  -412.354235507  -412.309789348  -412.309789348  -412.239357604
   141.500  -412.455639375  -412.357993399  -412.313681534  -412.313681534  -412.239407349
   142.000  -412.461893664  -412.359738505  -412.315400614  -412.315400614  -412.239379599
   142.500  -412.465988408  -412.359977933  -412.315523273  -412.315523273  -412.239262837
   143.000  -412.469573311  -412.360447660  -412.315842535  -412.315842535  -412.239162422
   143.500  -412.473989353  -412.362550953  -412.317787704  -412.317787704  -412.239212260
   144.000  -412.478461677  -412.365552433  -412.320608328  -412.320608328  -412.239369525
   144.500  -412.480675394  -412.367155677  -412.321960126  -412.321960126  -412.239469856
   145.000  -412.479035077  -412.365760103  -412.320188999  -412.320188999  -412.239444853
   145.500  -412.473767816  -412.361566345  -412.315450199  -412.315450199  -412.239343496
   146.000  -412.466329154  -412.355985224  -412.309125939  -412.309125939  -412.239235313
   146.500  -412.458381886  -412.350620354  -412.302808389  -412.302808389  -412.239158068
   147.000  -412.451183327  -412.346657506  -412.297684390  -412.297684390  -412.239119323
   147.500  -412.445421397  -412.344699886  -412.294367709  -412.294367709  -412.239113449
   148.000  -412.441270633  -412.344821626  -412.292952708  -412.292952708  -412.239133524
   148.500  -412.438502556  -412.346676551  -412.293121703  -412.293121703  -412.239172886
   149.000  -412.436601752  -412.349615466  -412.294262465  -412.294262465  -412.239223888
   149.500  -412.434897620  -412.352822905  -412.295604631  -412.295604631  -412.239277577
   150.000  -412.432715782  -412.355477995  -412.296378012  -412.296378012  -412.239322607
   150.500  -412.429570369  -412.356958380  -412.296012037  -412.296012037  -412.239337024
   151.000  -412.425502223  -412.357187772  -412.294479250  -412.294479250  -412.239285700
   151.500  -412.421531030  -412.357092298  -412.292748410  -412.292748410  -412.239168998
   152.000  -412.419496440  -412.358439669  -412.292622310  -412.292622310  -412.239091788
   152.500  -412.420513986  -412.362286421  -412.295184605  -412.295184605  -412.239168843
   153.000  -412.423451315  -412.367447812  -412.299270687  -412.299270687  -412.239337529
   153.500  -412.425805531  -412.371370845  -412.302344623  -412.302344623  -412.239435112
   154.000  -412.425990441  -412.372422845  -412.302790294  -412.302790294  -412.239403265
   154.500  -412.424303891  -412.370862075  -412.300880908  -412.300880908  -412.239296892
   155.000  -412.422250126  -412.368163505  -412.298097208  -412.298097208  -412.239187763
   155.500  -412.421483647  -412.365965450  -412.296066653  -412.296066653  -412.239116910
   156.000  -412.423142139  -412.365405396  -412.295894410  -412.295894410  -412.239095765
   156.500  -412.427618335  -412.366894321  -412.297938915  -412.297938915  -412.239119713
   157.000  -412.434590729  -412.370149089  -412.301851670  -412.301851670  -412.239177934
   157.500  -412.443169252  -412.374338867  -412.306735148  -412.306735148  -412.239257251
   158.000  -412.452100472  -412.378290694  -412.311358509  -412.311358509  -412.239340870
   158.500  -412.460032564  -412.380751506  -412.314432533  -412.314432533  -412.239408837
   159.000  -412.465846408  -412.380717484  -412.314944923  -412.314944923  -412.239437375
   159.500  -412.469044216  -412.377820811  -412.312549184  -412.312549184  -412.239399089
   160.000  -412.470149879  -412.372727244  -412.307962892  -412.307962892  -412.239280340
   160.500  -412.470828688  -412.367250962  -412.303075577  -412.303075577  -412.239131593
   161.000  -412.473043102  -412.363501428  -412.300087721  -412.300087721  -412.239078410
   161.500  -412.477307761  -412.362128459  -412.299739145  -412.299739145  -412.239176119
   162.000  -412.481997187  -412.361616019  -412.300593822  -412.300593822  -412.239314304
   162.500  -412.484888989  -412.359820297  -412.300561122  -412.300561122  -412.239364743
   163.000  -412.485017867  -412.355821458  -412.298730127  -412.298730127  -412.239315758
   163.500  -412.483000760  -412.350262309  -412.295669523  -412.295669523  -412.239225461
   164.000  -412.480277529  -412.344596334  -412.292661819  -412.292661819  -412.239145912
   164.500  -412.478285333  -412.340256676  -412.290917833  -412.290917833  -412.239101277
   165.000  -412.477940571  -412.338116460  -412.291132973  -412.291132973  -412.239103233
   165.500  -412.479419147  -412.338290517  -412.293303325  -412.293303325  -412.239145662
   166.000  -412.482217664  -412.340204366  -412.296794744  -412.296794744  -412.239211462
   166.500  -412.485430154  -412.342882532  -412.300608395  -412.300608395  -412.239278153
   167.000  -412.488105591  -412.345303360  -412.303729619  -412.303729619  -412.239328299
   167.500  -412.489525395  -412.346674640  -412.305402056  -412.305402056  -412.239355757
   168.000  -412.489304893  -412.346528139  -412.305231241  -412.305231241  -412.239366287
   168.500  -412.487360436  -412.344700823  -412.303151067  -412.303151067  -412.239353238
   169.000  -412.484008833  -412.341432498  -412.299528968  -412.299528968  -412.239288740
   169.500  -412.480329033  -412.337739771  -412.295521987  -412.295521987  -412.239168074
   170.000  -412.478121420  -412.335391363  -412.293012250  -412.293012250  -412.239077730
   170.500  -412.478610925  -412.335608933  -412.293286197  -412.293286197  -412.239128210
   171.000  -412.481010688  -412.337634418  -412.295570705  -412.295570705  -412.239278578
   171.500  -412.483108683  -412.339311555  -412.297625345  -412.297625345  -412.239386113
   172.000  -412.483228522  -412.339028388  -412.297732932  -412.297732932  -412.239389311
   172.500  -412.481193149  -412.336668733  -412.295685666  -412.295685666  -412.239325460
   173.000  -412.477873695  -412.333150957  -412.292342658  -412.292342658  -412.239248835
   173.500  -412.474404928  -412.329637894  -412.288839883  -412.288839883  -412.239187263
   174.000  -412.471749109  -412.327103802  -412.286142811  -412.286142811  -412.239145003
   174.500  -412.470586048  -412.326226033  -412.284932504  -412.284932504  -412.239122159
   175.000  -412.471281862  -412.327357970  -412.285575818  -412.285575818  -412.239123578
   175.500  -412.473813140  -412.330460395  -412.288054812  -412.288054812  -412.239153389
   176.000  -412.477709015  -412.335047551  -412.291913398  -412.291913398  -412.239208326
   176.500  -412.482088666  -412.340221984  -412.296299604  -412.296299604  -412.239284665
   177.000  -412.485748484  -412.344761087  -412.300049251  -412.300049251  -412.239376509
   177.500  -412.487317606  -412.347267989  -412.301840120  -412.301840120  -412.239450806
   178.000  -412.485811325  -412.346718875  -412.300746683  -412.300746683  -412.239432157
   178.500  -412.481695844  -412.343529424  -412.297300430  -412.297300430  -412.239278948
   179.000  -412.477305727  -412.339975954  -412.293891995  -412.293891995  -412.239112854
   179.500  -412.475058901  -412.338438885  -412.292948620  -412.292948620  -412.239117714
   180.000  -412.474938783  -412.338883911  -412.294399287  -412.294399287  -412.239270882
   180.500  -412.474785207  -412.339156378  -412.295975947  -412.295975947  -412.239384281
   181.000  -412.472860988  -412.337533819  -412.295818856  -412.295818856  -412.239371759
   181.500  -412.469200313  -412.334061464  -412.293858452  -412.293858452  -412.239284573
   182.000  -412.465010315  -412.329951748  -412.291228043  -412.291228043  -412.239196852
   182.500  -412.461589049  -412.326501670  -412.289179870  -412.289179870  -412.239147524
   183.000  -412.459690630  -412.324457956  -412.288445380  -412.288445380  -412.239142620
   183.500  -412.459412507  -412.323908728  -412.289114181  -412.289114181  -412.239166560
   184.000  -412.460418226  -412.324509497  -412.290852731  -412.290852731  -412.239193622
   184.500  -412.462305883  -412.325849119  -412.293272018  -412.293272018  -412.239203913
   185.000  -412.464905086  -412.327752219  -412.296220736  -412.296220736  -412.239197025
   185.500  -412.468259135  -412.330263297  -412.299770825  -412.299770825  -412.239202029
   186.000  -412.472199036  -412.333225746  -412.303796080  -412.303796080  -412.239255327
   186.500  -412.475859555  -412.335804876  -412.307492157  -412.307492157  -412.239347517
   187.000  -412.477851571  -412.336656582  -412.309553202  -412.309553202  -412.239403854
   187.500  -412.477330779  -412.334990192  -412.309233532  -412.309233532  -412.239354108
   188.000  -412.474934170  -412.331498512  -412.307268032  -412.307268032  -412.239243304
   188.500  -412.472150126  -412.327724779  -412.305210230  -412.305210230  -412.239200536
   189.000  -412.469590154  -412.324333824  -412.303679935  -412.303679935  -412.239261551
   189.500  -412.466478087  -412.320605728  -412.301851155  -412.301851155  -412.239329679
   190.000  -412.461893504  -412.315675174  -412.298721460  -412.298721460  -412.239326718
   190.500  -412.455879309  -412.309630701  -412.294252092  -412.294252092  -412.239262569
   191.000  -412.449370719  -412.303435307  -412.289319646  -412.289319646  -412.239184007
   191.500  -412.443537807  -412.298261964  -412.285064512  -412.285064512  -412.239126967
   192.000  -412.439243605  -412.294950886  -412.282338215  -412.282338215  -412.239106250
   192.500  -412.436810769  -412.293779091  -412.281452393  -412.281452393  -412.239120523
   193.000  -412.436048536  -412.294490969  -412.282189695  -412.282189695  -412.239155521
   193.500  -412.436473670  -412.296518799  -412.284021075  -412.284021075  -412.239189179
   194.000  -412.437634233  -412.299305175  -412.286438234  -412.286438234  -412.239204270
   194.500  -412.439345551  -412.302544085  -412.289204851  -412.289204851  -412.239205055
   195.000  -412.441615042  -412.306120480  -412.292295904  -412.292295904  -412.239216825
   195.500  -412.444285845  -412.309775800  -412.295553980  -412.295553980  -412.239252896
   196.000  -412.446869230  -412.312960300  -412.298531055  -412.298531055  -412.239280462
   196.500  -412.449005180  -412.315305746  -412.300950414  -412.300950414  -412.239248949
   197.000  -412.451113881  -412.317277402  -412.303342897  -412.303342897  -412.239177223
   197.500  -412.454081494  -412.319848751  -412.306702406  -412.306702406  -412.239167161
   198.000  -412.457924504  -412.323153028  -412.311114869  -412.311114869  -412.239259855
   198.500  -412.461266686  -412.325939209  -412.315229876  -412.315229876  -412.239366203
   199.000  -412.462526799  -412.326745204  -412.317467683  -412.317467683  -412.239394184
   199.500  -412.461205067  -412.325174993  -412.317330659  -412.317330659  -412.239345135
   200.000  -412.457951749  -412.321971228  -412.315473734  -412.315473734  -412.239270301
   200.500  -412.453872131  -412.318331720  -412.312994408  -412.312994408  -412.239212990
   201.000  -412.449908226  -412.315311811  -412.310789797  -412.310789797  -412.239186509
   201.500  -412.446596615  -412.313568520  -412.309335393  -412.309335393  -412.239177634
   202.000  -412.444120346  -412.313308404  -412.308825179  -412.308825179  -412.239176135
   202.500  -412.442456276  -412.314399008  -412.309292923  -412.309292923  -412.239188242
   203.000  -412.441466206  -412.316596633  -412.310548010  -412.310548010  -412.239216773
   203.500  -412.440838085  -412.319535337  -412.312124849  -412.312124849  -412.239267346
   204.000  -412.439917478  -412.322500320  -412.313231298  -412.313231298  -412.239337963
   204.500  -412.437749788  -412.324443597  -412.312845032  -412.312845032  -412.239392857
   205.000  -412.433658280  -412.324570345  -412.310280372  -412.310280372  -412.239368658
   205.500  -412.428155553  -412.323249195  -412.306088968  -412.306088968  -412.239233933
   206.000  -412.423297406  -412.322354279  -412.302420737  -412.302420737  -412.239059817
   206.500  -412.421533383  -412.324096080  -412.301892932  -412.301892932  -412.238995528
   207.000  -412.423595485  -412.328939449  -412.305478798  -412.305478798  -412.239096582
   207.500  -412.427774051  -412.335021018  -412.311708302  -412.311708302  -412.239263762
   208.000  -412.431505914  -412.339974999  -412.318036787  -412.318036787  -412.239376074
   208.500  -412.433208148  -412.342703920  -412.322606613  -412.322606613  -412.239401312
   209.000  -412.432637648  -412.343418715  -412.324826456  -412.324826456  -412.239377136
   209.500  -412.430267286  -412.342872864  -412.324933286  -412.324933286  -412.239336694
   210.000  -412.426704364  -412.341748989  -412.323499456  -412.323499456  -412.239289713
   210.500  -412.422490724  -412.340466238  -412.321233198  -412.321233198  -412.239240680
   211.000  -412.418143053  -412.339325956  -412.318888968  -412.318888968  -412.239195651
   211.500  -412.414167070  -412.338632212  -412.317152722  -412.317152722  -412.239169394
   212.000  -412.410832627  -412.338511143  -412.316385576  -412.316385576  -412.239191096
   212.500  -412.407765545  -412.338529205  -412.316211957  -412.316211957  -412.239278025
   213.000  -412.403748675  -412.337478166  -412.315321363  -412.315321363  -412.239401766
   213.500  -412.397122352  -412.333712662  -412.311920259  -412.311920259  -412.239493617
   214.000  -412.386809096  -412.326134291  -412.304809132  -412.304809132  -412.239467963
   214.500  -412.373525239  -412.315386035  -412.294633294  -412.294633294  -412.239286674
   215.000  -412.360222741  -412.304307933  -412.284321534  -412.284321534  -412.239041168
   215.500  -412.350648113  -412.296535030  -412.277607484  -412.277607484  -412.238925022
   216.000  -412.346621940  -412.293827043  -412.276251377  -412.276251377  -412.239018746
   216.500  -412.346934779  -412.295000946  -412.278899164  -412.278899164  -412.239198686
   217.000  -412.349019914  -412.297599944  -412.282774986  -412.282774986  -412.239319861
   217.500  -412.351012468  -412.299880436  -412.285835002  -412.285835002  -412.239345345
   218.000  -412.352318858  -412.301264073  -412.287465096  -412.287465096  -412.239310818
   218.500  -412.353152214  -412.301838573  -412.288044292  -412.288044292  -412.239260170
   219.000  -412.354008450  -412.301933203  -412.288308781  -412.288308781  -412.239212540
   219.500  -412.355464979  -412.302024907  -412.289029056  -412.289029056  -412.239168244
   220.000  -412.358174885  -412.302782922  -412.290941172  -412.290941172  -412.239135677
   220.500  -412.362738461  -412.304978163  -412.294568356  -412.294568356  -412.239147296
   221.000  -412.369288815  -412.309118048  -412.299745577  -412.299745577  -412.239229038
   221.500  -412.377062251  -412.314878939  -412.305316698  -412.305316698  -412.239335031
   222.000  -412.384432024  -412.320641439  -412.309676717  -412.309676717  -412.239426974
   222.500  -412.389503237  -412.324119295  -412.311376777  -412.311376777  -412.239488288
   223.000  -412.390996848  -412.323724174  -412.309548623  -412.309548623  -412.239468247
   223.500  -412.389063308  -412.319479314  -412.304614100  -412.304614100  -412.239340571
   224.000  -412.385534586  -412.313217432  -412.298585330  -412.298585330  -412.239162397
   224.500  -412.383003153  -412.307639996  -412.294143223  -412.294143223  -412.239065240
   225.000  -412.383008989  -412.304548475  -412.292746833  -412.292746833  -412.239125407
   225.500  -412.385106906  -412.304013934  -412.293569070  -412.293569070  -412.239273375
   226.000  -412.387788062  -412.305170343  -412.294526926  -412.294526926  -412.239346776
   226.500  -412.389888950  -412.306882523  -412.294408534  -412.294408534  -412.239320651
   227.000  -412.391038243  -412.308186165  -412.293342956  -412.293342956  -412.239281590
   227.500  -412.391341446  -412.308669775  -412.291844548  -412.291844548  -412.239245403
   228.000  -412.391148321  -412.308368658  -412.290490020  -412.290490020  -412.239198433
   228.500  -412.391078772  -412.307707819  -412.290051167  -412.290051167  -412.239135059
   229.000  -412.392004795  -412.307438956  -412.291528346  -412.291528346  -412.239076947
   229.500  -412.394706616  -412.308289365  -412.295796956  -412.295796956  -412.239067417
   230.000  -412.399292386  -412.310434911  -412.302948918  -412.302948918  -412.239160539
   230.500  -412.404840397  -412.314192426  -412.310877082  -412.310877082  -412.240067119
   231.000  -412.409575617  -412.321929100  -412.313591690  -412.313591690  -412.239478133
   231.500  -412.412189872  -412.328130145  -412.313579034  -412.313579034  -412.239484201
   232.000  -412.412242207  -412.331258415  -412.311305431  -412.311305431  -412.239433560
   232.500  -412.410560212  -412.331926108  -412.307673517  -412.307673517  -412.239306064
   233.000  -412.409112367  -412.331941239  -412.304683421  -412.304683421  -412.239176257
   233.500  -412.409843636  -412.333105627  -412.304282469  -412.304282469  -412.239152049
   234.000  -412.413173427  -412.335734892  -412.306830041  -412.306830041  -412.239246995
   234.500  -412.417810059  -412.338488967  -412.310908334  -412.310908334  -412.239364277
   235.000  -412.422070685  -412.339689361  -412.314681478  -412.314681478  -412.239421657
   235.500  -412.425059719  -412.338485730  -412.317123349  -412.317123349  -412.239419511
   236.000  -412.426750913  -412.334947955  -412.318117831  -412.318117831  -412.239396601
   236.500  -412.427492658  -412.329613157  -412.317937364  -412.317937364  -412.239386516
   237.000  -412.427666847  -412.323370141  -412.316695190  -412.316695190  -412.239474125
   237.500  -412.427687292  -412.318689356  -412.313194579  -412.318689356  -412.239536200
   238.000  -412.428055480  -412.317390420  -412.306503705  -412.317390420  -412.239821660
   238.500  -412.429061430  -412.317652290  -412.299612619  -412.317652290  -412.239868307
   239.000  -412.430377298  -412.318626096  -412.293204123  -412.318626096  -412.239930353
   239.500  -412.431056202  -412.319363362  -412.286821861  -412.319363362  -412.240001176
   240.000  -412.429967528  -412.318775224  -412.279708814  -412.318775224  -412.240047264
   240.500  -412.426374743  -412.316143339  -412.271373619  -412.316143339  -412.240045296
   241.000  -412.420343384  -412.311504193  -412.261940500  -412.311504193  -412.239981255
   241.500  -412.412949690  -412.305855399  -412.252336132  -412.305855399  -412.239857681
   242.000  -412.406157876  -412.301050653  -412.244267387  -412.301050653  -412.239725586
   242.500  -412.402012890  -412.298998065  -412.239595534  -412.298998065  -412.239679880
   243.000  -412.401320527  -412.300330173  -412.239143412  -412.300330173  -412.239766139
   243.500  -412.402981556  -412.303798472  -412.242077392  -412.303798472  -412.239914817
   244.000  -412.404839651  -412.307212879  -412.246592479  -412.307212879  -412.240025243
   244.500  -412.405138415  -412.308859536  -412.251068399  -412.308859536  -412.240063584
   245.000  -412.403214659  -412.308088387  -412.254700664  -412.308088387  -412.240044741
   245.500  -412.399371884  -412.305166556  -412.257494696  -412.305166556  -412.239988182
   246.000  -412.394560877  -412.300987574  -412.260044317  -412.300987574  -412.239908402
   246.500  -412.390102279  -412.296818759  -412.263314637  -412.296818759  -412.239826670
   247.000  -412.387295778  -412.293934031  -412.268280268  -412.293934031  -412.239777792
   247.500  -412.386858204  -412.293073499  -412.275362575  -412.293073499  -412.239786571
   248.000  -412.388524620  -412.294090918  -412.283987006  -412.294090918  -412.239821423
   248.500  -412.391196885  -412.296647932  -412.292185627  -412.296647932  -412.239467857
   249.000  -412.393521789  -412.302971469  -412.295121993  -412.295121993  -412.240070216
   249.500  -412.394496675  -412.307743037  -412.294880150  -412.294880150  -412.240076314
   250.000  -412.393080358  -412.309574091  -412.292265418  -412.292265418  -412.240056888
   250.500  -412.389445439  -412.308502002  -412.287729000  -412.287729000  -412.239962127
   251.000  -412.384990085  -412.305872887  -412.282895898  -412.282895898  -412.239798774
   251.500  -412.382091107  -412.304036723  -412.280332951  -412.280332951  -412.239666679
   252.000  -412.382645267  -412.304895237  -412.282022409  -412.282022409  -412.239686887
   252.500  -412.386420394  -412.308268261  -412.287657286  -412.287657286  -412.239846825
   253.000  -412.391226378  -412.312077846  -412.294814712  -412.294814712  -412.240018968
   253.500  -412.394717175  -412.314205875  -412.300764543  -412.300764543  -412.240124857
   254.000  -412.395759961  -412.314034124  -412.303730904  -412.303730904  -412.240177847
   254.500  -412.394588077  -412.312630705  -412.303052687  -412.303052687  -412.240097803
   255.000  -412.392412365  -412.311137197  -412.299968654  -412.299968654  -412.239908652
   255.500  -412.390847101  -412.310156024  -412.297059990  -412.297059990  -412.239781453
   256.000  -412.391280793  -412.310468954  -412.296296181  -412.296296181  -412.239725465
   256.500  -412.394342678  -412.312456013  -412.298556803  -412.298556803  -412.239743211
   257.000  -412.399655429  -412.315696119  -412.303577797  -412.303577797  -412.239816433
   257.500  -412.406067813  -412.319155657  -412.310208851  -412.310208851  -412.239929069
   258.000  -412.412208415  -412.321770614  -412.316666198  -412.321770614  -412.239928112
   258.500  -412.417390014  -412.324743888  -412.319545121  -412.324743888  -412.239793717
   259.000  -412.419306746  -412.328574143  -412.315147027  -412.328574143  -412.240005218
   259.500  -412.417721022  -412.330134848  -412.306358338  -412.330134848  -412.239918685
   260.000  -412.414029873  -412.330869324  -412.294877397  -412.330869324  -412.239609177
   260.500  -412.412266751  -412.343198806  -412.278557887  -412.343198806  -412.249677172
   261.000  -412.412225882  -412.347276453  -412.279317488  -412.347276453  -412.249612428
   261.500  -412.414418827  -412.353201274  -412.282487506  -412.353201274  -412.249796135
   262.000  -412.416074278  -412.358323529  -412.284865964  -412.358323529  -412.249963459
   262.500  -412.414671784  -412.360072953  -412.283810666  -412.360072953  -412.250009612
   263.000  -412.409456573  -412.357627986  -412.278537611  -412.357627986  -412.249950313
   263.500  -412.401337123  -412.351835109  -412.269981783  -412.351835109  -412.249831915
   264.000  -412.392197393  -412.344530930  -412.260089678  -412.344530930  -412.249695860
   264.500  -412.384213161  -412.337858903  -412.251116502  -412.337858903  -412.249583742
   265.000  -412.379169481  -412.333588413  -412.244923674  -412.333588413  -412.249533517
   265.500  -412.377889655  -412.332538614  -412.242391613  -412.332538614  -412.249554092
   266.000  -412.380088688  -412.334429805  -412.243260376  -412.334429805  -412.249623557
   266.500  -412.384694579  -412.338199295  -412.246449213  -412.338199295  -412.249713309
   267.000  -412.390296890  -412.342446681  -412.250510242  -412.342446681  -412.249803782
   267.500  -412.395496660  -412.345783144  -412.253986492  -412.345783144  -412.249871144
   268.000  -412.399326621  -412.347251871  -412.255843847  -412.347251871  -412.249869588
   268.500  -412.401920821  -412.347000712  -412.256151537  -412.347000712  -412.249762749
   269.000  -412.404925296  -412.346695438  -412.256501155  -412.346695438  -412.249609800
   269.500  -412.410514806  -412.348540291  -412.259028115  -412.348540291  -412.249567656
   270.000  -412.419198615  -412.353083036  -412.264217882  -412.353083036  -412.249699637
   270.500  -412.428963490  -412.358359579  -412.270049430  -412.358359579  -412.249881554
   271.000  -412.436960295  -412.361581822  -412.273687371  -412.361581822  -412.249979806
   271.500  -412.441462266  -412.361098136  -412.273450012  -412.361098136  -412.249975280
   272.000  -412.442303265  -412.356832816  -412.269255130  -412.356832816  -412.249907865
   272.500  -412.440372123  -412.349777880  -412.262114528  -412.349777880  -412.249811293
   273.000  -412.437076295  -412.341453817  -412.253590602  -412.341453817  -412.249709260
   273.500  -412.433922808  -412.333487322  -412.245366233  -412.333487322  -412.249628272
   274.000  -412.432080905  -412.327172617  -412.238795218  -412.327172617  -412.249591717
   274.500  -412.432021770  -412.323109837  -412.234531363  -412.323109837  -412.249603418
   275.000  -412.433456705  -412.321141445  -412.232455941  -412.321141445  -412.249648609
   275.500  -412.435560697  -412.320576882  -412.231888629  -412.320576882  -412.249709231
   276.000  -412.437264741  -412.320496625  -412.231862554  -412.320496625  -412.249768462
   276.500  -412.437564734  -412.320052719  -412.231423959  -412.320052719  -412.249801209
   277.000  -412.436049566  -412.318887179  -412.230181683  -412.318887179  -412.249762020
   277.500  -412.433592201  -412.317774245  -412.228999481  -412.317774245  -412.249631101
   278.000  -412.432331773  -412.318723221  -412.229939712  -412.318723221  -412.249515563
   278.500  -412.434044073  -412.323381004  -412.234634941  -412.323381004  -412.249563031
   279.000  -412.438145345  -412.331020920  -412.242313184  -412.331020920  -412.249749675
   279.500  -412.442016615  -412.338867509  -412.250144609  -412.338867509  -412.249910331
   280.000  -412.443282631  -412.344384376  -412.255545231  -412.344384376  -412.249952856
   280.500  -412.441234735  -412.346706894  -412.257621167  -412.346706894  -412.249903748
   281.000  -412.436580642  -412.346399721  -412.256933061  -412.346399721  -412.249820521
   281.500  -412.430623676  -412.344640753  -412.254681327  -412.344640753  -412.249739506
   282.000  -412.424674222  -412.342635463  -412.252117171  -412.342635463  -412.249677772
   282.500  -412.419739687  -412.341309108  -412.250226048  -412.341309108  -412.249646355
   283.000  -412.416334216  -412.341117379  -412.249527565  -412.341117379  -412.249650758
   283.500  -412.414394099  -412.341961144  -412.249980806  -412.341961144  -412.249686241
   284.000  -412.413352296  -412.343259161  -412.251051444  -412.343259161  -412.249742448
   284.500  -412.412316386  -412.344122237  -412.251888363  -412.344122237  -412.249809142
   285.000  -412.410274198  -412.343555467  -412.251530907  -412.343555467  -412.249867301
   285.500  -412.406451679  -412.340814120  -412.249271670  -412.340814120  -412.249869760
   286.000  -412.401043869  -412.336131312  -412.245386591  -412.336131312  -412.249757818
   286.500  -412.395958310  -412.331458869  -412.241872056  -412.331458869  -412.249559805
   287.000  -412.394185349  -412.329833505  -412.241795467  -412.329833505  -412.249454978
   287.500  -412.397200831  -412.332776335  -412.246675264  -412.332776335  -412.249575810
   288.000  -412.403198891  -412.338519741  -412.254701956  -412.338519741  -412.249797836
   288.500  -412.408781041  -412.343697351  -412.262431657  -412.343697351  -412.249927551
   289.000  -412.411741836  -412.346129260  -412.267594556  -412.346129260  -412.249920072
   289.500  -412.411918125  -412.345673060  -412.269957466  -412.345673060  -412.249833747
   290.000  -412.410464230  -412.343499678  -412.270615039  -412.343499678  -412.249725485
   290.500  -412.408970062  -412.341215396  -412.271105322  -412.341215396  -412.249631068
   291.000  -412.408860292  -412.340263402  -412.272815431  -412.340263402  -412.249575345
   291.500  -412.410965799  -412.341499656  -412.276546324  -412.341499656  -412.249575356
   292.000  -412.415259029  -412.344931323  -412.282256025  -412.344931323  -412.249627806
   292.500  -412.420897463  -412.349757997  -412.289098428  -412.349757997  -412.249711530
   293.000  -412.426532958  -412.354681516  -412.295738341  -412.354681516  -412.249804328
   293.500  -412.430675340  -412.358262348  -412.300711099  -412.358262348  -412.249889743
   294.000  -412.431995960  -412.359220095  -412.302723129  -412.359220095  -412.249944519
   294.500  -412.429751872  -412.356850863  -412.301072105  -412.356850863  -412.249919977
   295.000  -412.424503015  -412.351744307  -412.296359936  -412.351744307  -412.249772950
   295.500  -412.418615005  -412.346282769  -412.290992238  -412.346282769  -412.249563271
   296.000  -412.415208348  -412.343594026  -412.288124076  -412.343594026  -412.249479618
   296.500  -412.415495420  -412.344887930  -412.288995558  -412.344887930  -412.249617051
   297.000  -412.417504325  -412.348183162  -412.291653468  -412.348183162  -412.249831078
   297.500  -412.418048667  -412.350272824  -412.292922156  -412.350272824  -412.249946163
   298.000  -412.415271727  -412.349264814  -412.290944834  -412.349264814  -412.249931323
   298.500  -412.409291633  -412.345220774  -412.285828457  -412.345220774  -412.249839254
   299.000  -412.401513301  -412.339468650  -412.278953371  -412.339468650  -412.249724552
   299.500  -412.393781431  -412.333758887  -412.272127051  -412.333758887  -412.249626646
   300.000  -412.387722309  -412.329614825  -412.266924235  -412.329614825  -412.249572455
   300.500  -412.384306080  -412.327902853  -412.264249055  -412.327902853  -412.249567762
   301.000  -412.383738273  -412.328729389  -412.264229445  -412.328729389  -412.249597983
   301.500  -412.385654356  -412.331638596  -412.266420176  -412.331638596  -412.249647454
   302.000  -412.389360459  -412.335851649  -412.270056446  -412.335851649  -412.249711160
   302.500  -412.393929818  -412.340366664  -412.274157220  -412.340366664  -412.249789481
   303.000  -412.398255411  -412.344010825  -412.277581587  -412.344010825  -412.249865157
   303.500  -412.401340496  -412.345737882  -412.279313257  -412.345737882  -412.249891310
   304.000  -412.403000187  -412.345332488  -412.279156892  -412.345332488  -412.249812999
   304.500  -412.404559010  -412.344115922  -412.278431948  -412.344115922  -412.249653967
   305.000  -412.408352772  -412.344455651  -412.279474365  -412.344455651  -412.249565327
   305.500  -412.415563572  -412.347609707  -412.283481126  -412.347609707  -412.249664699
   306.000  -412.424629252  -412.352141980  -412.288932435  -412.352141980  -412.249861023
   306.500  -412.432475865  -412.355149291  -412.292840049  -412.355149291  -412.249984988
   307.000  -412.436934892  -412.354663657  -412.293167312  -412.354663657  -412.249977303
   307.500  -412.437776031  -412.350662029  -412.289851103  -412.350662029  -412.249875245
   308.000  -412.436272714  -412.344612448  -412.284346007  -412.344612448  -412.249741890
   308.500  -412.434255288  -412.338512425  -412.278652160  -412.338512425  -412.249637800
   309.000  -412.433165876  -412.333938672  -412.274350132  -412.333938672  -412.249600321
   309.500  -412.433489130  -412.331474660  -412.272018350  -412.331474660  -412.249620799
   310.000  -412.434856279  -412.330815443  -412.271336822  -412.330815443  -412.249661358
   310.500  -412.436588947  -412.331309176  -412.271635527  -412.331309176  -412.249696703
   311.000  -412.438084228  -412.332345797  -412.272290773  -412.332345797  -412.249731540
   311.500  -412.438793720  -412.333338599  -412.272713561  -412.333338599  -412.249780204
   312.000  -412.438057474  -412.333565764  -412.272191907  -412.333565764  -412.249837278
   312.500  -412.435234941  -412.332306897  -412.270032376  -412.332306897  -412.249857180
   313.000  -412.430371092  -412.329517526  -412.266229474  -412.329517526  -412.249779774
   313.500  -412.424960619  -412.326601094  -412.262236415  -412.326601094  -412.249621800
   314.000  -412.421500837  -412.325972316  -412.260515705  -412.325972316  -412.249538090
   314.500  -412.421243210  -412.328814414  -412.262289780  -412.328814414  -412.249652903
   315.000  -412.422528133  -412.333414247  -412.265869823  -412.333414247  -412.249865662
   315.500  -412.422195539  -412.336562876  -412.268064857  -412.336562876  -412.249990165
   316.000  -412.418266455  -412.336229942  -412.266861067  -412.336229942  -412.249963838
   316.500  -412.411026505  -412.332642622  -412.262506298  -412.332642622  -412.249833990
   317.000  -412.402411288  -412.327678162  -412.256895499  -412.327678162  -412.249681110
   317.500  -412.394772641  -412.323636926  -412.252338352  -412.323636926  -412.249578476
   318.000  -412.389717629  -412.322093311  -412.250397339  -412.322093311  -412.249560039
   318.500  -412.387585218  -412.323369579  -412.251361591  -412.323369579  -412.249599040
   319.000  -412.387802936  -412.326888805  -412.254600992  -412.326888805  -412.249646138
   319.500  -412.389612968  -412.331889297  -412.259290709  -412.331889297  -412.249678832
   320.000  -412.392445017  -412.337788640  -412.264787207  -412.337788640  -412.249709344
   320.500  -412.395785212  -412.344048881  -412.270504455  -412.344048881  -412.249759274
   321.000  -412.398903660  -412.349902420  -412.275652638  -412.349902420  -412.249827781
   321.500  -412.400901028  -412.354404002  -412.279295966  -412.354404002  -412.249872509
   322.000  -412.401357213  -412.357081363  -412.281011027  -412.357081363  -412.249823172
   322.500  -412.401258330  -412.358870805  -412.281814323  -412.358870805  -412.249675340
   323.000  -412.402884202  -412.362005163  -412.284041988  -412.362005163  -412.249574647
   323.500  -412.407676587  -412.367885310  -412.289197807  -412.367885310  -412.249674065
   324.000  -412.414210808  -412.375044724  -412.295906208  -412.375044724  -412.249891199
   324.500  -412.419323352  -412.380274068  -412.301027054  -412.380274068  -412.250023313
   325.000  -412.420973183  -412.381475891  -412.302518677  -412.381475891  -412.249994062
   325.500  -412.419484724  -412.378909555  -412.300679140  -412.378909555  -412.249863662
   326.000  -412.416791153  -412.374435546  -412.297389562  -412.374435546  -412.249723826
   326.500  -412.415051149  -412.370141981  -412.294721583  -412.370141981  -412.249641035
   327.000  -412.415605940  -412.367311377  -412.293897745  -412.367311377  -412.249631160
   327.500  -412.418673460  -412.366130059  -412.294998040  -412.366130059  -412.249667539
   328.000  -412.423689364  -412.366044065  -412.297331550  -412.366044065  -412.249715318
   328.500  -412.429809052  -412.366272767  -412.299975448  -412.366272767  -412.249759171
   329.000  -412.436152348  -412.366062016  -412.302048809  -412.366062016  -412.249804786
   329.500  -412.441772517  -412.364648901  -412.302696572  -412.364648901  -412.249858238
   330.000  -412.445614999  -412.361211691  -412.301039677  -412.361211691  -412.249905905
   330.500  -412.446790932  -412.355123465  -412.296428560  -412.355123465  -412.249898987
   331.000  -412.445316915  -412.346673170  -412.289151057  -412.346673170  -412.249783207
   331.500  -412.442834125  -412.337759557  -412.281122846  -412.337759557  -412.249590602
   332.000  -412.441979869  -412.331248299  -412.275226660  -412.331248299  -412.249490663
   332.500  -412.444005906  -412.328569430  -412.272909100  -412.328569430  -412.249596383
   333.000  -412.447268088  -412.328201186  -412.272654886  -412.328201186  -412.249787919
   333.500  -412.448870117  -412.327305769  -412.271638369  -412.327305769  -412.249881641
   334.000  -412.447260504  -412.324334582  -412.268330391  -412.324334582  -412.249837845
   334.500  -412.442960449  -412.319762859  -412.263234873  -412.319762859  -412.249726268
   335.000  -412.437619373  -412.315161493  -412.257944058  -412.315161493  -412.249627845
   335.500  -412.432809004  -412.311999150  -412.253928630  -412.311999150  -412.249581539
   336.000  -412.429373807  -412.311005778  -412.251891178  -412.311005778  -412.249582206
   336.500  -412.427455745  -412.312200796  -412.251804996  -412.312200796  -412.249603884
   337.000  -412.426841848  -412.315243948  -412.253271378  -412.315243948  -412.249631326
   337.500  -412.427201161  -412.319674976  -412.255779032  -412.319674976  -412.249666377
   338.000  -412.428070485  -412.324903408  -412.258692514  -412.324903408  -412.249721257
   338.500  -412.428711575  -412.330069289  -412.261126520  -412.330069289  -412.249798500
   339.000  -412.428104349  -412.334041481  -412.261937776  -412.334041481  -412.249876236
   339.500  -412.425337543  -412.335807453  -412.260128343  -412.335807453  -412.249893871
   340.000  -412.420490129  -412.335358886  -412.255724319  -412.335358886  -412.249793638
   340.500  -412.415364956  -412.334419506  -412.250516130  -412.334419506  -412.249622597
   341.000  -412.412610603  -412.335569765  -412.247170506  -412.335569765  -412.249566256
   341.500  -412.413106785  -412.339628367  -412.246612900  -412.339628367  -412.249714845
   342.000  -412.414758578  -412.344449820  -412.246813341  -412.344449820  -412.249911333
   342.500  -412.414647136  -412.347074410  -412.244939866  -412.347074410  -412.249977808
   343.000  -412.411604037  -412.346305052  -412.239928995  -412.346305052  -412.249907879
   343.500  -412.406493011  -412.342988713  -412.232760511  -412.342988713  -412.249793499
   344.000  -412.400958516  -412.338762288  -412.225182556  -412.338762288  -412.249707745
   344.500  -412.396324084  -412.334945324  -412.218585842  -412.334945324  -412.249666500
   345.000  -412.393297312  -412.332236362  -412.213699704  -412.332236362  -412.249650457
   345.500  -412.392184994  -412.330931204  -412.210818432  -412.330931204  -412.249644289
   346.000  -412.393097501  -412.331136190  -412.210041281  -412.331136190  -412.249649799
   346.500  -412.395931033  -412.332752398  -412.211268255  -412.332752398  -412.249678943
   347.000  -412.400207103  -412.335313692  -412.214036900  -412.335313692  -412.249741140
   347.500  -412.404960135  -412.337873758  -412.217398414  -412.337873758  -412.249829597
   348.000  -412.408881504  -412.339158537  -412.220057252  -412.339158537  -412.249905188
   348.500  -412.410929322  -412.338203321  -412.221000853  -412.338203321  -412.249893681
   349.000  -412.411366599  -412.335412812  -412.220568724  -412.335412812  -412.249756475
   349.500  -412.412507589  -412.332949505  -412.220942978  -412.332949505  -412.249613185
   350.000  -412.417313346  -412.333137645  -412.224592831  -412.333137645  -412.249596295
   350.500  -412.425970087  -412.336177200  -412.231595988  -412.336177200  -412.249757710
   351.000  -412.435815752  -412.339687051  -412.239303848  -412.339687051  -412.249912311
   351.500  -412.444227785  -412.341243637  -412.245055516  -412.341243637  -412.249927113
   352.000  -412.450571245  -412.340377451  -412.248188166  -412.340377451  -412.249843685
   352.500  -412.455736951  -412.338151674  -412.249608294  -412.338151674  -412.249756260
   353.000  -412.460786691  -412.335828818  -412.250450386  -412.335828818  -412.249709572
   353.500  -412.466203644  -412.334150089  -412.251342591  -412.334150089  -412.249687589
   354.000  -412.471160897  -412.334685195  -412.254662319  -412.334685195  -412.250911491
   354.500  -412.477206149  -412.334939856  -412.256329955  -412.334939856  -412.250909917
   355.000  -412.483204600  -412.336054734  -412.258217688  -412.336054734  -412.250915865
   355.500  -412.488812124  -412.337935914  -412.260259573  -412.337935914  -412.250942767
   356.000  -412.493399858  -412.340185561  -412.262100991  -412.340185561  -412.250998187
   356.500  -412.495991011  -412.342019922  -412.263016431  -412.342019922  -412.251068960
   357.000  -412.495527480  -412.342517562  -412.262158329  -412.342517562  -412.251105872
   357.500  -412.491645420  -412.341379156  -412.259315566  -412.341379156  -412.251040205
   358.000  -412.485601631  -412.339843401  -412.255818093  -412.339843401  -412.250878672
   358.500  -412.479978301  -412.340388592  -412.254216539  -412.340388592  -412.250782999
   359.000  -412.476331264  -412.344380840  -412.255897074  -412.344380840  -412.250892699
   359.500  -412.476546707  -412.347366914  -412.270425030  -412.347366914  -412.247637424
   360.000  -412.470958439  -412.352913320  -412.275370852  -412.352913320  -412.247700726
   360.500  -412.461635098  -412.354930857  -412.277522796  -412.354930857  -412.247646286
   361.000  -412.449254272  -412.353897174  -412.276735015  -412.353897174  -412.247546070
   361.500  -412.435402452  -412.351098211  -412.273933457  -412.351098211  -412.247478177
   362.000  -412.421339084  -412.347483600  -412.269863122  -412.347483600  -412.247452447
   362.500  -412.407751483  -412.343459781  -412.264857905  -412.343459781  -412.247432636
   363.000  -412.395197707  -412.339351889  -412.259310005  -412.339351889  -412.247393745
   363.500  -412.384842224  -412.334345715  -412.256316121  -412.334345715  -412.245941776
   364.000  -412.377207638  -412.332214708  -412.254239053  -412.332214708  -412.245897215
   364.500  -412.373054177  -412.332340660  -412.254874841  -412.332340660  -412.245915000
   365.000  -412.371942207  -412.334420081  -412.258013630  -412.334420081  -412.246013237
   365.500  -412.372236210  -412.336997607  -412.262121865  -412.336997607  -412.246147968
   366.000  -412.371836464  -412.338161425  -412.265110547  -412.338161425  -412.246224509
   366.500  -412.369592511  -412.336936282  -412.265812238  -412.336936282  -412.246163471
   367.000  -412.366393290  -412.334354505  -412.265116169  -412.334354505  -412.246005043
   367.500  -412.364415104  -412.332709257  -412.265212571  -412.332709257  -412.245935110
   368.000  -412.364562314  -412.332985420  -412.267031659  -412.332985420  -412.246042973
   368.500  -412.365235659  -412.333646619  -412.268990350  -412.333646619  -412.246186310
   369.000  -412.364264777  -412.332564380  -412.268930356  -412.332564380  -412.246207259
   369.500  -412.361134985  -412.329253586  -412.266341825  -412.329253586  -412.246117252
   370.000  -412.356978171  -412.324865243  -412.262356231  -412.324865243  -412.246012148
   370.500  -412.353256909  -412.320874515  -412.258430217  -412.320874515  -412.245951945
   371.000  -412.350849423  -412.318166918  -412.255435620  -412.318166918  -412.245937264
   371.500  -412.349973268  -412.316960350  -412.253592345  -412.316960350  -412.245947964
   372.000  -412.350459587  -412.317074161  -412.252752098  -412.317074161  -412.245973847
   372.500  -412.351928065  -412.318098028  -412.252569843  -412.318098028  -412.246014012
   373.000  -412.353814561  -412.319425774  -412.252503959  -412.319425774  -412.246066021
   373.500  -412.355413291  -412.320312172  -412.251835035  -412.320312172  -412.246117666
   374.000  -412.356073078  -412.320077886  -412.249867209  -412.320077886  -412.246145707
   374.500  -412.355562353  -412.318473144  -412.246312300  -412.318473144  -412.246123012
   375.000  -412.354471291  -412.316078817  -412.241710133  -412.316078817  -412.246031908
   375.500  -412.354405179  -412.314513126  -412.237646861  -412.314513126  -412.245890281
   376.000  -412.357495590  -412.316037710  -412.236342326  -412.316037710  -412.245773160
   376.500  -412.364714747  -412.323695052  -412.239948858  -412.323695052  -412.247826420
   377.000  -412.375377637  -412.331929795  -412.245764387  -412.331929795  -412.248061359
   377.500  -412.385456077  -412.339311913  -412.250474004  -412.339311913  -412.248230492
   378.000  -412.392237157  -412.343115560  -412.251370935  -412.343115560  -412.248233087
   378.500  -412.395379516  -412.342989681  -412.248118846  -412.342989681  -412.248134999
   379.000  -412.396136647  -412.340183327  -412.241986382  -412.340183327  -412.248031222
   379.500  -412.396002189  -412.336192191  -412.234502356  -412.336192191  -412.247956612
   380.000  -412.396119589  -412.332169334  -412.226873075  -412.332169334  -412.247900654
   380.500  -412.397359678  -412.329003556  -412.220065487  -412.329003556  -412.247851435
   381.000  -412.400464503  -412.327464449  -412.214954480  -412.327464449  -412.247814440
   381.500  -412.405960338  -412.328117040  -412.212235996  -412.328117040  -412.247806664
   382.000  -412.413902990  -412.331069165  -412.212167867  -412.331069165  -412.247844789
   382.500  -412.423633287  -412.335728640  -412.214314271  -412.335728640  -412.247934954
   383.000  -412.433711003  -412.340737981  -412.217463058  -412.340737981  -412.248060933
   383.500  -412.442210872  -412.344269643  -412.219900421  -412.344269643  -412.248170490
   384.000  -412.447552099  -412.344853091  -412.220219349  -412.344853091  -412.248181419
   384.500  -412.449678601  -412.342551719  -412.218482613  -412.342551719  -412.248050794
   385.000  -412.450540600  -412.339440485  -412.216697427  -412.339440485  -412.247870312
   385.500  -412.452693434  -412.338200034  -412.217420513  -412.338200034  -412.247798696
   386.000  -412.457100290  -412.339911745  -412.221578168  -412.339911745  -412.247855316
   386.500  -412.462823357  -412.343735606  -412.228174148  -412.343735606  -412.247937361
   387.000  -412.468444213  -412.348312024  -412.235718061  -412.348312024  -412.247989052
   387.500  -412.472982351  -412.352670050  -412.243142987  -412.352670050  -412.248018893
   388.000  -412.475922989  -412.356211991  -412.249809457  -412.356211991  -412.248045996
   388.500  -412.478564321  -412.356878988  -412.256068199  -412.356878988  -412.246646750
   389.000  -412.477750884  -412.358237427  -412.263046806  -412.358237427  -412.246778183
   389.500  -412.475509427  -412.359517832  -412.269901538  -412.359517832  -412.246742236
   390.000  -412.472654949  -412.361181469  -412.276962021  -412.361181469  -412.246710562
   390.500  -412.469765939  -412.363687368  -412.284432101  -412.363687368  -412.246709661
   391.000  -412.466988883  -412.367048837  -412.292126830  -412.367048837  -412.246751638
   391.500  -412.463860442  -412.370638971  -412.299273231  -412.370638971  -412.246837710
   392.000  -412.459353174  -412.373234996  -412.304575875  -412.373234996  -412.246936727
   392.500  -412.452362970  -412.373523542  -412.306701599  -412.373523542  -412.246982795
   393.000  -412.442694693  -412.371099834  -412.305282739  -412.371099834  -412.246909152
   393.500  -412.431876811  -412.367296769  -412.301719641  -412.367296769  -412.246765092
   394.000  -412.422268282  -412.364300552  -412.298291804  -412.364300552  -412.246734854
   394.500  -412.414463338  -412.362560103  -412.295553790  -412.362560103  -412.246893286
   395.000  -412.406321198  -412.359818385  -412.291375294  -412.359818385  -412.247065289
   395.500  -412.395350915  -412.353498246  -412.283333555  -412.353498246  -412.247081999
   396.000  -412.381189927  -412.343178222  -412.271204949  -412.343178222  -412.246952468
   396.500  -412.365663435  -412.330648283  -412.257006381  -412.330648283  -412.246775139
   397.000  -412.351419214  -412.318537655  -412.243600934  -412.318537655  -412.246632558
   397.500  -412.340658136  -412.309037029  -412.233380398  -412.309037029  -412.246563522
   398.000  -412.334498662  -412.303256330  -412.227587402  -412.303256330  -412.246562133
   398.500  -412.333019316  -412.301260722  -412.226328454  -412.301260722  -412.246596167
   399.000  -412.335700158  -412.302512458  -412.229011384  -412.302512458  -412.246641442
   399.500  -412.341788515  -412.306241001  -412.234730229  -412.306241001  -412.246696755
   400.000  -412.350343908  -412.311501344  -412.242346452  -412.311501344  -412.246772987
   400.500  -412.360114357  -412.317067027  -412.250415508  -412.317067027  -412.246868631
   401.000  -412.369594243  -412.321506026  -412.257292017  -412.321506026  -412.246949048
   401.500  -412.377581402  -412.323748018  -412.261730371  -412.323748018  -412.246943995
   402.000  -412.384175687  -412.324082497  -412.263900346  -412.324082497  -412.246813307
   402.500  -412.391209283  -412.324576893  -412.265812660  -412.324576893  -412.246655829
   403.000  -412.400730581  -412.327538963  -412.269775835  -412.327538963  -412.246650036
   403.500  -412.412576221  -412.333065605  -412.275932764  -412.333065605  -412.246796257
   404.000  -412.424370275  -412.339022286  -412.282223300  -412.339022286  -412.246921661
   404.500  -412.433880616  -412.343385218  -412.286708951  -412.343385218  -412.246943805
   405.000  -412.440323494  -412.345540167  -412.288841307  -412.345540167  -412.246913897
   405.500  -412.443824618  -412.345739829  -412.288898357  -412.345739829  -412.246880567
   406.000  -412.444735575  -412.344418413  -412.287290128  -412.344418413  -412.246842149
   406.500  -412.443583724  -412.342139147  -412.284523618  -412.342139147  -412.246785885
   407.000  -412.441196972  -412.339719770  -412.281350813  -412.339719770  -412.246720794
   407.500  -412.438557658  -412.338089428  -412.278649896  -412.338089428  -412.246673906
   408.000  -412.436404356  -412.337897777  -412.277051555  -412.337897777  -412.246670563
   408.500  -412.434845116  -412.339135518  -412.276549621  -412.339135518  -412.246721785
   409.000  -412.433206731  -412.340990285  -412.276363028  -412.340990285  -412.246814891
   409.500  -412.430229085  -412.342046634  -412.275121874  -412.342046634  -412.246917125
   410.000  -412.424590312  -412.340817895  -412.271397447  -412.340817895  -412.246973705
   410.500  -412.415754102  -412.336601728  -412.264557092  -412.336601728  -412.246920370
   411.000  -412.404858033  -412.330378131  -412.255662313  -412.330378131  -412.246752691
   411.500  -412.394622456  -412.324725684  -412.247384376  -412.324725684  -412.246600496
   412.000  -412.387435781  -412.321910762  -412.242086377  -412.321910762  -412.246610837
   412.500  -412.383364304  -412.321896978  -412.239826034  -412.321896978  -412.246728026
   413.000  -412.380860330  -412.323054733  -412.239053709  -412.323054733  -412.246790928
   413.500  -412.378938468  -412.324338461  -412.238787074  -412.324338461  -412.246771303
   414.000  -412.377694594  -412.325808108  -412.239120415  -412.325808108  -412.246749548
   414.500  -412.377315377  -412.327635577  -412.240227883  -412.327635577  -412.246763413
   415.000  -412.377543699  -412.329563852  -412.241824718  -412.329563852  -412.246783440
   415.500  -412.378053183  -412.331271877  -412.243544659  -412.331271877  -412.246777756
   416.000  -412.378891083  -412.332813256  -412.245388910  -412.332813256  -412.246747970
   416.500  -412.380471605  -412.334604550  -412.247722528  -412.334604550  -412.246717101
   417.000  -412.383228581  -412.337082552  -412.250931719  -412.337082552  -412.246712910
   417.500  -412.387202959  -412.340293612  -412.255011998  -412.340293612  -412.246754844
   418.000  -412.391762864  -412.343618996  -412.259292600  -412.343618996  -412.246842675
   418.500  -412.395641037  -412.345815336  -412.262477767  -412.345815336  -412.246943799
   419.000  -412.397467545  -412.345549402  -412.263186050  -412.345549402  -412.246988830
   419.500  -412.396809278  -412.342436204  -412.260996404  -412.342436204  -412.246908062
   420.000  -412.395069942  -412.337937388  -412.257347351  -412.337937388  -412.246738661
   420.500  -412.394779037  -412.334643892  -412.254819136  -412.334643892  -412.246662902
   421.000  -412.397004580  -412.333686213  -412.254532668  -412.333686213  -412.246782867
   421.500  -412.400034034  -412.333408687  -412.254824904  -412.333408687  -412.246936030
   422.000  -412.401592397  -412.331587286  -412.253471960  -412.331587286  -412.246933140
   422.500  -412.401529843  -412.328115094  -412.250388416  -412.328115094  -412.246793926
   423.000  -412.401658641  -412.324850547  -412.247466383  -412.324850547  -412.246670303
   423.500  -412.403652602  -412.323525439  -412.246475282  -412.323525439  -412.246650734
   424.000  -412.407714534  -412.324421881  -412.247722157  -412.324421881  -412.246698726
   424.500  -412.413026357  -412.326812210  -412.250495473  -412.326812210  -412.246738685
   425.000  -412.418828412  -412.330026745  -412.254130628  -412.330026745  -412.246742717
   425.500  -412.424910451  -412.333925431  -412.258492685  -412.333925431  -412.246725152
   426.000  -412.431423326  -412.338709557  -412.263779326  -412.338709557  -412.246716983
   426.500  -412.438431656  -412.344473156  -412.270079560  -412.344473156  -412.246744103
   427.000  -412.445505980  -412.350809051  -412.276973907  -412.350809051  -412.246817292
   427.500  -412.451605368  -412.356695902  -412.283430812  -412.356695902  -412.246905981
   428.000  -412.455565979  -412.360993672  -412.288297440  -412.360993672  -412.246935230
   428.500  -412.457192883  -412.363527137  -412.291387481  -412.363527137  -412.246849500
   429.000  -412.457897175  -412.365716032  -412.294098623  -412.365716032  -412.246736378
   429.500  -412.459331266  -412.369194574  -412.298030605  -412.369194574  -412.246775700
   430.000  -412.460932780  -412.373343321  -412.302516448  -412.373343321  -412.246971308
   430.500  -412.459910735  -412.375267517  -412.304610876  -412.375267517  -412.247125584
   431.000  -412.454001260  -412.372549029  -412.301867528  -412.372549029  -412.247108971
   431.500  -412.443426160  -412.365215496  -412.294321316  -412.365215496  -412.246962841
   432.000  -412.430436789  -412.355302390  -412.284055350  -412.355302390  -412.246797400
   432.500  -412.417709564  -412.345273594  -412.273608924  -412.345273594  -412.246690967
   433.000  -412.407115707  -412.336813233  -412.264750053  -412.336813233  -412.246653749
   433.500  -412.399467272  -412.330586191  -412.258217073  -412.330586191  -412.246654548
   434.000  -412.394912880  -412.326639015  -412.254111012  -412.326639015  -412.246666277
   434.500  -412.393328984  -412.324792939  -412.252279478  -412.324792939  -412.246685913
   435.000  -412.394405582  -412.324727432  -412.252404052  -412.324727432  -412.246721238
   435.500  -412.397559537  -412.325893920  -412.253912463  -412.325893920  -412.246776000
   436.000  -412.401922841  -412.327500795  -412.255977084  -412.327500795  -412.246834508
   436.500  -412.406614829  -412.328784045  -412.257790908  -412.328784045  -412.246854594
   437.000  -412.411411260  -412.329667716  -412.259249921  -412.329667716  -412.246778831
   437.500  -412.417497800  -412.331509079  -412.261703034  -412.331509079  -412.246623148
   438.000  -412.427050871  -412.336663866  -412.267532048  -412.336663866  -412.246556661
   438.500  -412.440767706  -412.346002087  -412.277657801  -412.346002087  -412.246733760
   439.000  -412.455847542  -412.356872296  -412.289498700  -412.356872296  -412.247028908
   439.500  -412.467740617  -412.364841029  -412.298684490  -412.364841029  -412.247199519
   440.000  -412.473583442  -412.367133036  -412.302467996  -412.367133036  -412.247176392
   440.500  -412.473376727  -412.363837271  -412.300879196  -412.363837271  -412.247042799
   441.000  -412.468872596  -412.356845923  -412.295597723  -412.356845923  -412.246890457
   441.500  -412.462155827  -412.348475720  -412.288535325  -412.348475720  -412.246761563
   442.000  -412.454954990  -412.340735514  -412.281201292  -412.340735514  -412.246664515
   442.500  -412.448555266  -412.335109315  -412.274715521  -412.335109315  -412.246608030
   443.000  -412.443815553  -412.332435661  -412.269909451  -412.332435661  -412.246601444
   443.500  -412.441013228  -412.332752409  -412.267141559  -412.332752409  -412.246655368
   444.000  -412.439606423  -412.335171131  -412.265946689  -412.335171131  -412.246766490
   444.500  -412.438184228  -412.337964868  -412.264882295  -412.337964868  -412.246907669
   445.000  -412.434909801  -412.339059233  -412.261969841  -412.339059233  -412.247008403
   445.500  -412.428645168  -412.337148381  -412.255890299  -412.337148381  -412.246966587
   446.000  -412.420357806  -412.333100942  -412.247466784  -412.333100942  -412.246762709
   446.500  -412.413217859  -412.330024910  -412.239776001  -412.330024910  -412.246578515
   447.000  -412.409902709  -412.330570020  -412.235465677  -412.330570020  -412.246636954
   447.500  -412.409631740  -412.333936436  -412.233781392  -412.333936436  -412.246862300
   448.000  -412.409128601  -412.336844579  -412.231543608  -412.336844579  -412.247011284
   448.500  -412.405998380  -412.336897563  -412.226522312  -412.336897563  -412.246998750
   449.000  -412.400120542  -412.333986352  -412.218832803  -412.333986352  -412.246901333
   449.500  -412.392753922  -412.329383807  -412.210008714  -412.329383807  -412.246800736
   450.000  -412.385350477  -412.324558433  -412.201775193  -412.324558433  -412.246725564
   450.500  -412.379070635  -412.320683010  -412.195518063  -412.320683010  -412.246671491
   451.000  -412.374768338  -412.318624969  -412.192237482  -412.318624969  -412.246635581
   451.500  -412.372998572  -412.318958010  -412.192539364  -412.318958010  -412.246625423
   452.000  -412.373889357  -412.321835242  -412.196494616  -412.321835242  -412.246654254
   452.500  -412.376958455  -412.326797692  -412.203456373  -412.326797692  -412.246730736
   453.000  -412.380999179  -412.332654126  -412.211963578  -412.332654126  -412.246852750
   453.500  -412.384170041  -412.337561861  -412.219868843  -412.337561861  -412.246991919
   454.000  -412.384512132  -412.339537344  -412.224905749  -412.339537344  -412.247072362
   454.500  -412.381129911  -412.337639726  -412.225922013  -412.337639726  -412.246990129
   455.000  -412.375617733  -412.333397096  -412.224340727  -412.333397096  -412.246740789
   455.500  -412.371813633  -412.330575603  -412.223924708  -412.330575603  -412.246552021
   456.000  -412.372487611  -412.331874864  -412.227448065  -412.331874864  -412.246641986
   456.500  -412.376406255  -412.336002732  -412.233730657  -412.336002732  -412.246877104
   457.000  -412.380084599  -412.339430480  -412.239357582  -412.339430480  -412.247000972
   457.500  -412.381381056  -412.339988236  -412.242246525  -412.339988236  -412.246964538
   458.000  -412.380466218  -412.337829913  -412.242595115  -412.337829913  -412.246863987
   458.500  -412.378604182  -412.334210700  -412.241651112  -412.334210700  -412.246783054
   459.000  -412.376926685  -412.330257310  -412.240488562  -412.330257310  -412.246743198
   459.500  -412.376047099  -412.326580800  -412.239634394  -412.326580800  -412.246728132
   460.000  -412.376240699  -412.323457032  -412.239267202  -412.323457032  -412.246718560
   460.500  -412.377692766  -412.321078570  -412.239483280  -412.321078570  -412.246710039
   461.000  -412.380551991  -412.319611391  -412.240366302  -412.319611391  -412.246711833
   461.500  -412.384777220  -412.319049544  -412.241845531  -412.319049544  -412.246740940
   462.000  -412.389894058  -412.318976664  -412.243461630  -412.318976664  -412.246809739
   462.500  -412.394847364  -412.318423523  -412.244224207  -412.318423523  -412.246907518
   463.000  -412.398244319  -412.316111405  -412.242855321  -412.316111405  -412.246974395
   463.500  -412.399318953  -412.311413079  -412.238749083  -412.311413079  -412.246907009
   464.000  -412.399367178  -412.305780280  -412.233395650  -412.305780280  -412.246678658
   464.500  -412.401835477  -412.302822294  -412.230454351  -412.302822294  -412.246494899
   465.000  -412.409268734  -412.305244593  -412.232684631  -412.305244593  -412.246589548
   465.500  -412.420201046  -412.311730134  -412.238825054  -412.311730134  -412.246834842
   466.000  -412.430869696  -412.318648194  -412.245304846  -412.318648194  -412.246955578
   466.500  -412.439063637  -412.323899696  -412.250093703  -412.323899696  -412.246912245
   467.000  -412.444971371  -412.327766690  -412.253541188  -412.327766690  -412.246826508
   467.500  -412.449605468  -412.331342518  -412.256775406  -412.331342518  -412.246778086
   468.000  -412.453591232  -412.335327828  -412.260453342  -412.335327828  -412.246759426
   468.500  -412.457174194  -412.340026220  -412.264750398  -412.340026220  -412.246739007
   469.000  -412.460654807  -412.345738502  -412.269820262  -412.345738502  -412.246716148
   469.500  -412.464420276  -412.352765616  -412.275870786  -412.352765616  -412.246718203
   470.000  -412.468556724  -412.361030304  -412.282807269  -412.361030304  -412.246765186
   470.500  -412.472518630  -412.369780744  -412.289904959  -412.369780744  -412.246857281
   471.000  -412.475121409  -412.377603269  -412.295810227  -412.377603269  -412.246978152
   471.500  -412.474771065  -412.382674685  -412.298768828  -412.382674685  -412.247104509
   472.000  -412.469899872  -412.383205245  -412.297075283  -412.383205245  -412.247178886
   472.500  -412.459879441  -412.378366571  -412.289992794  -412.378366571  -412.247104866
   473.000  -412.446371798  -412.369648454  -412.279114087  -412.369648454  -412.246847776
   473.500  -412.433523145  -412.361060001  -412.268549443  -412.361060001  -412.246607890
   474.000  -412.424974059  -412.356136155  -412.261922592  -412.356136155  -412.246647918
   474.500  -412.420339465  -412.354417370  -412.258832645  -412.354417370  -412.246865919
   475.000  -412.416573958  -412.352803803  -412.256221351  -412.352803803  -412.246958801
   475.500  -412.412112953  -412.349697140  -412.252520557  -412.349697140  -412.246868952
   476.000  -412.407950171  -412.346075721  -412.248732497  -412.346075721  -412.246746913
   476.500  -412.405666605  -412.343527321  -412.246440724  -412.343527321  -412.246713142
   477.000  -412.405686047  -412.342499130  -412.246053797  -412.342499130  -412.246757875
   477.500  -412.407300300  -412.342319951  -412.246814684  -412.342319951  -412.246804435
   478.000  -412.409748105  -412.342266763  -412.247890058  -412.342266763  -412.246795764
   478.500  -412.413045720  -412.342392605  -412.249208034  -412.342392605  -412.246736732
   479.000  -412.417949019  -412.343486468  -412.251443778  -412.343486468  -412.246678401
   479.500  -412.425209797  -412.346333931  -412.255290055  -412.346333931  -412.246681914
   480.000  -412.434689798  -412.350837229  -412.260590559  -412.350837229  -412.246771939
   480.500  -412.445008525  -412.355667892  -412.265995110  -412.355667892  -412.246910102
   481.000  -412.454115263  -412.358845447  -412.269540583  -412.358845447  -412.247004790
   481.500  -412.460636244  -412.359083226  -412.269999035  -412.359083226  -412.246963405
   482.000  -412.465112108  -412.357035423  -412.268109253  -412.357035423  -412.246809969
   482.500  -412.469567655  -412.354859830  -412.266137280  -412.354859830  -412.246723590
   483.000  -412.475024216  -412.353744961  -412.265366201  -412.353744961  -412.246824967
   483.500  -412.479970051  -412.352367932  -412.264559852  -412.352367932  -412.246971615
   484.000  -412.482196532  -412.348731151  -412.261778918  -412.348731151  -412.246981624
   484.500  -412.481350610  -412.342687247  -412.256918099  -412.342687247  -412.246849095
   485.000  -412.479144462  -412.336140219  -412.251893645  -412.336140219  -412.246693723
   485.500  -412.477744800  -412.331438517  -412.249042243  -412.331438517  -412.246618948
   486.000  -412.478109048  -412.330125462  -412.249515012  -412.330125462  -412.246458888
   486.500  -412.478793837  -412.334629265  -412.252209412  -412.334629265  -412.246896009
   487.000  -412.479523696  -412.340493431  -412.256489783  -412.340493431  -412.246969600
   487.500  -412.478969758  -412.345710222  -412.260721967  -412.345710222  -412.247006859
   488.000  -412.476209107  -412.349528896  -412.263801653  -412.349528896  -412.247009283
   488.500  -412.471174406  -412.351835335  -412.265469590  -412.351835335  -412.246990564
   489.000  -412.464327267  -412.352884802  -412.265969676  -412.352884802  -412.246976628
   489.500  -412.456177504  -412.352920685  -412.265588160  -412.352920685  -412.246978975
   490.000  -412.447034704  -412.352002318  -412.264411684  -412.352002318  -412.246974849
   490.500  -412.437322593  -412.350338251  -412.262664759  -412.350338251  -412.246920576
   491.000  -412.428056315  -412.348778870  -412.261195041  -412.348778870  -412.246848903
   491.500  -412.420310480  -412.348276828  -412.260946970  -412.348276828  -412.246867614
   492.000  -412.413779630  -412.348445827  -412.261508897  -412.348445827  -412.246994297
   492.500  -412.406622463  -412.347389097  -412.260948282  -412.347389097  -412.247104810
   493.000  -412.397152422  -412.343384246  -412.257494948  -412.343384246  -412.247113031
   493.500  -412.385140257  -412.336175162  -412.250849338  -412.336175162  -412.247040748
   494.000  -412.371625783  -412.326785998  -412.241995708  -412.326785998  -412.246936635
   494.500  -412.358259551  -412.316858400  -412.232549826  -412.316858400  -412.246815754
   495.000  -412.346978455  -412.308333198  -412.224437524  -412.308333198  -412.246691754
   495.500  -412.339704139  -412.303148772  -412.219602902  -412.303148772  -412.246610752
   496.000  -412.337623996  -412.302524663  -412.219295208  -412.302524663  -412.246624829
   496.500  -412.340478835  -412.306223875  -412.223361590  -412.306223875  -412.246741138
   497.000  -412.349655948  -412.306096035  -412.243579056  -412.306096035  -412.240527150
   497.500  -412.357334198  -412.313103733  -412.252461605  -412.313103733  -412.240638518
   498.000  -412.364139308  -412.319393906  -412.259577648  -412.319393906  -412.240728529
   498.500  -412.368718504  -412.323575862  -412.263737306  -412.323575862  -412.240749160
   499.000  -412.370868923  -412.325341257  -412.264905487  -412.325341257  -412.240663488
   499.500  -412.371921944  -412.325992491  -412.264532936  -412.325992491  -412.240496369
   500.000  -412.374316531  -412.327960495  -412.265184057  -412.327960495  -412.240378497
