     0.000  -412.519218226  -412.326019925  -412.286310471  -412.286310471  -412.232754697
     0.500  -412.526703161  -412.334266521  -412.292169863  -412.292169863  -412.232899620
     1.000  -412.533425040  -412.342551687  -412.298086464  -412.298086464  -412.233031725
     1.500  -412.537246339  -412.348857372  -412.302000962  -412.302000962  -412.233129373
     2.000  -412.536594525  -412.351820129  -412.302422823  -412.302422823  -412.233198232
     2.500  -412.530461369  -412.350762877  -412.298487804  -412.298487804  -412.233196032
     3.000  -412.518942304  -412.345863250  -412.290638202  -412.290638202  -412.233003218
     3.500  -412.504729338  -412.338984549  -412.281922273  -412.281922273  -412.232680940
     4.000  -412.493263582  -412.335276815  -412.277633093  -412.277633093  -412.232377522
     4.500  -412.489467641  -412.340002391  -412.282405978  -412.282405978  -412.232428251
     5.000  -412.492943544  -412.352941494  -412.295590444  -412.295590444  -412.232836786
     5.500  -412.498027985  -412.368389040  -412.311240682  -412.311240682  -412.233232341
     6.000  -412.498910530  -412.380333772  -412.323184500  -412.323184500  -412.233400826
     6.500  -412.493030767  -412.385889576  -412.328413457  -412.328413457  -412.233375455
     7.000  -412.480955250  -412.385205454  -412.326993836  -412.326993836  -412.233233154
     7.500  -412.465233201  -412.380368894  -412.320987326  -412.320987326  -412.233030309
     8.000  -412.449338489  -412.374413106  -412.313475296  -412.313475296  -412.232842336
     8.500  -412.436371704  -412.370086300  -412.307338395  -412.307338395  -412.232751149
     9.000  -412.427804213  -412.368641446  -412.304037552  -412.304037552  -412.232772770
     9.500  -412.423248550  -412.369617338  -412.303358722  -412.303358722  -412.232844740
    10.000  -412.421401321  -412.371750061  -412.304276087  -412.304276087  -412.232898039
    10.500  -412.421146743  -412.374027467  -412.305960440  -412.305960440  -412.232914010
    11.000  -412.421947890  -412.376035703  -412.308098439  -412.308098439  -412.232921241
    11.500  -412.423509526  -412.377597032  -412.310520991  -412.310520991  -412.232960973
    12.000  -412.425210376  -412.378196679  -412.312634428  -412.312634428  -412.233050917
    12.500  -412.425874632  -412.376763008  -412.313211583  -412.313211583  -412.233150653
    13.000  -412.424380067  -412.372283695  -412.311032676  -412.311032676  -412.233149572
    13.500  -412.421189216  -412.365341819  -412.306448407  -412.306448407  -412.232950729
    14.000  -412.419434467  -412.359198902  -412.302499213  -412.302499213  -412.232682728
    14.500  -412.422837070  -412.357718024  -412.302879249  -412.302879249  -412.232684286
    15.000  -412.431177066  -412.360842902  -412.307454707  -412.307454707  -412.233012760
    15.500  -412.439592951  -412.363897010  -412.311580498  -412.311580498  -412.233320100
    16.000  -412.443254671  -412.362234708  -412.310729165  -412.310729165  -412.233351066
    16.500  -412.441161200  -412.355014105  -412.304215562  -412.304215562  -412.233151457
    17.000  -412.435799713  -412.344850948  -412.294792991  -412.294792991  -412.232908337
    17.500  -412.430503651  -412.335182256  -412.285983355  -412.285983355  -412.232774917
    18.000  -412.427190198  -412.328015542  -412.279808030  -412.279808030  -412.232763227
    18.500  -412.426043853  -412.323613656  -412.276489213  -412.276489213  -412.232796324
    19.000  -412.426520599  -412.321497347  -412.275477806  -412.275477806  -412.232826532
    19.500  -412.428061374  -412.321156750  -412.276195923  -412.276195923  -412.232850702
    20.000  -412.430211387  -412.322173741  -412.278174686  -412.278174686  -412.232863827
    20.500  -412.432702171  -412.324307114  -412.281142469  -412.281142469  -412.232857568
    21.000  -412.435556237  -412.327596024  -412.285125235  -412.285125235  -412.232841252
    21.500  -412.438953496  -412.332222060  -412.290302828  -412.290302828  -412.232841417
    22.000  -412.442859355  -412.338132029  -412.296624170  -412.296624170  -412.232886103
    22.500  -412.446637364  -412.344644985  -412.303406769  -412.303406769  -412.232988503
    23.000  -412.448895234  -412.350293379  -412.309173249  -412.309173249  -412.233128441
    23.500  -412.447842795  -412.353180280  -412.312005594  -412.312005594  -412.233231589
    24.000  -412.442407562  -412.352098521  -412.310665701  -412.310665701  -412.233187624
    24.500  -412.433711632  -412.348021782  -412.306090126  -412.306090126  -412.232972646
    25.000  -412.425151385  -412.344200878  -412.301507940  -412.301507940  -412.232775632
    25.500  -412.419710306  -412.343491093  -412.299790956  -412.299790956  -412.232799692
    26.000  -412.417253144  -412.345641261  -412.300761706  -412.300761706  -412.232969803
    26.500  -412.415411204  -412.348159218  -412.302038624  -412.302038624  -412.233111844
    27.000  -412.411970891  -412.348682200  -412.301365884  -412.301365884  -412.233179934
    27.500  -412.405813517  -412.345917324  -412.297522596  -412.297522596  -412.233164378
    28.000  -412.397189142  -412.339930323  -412.290611344  -412.290611344  -412.233047937
    28.500  -412.387906235  -412.332359777  -412.282281650  -412.282281650  -412.232870940
    29.000  -412.380676120  -412.325783456  -412.275108609  -412.275108609  -412.232726137
    29.500  -412.377740900  -412.322363919  -412.271239203  -412.271239203  -412.232674035
    30.000  -412.379966057  -412.322948190  -412.271486723  -412.271486723  -412.232696801
    30.500  -412.387034439  -412.327256605  -412.275522485  -412.275522485  -412.232743101
    31.000  -412.398153764  -412.334578870  -412.282583389  -412.282583389  -412.232788172
    31.500  -412.412441765  -412.344149980  -412.291859403  -412.291859403  -412.232843234
    32.000  -412.428815064  -412.355036421  -412.302383155  -412.302383155  -412.232930746
    32.500  -412.445696718  -412.365843953  -412.312738291  -412.312738291  -412.233061565
    33.000  -412.460898002  -412.374598885  -412.320939183  -412.320939183  -412.233216727
    33.500  -412.471971084  -412.379097095  -412.324777004  -412.324777004  -412.233326660
    34.000  -412.477298627  -412.377982473  -412.322899561  -412.322899561  -412.233272847
    34.500  -412.477757726  -412.372391959  -412.316462998  -412.316462998  -412.232986763
    35.000  -412.477410038  -412.366623188  -412.309815175  -412.309815175  -412.232643680
    35.500  -412.480830519  -412.365450179  -412.307814699  -412.307814699  -412.232598066
    36.000  -412.488396422  -412.369412800  -412.311101551  -412.311101551  -412.232908662
    36.500  -412.495570890  -412.374111514  -412.315352995  -412.315352995  -412.233244300
    37.000  -412.497313147  -412.374616770  -412.315668291  -412.315668291  -412.233348515
    37.500  -412.491831644  -412.369212839  -412.310309984  -412.310309984  -412.233223671
    38.000  -412.480856513  -412.359649060  -412.300974549  -412.300974549  -412.232981078
    38.500  -412.468087240  -412.349578644  -412.291250199  -412.291250199  -412.232739492
    39.000  -412.457325717  -412.342698140  -412.284772101  -412.284772101  -412.232604418
    39.500  -412.450820056  -412.341111384  -412.283593857  -412.283593857  -412.232620572
    40.000  -412.448553391  -412.344633439  -412.287495282  -412.287495282  -412.232739323
    40.500  -412.448924627  -412.351480302  -412.294658360  -412.294658360  -412.232872416
    41.000  -412.450041839  -412.359559349  -412.302949117  -412.302949117  -412.232969529
    41.500  -412.450526854  -412.367266041  -412.310718654  -412.310718654  -412.233029532
    42.000  -412.449606321  -412.373581228  -412.316907775  -412.316907775  -412.233066654
    42.500  -412.446896360  -412.377867518  -412.320867356  -412.320867356  -412.233093438
    43.000  -412.442179620  -412.379666472  -412.322173783  -412.322173783  -412.233121549
    43.500  -412.435201306  -412.378515005  -412.320456260  -412.320456260  -412.233160836
    44.000  -412.425566150  -412.373856212  -412.315299799  -412.315299799  -412.233188541
    44.500  -412.413189391  -412.365490820  -412.306667621  -412.306667621  -412.233111428
    45.000  -412.399671407  -412.354941968  -412.296221803  -412.296221803  -412.232844538
    45.500  -412.389237496  -412.346382351  -412.288208883  -412.288208883  -412.232547132
    46.000  -412.386222762  -412.344115566  -412.286926248  -412.286926248  -412.232571911
    46.500  -412.390345176  -412.347851118  -412.292013028  -412.292013028  -412.232920996
    47.000  -412.396674067  -412.352661222  -412.298443405  -412.298443405  -412.233220410
    47.500  -412.400663847  -412.353994743  -412.301560186  -412.301560186  -412.233264192
    48.000  -412.401356632  -412.350874093  -412.300268840  -412.300268840  -412.233120213
    48.500  -412.400712864  -412.345242998  -412.296382499  -412.296382499  -412.232926912
    49.000  -412.401545514  -412.339932703  -412.292602989  -412.292602989  -412.232797817
    49.500  -412.405706449  -412.336879392  -412.290757731  -412.290757731  -412.232790235
    50.000  -412.413167102  -412.336221219  -412.290913888  -412.290913888  -412.232876396
    50.500  -412.422374196  -412.336650540  -412.291744466  -412.291744466  -412.232973508
    51.000  -412.431481890  -412.336621092  -412.291732485  -412.291732485  -412.233011085
    51.500  -412.439455512  -412.335418801  -412.290237372  -412.290237372  -412.232970118
    52.000  -412.446447384  -412.333508886  -412.287824966  -412.287824966  -412.232876106
    52.500  -412.453437265  -412.332156667  -412.285875103  -412.285875103  -412.232788202
    53.000  -412.461361927  -412.332548359  -412.285677685  -412.285677685  -412.232773818
    53.500  -412.470139280  -412.334816607  -412.287434161  -412.287434161  -412.232866764
    54.000  -412.478230317  -412.337610693  -412.289800719  -412.289800719  -412.233036427
    54.500  -412.483134831  -412.338606374  -412.290387152  -412.290387152  -412.233201734
    55.000  -412.482671600  -412.335790258  -412.287054757  -412.287054757  -412.233244817
    55.500  -412.476740373  -412.329188515  -412.279722227  -412.279722227  -412.233046748
    56.000  -412.468817576  -412.322316224  -412.271910644  -412.271910644  -412.232656333
    56.500  -412.464806172  -412.321037329  -412.269605467  -412.269605467  -412.232430553
    57.000  -412.467931831  -412.328504960  -412.276112231  -412.276112231  -412.232646219
    57.500  -412.475140301  -412.341566865  -412.288384705  -412.288384705  -412.233052593
    58.000  -412.480481106  -412.354119585  -412.300347994  -412.300347994  -412.233275113
    58.500  -412.480459183  -412.362441905  -412.308219352  -412.308219352  -412.233257513
    59.000  -412.475207058  -412.366367436  -412.311708983  -412.311708983  -412.233146820
    59.500  -412.466517564  -412.367335014  -412.312114814  -412.312114814  -412.233073280
    60.000  -412.455882084  -412.366457408  -412.310430128  -412.310430128  -412.233060348
    60.500  -412.444012793  -412.364070869  -412.306925145  -412.306925145  -412.233044500
    61.000  -412.431624775  -412.360541551  -412.301971558  -412.301971558  -412.232965989
    61.500  -412.420178432  -412.357032076  -412.296819198  -412.296819198  -412.232848765
    62.000  -412.411482880  -412.355132602  -412.293220043  -412.293220043  -412.232776035
    62.500  -412.406523624  -412.355704671  -412.292250833  -412.292250833  -412.232786025
    63.000  -412.404958476  -412.358372346  -412.293766023  -412.293766023  -412.232834343
    63.500  -412.405790939  -412.362172138  -412.297000564  -412.297000564  -412.232872170
    64.000  -412.408155581  -412.366303808  -412.301283555  -412.301283555  -412.232908287
    64.500  -412.411316583  -412.370103827  -412.305984942  -412.305984942  -412.232982407
    65.000  -412.414186477  -412.372553663  -412.310014826  -412.310014826  -412.233102942
    65.500  -412.415257698  -412.372209578  -412.311769542  -412.311769542  -412.233195706
    66.000  -412.413682186  -412.368285162  -412.310248538  -412.310248538  -412.233112521
    66.500  -412.411204168  -412.362583338  -412.307028973  -412.307028973  -412.232811262
    67.000  -412.412323218  -412.359662317  -412.306468924  -412.306468924  -412.232592891
    67.500  -412.420017451  -412.362574283  -412.311468073  -412.311468073  -412.232795530
    68.000  -412.431416981  -412.368558853  -412.319171941  -412.319171941  -412.233214910
    68.500  -412.440445631  -412.371684830  -412.323623779  -412.323623779  -412.233425946
    69.000  -412.443630347  -412.368631982  -412.321548167  -412.321548167  -412.233329069
    69.500  -412.441898573  -412.360467534  -412.314115915  -412.314115915  -412.233070954
    70.000  -412.438693261  -412.350759350  -412.305038908  -412.305038908  -412.232822747
    70.500  -412.437414505  -412.343028524  -412.297994592  -412.297994592  -412.232703436
    71.000  -412.439559679  -412.338900011  -412.294754818  -412.294754818  -412.232743988
    71.500  -412.444260511  -412.337633356  -412.294699713  -412.294699713  -412.232860258
    72.000  -412.449485537  -412.337300119  -412.296008134  -412.296008134  -412.232931985
    72.500  -412.453779871  -412.336484721  -412.297404686  -412.297404686  -412.232910526
    73.000  -412.457017532  -412.334989840  -412.298944166  -412.298944166  -412.232825720
    73.500  -412.459971640  -412.333393024  -412.301624959  -412.301624959  -412.232740559
    74.000  -412.463431137  -412.332393831  -412.306425227  -412.306425227  -412.232755294
    74.500  -412.467503034  -412.332669417  -412.313120998  -412.313120998  -412.232894581
    75.000  -412.471475104  -412.334474117  -412.319989633  -412.319989633  -412.233086892
    75.500  -412.473929148  -412.337196837  -412.324588807  -412.324588807  -412.233225332
    76.000  -412.473137507  -412.339050614  -412.325266096  -412.325266096  -412.233221305
    76.500  -412.468009579  -412.337834552  -412.322081578  -412.322081578  -412.233135860
    77.000  -412.459214921  -412.333405454  -412.316465371  -412.316465371  -412.232959370
    77.500  -412.449079784  -412.327718781  -412.310995341  -412.310995341  -412.232845005
    78.000  -412.439262062  -412.322254506  -412.307315424  -412.307315424  -412.232935580
    78.500  -412.428918507  -412.316127012  -412.304351955  -412.304351955  -412.233100664
    79.000  -412.416492099  -412.307994665  -412.299944713  -412.307994665  -412.233178600
    79.500  -412.401350523  -412.299733642  -412.292400010  -412.299733642  -412.232928859
    80.000  -412.386298471  -412.294749803  -412.281558355  -412.294749803  -412.233069944
    80.500  -412.372894867  -412.292009404  -412.271449560  -412.292009404  -412.233131660
    81.000  -412.361399975  -412.290502163  -412.262953738  -412.290502163  -412.233199677
    81.500  -412.351483943  -412.289162497  -412.255691327  -412.289162497  -412.233204768
    82.000  -412.343233381  -412.287761993  -412.249532279  -412.287761993  -412.233141124
    82.500  -412.337439616  -412.287082882  -412.245122362  -412.287082882  -412.233053531
    83.000  -412.335156270  -412.288305572  -412.243506706  -412.288305572  -412.232993280
    83.500  -412.337043938  -412.292257203  -412.245433379  -412.292257203  -412.232989446
    84.000  -412.342930546  -412.298940326  -412.250830935  -412.298940326  -412.233048808
    84.500  -412.351696341  -412.307406680  -412.258632986  -412.307406680  -412.233159571
    85.000  -412.361459738  -412.315941844  -412.266941375  -412.315941844  -412.233289507
    85.500  -412.370107965  -412.322595011  -412.273568310  -412.322595011  -412.233376934
    86.000  -412.376237846  -412.326119173  -412.277004548  -412.326119173  -412.233347843
    86.500  -412.380178825  -412.326989103  -412.277470999  -412.326989103  -412.233194164
    87.000  -412.384001439  -412.327407174  -412.276962941  -412.327407174  -412.233044487
    87.500  -412.389732500  -412.329514915  -412.277492367  -412.329514915  -412.233051807
    88.000  -412.397314953  -412.333354188  -412.279055210  -412.333354188  -412.233206198
    88.500  -412.404651451  -412.336907990  -412.279653612  -412.336907990  -412.233377274
    89.000  -412.409310554  -412.337810679  -412.276978265  -412.337810679  -412.233453574
    89.500  -412.410149822  -412.334975744  -412.270027365  -412.334975744  -412.233392358
    90.000  -412.407950258  -412.329243314  -412.259756528  -412.329243314  -412.233250923
    90.500  -412.404645677  -412.322603971  -412.248321298  -412.322603971  -412.233140528
    91.000  -412.401857043  -412.316662840  -412.237556347  -412.316662840  -412.233111875
    91.500  -412.400232523  -412.311925704  -412.228252274  -412.311925704  -412.233113687
    92.000  -412.399896722  -412.308411826  -412.220672747  -412.308411826  -412.233091261
    92.500  -412.401129469  -412.306414040  -412.215263757  -412.306414040  -412.233044611
    93.000  -412.404518773  -412.306567333  -412.212739624  -412.306567333  -412.233001396
    93.500  -412.410614048  -412.309465343  -412.213714576  -412.309465343  -412.232990276
    94.000  -412.419506944  -412.315237286  -412.218314794  -412.315237286  -412.233027382
    94.500  -412.430578055  -412.323300249  -412.225971983  -412.323300249  -412.233114900
    95.000  -412.442474065  -412.332336642  -412.235414565  -412.332336642  -412.233239673
    95.500  -412.453350854  -412.340532291  -412.244885987  -412.340532291  -412.233363759
    96.000  -412.461466822  -412.346169745  -412.252686375  -412.346169745  -412.233420990
    96.500  -412.466130060  -412.348580015  -412.258069440  -412.348580015  -412.233343592
    97.000  -412.468553784  -412.349009146  -412.262075643  -412.349009146  -412.233141857
    97.500  -412.471485941  -412.350270091  -412.267177410  -412.350270091  -412.232989685
    98.000  -412.476739107  -412.354278377  -412.274866146  -412.354278377  -412.233098496
    98.500  -412.482580090  -412.359404366  -412.283131500  -412.359404366  -412.233395758
    99.000  -412.485060102  -412.361474614  -412.287823736  -412.361474614  -412.233714713
    99.500  -412.482943980  -412.355816583  -412.289285377  -412.355816583  -412.231744993
   100.000  -412.474427267  -412.348636849  -412.286879610  -412.348636849  -412.231650879
   100.500  -412.463510971  -412.341102159  -412.282453146  -412.341102159  -412.231524814
   101.000  -412.452225446  -412.334983672  -412.277822627  -412.334983672  -412.231513557
   101.500  -412.440956281  -412.330440762  -412.273306393  -412.330440762  -412.231568067
   102.000  -412.429220836  -412.326645831  -412.268375744  -412.326645831  -412.231617721
   102.500  -412.416641700  -412.322804259  -412.262521681  -412.322804259  -412.231633900
   103.000  -412.403376396  -412.318627012  -412.255651067  -412.318627012  -412.231620264
   103.500  -412.390081195  -412.314323241  -412.248093237  -412.314323241  -412.231587582
   104.000  -412.377740139  -412.310452163  -412.240515255  -412.310452163  -412.231540741
   104.500  -412.367549667  -412.307838388  -412.233900976  -412.307838388  -412.231478943
   105.000  -412.360875014  -412.307559732  -412.229580099  -412.307559732  -412.231410929
   105.500  -412.359047800  -412.310763395  -412.229047173  -412.310763395  -412.231384467
   106.000  -412.362586091  -412.317895841  -412.233111597  -412.317895841  -412.231493704
   106.500  -412.369965122  -412.327447648  -412.240559541  -412.327447648  -412.231767169
   107.000  -412.377404767  -412.335723515  -412.247795898  -412.335723515  -412.232045097
   107.500  -412.381419999  -412.339352828  -412.251342185  -412.339352828  -412.231993794
   108.000  -412.383359004  -412.339802658  -412.252405963  -412.339802658  -412.231510353
   108.500  -412.390045882  -412.344008182  -412.257656311  -412.344008182  -412.231204037
   109.000  -412.405361235  -412.355973129  -412.270915050  -412.355973129  -412.231604361
   109.500  -412.423733185  -412.370273635  -412.286640502  -412.370273635  -412.232142400
   110.000  -412.437201807  -412.379105258  -412.296907599  -412.379105258  -412.232251508
   110.500  -412.443186577  -412.380041013  -412.299138981  -412.380041013  -412.232074534
   111.000  -412.443318867  -412.374870271  -412.294981906  -412.374870271  -412.231888798
   111.500  -412.439725768  -412.365892708  -412.286634519  -412.365892708  -412.231777672
   112.000  -412.433667567  -412.354548611  -412.275499237  -412.354548611  -412.231709044
   112.500  -412.425875628  -412.341741473  -412.262502720  -412.341741473  -412.231649402
   113.000  -412.417044154  -412.328312551  -412.248565657  -412.328312551  -412.231585184
   113.500  -412.408064072  -412.315262570  -412.234815591  -412.315262570  -412.231503313
   114.000  -412.400199663  -412.303924399  -412.222741332  -412.303924399  -412.231394459
   114.500  -412.395160031  -412.296035912  -412.214251041  -412.296035912  -412.231283180
   115.000  -412.394646017  -412.293300611  -412.211200868  -412.293300611  -412.231235206
   115.500  -412.399375354  -412.296429318  -412.214411774  -412.296429318  -412.231289351
   116.000  -412.408524683  -412.304594751  -412.223105710  -412.304594751  -412.231409652
   116.500  -412.420228634  -412.315933401  -412.235412534  -412.315933401  -412.231540194
   117.000  -412.432403726  -412.328364454  -412.249196924  -412.328364454  -412.231676534
   117.500  -412.442916000  -412.339748626  -412.262233260  -412.339748626  -412.231857876
   118.000  -412.449147580  -412.347443513  -412.271770309  -412.347443513  -412.232106658
   118.500  -412.447870884  -412.348161449  -412.274404265  -412.348161449  -412.232333670
   119.000  -412.436803594  -412.339513499  -412.267641516  -412.339513499  -412.232246508
   119.500  -412.418726636  -412.324148702  -412.254048250  -412.324148702  -412.231564783
   120.000  -412.404325111  -412.312657527  -412.244151639  -412.312657527  -412.230800541
   120.500  -412.404199697  -412.315632070  -412.248505140  -412.315632070  -412.231010861
   121.000  -412.415483415  -412.330249067  -412.264290222  -412.330249067  -412.231885133
   121.500  -412.425653803  -412.344001241  -412.279042316  -412.344001241  -412.232379179
   122.000  -412.426411729  -412.348539182  -412.284454583  -412.348539182  -412.232335537
   122.500  -412.417212514  -412.343213449  -412.279897418  -412.343213449  -412.232061070
   123.000  -412.401544914  -412.331376251  -412.268726123  -412.331376251  -412.231757620
   123.500  -412.383797265  -412.317265891  -412.255181687  -412.317265891  -412.231515800
   124.000  -412.367636657  -412.304400708  -412.242793580  -412.304400708  -412.231390711
   124.500  -412.355084463  -412.294665734  -412.233469072  -412.294665734  -412.231377829
   125.000  -412.346522637  -412.288326585  -412.227502647  -412.288326585  -412.231408715
   125.500  -412.341627440  -412.284964940  -412.224509970  -412.284964940  -412.231420578
   126.000  -412.340273862  -412.284382998  -412.224324890  -412.284382998  -412.231404603
   126.500  -412.342713973  -412.286779615  -412.227172139  -412.286779615  -412.231386144
   127.000  -412.349224388  -412.292400341  -412.233306115  -412.292400341  -412.231393842
   127.500  -412.359691446  -412.301122664  -412.242594741  -412.301122664  -412.231443693
   128.000  -412.373372744  -412.312221090  -412.254286380  -412.312221090  -412.231539151
   128.500  -412.388848229  -412.324325719  -412.266970562  -412.324325719  -412.231679475
   129.000  -412.404067736  -412.335476483  -412.278642873  -412.335476483  -412.231865467
   129.500  -412.416411626  -412.343194268  -412.286781857  -412.343194268  -412.232084263
   130.000  -412.423070579  -412.344864103  -412.288742827  -412.344864103  -412.232215657
   130.500  -412.423012309  -412.339685736  -412.283720523  -412.339685736  -412.231950112
   131.000  -412.420970935  -412.332613835  -412.276700164  -412.332613835  -412.231233797
   131.500  -412.426882387  -412.333732528  -412.277827562  -412.333732528  -412.230967902
   132.000  -412.443965592  -412.346325438  -412.290451352  -412.346325438  -412.231659771
   132.500  -412.462801305  -412.361027653  -412.305242916  -412.361027653  -412.232310733
   133.000  -412.473510493  -412.368074815  -412.312450251  -412.368074815  -412.232361028
   133.500  -412.473967199  -412.365511954  -412.310108674  -412.365511954  -412.232118412
   134.000  -412.466708786  -412.356051363  -412.300906826  -412.356051363  -412.231861851
   134.500  -412.455033305  -412.343128829  -412.288237544  -412.343128829  -412.231655824
   135.000  -412.441798934  -412.329684063  -412.274988406  -412.329684063  -412.231499500
   135.500  -412.429280646  -412.318020156  -412.263415258  -412.318020156  -412.231393253
   136.000  -412.419093519  -412.309739049  -412.255092092  -412.309739049  -412.231337375
   136.500  -412.412133014  -412.305696178  -412.250866962  -412.305696178  -412.231327648
   137.000  -412.408606156  -412.306040054  -412.250894675  -412.306040054  -412.231355612
   137.500  -412.408153755  -412.310333164  -412.254741229  -412.310333164  -412.231410001
   138.000  -412.410034341  -412.317729713  -412.261544757  -412.317729713  -412.231478110
   138.500  -412.413350588  -412.327190163  -412.270224250  -412.327190163  -412.231545840
   139.000  -412.417275787  -412.337705683  -412.279707347  -412.337705683  -412.231605324
   139.500  -412.421180818  -412.348428987  -412.289083294  -412.348428987  -412.231666254
   140.000  -412.424465148  -412.358528265  -412.297482807  -412.358528265  -412.231770433
   140.500  -412.425937461  -412.366596534  -412.303510165  -412.366596534  -412.231981402
   141.000  -412.422961647  -412.369828712  -412.304424832  -412.369828712  -412.232323539
   141.500  -412.411397467  -412.363969955  -412.296069795  -412.363969955  -412.232630893
   142.000  -412.388488490  -412.346191238  -412.275692859  -412.346191238  -412.232401196
   142.500  -412.359809827  -412.322007097  -412.248806124  -412.322007097  -412.231364485
   143.000  -412.340963509  -412.306966210  -412.230874158  -412.306966210  -412.230748253
   143.500  -412.340344507  -412.309453291  -412.230244395  -412.309453291  -412.231533135
   144.000  -412.347058628  -412.318622246  -412.236242765  -412.318622246  -412.232351664
   144.500  -412.347957366  -412.321380639  -412.236155194  -412.321380639  -412.232348715
   145.000  -412.340808980  -412.315523563  -412.228193581  -412.315523563  -412.231951949
   145.500  -412.330039735  -412.305478275  -412.217092119  -412.305478275  -412.231592657
   146.000  -412.320429754  -412.296013053  -412.207753486  -412.296013053  -412.231390113
   146.500  -412.314847813  -412.289975755  -412.202990486  -412.289975755  -412.231321901
   147.000  -412.314282954  -412.288324371  -412.203590923  -412.288324371  -412.231342845
   147.500  -412.318410085  -412.290690887  -412.208931663  -412.290690887  -412.231418678
   148.000  -412.326082099  -412.295875868  -412.217518091  -412.295875868  -412.231523804
   148.500  -412.335742009  -412.302267168  -412.227442883  -412.302267168  -412.231623694
   149.000  -412.345970045  -412.308397850  -412.236971965  -412.308397850  -412.231666968
   149.500  -412.356239655  -412.313713461  -412.245335539  -412.313713461  -412.231612844
   150.000  -412.367441008  -412.319106444  -412.253278316  -412.319106444  -412.231492244
   150.500  -412.381322149  -412.326369011  -412.262512505  -412.326369011  -412.231429020
   151.000  -412.398660472  -412.336377367  -412.273889156  -412.336377367  -412.231544206
   151.500  -412.417571365  -412.347405180  -412.285695575  -412.347405180  -412.231833451
   152.000  -412.433640868  -412.355246466  -412.293760585  -412.355246466  -412.232173886
   152.500  -412.441883538  -412.355144965  -412.293365418  -412.355144965  -412.232377858
   153.000  -412.439784662  -412.344797547  -412.282230168  -412.344797547  -412.232182939
   153.500  -412.431020508  -412.328049340  -412.264202076  -412.328049340  -412.231474595
   154.000  -412.426099260  -412.315551449  -412.249930626  -412.315551449  -412.230852871
   154.500  -412.433510866  -412.315966322  -412.248100255  -412.315966322  -412.231098302
   155.000  -412.449815171  -412.326081385  -412.255546981  -412.326081385  -412.231766811
   155.500  -412.465175446  -412.336302704  -412.262704636  -412.336302704  -412.232065214
   156.000  -412.474163660  -412.341397415  -412.264339392  -412.341397415  -412.231970890
   156.500  -412.477095769  -412.341798193  -412.260879198  -412.341798193  -412.231782396
   157.000  -412.476204958  -412.339766676  -412.254632027  -412.339766676  -412.231665125
   157.500  -412.473088259  -412.336849965  -412.247253759  -412.336849965  -412.231636868
   158.000  -412.468295381  -412.333477117  -412.239359229  -412.333477117  -412.231640726
   158.500  -412.462045350  -412.329696104  -412.231231366  -412.329696104  -412.231613858
   159.000  -412.455071294  -412.326037353  -412.223649647  -412.326037353  -412.231539903
   159.500  -412.448795839  -412.323713585  -412.218050728  -412.323713585  -412.231458863
   160.000  -412.444703079  -412.324018120  -412.215870651  -412.324018120  -412.231417139
   160.500  -412.443659278  -412.327656640  -412.217878111  -412.327656640  -412.231416674
   161.000  -412.445781591  -412.334629022  -412.224050984  -412.334629022  -412.231456986
   161.500  -412.450488163  -412.344265986  -412.233670080  -412.344265986  -412.231542817
   162.000  -412.456470855  -412.355203610  -412.245304022  -412.355203610  -412.231671264
   162.500  -412.461814732  -412.365483773  -412.256939150  -412.365483773  -412.231831762
   163.000  -412.464162097  -412.372716726  -412.266124901  -412.372716726  -412.232031957
   163.500  -412.460738617  -412.374092025  -412.269987034  -412.374092025  -412.232250225
   164.000  -412.448846516  -412.366873266  -412.265704452  -412.366873266  -412.232343439
   164.500  -412.428084618  -412.350614606  -412.252719574  -412.350614606  -412.232037390
   165.000  -412.403875082  -412.330697896  -412.236243833  -412.330697896  -412.231332648
   165.500  -412.386558245  -412.317425023  -412.226338335  -412.317425023  -412.230951686
   166.000  -412.381523143  -412.316129626  -412.228109364  -412.316129626  -412.231379871
   166.500  -412.383061075  -412.321000081  -412.235680179  -412.321000081  -412.231965030
   167.000  -412.382600069  -412.323310424  -412.240475126  -412.323310424  -412.232109041
   167.500  -412.377310253  -412.320059696  -412.239743344  -412.320059696  -412.231898467
   168.000  -412.369685688  -412.313597340  -412.236037999  -412.313597340  -412.231634475
   168.500  -412.363348018  -412.307445877  -412.232952434  -412.307445877  -412.231506413
   169.000  -412.360136512  -412.303391674  -412.232204107  -412.303391674  -412.231518452
   169.500  -412.359907885  -412.301261243  -412.233472856  -412.301261243  -412.231558624
   170.000  -412.362037580  -412.300414859  -412.235951461  -412.300414859  -412.231546455
   170.500  -412.366626086  -412.300942026  -412.239597146  -412.300942026  -412.231486370
   171.000  -412.374436264  -412.303622778  -412.245083569  -412.303622778  -412.231439328
   171.500  -412.386025468  -412.309078905  -412.252955096  -412.309078905  -412.231451146
   172.000  -412.401034539  -412.317086411  -412.262927926  -412.317086411  -412.231520132
   172.500  -412.418183479  -412.326571501  -412.273892865  -412.326571501  -412.231614261
   173.000  -412.435733245  -412.336058926  -412.284365508  -412.336058926  -412.231712977
   173.500  -412.451840945  -412.344001642  -412.292809875  -412.344001642  -412.231819548
   174.000  -412.464616179  -412.348805933  -412.297658871  -412.348805933  -412.231928847
   174.500  -412.472286940  -412.348970374  -412.297441160  -412.348970374  -412.231983578
   175.000  -412.474092074  -412.343944665  -412.291650834  -412.343944665  -412.231876104
   175.500  -412.471705974  -412.335536891  -412.282175886  -412.335536891  -412.231587481
   176.000  -412.469282953  -412.327967759  -412.273380078  -412.327967759  -412.231327523
   176.500  -412.470511015  -412.324973981  -412.269205125  -412.324973981  -412.231333041
   177.000  -412.475407544  -412.326664038  -412.269968707  -412.326664038  -412.231547347
   177.500  -412.480868197  -412.330102044  -412.272848370  -412.330102044  -412.231747045
   178.000  -412.483660020  -412.332289477  -412.274804789  -412.332289477  -412.231811589
   178.500  -412.482329867  -412.332024792  -412.274455395  -412.332024792  -412.231759301
   179.000  -412.477222343  -412.329843530  -412.272117143  -412.329843530  -412.231659133
   179.500  -412.469623926  -412.327092378  -412.268985779  -412.327092378  -412.231567009
   180.000  -412.460961766  -412.325093844  -412.266347397  -412.325093844  -412.231507441
   180.500  -412.452362125  -412.324729172  -412.265127787  -412.324729172  -412.231485776
   181.000  -412.444495579  -412.326326308  -412.265710552  -412.326326308  -412.231497935
   181.500  -412.437570189  -412.329705126  -412.267930631  -412.329705126  -412.231534725
   182.000  -412.431446014  -412.334320450  -412.271209449  -412.334320450  -412.231582701
   182.500  -412.425796642  -412.339445911  -412.274756185  -412.339445911  -412.231636267
   183.000  -412.420175281  -412.344252619  -412.277676360  -412.344252619  -412.231700626
   183.500  -412.413959709  -412.347767522  -412.278972831  -412.347767522  -412.231770352
   184.000  -412.406427704  -412.348977020  -412.277674009  -412.348977020  -412.231817266
   184.500  -412.397162930  -412.347257240  -412.273289070  -412.347257240  -412.231806775
   185.000  -412.386495489  -412.342835987  -412.266255217  -412.342835987  -412.231744860
   185.500  -412.375373560  -412.336662267  -412.257765000  -412.336662267  -412.231681817
   186.000  -412.364659294  -412.329678870  -412.248977800  -412.329678870  -412.231642567
   186.500  -412.354808074  -412.322463679  -412.240619256  -412.322463679  -412.231584950
   187.000  -412.346438516  -412.315764358  -412.233505417  -412.315764358  -412.231485638
   187.500  -412.340687944  -412.310827467  -412.228893227  -412.310827467  -412.231409126
   188.000  -412.338429774  -412.308604283  -412.227701297  -412.308604283  -412.231424169
   188.500  -412.339381245  -412.308854286  -412.229623109  -412.308854286  -412.231505422
   189.000  -412.342359729  -412.310408577  -412.233374517  -412.310408577  -412.231581758
   189.500  -412.346210805  -412.312108790  -412.237625164  -412.312108790  -412.231616768
   190.000  -412.350340929  -412.313358033  -412.241555328  -412.313358033  -412.231616582
   190.500  -412.354665525  -412.314086596  -412.244848004  -412.314086596  -412.231600479
   191.000  -412.359332798  -412.314489279  -412.247466721  -412.314489279  -412.231585678
   191.500  -412.364452686  -412.314758105  -412.249420682  -412.314758105  -412.231587279
   192.000  -412.369871434  -412.314850322  -412.250551055  -412.314850322  -412.231612201
   192.500  -412.375097928  -412.314399474  -412.250442421  -412.314399474  -412.231645352
   193.000  -412.379567219  -412.312960690  -412.248656557  -412.312960690  -412.231648631
   193.500  -412.383218900  -412.310575134  -412.245278067  -412.310575134  -412.231589635
   194.000  -412.386942357  -412.308210664  -412.241331923  -412.308210664  -412.231486475
   194.500  -412.392252893  -412.307445431  -412.238443359  -412.307445431  -412.231415361
   195.000  -412.400154853  -412.309350388  -412.237698550  -412.309350388  -412.231434957
   195.500  -412.408669252  -412.315099274  -412.239449408  -412.315099274  -412.232949307
   196.000  -412.419604879  -412.320511164  -412.242557495  -412.320511164  -412.233006800
   196.500  -412.430199109  -412.325842460  -412.244867410  -412.325842460  -412.233020754
   197.000  -412.439941000  -412.330702699  -412.245994279  -412.330702699  -412.233015152
   197.500  -412.448686746  -412.335043613  -412.245960666  -412.335043613  -412.233027894
   198.000  -412.456134179  -412.338669061  -412.244697577  -412.338669061  -412.233055439
   198.500  -412.461857798  -412.341252638  -412.242031353  -412.341252638  -412.233070666
   199.000  -412.465818240  -412.342693028  -412.237925058  -412.342693028  -412.233053504
   199.500  -412.468262123  -412.343340716  -412.232957761  -412.343340716  -412.233021417
   200.000  -412.469648619  -412.343772292  -412.228006770  -412.343772292  -412.233003678
   200.500  -412.470336433  -412.344363357  -412.223786524  -412.344363357  -412.233023271
   201.000  -412.470486723  -412.344870021  -412.220663378  -412.344870021  -412.233227762
   201.500  -412.471871802  -412.340292194  -412.222600649  -412.340292194  -412.228810867
   202.000  -412.469297070  -412.341442292  -412.223610146  -412.341442292  -412.228896752
   202.500  -412.465368300  -412.343655424  -412.224281382  -412.343655424  -412.228961840
   203.000  -412.460236119  -412.346057024  -412.226655920  -412.346057024  -412.228976732
   203.500  -412.454734102  -412.348207255  -412.231798871  -412.348207255  -412.228917993
   204.000  -412.449527948  -412.350542406  -412.239164444  -412.350542406  -412.228918707
   204.500  -412.444259594  -412.352857959  -412.247487560  -412.352857959  -412.228979985
   205.000  -412.437886988  -412.354143868  -412.255009900  -412.354143868  -412.229034914
   205.500  -412.429578988  -412.353460083  -412.260255267  -412.353460083  -412.229033042
   206.000  -412.419351887  -412.350658925  -412.262713128  -412.350658925  -412.228981991
   206.500  -412.407962419  -412.346319590  -412.262764677  -412.346319590  -412.228929526
   207.000  -412.396252027  -412.341111148  -412.261033197  -412.341111148  -412.228912248
   207.500  -412.384625793  -412.335292830  -412.257855967  -412.335292830  -412.228916228
   208.000  -412.373220316  -412.328898201  -412.253439072  -412.328898201  -412.228891005
   208.500  -412.362547330  -412.322388802  -412.248466077  -412.322388802  -412.228812574
   209.000  -412.353794250  -412.316949054  -412.244355073  -412.316949054  -412.228718646
   209.500  -412.348277226  -412.313927421  -412.242658717  -412.313927421  -412.228681262
   210.000  -412.346446431  -412.313827511  -412.244029112  -412.313827511  -412.228736950
   210.500  -412.347405086  -412.315814236  -412.247710916  -412.315814236  -412.228848442
   211.000  -412.349454427  -412.318250498  -412.252080516  -412.318250498  -412.228940628
   211.500  -412.351176328  -412.319771371  -412.255737008  -412.319771371  -412.228965358
   212.000  -412.352137381  -412.319982708  -412.258221145  -412.319982708  -412.228932330
   212.500  -412.352767746  -412.319337195  -412.259908069  -412.319337195  -412.228889575
   213.000  -412.353686014  -412.318460601  -412.261343415  -412.318460601  -412.228877164
   213.500  -412.355119160  -412.317577367  -412.262671442  -412.317577367  -412.228896375
   214.000  -412.356856801  -412.316473450  -412.263597819  -412.316473450  -412.228919221
   214.500  -412.358634062  -412.314887854  -412.263781941  -412.314887854  -412.228916071
   215.000  -412.360560011  -412.312947390  -412.263274820  -412.312947390  -412.228872851
   215.500  -412.363310718  -412.311363547  -412.262718228  -412.311363547  -412.228802358
   216.000  -412.367925603  -412.311225970  -412.263149981  -412.311225970  -412.228744674
   216.500  -412.375204264  -412.313398662  -412.265402365  -412.313398662  -412.228743849
   217.000  -412.385091307  -412.317900709  -412.269492960  -412.317900709  -412.228804458
   217.500  -412.396598866  -412.323830208  -412.274544049  -412.323830208  -412.228895033
   218.000  -412.408244904  -412.329801658  -412.279221518  -412.329801658  -412.228986567
   218.500  -412.418485516  -412.334380570  -412.282159991  -412.334380570  -412.229065851
   219.000  -412.425977731  -412.336345158  -412.282225739  -412.336345158  -412.229108914
   219.500  -412.429969023  -412.335075283  -412.278898613  -412.335075283  -412.229079221
   220.000  -412.430829800  -412.331081209  -412.272800279  -412.331081209  -412.228962042
   220.500  -412.430223376  -412.326170924  -412.265849435  -412.326170924  -412.228802893
   221.000  -412.430408139  -412.322752717  -412.260553956  -412.322752717  -412.228692518
   221.500  -412.432916301  -412.322516815  -412.258678179  -412.322516815  -412.228692495
   222.000  -412.437654868  -412.325537525  -412.260334137  -412.325537525  -412.228780679
   222.500  -412.443193950  -412.330549385  -412.264257394  -412.330549385  -412.228886137
   223.000  -412.447781149  -412.335937455  -412.268792762  -412.335937455  -412.228964078
   223.500  -412.450073215  -412.340437234  -412.272608080  -412.340437234  -412.229013534
   224.000  -412.449235138  -412.343209632  -412.274765200  -412.343209632  -412.229052384
   224.500  -412.444755258  -412.343641986  -412.274541097  -412.343641986  -412.229080885
   225.000  -412.436456040  -412.341359429  -412.271443217  -412.341359429  -412.229074528
   225.500  -412.424849510  -412.336589258  -412.265605251  -412.336589258  -412.228999329
   226.000  -412.411539828  -412.330583822  -412.258213702  -412.330583822  -412.228866373
   226.500  -412.398961394  -412.325384985  -412.251296045  -412.325384985  -412.228758411
   227.000  -412.389120776  -412.322601624  -412.246500742  -412.322601624  -412.228767411
   227.500  -412.382300315  -412.322148317  -412.243852453  -412.322148317  -412.228879021
   228.000  -412.377239393  -412.322458085  -412.241968849  -412.322458085  -412.228980450
   228.500  -412.372705761  -412.322070516  -412.239643596  -412.322070516  -412.228981088
   229.000  -412.368800728  -412.320944967  -412.237118352  -412.320944967  -412.228891059
   229.500  -412.366875817  -412.320366266  -412.235931348  -412.320366266  -412.228791713
   230.000  -412.368377415  -412.321776736  -412.237670186  -412.321776736  -412.228758255
   230.500  -412.373770663  -412.325685948  -412.242836819  -412.325685948  -412.228791467
   231.000  -412.382478289  -412.331612584  -412.250780900  -412.331612584  -412.228834885
   231.500  -412.393633932  -412.338850187  -412.260505386  -412.338850187  -412.228851064
   232.000  -412.406593064  -412.346999104  -412.271256917  -412.346999104  -412.228863954
   232.500  -412.420637603  -412.355678369  -412.282301218  -412.355678369  -412.228916333
   233.000  -412.434429883  -412.363964155  -412.292409995  -412.363964155  -412.229009544
   233.500  -412.446051093  -412.370379816  -412.299879411  -412.370379816  -412.229102371
   234.000  -412.453653651  -412.373485352  -412.303136315  -412.373485352  -412.229153272
   234.500  -412.456130555  -412.372501953  -412.301377354  -412.372501953  -412.229142065
   235.000  -412.453329969  -412.367699206  -412.295021635  -412.367699206  -412.228972592
   235.500  -412.446321847  -412.360159644  -412.287653835  -412.360159644  -412.228972933
   236.000  -412.437649753  -412.351059205  -412.278374085  -412.351059205  -412.228854920
   236.500  -412.428669874  -412.342566382  -412.268723494  -412.342566382  -412.228796275
   237.000  -412.420493316  -412.335622990  -412.260007949  -412.335622990  -412.228818501
   237.500  -412.413039980  -412.329962488  -412.252289262  -412.329962488  -412.228866453
   238.000  -412.405811188  -412.324907745  -412.245142481  -412.324907745  -412.228862790
   238.500  -412.398961683  -412.320453873  -412.238721412  -412.320453873  -412.228802874
   239.000  -412.393401171  -412.317374784  -412.233879699  -412.317374784  -412.228747321
   239.500  -412.389949346  -412.316387600  -412.231344462  -412.316387600  -412.228747661
   240.000  -412.388595141  -412.317413458  -412.231002665  -412.317413458  -412.228799156
   240.500  -412.388537254  -412.319613078  -412.231956184  -412.319613078  -412.228862852
   241.000  -412.388759315  -412.321951558  -412.233109915  -412.321951558  -412.228901617
   241.500  -412.388606638  -412.323765278  -412.233750923  -412.323765278  -412.228897242
   242.000  -412.388073569  -412.325043443  -412.233833797  -412.325043443  -412.228856511
   242.500  -412.387701737  -412.326323756  -412.233876345  -412.326323756  -412.228812075
   243.000  -412.388095524  -412.328208502  -412.234474811  -412.328208502  -412.228805896
   243.500  -412.389313005  -412.330756124  -412.235698134  -412.330756124  -412.228857292
   244.000  -412.390575419  -412.333191493  -412.236796955  -412.333191493  -412.228948690
   244.500  -412.390514683  -412.334152406  -412.236444286  -412.334152406  -412.229038464
   245.000  -412.387795853  -412.332311202  -412.233345335  -412.332311202  -412.229080169
   245.500  -412.381826006  -412.327084327  -412.226941441  -412.327084327  -412.229038677
   246.000  -412.372855415  -412.319305441  -412.218614074  -412.319305441  -412.229055516
   246.500  -412.363687314  -412.310548669  -412.208797961  -412.310548669  -412.228910325
   247.000  -412.355960649  -412.303080035  -412.200284341  -412.303080035  -412.228829544
   247.500  -412.350868720  -412.298095006  -412.194284520  -412.298095006  -412.228842299
   248.000  -412.348225386  -412.295412901  -412.190668770  -412.295412901  -412.228900251
   248.500  -412.347121563  -412.294132612  -412.188612535  -412.294132612  -412.228945870
   249.000  -412.346766456  -412.293472197  -412.187414359  -412.293472197  -412.228962184
   249.500  -412.346794896  -412.293074673  -412.186779152  -412.293074673  -412.228959722
   250.000  -412.347161370  -412.292901543  -412.186695847  -412.292901543  -412.228948616
   250.500  -412.348006549  -412.293098567  -412.187293756  -412.293098567  -412.228927950
   251.000  -412.349666028  -412.294002912  -412.188847325  -412.294002912  -412.228890158
   251.500  -412.352774576  -412.296231362  -412.191847574  -412.296231362  -412.228832010
   252.000  -412.358187604  -412.300645484  -412.197044263  -412.300645484  -412.228788455
   252.500  -412.366526976  -412.307959639  -412.205223818  -412.307959639  -412.228779585
   253.000  -412.377922032  -412.318255063  -412.216301110  -412.318255063  -412.228844776
   253.500  -412.391373437  -412.330521079  -412.229190563  -412.330521079  -412.228973769
   254.000  -412.404958146  -412.342825644  -412.241923662  -412.342825644  -412.229119935
   254.500  -412.416531853  -412.353005688  -412.252323899  -412.353005688  -412.229234626
   255.000  -412.424481153  -412.359403291  -412.258748879  -412.359403291  -412.229288474
   255.500  -412.428239854  -412.361344081  -412.260604018  -412.361344081  -412.229263258
   256.000  -412.428541480  -412.359454885  -412.258660827  -412.359454885  -412.229128443
   256.500  -412.427014127  -412.355699998  -412.255036912  -412.355699998  -412.229003767
   257.000  -412.425739281  -412.352193914  -412.252079044  -412.352193914  -412.228932483
   257.500  -412.426029922  -412.350101095  -412.251094974  -412.350101095  -412.228972325
   258.000  -412.427492179  -412.348938279  -412.251730268  -412.348938279  -412.229075094
   258.500  -412.428695816  -412.347245001  -412.252570581  -412.347245001  -412.229144376
   259.000  -412.428539084  -412.343957745  -412.252412796  -412.343957745  -412.229135946
   259.500  -412.426963002  -412.339113645  -412.250974816  -412.339113645  -412.229071601
   260.000  -412.424744768  -412.333611298  -412.248786104  -412.333611298  -412.228993972
   260.500  -412.422897788  -412.328592521  -412.246690301  -412.328592521  -412.228937231
   261.000  -412.422140165  -412.324907259  -412.245356414  -412.324907259  -412.228918021
   261.500  -412.422646352  -412.322852480  -412.245031227  -412.322852480  -412.228928069
   262.000  -412.424184006  -412.322280854  -412.245656356  -412.322280854  -412.228938921
   262.500  -412.426540678  -412.323005844  -412.247250757  -412.323005844  -412.228928403
   263.000  -412.429843719  -412.325138488  -412.250162412  -412.325138488  -412.228904351
   263.500  -412.434390009  -412.328977315  -412.254834215  -412.328977315  -412.228904348
   264.000  -412.440141586  -412.334520068  -412.261305974  -412.334520068  -412.228949251
   264.500  -412.446432685  -412.341153370  -412.268957003  -412.341153370  -412.229030729
   265.000  -412.452058242  -412.347717592  -412.276612858  -412.347717592  -412.229134050
   265.500  -412.455508046  -412.352724722  -412.282764092  -412.352724722  -412.229234493
   266.000  -412.455402976  -412.354782683  -412.285975766  -412.354782683  -412.229281504
   266.500  -412.451242770  -412.353338978  -412.285621357  -412.353338978  -412.229239470
   267.000  -412.443860985  -412.349141966  -412.282351783  -412.349141966  -412.229143182
   267.500  -412.434865697  -412.343701444  -412.277570920  -412.343701444  -412.229069685
   268.000  -412.425524168  -412.338193294  -412.272360347  -412.338193294  -412.229045662
   268.500  -412.416350113  -412.333059154  -412.267090612  -412.333059154  -412.229029613
   269.000  -412.407663425  -412.328562567  -412.261985389  -412.328562567  -412.228983492
   269.500  -412.400131618  -412.325327109  -412.257653492  -412.325327109  -412.228924800
   270.000  -412.394578892  -412.324131490  -412.254887134  -412.324131490  -412.228899957
   270.500  -412.391335502  -412.325253754  -412.254000228  -412.325253754  -412.228941492
   271.000  -412.389791855  -412.328010919  -412.254372031  -412.328010919  -412.229042794
   271.500  -412.388511695  -412.330866067  -412.254558086  -412.330866067  -412.229162382
   272.000  -412.385871385  -412.332068365  -412.252929176  -412.332068365  -412.229237426
   272.500  -412.381021755  -412.330626536  -412.248650135  -412.330626536  -412.229199663
   273.000  -412.374853037  -412.327295775  -412.242658289  -412.327295775  -412.229025359
   273.500  -412.370212650  -412.324816294  -412.237889091  -412.324816294  -412.228806530
   274.000  -412.370421609  -412.326444983  -412.237775600  -412.326444983  -412.228735342
   274.500  -412.376502922  -412.333185932  -412.243440668  -412.333185932  -412.228912554
   275.000  -412.385808126  -412.342405089  -412.252284923  -412.342405089  -412.229205268
   275.500  -412.393903628  -412.349699018  -412.259854030  -412.349699018  -412.229396889
   276.000  -412.397738617  -412.352045090  -412.263014785  -412.352045090  -412.229391051
   276.500  -412.397186307  -412.349338069  -412.261515419  -412.349338069  -412.229233817
   277.000  -412.394448124  -412.343796414  -412.257415364  -412.343796414  -412.229040028
   277.500  -412.392350056  -412.338265089  -412.253411686  -412.338265089  -412.228913535
   278.000  -412.392769148  -412.334651377  -412.251284265  -412.334651377  -412.228883713
   278.500  -412.396147049  -412.333442780  -412.251428588  -412.333442780  -412.228906309
   279.000  -412.402046520  -412.334273379  -412.253414496  -412.334273379  -412.228936597
   279.500  -412.409818537  -412.336591077  -412.256665366  -412.336591077  -412.228965714
   280.000  -412.418770016  -412.339830062  -412.260635564  -412.339830062  -412.229010140
   280.500  -412.427980855  -412.343215909  -412.264644326  -412.343215909  -412.229085112
   281.000  -412.436145301  -412.345578085  -412.267749868  -412.345578085  -412.229189226
   281.500  -412.441712601  -412.345458583  -412.268926026  -412.345458583  -412.229272085
   282.000  -412.443466087  -412.342052002  -412.267313319  -412.342052002  -412.229158375
   282.500  -412.441238903  -412.337254881  -412.262070354  -412.337254881  -412.228865513
   283.000  -412.436736350  -412.333956747  -412.255398646  -412.333956747  -412.229170301
   283.500  -412.434278333  -412.331676761  -412.252636754  -412.331676761  -412.228887351
   284.000  -412.435625767  -412.333005840  -412.254157514  -412.333005840  -412.228912235
   284.500  -412.439834318  -412.337551030  -412.258691962  -412.337551030  -412.229086912
   285.000  -412.444071641  -412.342607613  -412.263323462  -412.342607613  -412.229286067
   285.500  -412.445230823  -412.345119408  -412.264923750  -412.345119408  -412.229396040
   286.000  -412.441602663  -412.343383255  -412.261785319  -412.343383255  -412.229365249
   286.500  -412.433652716  -412.337825299  -412.254383614  -412.337825299  -412.229222186
   287.000  -412.423577676  -412.330591688  -412.244943620  -412.330591688  -412.229044521
   287.500  -412.413799716  -412.324536362  -412.236302767  -412.324536362  -412.229165134
   288.000  -412.406649363  -412.320826239  -412.229428533  -412.320826239  -412.229166743
   288.500  -412.401967708  -412.319702616  -412.224771371  -412.319702616  -412.229246181
   289.000  -412.398768529  -412.320018050  -412.221239708  -412.320018050  -412.229304246
   289.500  -412.395592619  -412.320501399  -412.217686698  -412.320501399  -412.229364158
   290.000  -412.391627394  -412.320147154  -412.213268463  -412.320147154  -412.229391857
   290.500  -412.386472063  -412.318494164  -412.207682936  -412.318494164  -412.229394104
   291.000  -412.380162667  -412.315538407  -412.201106042  -412.315538407  -412.229362971
   291.500  -412.373281195  -412.311829091  -412.194279685  -412.311829091  -412.229295599
   292.000  -412.366928563  -412.308440647  -412.188465565  -412.308440647  -412.229236800
   292.500  -412.362048569  -412.306294945  -412.184732544  -412.306294945  -412.229261424
   293.000  -412.358444264  -412.305177994  -412.182931885  -412.305177994  -412.229357268
   293.500  -412.355035022  -412.303995167  -412.181924033  -412.303995167  -412.229384209
   294.000  -412.351744965  -412.302656216  -412.181470939  -412.302656216  -412.229254974
   294.500  -412.350546274  -412.303118033  -412.183331237  -412.303118033  -412.229108987
   295.000  -412.353847246  -412.307912674  -412.189633678  -412.307912674  -412.229681771
   295.500  -412.360189740  -412.315271890  -412.199003426  -412.315271890  -412.229881337
   296.000  -412.366961955  -412.322752265  -412.208686365  -412.322752265  -412.230028801
   296.500  -412.371754788  -412.327960246  -412.216241176  -412.327960246  -412.230024318
   297.000  -412.374295293  -412.330645299  -412.221328352  -412.330645299  -412.229926349
   297.500  -412.375756814  -412.332006025  -412.225016394  -412.332006025  -412.229838310
   298.000  -412.377297794  -412.333222181  -412.228339198  -412.333222181  -412.229817729
   298.500  -412.379195798  -412.334576975  -412.231453545  -412.334576975  -412.229854937
   299.000  -412.380960703  -412.335542068  -412.233765990  -412.335542068  -412.229906965
   299.500  -412.382052941  -412.335374107  -412.234630646  -412.335374107  -412.229956056
   300.000  -412.382767090  -412.333558838  -412.234311912  -412.333558838  -412.229755858
   300.500  -412.383204213  -412.331652547  -412.234073096  -412.331652547  -412.229706665
   301.000  -412.385060964  -412.331221074  -412.235192139  -412.331221074  -412.229619505
   301.500  -412.390052739  -412.333504402  -412.239053491  -412.333504402  -412.229630143
   302.000  -412.398159918  -412.338301129  -412.245514355  -412.338301129  -412.229784821
   302.500  -412.407235250  -412.343361934  -412.252335478  -412.343361934  -412.230003299
   303.000  -412.414203084  -412.345554934  -412.256352685  -412.345554934  -412.230164589
   303.500  -412.416875374  -412.342678334  -412.255302569  -412.342678334  -412.230179819
   304.000  -412.415449887  -412.334806269  -412.249428441  -412.334806269  -412.229935881
   304.500  -412.412645350  -412.325048065  -412.241264231  -412.325048065  -412.229645236
   305.000  -412.412825167  -412.317806980  -412.235370161  -412.317806980  -412.229467601
   305.500  -412.418437130  -412.315791560  -412.234419349  -412.315791560  -412.229557275
   306.000  -412.427971025  -412.317831226  -412.237249671  -412.317831226  -412.229768720
   306.500  -412.437947095  -412.320826665  -412.240797889  -412.320826665  -412.229877433
   307.000  -412.446134334  -412.322913373  -412.243231936  -412.322913373  -412.229851432
   307.500  -412.452267920  -412.324139548  -412.244606805  -412.324139548  -412.229793421
   308.000  -412.456719243  -412.325173074  -412.245545789  -412.325173074  -412.229772686
   308.500  -412.459324896  -412.326267832  -412.246141978  -412.326267832  -412.229798677
   309.000  -412.459665771  -412.327041049  -412.246110517  -412.327041049  -412.229811111
   309.500  -412.458175589  -412.327385290  -412.245681478  -412.327385290  -412.229708006
   310.000  -412.456583088  -412.328727307  -412.246350555  -412.328727307  -412.229557942
   310.500  -412.457098287  -412.333097135  -412.250177668  -412.333097135  -412.229523291
   311.000  -412.460301105  -412.340888994  -412.257605300  -412.340888994  -412.229671153
   311.500  -412.464243173  -412.349969585  -412.266530227  -412.349969585  -412.229877982
   312.000  -412.466061799  -412.357299045  -412.273916811  -412.357299045  -412.230011453
   312.500  -412.463840150  -412.360796643  -412.277667335  -412.360796643  -412.230058680
   313.000  -412.456941558  -412.359680302  -412.276964788  -412.359680302  -412.230060271
   313.500  -412.445532327  -412.353997234  -412.271796786  -412.353997234  -412.230024099
   314.000  -412.430495393  -412.344537095  -412.262856827  -412.344537095  -412.229908924
   314.500  -412.413968329  -412.333358707  -412.252075873  -412.333358707  -412.229689594
   315.000  -412.399494464  -412.323937077  -412.242780106  -412.323937077  -412.229472738
   315.500  -412.390365260  -412.319501209  -412.238073570  -412.319501209  -412.229445515
   316.000  -412.387001871  -412.320431911  -412.238259480  -412.320431911  -412.229631492
   316.500  -412.386653644  -412.323959027  -412.240558962  -412.323959027  -412.229851004
   317.000  -412.385858412  -412.326622743  -412.241551161  -412.326622743  -412.229971463
   317.500  -412.382544463  -412.326355830  -412.239255726  -412.326355830  -412.229976773
   318.000  -412.376530092  -412.322982664  -412.233621205  -412.322982664  -412.229860771
   318.500  -412.369662648  -412.318349473  -412.226663041  -412.318349473  -412.229623328
   319.000  -412.365498218  -412.316013937  -412.222128763  -412.316013937  -412.229425022
   319.500  -412.366830136  -412.318779823  -412.222992551  -412.318779823  -412.229492884
   320.000  -412.372673265  -412.325686100  -412.228404917  -412.325686100  -412.229755412
   320.500  -412.379233363  -412.332968225  -412.234644233  -412.332968225  -412.229936933
   321.000  -412.383661022  -412.337794583  -412.238884302  -412.337794583  -412.229936490
   321.500  -412.385666121  -412.339876159  -412.240823528  -412.339876159  -412.229841860
   322.000  -412.386462629  -412.340410097  -412.241647240  -412.340410097  -412.229755980
   322.500  -412.387257483  -412.340580784  -412.242514898  -412.340580784  -412.229731407
   323.000  -412.388440589  -412.340751608  -412.243754715  -412.340751608  -412.229768965
   323.500  -412.389531208  -412.340417661  -412.244803278  -412.340417661  -412.229834446
   324.000  -412.389698168  -412.338724146  -412.244727236  -412.338724146  -412.229866801
   324.500  -412.388652310  -412.335361431  -412.243117489  -412.335361431  -412.229808885
   325.000  -412.387414675  -412.331337436  -412.240870182  -412.331337436  -412.229673495
   325.500  -412.387999738  -412.328677685  -412.239889583  -412.328677685  -412.229588136
   326.000  -412.391581784  -412.328603736  -412.241286230  -412.328603736  -412.229679602
   326.500  -412.396762880  -412.329809703  -412.243660964  -412.329809703  -412.229908255
   327.000  -412.400197164  -412.329066937  -412.243727967  -412.329066937  -412.230090209
   327.500  -412.399309076  -412.323912753  -412.239012614  -412.323912753  -412.230044369
   328.000  -412.394966373  -412.315298746  -412.230505840  -412.315298746  -412.229740250
   328.500  -412.391638428  -412.307750624  -412.222811502  -412.307750624  -412.229462785
   329.000  -412.393158855  -412.305156477  -412.219905905  -412.305156477  -412.229554512
   329.500  -412.398144558  -412.306216150  -412.220558644  -412.306216150  -412.229859286
   330.000  -412.402011102  -412.306465592  -412.220351026  -412.306465592  -412.230000087
   330.500  -412.402166893  -412.303454858  -412.216868659  -412.303454858  -412.229912885
   331.000  -412.399327029  -412.298037547  -412.211008038  -412.298037547  -412.229744580
   331.500  -412.396346553  -412.292959598  -412.204978249  -412.292959598  -412.230064349
   332.000  -412.393624707  -412.289356973  -412.201010142  -412.289356973  -412.229996805
   332.500  -412.392792289  -412.288716040  -412.200010267  -412.288716040  -412.229988527
   333.000  -412.393935107  -412.291175303  -412.202117751  -412.291175303  -412.230022857
   333.500  -412.396559549  -412.296224922  -412.206823162  -412.296224922  -412.230084811
   334.000  -412.399831277  -412.302946684  -412.213199193  -412.302946684  -412.230154717
   334.500  -412.402878950  -412.310323210  -412.220204440  -412.310323210  -412.230204277
   335.000  -412.405190665  -412.317643011  -412.227091977  -412.317643011  -412.230215262
   335.500  -412.406813611  -412.324717111  -412.233636556  -412.324717111  -412.230218307
   336.000  -412.407861965  -412.331414568  -412.239684086  -412.331414568  -412.230288898
   336.500  -412.407498855  -412.336677539  -412.244179219  -412.336677539  -412.230445129
   337.000  -412.403811297  -412.338420240  -412.245068930  -412.338420240  -412.230557515
   337.500  -412.395684808  -412.335408922  -412.241178844  -412.335408922  -412.230448423
   338.000  -412.385151292  -412.329600489  -412.234540433  -412.329600489  -412.230150599
   338.500  -412.376654153  -412.325397028  -412.229628960  -412.325397028  -412.229985439
   339.000  -412.372570017  -412.325159949  -412.228860002  -412.325159949  -412.230136695
   339.500  -412.370744458  -412.326735424  -412.230108287  -412.326735424  -412.230369712
   340.000  -412.367589596  -412.326538342  -412.229799656  -412.326538342  -412.230440838
   340.500  -412.361645995  -412.323106611  -412.226475149  -412.323106611  -412.230357968
   341.000  -412.353803956  -412.317324690  -412.221015130  -412.317324690  -412.230224106
   341.500  -412.345908837  -412.311034701  -412.215242137  -412.311034701  -412.230104566
   342.000  -412.339724295  -412.306003826  -412.210884970  -412.306003826  -412.230021650
   342.500  -412.336511071  -412.303502715  -412.209158983  -412.303502715  -412.229982448
   343.000  -412.336875807  -412.304151988  -412.210630638  -412.304151988  -412.229991827
   343.500  -412.340696658  -412.307840761  -412.215152558  -412.307840761  -412.230051034
   344.000  -412.347128738  -412.313723350  -412.221863674  -412.313723350  -412.230149816
   344.500  -412.354749557  -412.320307452  -412.230589306  -412.320307452  -412.230120092
   345.000  -412.362394493  -412.326477766  -412.237623929  -412.326477766  -412.230175995
   345.500  -412.369342605  -412.331425728  -412.243383538  -412.331425728  -412.230160435
   346.000  -412.375993800  -412.335485470  -412.248151510  -412.335485470  -412.230134104
   346.500  -412.382833372  -412.339082530  -412.252287632  -412.339082530  -412.230178973
   347.000  -412.389355902  -412.341677372  -412.255194148  -412.341677372  -412.230237753
   347.500  -412.394831489  -412.342538946  -412.256112424  -412.342538946  -412.230183596
   348.000  -412.399905292  -412.342332978  -412.255718736  -412.342332978  -412.230071337
   348.500  -412.405887176  -412.342401681  -412.255381496  -412.342401681  -412.230075770
   349.000  -412.412542094  -412.342553668  -412.254925098  -412.342553668  -412.230196610
   349.500  -412.418057247  -412.341039085  -412.252596930  -412.341039085  -412.230281449
   350.000  -412.421066375  -412.336577820  -412.247113325  -412.336577820  -412.230251134
   350.500  -412.421853177  -412.329562184  -412.238888910  -412.329562184  -412.230139127
   351.000  -412.421971338  -412.321677073  -412.229674210  -412.321677073  -412.230008918
   351.500  -412.423329473  -412.314981083  -412.221655210  -412.314981083  -412.229903541
   352.000  -412.427498943  -412.311208351  -412.216769498  -412.311208351  -412.229846729
   352.500  -412.435344529  -412.311366510  -412.216355753  -412.311366510  -412.229856916
   353.000  -412.446840457  -412.315451585  -412.221053173  -412.315451585  -412.229965302
   353.500  -412.460894686  -412.322258446  -412.230881920  -412.322258446  -412.230039084
   354.000  -412.474850880  -412.331174337  -412.243356021  -412.331174337  -412.230126556
   354.500  -412.485711916  -412.340242050  -412.253703897  -412.340242050  -412.230371119
   355.000  -412.491085650  -412.346149821  -412.259047624  -412.346149821  -412.230422410
   355.500  -412.490522926  -412.348661000  -412.258496477  -412.348661000  -412.229839638
   356.000  -412.485729942  -412.354329204  -412.253982343  -412.354329204  -412.232609635
   356.500  -412.482103547  -412.357599313  -412.256776043  -412.357599313  -412.232307338
   357.000  -412.481001089  -412.363383143  -412.263528938  -412.363383143  -412.232462700
   357.500  -412.479873556  -412.369344877  -412.270907530  -412.369344877  -412.232726102
   358.000  -412.474840870  -412.371466626  -412.274629505  -412.371466626  -412.232854555
   358.500  -412.463944416  -412.367599505  -412.272438760  -412.367599505  -412.232801514
   359.000  -412.447931360  -412.358288977  -412.264824946  -412.358288977  -412.232646413
   359.500  -412.429209946  -412.345744702  -412.253972005  -412.345744702  -412.232469515
   360.000  -412.410619199  -412.332635233  -412.242531238  -412.332635233  -412.232315833
   360.500  -412.394682798  -412.321356923  -412.232890645  -412.321356923  -412.232202405
   361.000  -412.383278907  -412.313715016  -412.226855552  -412.313715016  -412.232134069
   361.500  -412.377526026  -412.310809230  -412.225534690  -412.310809230  -412.232111783
   362.000  -412.377749434  -412.312993887  -412.229297146  -412.312993887  -412.232137374
   362.500  -412.383460568  -412.319844726  -412.237736016  -412.319844726  -412.232213788
   363.000  -412.393333016  -412.330122904  -412.249626848  -412.330122904  -412.232341936
   363.500  -412.405236351  -412.341796557  -412.262948681  -412.341796557  -412.232508555
   364.000  -412.416492738  -412.352287881  -412.275128655  -412.352287881  -412.232671543
   364.500  -412.424551321  -412.359139315  -412.283708025  -412.359139315  -412.232762350
   365.000  -412.427991599  -412.361011127  -412.287334989  -412.361011127  -412.232737079
   365.500  -412.427147654  -412.358304263  -412.286378650  -412.358304263  -412.232631546
   366.000  -412.423692702  -412.352747871  -412.282506936  -412.352747871  -412.232508900
   366.500  -412.419754830  -412.346523371  -412.277812045  -412.346523371  -412.232407998
   367.000  -412.417062946  -412.341423831  -412.273993287  -412.341423831  -412.232405877
   367.500  -412.415685095  -412.337607520  -412.271144402  -412.337607520  -412.232525397
   368.000  -412.413757293  -412.333328803  -412.267503519  -412.333328803  -412.232636298
   368.500  -412.409333104  -412.326769982  -412.261274872  -412.326769982  -412.232626857
   369.000  -412.402116835  -412.317750321  -412.252312233  -412.317750321  -412.232515304
   369.500  -412.393411023  -412.307659450  -412.242031220  -412.307659450  -412.232373735
   370.000  -412.385135865  -412.298475030  -412.232419812  -412.298475030  -412.232253214
   370.500  -412.379025321  -412.291963960  -412.225243166  -412.291963960  -412.232174544
   371.000  -412.376245392  -412.289305844  -412.221677327  -412.289305844  -412.232143388
   371.500  -412.377256945  -412.290960704  -412.222187003  -412.290960704  -412.232162718
   372.000  -412.381752931  -412.296608750  -412.226473630  -412.296608750  -412.232235599
   372.500  -412.388623190  -412.305118680  -412.233445633  -412.305118680  -412.232358574
   373.000  -412.396058798  -412.314653291  -412.241321105  -412.314653291  -412.232500766
   373.500  -412.402088701  -412.323205726  -412.248157111  -412.323205726  -412.232580101
   374.000  -412.405806898  -412.329820892  -412.253063468  -412.329820892  -412.232500635
   374.500  -412.408570439  -412.335785275  -412.257383431  -412.335785275  -412.232326211
   375.000  -412.412841722  -412.343466240  -412.263518002  -412.343466240  -412.232347225
   375.500  -412.418339377  -412.352471817  -412.271068550  -412.352471817  -412.232653351
   376.000  -412.421043663  -412.358668668  -412.275851436  -412.358668668  -412.232900049
   376.500  -412.417687433  -412.358679558  -412.274416082  -412.358679558  -412.232828335
   377.000  -412.409282632  -412.353414492  -412.267610017  -412.353414492  -412.232572117
   377.500  -412.399433384  -412.346393484  -412.258929618  -412.346393484  -412.232406904
   378.000  -412.390568592  -412.339986699  -412.250769379  -412.339986699  -412.232421711
   378.500  -412.382602922  -412.334071582  -412.243068569  -412.334071582  -412.232493639
   379.000  -412.374523989  -412.327609254  -412.234867954  -412.327609254  -412.232502422
   379.500  -412.366128487  -412.320371110  -412.226020167  -412.320371110  -412.232437747
   380.000  -412.358290256  -412.313203986  -412.217444213  -412.313203986  -412.232346804
   380.500  -412.352326576  -412.307397890  -412.210485314  -412.307397890  -412.232272777
   381.000  -412.349345160  -412.304035564  -412.206257931  -412.304035564  -412.232238949
   381.500  -412.349866914  -412.303617382  -412.205265422  -412.303617382  -412.232255648
   382.000  -412.353661464  -412.305898457  -412.207235839  -412.305898457  -412.232327788
   382.500  -412.359704572  -412.309847327  -412.211086126  -412.309847327  -412.232450148
   383.000  -412.366348286  -412.313817631  -412.215107214  -412.313817631  -412.232575425
   383.500  -412.372159497  -412.316386301  -412.217822243  -412.316386301  -412.232569695
   384.000  -412.377837266  -412.318268793  -412.219921062  -412.318268793  -412.232312848
   384.500  -412.387378948  -412.323486428  -412.225434777  -412.323486428  -412.232063580
   385.000  -412.404015398  -412.335317605  -412.237669780  -412.335317605  -412.232331102
   385.500  -412.423810358  -412.349914609  -412.252797904  -412.349914609  -412.232919659
   386.000  -412.438408830  -412.359044960  -412.262582978  -412.359044960  -412.233183098
   386.500  -412.443649636  -412.358672794  -412.262963029  -412.358672794  -412.232990801
   387.000  -412.441858725  -412.351228517  -412.256328392  -412.351228517  -412.232628690
   387.500  -412.438050293  -412.341810534  -412.247744665  -412.341810534  -412.232382484
   388.000  -412.435744061  -412.334019529  -412.240818612  -412.334019529  -412.232342134
   388.500  -412.435521620  -412.328528942  -412.236284712  -412.328528942  -412.232404464
   389.000  -412.436362535  -412.324422855  -412.233321111  -412.324422855  -412.232439238
   389.500  -412.437520904  -412.321065806  -412.231373939  -412.321065806  -412.232408244
   390.000  -412.439192174  -412.318767175  -412.230781120  -412.318767175  -412.232342662
   390.500  -412.442139334  -412.318409959  -412.232393276  -412.318409959  -412.232281626
   391.000  -412.447115532  -412.320876172  -412.237012619  -412.320876172  -412.232250708
   391.500  -412.454450522  -412.326629619  -412.245001060  -412.326629619  -412.232271900
   392.000  -412.463699450  -412.335353258  -412.255939035  -412.335353258  -412.232376943
   392.500  -412.473214613  -412.345502067  -412.268197514  -412.345502067  -412.232587060
   393.000  -412.479989679  -412.354123776  -412.278766411  -412.354123776  -412.232828552
   393.500  -412.480992388  -412.358167995  -412.284564030  -412.358167995  -412.232832870
   394.000  -412.476989456  -412.358300169  -412.286239018  -412.358300169  -412.232360002
   394.500  -412.474988145  -412.361370911  -412.290612287  -412.361370911  -412.231922261
   395.000  -412.480732348  -412.372967630  -412.303188922  -412.372967630  -412.232322692
   395.500  -412.488889629  -412.387633169  -412.318367760  -412.387633169  -412.233031614
   396.000  -412.489606908  -412.395382453  -412.326003043  -412.395382453  -412.233223993
   396.500  -412.479631123  -412.392766666  -412.322534303  -412.392766666  -412.232966827
   397.000  -412.462400669  -412.382949319  -412.311103018  -412.382949319  -412.232624540
   397.500  -412.443032017  -412.370742890  -412.296586684  -412.370742890  -412.232414538
   398.000  -412.424919260  -412.359260907  -412.282241645  -412.359260907  -412.232371549
   398.500  -412.409007675  -412.349232690  -412.268993061  -412.349232690  -412.232410934
   399.000  -412.394927082  -412.340140173  -412.256558753  -412.340140173  -412.232429715
   399.500  -412.382470006  -412.331690848  -412.244895754  -412.331690848  -412.232387630
   400.000  -412.372261121  -412.324469910  -412.234832819  -412.324469910  -412.232302953
   400.500  -412.365544806  -412.319714381  -412.227813764  -412.319714381  -412.232220937
   401.000  -412.363529044  -412.318642250  -412.225202600  -412.318642250  -412.232193680
   401.500  -412.366590179  -412.321648550  -412.227455581  -412.321648550  -412.232270763
   402.000  -412.373547845  -412.327576066  -412.233382511  -412.327576066  -412.232474807
   402.500  -412.381414263  -412.333464740  -412.239906914  -412.333464740  -412.232753794
   403.000  -412.386322286  -412.335485411  -412.243026535  -412.335485411  -412.232923132
   403.500  -412.386352469  -412.331771658  -412.240688281  -412.331771658  -412.232710341
   404.000  -412.385096173  -412.325988802  -412.236392448  -412.325988802  -412.232171952
   404.500  -412.390093136  -412.325782983  -412.237647302  -412.325782983  -412.231997975
   405.000  -412.403536786  -412.333502671  -412.246665896  -412.333502671  -412.232464134
   405.500  -412.418756158  -412.342677973  -412.256837722  -412.342677973  -412.232903956
   406.000  -412.428749991  -412.346522264  -412.261251666  -412.346522264  -412.232924062
   406.500  -412.432214296  -412.343926827  -412.258709337  -412.343926827  -412.232688571
   407.000  -412.431894833  -412.337804306  -412.252061942  -412.337804306  -412.232436479
   407.500  -412.431101150  -412.331632266  -412.244741014  -412.331632266  -412.232294802
   408.000  -412.428777003  -412.328707065  -412.242040953  -412.328707065  -412.233564904
   408.500  -412.430626590  -412.326415409  -412.240780812  -412.326415409  -412.233631873
   409.000  -412.432585811  -412.324908685  -412.239121918  -412.324908685  -412.233671230
   409.500  -412.433964958  -412.323542887  -412.236481238  -412.323542887  -412.233647550
   410.000  -412.435016124  -412.322593892  -412.233268219  -412.322593892  -412.233586410
   410.500  -412.436590272  -412.322922007  -412.230526514  -412.322922007  -412.233538781
   411.000  -412.439389085  -412.325229895  -412.229167318  -412.325229895  -412.233548288
   411.500  -412.443306773  -412.329406194  -412.229297408  -412.329406194  -412.233638487
   412.000  -412.447087545  -412.334181366  -412.229871209  -412.334181366  -412.233810419
   412.500  -412.448386254  -412.337185776  -412.228750668  -412.337185776  -412.234019278
   413.000  -412.444606453  -412.335784758  -412.223538560  -412.335784758  -412.234113974
   413.500  -412.435235970  -412.329409700  -412.213896659  -412.329409700  -412.233866664
   414.000  -412.424724320  -412.322433257  -412.204392096  -412.322433257  -412.233365782
   414.500  -412.420435749  -412.322120601  -412.202421425  -412.322120601  -412.233271946
   415.000  -412.423900449  -412.329810458  -412.209346930  -412.329810458  -412.233743292
   415.500  -412.427911260  -412.338517351  -412.217985923  -412.338517351  -412.234174010
   416.000  -412.425963152  -412.341459080  -412.221419580  -412.341459080  -412.234164071
   416.500  -412.417561501  -412.337985688  -412.218822499  -412.337985688  -412.233902537
   417.000  -412.406193671  -412.331418887  -412.213366363  -412.331418887  -412.233661175
   417.500  -412.395374213  -412.325120055  -412.208305507  -412.325120055  -412.233574913
   418.000  -412.386509031  -412.320376008  -412.204867206  -412.320376008  -412.233610320
   418.500  -412.379221724  -412.316736069  -412.202577332  -412.316736069  -412.233651772
   419.000  -412.372928224  -412.313588776  -412.200815153  -412.313588776  -412.233631131
   419.500  -412.367844994  -412.311171903  -412.199802077  -412.311171903  -412.233562949
   420.000  -412.364846191  -412.310427465  -412.200445266  -412.310427465  -412.233497092
   420.500  -412.364795958  -412.312299129  -412.203644044  -412.312299129  -412.233475482
   421.000  -412.367955709  -412.317098986  -412.209676103  -412.317098986  -412.233524649
   421.500  -412.373581007  -412.324103105  -412.217801250  -412.324103105  -412.233660407
   422.000  -412.379724022  -412.331369877  -412.226076460  -412.331369877  -412.233865163
   422.500  -412.383644161  -412.336154543  -412.231765703  -412.336154543  -412.234020462
   423.000  -412.383705043  -412.336802399  -412.233226516  -412.336802399  -412.233890193
   423.500  -412.382545209  -412.335915060  -412.233070360  -412.335915060  -412.233432955
   424.000  -412.386859677  -412.340147882  -412.237948179  -412.340147882  -412.233219008
   424.500  -412.399458651  -412.352307626  -412.250626382  -412.352307626  -412.233659181
   425.000  -412.414081835  -412.366210131  -412.264817398  -412.366210131  -412.234194212
   425.500  -412.422711010  -412.373827725  -412.272487617  -412.373827725  -412.234317546
   426.000  -412.423055341  -412.372728180  -412.271325092  -412.372728180  -412.234082191
   426.500  -412.418048478  -412.365872986  -412.264229811  -412.365872986  -412.233752757
   427.000  -412.412287289  -412.357939217  -412.255772148  -412.357939217  -412.233527095
   427.500  -412.409021979  -412.352245618  -412.249222458  -412.352245618  -412.233487893
   428.000  -412.408848832  -412.349437915  -412.245276902  -412.349437915  -412.233576303
   428.500  -412.410487522  -412.348252573  -412.242843126  -412.348252573  -412.233670620
   429.000  -412.412510901  -412.347235182  -412.240774083  -412.347235182  -412.233704453
   429.500  -412.414339519  -412.345812571  -412.238898714  -412.345812571  -412.233664644
   430.000  -412.416097435  -412.344426507  -412.237646147  -412.344426507  -412.233626145
   430.500  -412.418051945  -412.343523844  -412.237154317  -412.343523844  -412.233661288
   431.000  -412.419747638  -412.342613204  -412.236896265  -412.342613204  -412.233774204
   431.500  -412.419609426  -412.340158141  -412.235294616  -412.340158141  -412.233931246
   432.000  -412.415632690  -412.334233453  -412.230365050  -412.334233453  -412.233980508
   432.500  -412.407733214  -412.324821920  -412.222112650  -412.324821920  -412.233711387
   433.000  -412.400348462  -412.316373712  -412.215113379  -412.316373712  -412.233271903
   433.500  -412.399740216  -412.315093680  -412.215702786  -412.315093680  -412.233276810
   434.000  -412.405799180  -412.320815369  -412.223693817  -412.320815369  -412.233784198
   434.500  -412.411321600  -412.326323011  -412.231731056  -412.326323011  -412.234157310
   435.000  -412.410375822  -412.325705704  -412.233727730  -412.325705704  -412.234143549
   435.500  -412.402508589  -412.318528498  -412.229082010  -412.318528498  -412.233910053
   436.000  -412.390896168  -412.307966677  -412.220821328  -412.307966677  -412.233629586
   436.500  -412.379721191  -412.298179649  -412.212987197  -412.298179649  -412.233409513
   437.000  -412.372346000  -412.292489048  -412.208825319  -412.292489048  -412.233333069
   437.500  -412.370006097  -412.292080001  -412.209492928  -412.292080001  -412.233412098
   438.000  -412.371632088  -412.295829935  -412.213880827  -412.295829935  -412.233555351
   438.500  -412.375122144  -412.301586903  -412.219871614  -412.301586903  -412.233660469
   439.000  -412.378819914  -412.307650659  -412.225799111  -412.307650659  -412.233706497
   439.500  -412.381903639  -412.313161932  -412.230825910  -412.313161932  -412.233741882
   440.000  -412.383774677  -412.317488272  -412.234328990  -412.317488272  -412.233821138
   440.500  -412.383354358  -412.319514182  -412.235198834  -412.319514182  -412.233941034
   441.000  -412.379268169  -412.317816673  -412.232027441  -412.317816673  -412.233982051
   441.500  -412.371670355  -412.312480676  -412.224937508  -412.312480676  -412.233749201
   442.000  -412.364694777  -412.307549923  -412.218039266  -412.307549923  -412.233311747
   442.500  -412.364800381  -412.309387255  -412.217779975  -412.309387255  -412.233210077
   443.000  -412.373400765  -412.319328241  -412.225569828  -412.319328241  -412.233634049
   443.500  -412.384470782  -412.331299721  -412.235378625  -412.331299721  -412.234045619
   444.000  -412.391589447  -412.338850920  -412.240770232  -412.338850920  -412.234122760
   444.500  -412.392926644  -412.340108470  -412.239880539  -412.340108470  -412.233994636
   445.000  -412.390102524  -412.336547943  -412.234236150  -412.336547943  -412.233785636
   445.500  -412.385429315  -412.331341556  -412.226234549  -412.331341556  -412.233645037
   446.000  -412.381198643  -412.326001658  -412.217951893  -412.326001658  -412.233526291
   446.500  -412.379230246  -412.322537102  -412.211252455  -412.322537102  -412.233433785
   447.000  -412.380976226  -412.322475131  -412.207599795  -412.322475131  -412.233409578
   447.500  -412.386766813  -412.326209867  -412.207383473  -412.326209867  -412.233500214
   448.000  -412.395165492  -412.332375182  -412.209320523  -412.332375182  -412.233673702
   448.500  -412.403460072  -412.338333576  -412.210958699  -412.338333576  -412.233842145
   449.000  -412.408954678  -412.341460994  -412.209940502  -412.341460994  -412.233958427
   449.500  -412.409790539  -412.339959665  -412.204768630  -412.339959665  -412.234018762
   450.000  -412.405218630  -412.333126184  -412.195019466  -412.333126184  -412.233971613
   450.500  -412.396466521  -412.322215965  -412.182162858  -412.322215965  -412.233697892
   451.000  -412.388171112  -412.311877315  -412.170972815  -412.311877315  -412.233251221
   451.500  -412.386994293  -412.308775420  -412.168152687  -412.308775420  -412.233071203
   452.000  -412.395441402  -412.315425972  -412.176186127  -412.315425972  -412.233401933
   452.500  -412.408737774  -412.327080722  -412.190239464  -412.327080722  -412.233830026
   453.000  -412.420246506  -412.337146155  -412.203585028  -412.337146155  -412.233995184
   453.500  -412.426798913  -412.342494840  -412.212953701  -412.342494840  -412.233943786
   454.000  -412.428601678  -412.343361966  -412.218387897  -412.343361966  -412.233826851
   454.500  -412.427177967  -412.341297531  -412.221202558  -412.341297531  -412.233715666
   455.000  -412.424198583  -412.337995144  -412.222838585  -412.337995144  -412.233629940
   455.500  -412.421105793  -412.334910046  -412.224528525  -412.334910046  -412.233562130
   456.000  -412.418993512  -412.333161221  -412.227214786  -412.333161221  -412.233512346
   456.500  -412.418666556  -412.333548608  -412.231556268  -412.333548608  -412.233475300
   457.000  -412.420648853  -412.336562935  -412.237966228  -412.336562935  -412.233486402
   457.500  -412.426331536  -412.340490436  -412.247451352  -412.340490436  -412.232059760
   458.000  -412.429652115  -412.348694518  -412.254778697  -412.348694518  -412.234167519
   458.500  -412.431787236  -412.352821114  -412.260480119  -412.352821114  -412.234403510
   459.000  -412.429538020  -412.349668871  -412.265696000  -412.349668871  -412.232717754
   459.500  -412.418527231  -412.341167802  -412.259567571  -412.341167802  -412.232607473
   460.000  -412.402503558  -412.327881181  -412.248355284  -412.327881181  -412.232143594
   460.500  -412.388825779  -412.317122378  -412.239408758  -412.317122378  -412.231700251
   461.000  -412.383969685  -412.315332705  -412.239187480  -412.315332705  -412.231817302
   461.500  -412.386380249  -412.320945687  -412.246108017  -412.320945687  -412.232257415
   462.000  -412.389519527  -412.327416562  -412.253578897  -412.327416562  -412.232472049
   462.500  -412.389497604  -412.330824937  -412.257628682  -412.330824937  -412.232414848
   463.000  -412.386461143  -412.331255779  -412.258308355  -412.331255779  -412.232293998
   463.500  -412.381909690  -412.330130179  -412.257026357  -412.330130179  -412.232225479
   464.000  -412.376874095  -412.328402024  -412.254740884  -412.328402024  -412.232204135
   464.500  -412.371852602  -412.326402508  -412.252111415  -412.326402508  -412.232113907
   465.000  -412.367183464  -412.324641664  -412.248991215  -412.324641664  -412.232082163
   465.500  -412.363471722  -412.323574689  -412.246197012  -412.323574689  -412.232059196
   466.000  -412.361136372  -412.323596477  -412.244170650  -412.323596477  -412.232070508
   466.500  -412.360093210  -412.324603017  -412.242886648  -412.324603017  -412.232111141
   467.000  -412.359804932  -412.326035495  -412.241900660  -412.326035495  -412.232172347
   467.500  -412.359384854  -412.326979958  -412.240444552  -412.326979958  -412.232283608
   468.000  -412.357290364  -412.325858016  -412.237111743  -412.325858016  -412.232451391
   468.500  -412.351501945  -412.320604856  -412.230026936  -412.320604856  -412.232523185
   469.000  -412.341857236  -412.310999684  -412.219169620  -412.310999684  -412.232252478
   469.500  -412.333072188  -412.301685799  -412.209369632  -412.301685799  -412.231783257
   470.000  -412.332006400  -412.299443488  -412.207527135  -412.299443488  -412.231742994
   470.500  -412.339285908  -412.304828570  -412.214186795  -412.304828570  -412.232161270
   471.000  -412.348924453  -412.311799789  -412.223158594  -412.311799789  -412.232417380
   471.500  -412.356555824  -412.315946894  -412.229805042  -412.315946894  -412.232337195
   472.000  -412.362528888  -412.317588648  -412.234200477  -412.317588648  -412.232165248
   472.500  -412.368913545  -412.318790845  -412.238188882  -412.318790845  -412.232075536
   473.000  -412.376870109  -412.320754345  -412.242782441  -412.320754345  -412.232071848
   473.500  -412.386370806  -412.323546448  -412.247903794  -412.323546448  -412.232093909
   474.000  -412.396977306  -412.326880976  -412.253164372  -412.326880976  -412.232100338
   474.500  -412.408461384  -412.330727658  -412.258477058  -412.330727658  -412.232081292
   475.000  -412.420953777  -412.335445831  -412.264183727  -412.335445831  -412.232057802
   475.500  -412.434626556  -412.341445982  -412.270721930  -412.341445982  -412.232078741
   476.000  -412.448973558  -412.348453167  -412.277889847  -412.348453167  -412.232197464
   476.500  -412.462115371  -412.354788750  -412.284145216  -412.354788750  -412.232414160
   477.000  -412.470935819  -412.357485342  -412.286734974  -412.357485342  -412.232635277
   477.500  -412.472640628  -412.353836418  -412.283252902  -412.353836418  -412.232664964
   478.000  -412.467618772  -412.344337247  -412.274467697  -412.344337247  -412.232311464
   478.500  -412.461468242  -412.334928748  -412.266182564  -412.334928748  -412.231807490
   479.000  -412.460951100  -412.332882932  -412.265012034  -412.332882932  -412.231849681
   479.500  -412.465398424  -412.337669763  -412.270056264  -412.337669763  -412.232367115
   480.000  -412.467684384  -412.341938335  -412.274088159  -412.341938335  -412.232622348
   480.500  -412.463760121  -412.341311945  -412.272959769  -412.341311945  -412.232465518
   481.000  -412.455398763  -412.337234986  -412.268245669  -412.337234986  -412.232212537
   481.500  -412.446155371  -412.332977312  -412.263196548  -412.332977312  -412.232071244
   482.000  -412.438263911  -412.330529597  -412.259693310  -412.330529597  -412.232031242
   482.500  -412.432475048  -412.330445839  -412.258129151  -412.330445839  -412.232032438
   483.000  -412.428887104  -412.332649746  -412.258302191  -412.332649746  -412.232048817
   483.500  -412.427325293  -412.336812090  -412.259811139  -412.336812090  -412.232089965
   484.000  -412.427271284  -412.342270830  -412.262028472  -412.342270830  -412.232157311
   484.500  -412.427808523  -412.347987278  -412.264040514  -412.347987278  -412.232243031
   485.000  -412.427770836  -412.352692370  -412.264804890  -412.352692370  -412.232329928
   485.500  -412.425992547  -412.355139368  -412.263359766  -412.355139368  -412.232413142
   486.000  -412.421414248  -412.354210181  -412.258866871  -412.354210181  -412.232491583
   486.500  -412.413230087  -412.349063441  -412.250688856  -412.349063441  -412.232490393
   487.000  -412.402080586  -412.340324239  -412.239543716  -412.340324239  -412.232245532
   487.500  -412.392048839  -412.332074348  -412.229515964  -412.332074348  -412.231837763
   488.000  -412.388909696  -412.330105154  -412.226346075  -412.330105154  -412.231790623
   488.500  -412.393197625  -412.334992080  -412.230541501  -412.334992080  -412.232210584
   489.000  -412.398952808  -412.340838536  -412.236143124  -412.340838536  -412.232525363
   489.500  -412.401138738  -412.342672036  -412.238140061  -412.342672036  -412.232491206
   490.000  -412.399461891  -412.340247081  -412.236267173  -412.340247081  -412.232323755
   490.500  -412.395878829  -412.335549246  -412.232494688  -412.335549246  -412.232199701
   491.000  -412.392036324  -412.330244265  -412.228463612  -412.330244265  -412.232124971
   491.500  -412.388968425  -412.325384435  -412.225190987  -412.325384435  -412.232060482
   492.000  -412.387566073  -412.321887076  -412.223551895  -412.321887076  -412.231998984
   492.500  -412.388674696  -412.320638478  -412.224388752  -412.320638478  -412.231955872
   493.000  -412.392854990  -412.322258083  -412.228276952  -412.322258083  -412.231948141
   493.500  -412.400104058  -412.326818195  -412.235242661  -412.326818195  -412.231990171
   494.000  -412.409649965  -412.333614275  -412.244533130  -412.333614275  -412.232096563
   494.500  -412.419823201  -412.340982510  -412.254439786  -412.340982510  -412.232272539
   495.000  -412.428006386  -412.346298820  -412.262273626  -412.346298820  -412.232496135
   495.500  -412.430957145  -412.346413055  -412.264774879  -412.346413055  -412.232692534
   496.000  -412.426226276  -412.338993874  -412.259498055  -412.338993874  -412.232676487
   496.500  -412.415020285  -412.325310811  -412.247629695  -412.325310811  -412.232253887
   497.000  -412.404464565  -412.312477343  -412.236253088  -412.312477343  -412.231657279
   497.500  -412.403476493  -412.309345306  -412.234256148  -412.309345306  -412.231586372
   498.000  -412.413156070  -412.316994154  -412.242812484  -412.316994154  -412.232087436
   498.500  -412.425744817  -412.328022188  -412.254647664  -412.328022188  -412.232524289
   499.000  -412.433635052  -412.335181638  -412.262606798  -412.335181638  -412.232631018
   499.500  -412.434169562  -412.335848276  -412.264082032  -412.335848276  -412.232528577
   500.000  -412.428168251  -412.330841883  -412.259868039  -412.330841883  -412.232353368
