     0.000  -412.503066444  -412.321277847  -412.268253046  -412.268253046  -412.225491583
     0.500  -412.503072065  -412.318728479  -412.267288609  -412.267288609  -412.225525023
     1.000  -412.513492014  -412.326902802  -412.277538905  -412.277538905  -412.226190975
     1.500  -412.524624194  -412.336167174  -412.289296182  -412.289296182  -412.226618675
     2.000  -412.529196572  -412.339362389  -412.295264694  -412.295264694  -412.226609828
     2.500  -412.526294252  -412.335679825  -412.294490321  -412.294490321  -412.226423372
     3.000  -412.518251234  -412.327534310  -412.289258341  -412.289258341  -412.226225014
     3.500  -412.508040573  -412.317959858  -412.282483507  -412.282483507  -412.226055223
     4.000  -412.498382746  -412.309725456  -412.276815291  -412.276815291  -412.225933038
     4.500  -412.491318670  -412.304908581  -412.274210018  -412.274210018  -412.225877089
     5.000  -412.487882257  -412.304561036  -412.275610241  -412.275610241  -412.225879995
     5.500  -412.488149587  -412.308752664  -412.281004377  -412.281004377  -412.225923516
     6.000  -412.491437675  -412.316766712  -412.289642682  -412.289642682  -412.226018919
     6.500  -412.496181691  -412.326982487  -412.299922840  -412.299922840  -412.226191125
     7.000  -412.499679702  -412.336624744  -412.309132880  -412.309132880  -412.226436969
     7.500  -412.498292213  -412.341951105  -412.313635587  -412.313635587  -412.226694989
     8.000  -412.488628271  -412.339423412  -412.310032450  -412.310032450  -412.226781502
     8.500  -412.470479904  -412.328616779  -412.298077922  -412.298077922  -412.226413052
     9.000  -412.450442636  -412.315855063  -412.284287750  -412.284287750  -412.225703261
     9.500  -412.439121339  -412.311476286  -412.279147230  -412.279147230  -412.225521142
    10.000  -412.439258703  -412.318039141  -412.285254549  -412.285254549  -412.226096951
    10.500  -412.442772514  -412.327383151  -412.294380408  -412.294380408  -412.226572171
    11.000  -412.441951658  -412.331777858  -412.298686345  -412.298686345  -412.226595204
    11.500  -412.435344759  -412.329762036  -412.296626912  -412.296626912  -412.226415412
    12.000  -412.425016420  -412.323381723  -412.290211825  -412.290211825  -412.226239588
    12.500  -412.413469425  -412.315120943  -412.281925275  -412.281925275  -412.226102666
    13.000  -412.402849722  -412.307114286  -412.273922588  -412.273922588  -412.225977964
    13.500  -412.395142501  -412.301339874  -412.268215369  -412.268215369  -412.225871237
    14.000  -412.392018436  -412.299469139  -412.266503765  -412.266503765  -412.225830575
    14.500  -412.394128086  -412.302154687  -412.269464464  -412.269464464  -412.225883645
    15.000  -412.400717023  -412.308647639  -412.276360031  -412.276360031  -412.225993643
    15.500  -412.410112598  -412.317294864  -412.285524155  -412.285524155  -412.226123972
    16.000  -412.420239882  -412.326071453  -412.294881630  -412.294881630  -412.226302592
    16.500  -412.428356062  -412.332323821  -412.301694289  -412.301694289  -412.226555203
    17.000  -412.430967229  -412.332685204  -412.302492947  -412.302492947  -412.226756740
    17.500  -412.425937998  -412.325160041  -412.295196537  -412.295196537  -412.226589484
    18.000  -412.416857745  -412.313467517  -412.283482157  -412.283482157  -412.225939981
    18.500  -412.413505342  -412.307508399  -412.277243362  -412.277243362  -412.225525479
    19.000  -412.421563786  -412.313129182  -412.282292171  -412.282292171  -412.225948222
    19.500  -412.434958989  -412.324481617  -412.292683634  -412.292683634  -412.226507168
    20.000  -412.444776682  -412.332876345  -412.299642857  -412.299642857  -412.226608989
    20.500  -412.448085029  -412.335534116  -412.300399951  -412.300399951  -412.226421057
    21.000  -412.446589491  -412.334193458  -412.296851193  -412.296851193  -412.226215482
    21.500  -412.442839776  -412.331347015  -412.291728569  -412.291728569  -412.226087095
    22.000  -412.438629649  -412.328704044  -412.286945962  -412.286945962  -412.226021037
    22.500  -412.435067405  -412.327316090  -412.283639710  -412.283639710  -412.225972831
    23.000  -412.433115327  -412.328121454  -412.282721216  -412.282721216  -412.225917331
    23.500  -412.433829518  -412.332158394  -412.285149926  -412.285149926  -412.225884084
    24.000  -412.437878662  -412.340071760  -412.291469036  -412.291469036  -412.225939468
    24.500  -412.444591006  -412.351146502  -412.300863472  -412.300863472  -412.226115736
    25.000  -412.451546208  -412.362889713  -412.310751433  -412.310751433  -412.226362193
    25.500  -412.455349845  -412.371792673  -412.317557298  -412.317557298  -412.226593548
    26.000  -412.452981140  -412.374671636  -412.318067462  -412.318067462  -412.226729829
    26.500  -412.443196260  -412.370071954  -412.310866246  -412.310866246  -412.226628761
    27.000  -412.428678910  -412.360444538  -412.298531096  -412.298531096  -412.226132166
    27.500  -412.417501617  -412.353643510  -412.289123005  -412.289123005  -412.225592013
    28.000  -412.417311335  -412.357167129  -412.290341913  -412.290341913  -412.225774231
    28.500  -412.425423996  -412.368280861  -412.299552970  -412.299552970  -412.226425690
    29.000  -412.432153120  -412.377317564  -412.307079619  -412.307079619  -412.226727899
    29.500  -412.431966296  -412.378777641  -412.307372831  -412.307372831  -412.226598479
    30.000  -412.425739607  -412.373550035  -412.301286719  -412.301286719  -412.226333442
    30.500  -412.416959791  -412.365114465  -412.292288290  -412.292288290  -412.226108406
    31.000  -412.408930171  -412.356759925  -412.283662542  -412.283662542  -412.225966204
    31.500  -412.403888243  -412.350715518  -412.277622262  -412.277622262  -412.225905898
    32.000  -412.402908081  -412.348059767  -412.275206104  -412.275206104  -412.225907948
    32.500  -412.406159359  -412.348981767  -412.276539360  -412.276539360  -412.225927933
    33.000  -412.413519629  -412.353392915  -412.281453089  -412.281453089  -412.225931116
    33.500  -412.425004261  -412.361361321  -412.289926646  -412.289926646  -412.225953660
    34.000  -412.440183323  -412.372526840  -412.301526375  -412.301526375  -412.226090929
    34.500  -412.456866286  -412.384783506  -412.314105204  -412.314105204  -412.226384480
    35.000  -412.470631374  -412.393798448  -412.323333506  -412.323333506  -412.226745282
    35.500  -412.476329520  -412.394497625  -412.324190590  -412.324190590  -412.226951766
    36.000  -412.471586499  -412.384547726  -412.314451219  -412.314451219  -412.226695169
    36.500  -412.461056951  -412.368606163  -412.298929245  -412.298929245  -412.225953486
    37.000  -412.455696083  -412.357626749  -412.288740158  -412.288740158  -412.225489162
    37.500  -412.461961140  -412.358128325  -412.290488343  -412.290488343  -412.225876377
    38.000  -412.474369811  -412.364797101  -412.298818813  -412.298818813  -412.226467219
    38.500  -412.483699278  -412.368657724  -412.304630545  -412.304630545  -412.226661182
    39.000  -412.485828564  -412.365849350  -412.303931092  -412.303931092  -412.226528952
    39.500  -412.481730601  -412.357569152  -412.297818504  -412.297818504  -412.226290633
    40.000  -412.474467031  -412.347046815  -412.289456731  -412.289456731  -412.226066231
    40.500  -412.467213291  -412.337568495  -412.282085026  -412.282085026  -412.225912781
    41.000  -412.462243332  -412.331471238  -412.277989683  -412.277989683  -412.225864766
    41.500  -412.460364517  -412.329589713  -412.277933585  -412.277933585  -412.225917836
    42.000  -412.460979693  -412.331329091  -412.281224407  -412.281224407  -412.226013942
    42.500  -412.462922644  -412.335503497  -412.286563634  -412.286563634  -412.226080850
    43.000  -412.465444680  -412.341317247  -412.293058454  -412.293058454  -412.226107134
    43.500  -412.468324614  -412.348469293  -412.300350688  -412.300350688  -412.226175887
    44.000  -412.470694026  -412.355972684  -412.307450075  -412.307450075  -412.226390180
    44.500  -412.469758756  -412.360862829  -412.311453468  -412.311453468  -412.226692758
    45.000  -412.461974697  -412.359358586  -412.308705864  -412.308705864  -412.226749120
    45.500  -412.447813224  -412.351611467  -412.299565101  -412.299565101  -412.226271128
    46.000  -412.434905387  -412.344879487  -412.291539494  -412.291539494  -412.225765915
    46.500  -412.430439849  -412.346000422  -412.291675801  -412.291675801  -412.226010630
    47.000  -412.431294358  -412.351592987  -412.296681701  -412.296681701  -412.226519906
    47.500  -412.430004564  -412.354036571  -412.298921915  -412.298921915  -412.226603398
    48.000  -412.424335482  -412.351013728  -412.296041139  -412.296041139  -412.226394595
    48.500  -412.416508504  -412.344718693  -412.290214258  -412.290214258  -412.226193568
    49.000  -412.409133663  -412.337786956  -412.284067024  -412.284067024  -412.226072803
    49.500  -412.403861586  -412.331947204  -412.279304563  -412.279304563  -412.225989476
    50.000  -412.401787735  -412.328420607  -412.277095013  -412.277095013  -412.225931582
    50.500  -412.403582375  -412.328043774  -412.278188157  -412.278188157  -412.225935169
    51.000  -412.409013359  -412.330781230  -412.282433923  -412.282433923  -412.226015084
    51.500  -412.416768341  -412.335535017  -412.288602941  -412.288602941  -412.226125539
    52.000  -412.425103928  -412.340777774  -412.295035229  -412.295035229  -412.226208941
    52.500  -412.432668980  -412.345358842  -412.300463679  -412.300463679  -412.226264672
    53.000  -412.438544987  -412.348530596  -412.304058115  -412.304058115  -412.226355966
    53.500  -412.441447585  -412.349139516  -412.304638531  -412.304638531  -412.226513826
    54.000  -412.439561684  -412.345449741  -412.300522387  -412.300522387  -412.226563822
    54.500  -412.433215304  -412.337809566  -412.292206171  -412.292206171  -412.226188482
    55.000  -412.428652692  -412.332440565  -412.286124098  -412.286124098  -412.225621927
    55.500  -412.433694105  -412.337147166  -412.290272927  -412.290272927  -412.225759211
    56.000  -412.446144494  -412.349771110  -412.302562778  -412.302562778  -412.226467828
    56.500  -412.455563739  -412.359944729  -412.312568279  -412.312568279  -412.226824972
    57.000  -412.455634324  -412.361395658  -412.313920055  -412.313920055  -412.226683324
    57.500  -412.447392663  -412.355140352  -412.307566014  -412.307566014  -412.226364768
    58.000  -412.435133981  -412.345399536  -412.297699290  -412.297699290  -412.226084845
    58.500  -412.423017915  -412.336235909  -412.288380073  -412.288380073  -412.225909370
    59.000  -412.413803966  -412.330315423  -412.282277944  -412.282277944  -412.225839693
    59.500  -412.408678218  -412.328742975  -412.280493985  -412.280493985  -412.225855845
    60.000  -412.407496782  -412.331303767  -412.282796301  -412.282796301  -412.225926701
    60.500  -412.409256635  -412.336925284  -412.288079778  -412.288079778  -412.226016257
    61.000  -412.412635758  -412.344210684  -412.294906807  -412.294906807  -412.226104594
    61.500  -412.416309668  -412.351753868  -412.301831731  -412.301831731  -412.226200438
    62.000  -412.418863209  -412.358052481  -412.307326565  -412.307326565  -412.226332631
    62.500  -412.418451164  -412.361175489  -412.309458901  -412.309458901  -412.226511992
    63.000  -412.412839948  -412.358802894  -412.305949754  -412.305949754  -412.226641207
    63.500  -412.401121548  -412.349938329  -412.295900514  -412.295900514  -412.226440012
    64.000  -412.387556019  -412.338746622  -412.283640145  -412.283640145  -412.225796290
    64.500  -412.381938913  -412.334932883  -412.279065759  -412.279065759  -412.225444552
    65.000  -412.389073251  -412.343240547  -412.287059441  -412.287059441  -412.225997152
    65.500  -412.401109175  -412.355800910  -412.299781278  -412.299781278  -412.226663363
    66.000  -412.407673606  -412.362234328  -412.306809802  -412.306809802  -412.226788951
    66.500  -412.405617051  -412.359365375  -412.304924087  -412.304924087  -412.226551872
    67.000  -412.397634084  -412.349838244  -412.296740977  -412.296740977  -412.226242440
    67.500  -412.388098909  -412.337965916  -412.286554898  -412.286554898  -412.225990769
    68.000  -412.380811079  -412.327497349  -412.278086321  -412.278086321  -412.225841250
    68.500  -412.378105087  -412.320747960  -412.273609102  -412.273609102  -412.225803742
    69.000  -412.380609612  -412.318376231  -412.273732789  -412.273732789  -412.225851003
    69.500  -412.387587529  -412.319726619  -412.277765338  -412.277765338  -412.225935065
    70.000  -412.397632149  -412.323520147  -412.284410398  -412.284410398  -412.226020052
    70.500  -412.409216751  -412.328381717  -412.292300879  -412.292300879  -412.226105805
    71.000  -412.420776167  -412.332903396  -412.300045853  -412.300045853  -412.226221297
    71.500  -412.430397728  -412.335331866  -412.305881333  -412.305881333  -412.226396331
    72.000  -412.435553569  -412.333303692  -412.307373275  -412.307373275  -412.226601804
    72.500  -412.433830807  -412.324575355  -412.302136689  -412.302136689  -412.226641024
    73.000  -412.425970722  -412.310037616  -412.290891087  -412.290891087  -412.226207927
    73.500  -412.419481610  -412.297301843  -412.281104684  -412.281104684  -412.225544422
    74.000  -412.423984841  -412.296084230  -412.282370035  -412.282370035  -412.225618667
    74.500  -412.438436124  -412.305493888  -412.293665058  -412.293665058  -412.226355424
    75.000  -412.452026465  -412.314905140  -412.304328976  -412.304328976  -412.226757028
    75.500  -412.457435209  -412.317121258  -412.307337683  -412.307337683  -412.226644429
    76.000  -412.454786149  -412.312353057  -412.303113606  -412.303113606  -412.226365802
    76.500  -412.447521981  -412.304196942  -412.295195827  -412.295195827  -412.226142212
    77.000  -412.438990765  -412.296193354  -412.286797056  -412.286797056  -412.226010381
    77.500  -412.431372695  -412.290551686  -412.279942610  -412.279942610  -412.225937735
    78.000  -412.425817353  -412.288216621  -412.275773687  -412.275773687  -412.225894163
    78.500  -412.422937385  -412.289522955  -412.274958202  -412.274958202  -412.225867375
    79.000  -412.423086731  -412.294620270  -412.277867212  -412.277867212  -412.225871419
    79.500  -412.426175706  -412.303300111  -412.284373217  -412.284373217  -412.225937239
    80.000  -412.431239215  -412.314534071  -412.293429918  -412.293429918  -412.226085339
    80.500  -412.436160931  -412.326138560  -412.302797393  -412.302797393  -412.226318180
    81.000  -412.437742647  -412.334801318  -412.309104034  -412.309104034  -412.226599055
    81.500  -412.432487736  -412.336838005  -412.308632224  -412.308632224  -412.226771297
    82.000  -412.419173016  -412.330757924  -412.299910350  -412.299910350  -412.226513744
    82.500  -412.403121674  -412.321562569  -412.288026418  -412.288026418  -412.225779858
    83.000  -412.395490017  -412.320101776  -412.283951229  -412.283951229  -412.225442620
    83.500  -412.401078929  -412.330962582  -412.292353235  -412.292353235  -412.226038940
    84.000  -412.411659826  -412.345816328  -412.304912499  -412.304912499  -412.226659514
    84.500  -412.417580875  -412.354973091  -412.311930226  -412.311930226  -412.226716403
    85.000  -412.416718958  -412.356284489  -412.311288607  -412.311288607  -412.226452307
    85.500  -412.412122178  -412.352777234  -412.306071993  -412.306071993  -412.226178826
    86.000  -412.407523855  -412.348173837  -412.300049160  -412.300049160  -412.226020147
    86.500  -412.405253796  -412.344812886  -412.295558997  -412.295558997  -412.225970277
    87.000  -412.406136458  -412.343550504  -412.293403990  -412.293403990  -412.225971779
    87.500  -412.410232409  -412.344505160  -412.293605456  -412.293605456  -412.225975811
    88.000  -412.417505889  -412.347731189  -412.296095786  -412.296095786  -412.225973780
    88.500  -412.427931499  -412.353333100  -412.300849989  -412.300849989  -412.225995469
    89.000  -412.441042201  -412.361019960  -412.307456865  -412.307456865  -412.226086974
    89.500  -412.455262789  -412.369435893  -412.314467786  -412.314467786  -412.226281423
    90.000  -412.467503809  -412.375736549  -412.318993899  -412.318993899  -412.226564558
    90.500  -412.473587503  -412.375983151  -412.317123991  -412.317123991  -412.226809017
    91.000  -412.470456575  -412.367308995  -412.306115907  -412.306115907  -412.226706233
    91.500  -412.460653026  -412.352367829  -412.288845649  -412.288845649  -412.226036811
    92.000  -412.454339953  -412.341366548  -412.275791478  -412.275791478  -412.225429272
    92.500  -412.459876472  -412.342698490  -412.275564868  -412.275564868  -412.225743889
    93.000  -412.472839253  -412.352017028  -412.283905431  -412.283905431  -412.226401300
    93.500  -412.483236517  -412.359440634  -412.290902034  -412.290902034  -412.226600801
    94.000  -412.486796055  -412.360792936  -412.292312897  -412.292312897  -412.226432316
    94.500  -412.484942964  -412.357568556  -412.289567471  -412.289567471  -412.226212045
    95.000  -412.480462897  -412.352611548  -412.285445897  -412.285445897  -412.226079906
    95.500  -412.475203962  -412.347821157  -412.281765010  -412.281765010  -412.226033426
    96.000  -412.469916985  -412.343970491  -412.279191909  -412.279191909  -412.226023331
    96.500  -412.464884954  -412.341324751  -412.277869361  -412.277869361  -412.226011822
    97.000  -412.460447135  -412.340168979  -412.277956944  -412.277956944  -412.225989104
    97.500  -412.457129223  -412.340943848  -412.279780864  -412.279780864  -412.225967832
    98.000  -412.455412004  -412.344015785  -412.283622852  -412.283622852  -412.225981316
    98.500  -412.455226911  -412.349178854  -412.289223874  -412.289223874  -412.226075371
    99.000  -412.455313368  -412.355016785  -412.295146061  -412.295146061  -412.226285886
    99.500  -412.452822442  -412.358509242  -412.298377087  -412.298377087  -412.226579615
   100.000  -412.444061261  -412.355771935  -412.295082906  -412.295082906  -412.226759242
   100.500  -412.427645701  -412.345208958  -412.283764221  -412.283764221  -412.226477104
   101.000  -412.409029783  -412.332054839  -412.269795460  -412.269795460  -412.225785919
   101.500  -412.398521393  -412.326428562  -412.263437393  -412.263437393  -412.225579500
   102.000  -412.399152830  -412.331246395  -412.267686677  -412.267686677  -412.226120326
   102.500  -412.403355684  -412.338898589  -412.274935138  -412.274935138  -412.226524056
   103.000  -412.404382134  -412.342629309  -412.278401952  -412.278401952  -412.226470572
   103.500  -412.401765919  -412.341959798  -412.277608373  -412.277608373  -412.226261889
   104.000  -412.397862473  -412.339217445  -412.274913375  -412.274913375  -412.226111372
   104.500  -412.394648315  -412.336341145  -412.272294475  -412.272294475  -412.226036799
   105.000  -412.393184195  -412.334352836  -412.270791509  -412.270791509  -412.225996780
   105.500  -412.394086877  -412.333836629  -412.270972841  -412.270972841  -412.225967986
   106.000  -412.397841802  -412.335260740  -412.273253743  -412.273253743  -412.225948958
   106.500  -412.404804448  -412.338989201  -412.277915098  -412.277915098  -412.225946480
   107.000  -412.415068290  -412.345161110  -412.284992861  -412.284992861  -412.225970022
   107.500  -412.428278918  -412.353514268  -412.294116132  -412.294116132  -412.226038075
   108.000  -412.443336858  -412.363093570  -412.304229104  -412.304229104  -412.226182673
   108.500  -412.457969284  -412.371819956  -412.313174708  -412.313174708  -412.226428800
   109.000  -412.468551446  -412.376297549  -412.317517610  -412.317517610  -412.226710966
   109.500  -412.471407350  -412.373081618  -412.313842547  -412.313842547  -412.226753877
   110.000  -412.466971421  -412.362807082  -412.302890970  -412.302890970  -412.226229605
   110.500  -412.463490289  -412.353878887  -412.293228945  -412.293228945  -412.225573331
   111.000  -412.469960106  -412.355443486  -412.294135266  -412.294135266  -412.225774723
   111.500  -412.483509174  -412.364810251  -412.302943209  -412.302943209  -412.226436346
   112.000  -412.494274479  -412.372310511  -412.309926475  -412.309926475  -412.226644493
   112.500  -412.497817116  -412.373657772  -412.310747553  -412.310747553  -412.226458836
   113.000  -412.495670979  -412.370466384  -412.307022722  -412.307022722  -412.226238083
   113.500  -412.490582560  -412.365497929  -412.301561869  -412.301561869  -412.226109702
   114.000  -412.484345933  -412.360514158  -412.296190003  -412.296190003  -412.226045101
   114.500  -412.477963120  -412.356452599  -412.291894780  -412.291894780  -412.226000668
   115.000  -412.472205110  -412.353994692  -412.289374863  -412.289374863  -412.225962082
   115.500  -412.467815284  -412.353771003  -412.289236943  -412.289236943  -412.225935600
   116.000  -412.465410419  -412.356262003  -412.291898761  -412.291898761  -412.225933834
   116.500  -412.465266654  -412.361582456  -412.297387688  -412.297387688  -412.225973655
   117.000  -412.467044503  -412.369205985  -412.305084537  -412.305084537  -412.226080222
   117.500  -412.469411792  -412.377590938  -412.313373787  -412.313373787  -412.226283846
   118.000  -412.469681972  -412.383824185  -412.319312888  -412.319312888  -412.226573802
   118.500  -412.464232266  -412.384043805  -412.319083610  -412.319083610  -412.226775831
   119.000  -412.451359712  -412.376304562  -412.310881368  -412.310881368  -412.226501649
   119.500  -412.436416629  -412.365735303  -412.300068126  -412.300068126  -412.225726358
   120.000  -412.430659338  -412.363432452  -412.297992894  -412.297992894  -412.225486445
   120.500  -412.437246738  -412.372504524  -412.307903995  -412.307903995  -412.226206942
   121.000  -412.446061896  -412.382886575  -412.319696194  -412.319696194  -412.226799369
   121.500  -412.447624159  -412.385186565  -412.323825604  -412.323825604  -412.226783096
   122.000  -412.440918757  -412.378463938  -412.319175944  -412.319175944  -412.226479248
   122.500  -412.429805811  -412.366629660  -412.309499886  -412.309499886  -412.226187805
   123.000  -412.418497781  -412.353939737  -412.298917107  -412.298917107  -412.226017824
   123.500  -412.409611733  -412.343062607  -412.289984827  -412.289984827  -412.225962144
   124.000  -412.404094281  -412.335012801  -412.283626167  -412.283626167  -412.225960565
   124.500  -412.401996302  -412.329923996  -412.279909889  -412.279909889  -412.225963488
   125.000  -412.403199149  -412.327773492  -412.278768637  -412.278768637  -412.225958983
   125.500  -412.407625845  -412.328590982  -412.280203784  -412.280203784  -412.225965301
   126.000  -412.415005246  -412.332221027  -412.284043871  -412.284043871  -412.226013955
   126.500  -412.424430849  -412.337879041  -412.289499323  -412.289499323  -412.226140596
   127.000  -412.433895522  -412.343679446  -412.294693800  -412.294693800  -412.226367545
   127.500  -412.440135585  -412.346469259  -412.296511173  -412.296511173  -412.226636036
   128.000  -412.439840673  -412.343024793  -412.291815165  -412.291815165  -412.226681200
   128.500  -412.433694095  -412.334077466  -412.281495579  -412.281495579  -412.226147598
   129.000  -412.430454208  -412.328401336  -412.274541203  -412.274541203  -412.225431584
   129.500  -412.440056438  -412.335961778  -412.281105727  -412.281105727  -412.225675349
   130.000  -412.458854565  -412.353209861  -412.297691516  -412.297691516  -412.226574876
   130.500  -412.473473087  -412.366913185  -412.310985926  -412.310985926  -412.226995096
   131.000  -412.476225956  -412.369498726  -412.313305208  -412.313305208  -412.226839077
   131.500  -412.468116017  -412.362012796  -412.305613845  -412.305613845  -412.226480092
   132.000  -412.453991257  -412.349279848  -412.292695665  -412.292695665  -412.226137019
   132.500  -412.438977292  -412.336361927  -412.279592980  -412.279592980  -412.225887280
   133.000  -412.426972779  -412.327077217  -412.270111825  -412.270111825  -412.225762331
   133.500  -412.420024138  -412.323390180  -412.266205577  -412.266205577  -412.225758066
   134.000  -412.418328149  -412.325419965  -412.267981009  -412.267981009  -412.225832178
   134.500  -412.420826766  -412.332032709  -412.274290044  -412.274290044  -412.225937719
   135.000  -412.425928168  -412.341555183  -412.283440057  -412.283440057  -412.226054545
   135.500  -412.431876017  -412.352135142  -412.293556489  -412.293556489  -412.226188921
   136.000  -412.436739632  -412.361725321  -412.302575112  -412.302575112  -412.226353766
   136.500  -412.438305360  -412.367974344  -412.308149924  -412.308149924  -412.226544637
   137.000  -412.434296970  -412.368452904  -412.307899925  -412.307899925  -412.226679868
   137.500  -412.423826940  -412.362110361  -412.300891987  -412.300891987  -412.226509575
   138.000  -412.410933514  -412.352821363  -412.291195015  -412.291195015  -412.225845466
   138.500  -412.405945860  -412.350776476  -412.289217903  -412.289217903  -412.225382401
   139.000  -412.415108908  -412.362151781  -412.301247560  -412.301247560  -412.225994337
   139.500  -412.429835904  -412.378375232  -412.318627453  -412.318627453  -412.226848030
   140.000  -412.437276183  -412.386650070  -412.328356531  -412.328356531  -412.227033048
   140.500  -412.433287984  -412.382872929  -412.326143480  -412.326143480  -412.226748658
   141.000  -412.421122228  -412.370305647  -412.315131056  -412.315131056  -412.226381491
   141.500  -412.406011143  -412.354178295  -412.300484912  -412.300484912  -412.226077552
   142.000  -412.392611359  -412.339149450  -412.286822786  -412.286822786  -412.225855053
   142.500  -412.384402510  -412.328715924  -412.277609388  -412.277609388  -412.225727748
   143.000  -412.383354908  -412.324885070  -412.274824335  -412.274824335  -412.225719173
   143.500  -412.389576515  -412.327829465  -412.278611796  -412.278611796  -412.225821957
   144.000  -412.401412504  -412.335983307  -412.287384670  -412.287384670  -412.225994879
   144.500  -412.416071434  -412.346666652  -412.298444807  -412.298444807  -412.226198661
   145.000  -412.430272569  -412.356727625  -412.308625780  -412.308625780  -412.226418657
   145.500  -412.440602391  -412.362890550  -412.314646184  -412.314646184  -412.226644267
   146.000  -412.443873748  -412.362101631  -412.313466182  -412.313466182  -412.226816693
   146.500  -412.438246010  -412.352625990  -412.303411401  -412.303411401  -412.226749561
   147.000  -412.426103299  -412.336899519  -412.287052756  -412.287052756  -412.226167236
   147.500  -412.417182642  -412.324656376  -412.274328634  -412.274328634  -412.225367437
   148.000  -412.422839979  -412.327252166  -412.276777418  -412.276777418  -412.225492563
   148.500  -412.441071847  -412.342768077  -412.292505816  -412.292505816  -412.226430531
   149.000  -412.458103263  -412.357606211  -412.307770613  -412.307770613  -412.226943613
   149.500  -412.464856620  -412.362880129  -412.313489382  -412.313489382  -412.226830362
   150.000  -412.461438285  -412.358825613  -412.309752059  -412.309752059  -412.226509149
   150.500  -412.451921127  -412.349559644  -412.300598417  -412.300598417  -412.226229551
   151.000  -412.440397150  -412.339143051  -412.290062018  -412.290062018  -412.226036226
   151.500  -412.429958557  -412.330584580  -412.281144966  -412.281144966  -412.225902620
   152.000  -412.422883992  -412.326046862  -412.276003600  -412.276003600  -412.225809967
   152.500  -412.420783552  -412.327003875  -412.276104879  -412.276104879  -412.225778796
   153.000  -412.424255854  -412.333910640  -412.281895901  -412.281895901  -412.225848827
   153.500  -412.432327707  -412.345651509  -412.292257037  -412.292257037  -412.226029796
   154.000  -412.442327804  -412.359417460  -412.304394739  -412.304394739  -412.226283998
   154.500  -412.450491716  -412.371312778  -412.314457203  -412.314457203  -412.226549268
   155.000  -412.452995856  -412.377387344  -412.318575254  -412.318575254  -412.226757692
   155.500  -412.447150027  -412.374823101  -412.314064650  -412.314064650  -412.226806605
   156.000  -412.433135403  -412.363665702  -412.301164612  -412.301164612  -412.226509102
   156.500  -412.416482134  -412.349300674  -412.285501072  -412.285501072  -412.225853644
   157.000  -412.407095264  -412.341498064  -412.277061458  -412.277061458  -412.225535337
   157.500  -412.409432906  -412.344629089  -412.280292666  -412.280292666  -412.226028418
   158.000  -412.416692370  -412.351873930  -412.288261226  -412.288261226  -412.226555092
   158.500  -412.420695190  -412.355087514  -412.292605904  -412.292605904  -412.226589770
   159.000  -412.419751227  -412.352638749  -412.291489793  -412.291489793  -412.226375561
   159.500  -412.416244947  -412.346989117  -412.287219360  -412.287219360  -412.226181057
   160.000  -412.412767192  -412.340820292  -412.282371894  -412.282371894  -412.226069353
   160.500  -412.410901117  -412.335814104  -412.278556409  -412.278556409  -412.226012803
   161.000  -412.411479583  -412.332901279  -412.276645572  -412.276645572  -412.225977950
   161.500  -412.415026537  -412.332696955  -412.277204565  -412.277204565  -412.225949100
   162.000  -412.421956082  -412.335700207  -412.280690047  -412.280690047  -412.225935074
   162.500  -412.432415775  -412.342142672  -412.287302031  -412.287302031  -412.225965381
   163.000  -412.445831669  -412.351542386  -412.296549208  -412.296549208  -412.226065782
   163.500  -412.460543831  -412.362343647  -412.306900163  -412.306900163  -412.226229249
   164.000  -412.473941058  -412.372049220  -412.315918372  -412.315918372  -412.226425217
   164.500  -412.482978416  -412.377726176  -412.320771802  -412.320771802  -412.226615443
   165.000  -412.485010586  -412.376820205  -412.319040186  -412.319040186  -412.226664174
   165.500  -412.479978626  -412.369323892  -412.310877234  -412.310877234  -412.226333044
   166.000  -412.473242800  -412.360609052  -412.301811891  -412.301811891  -412.225805426
   166.500  -412.472148158  -412.358024135  -412.299279297  -412.299279297  -412.225838572
   167.000  -412.476221866  -412.361134715  -412.302800316  -412.302800316  -412.226377859
   167.500  -412.477880075  -412.362434310  -412.304719249  -412.304719249  -412.226630115
   168.000  -412.472808798  -412.357685931  -412.300638255  -412.300638255  -412.226443211
   168.500  -412.462956220  -412.348876002  -412.292434678  -412.292434678  -412.226132047
   169.000  -412.452554254  -412.340225186  -412.284278645  -412.284278645  -412.225924964
   169.500  -412.444650712  -412.334731429  -412.279154514  -412.279154514  -412.225869157
   170.000  -412.440190613  -412.333265433  -412.277927217  -412.277927217  -412.225911625
   170.500  -412.438657508  -412.335217732  -412.279978373  -412.279978373  -412.225986330
   171.000  -412.439038770  -412.339464861  -412.284167178  -412.284167178  -412.226052431
   171.500  -412.440465487  -412.345008508  -412.289477939  -412.289477939  -412.226094510
   172.000  -412.442464324  -412.351229014  -412.295286392  -412.295286392  -412.226115986
   172.500  -412.444894467  -412.357828175  -412.301314037  -412.301314037  -412.226145605
   173.000  -412.447498144  -412.364388144  -412.307194752  -412.307194752  -412.226241896
   173.500  -412.449094617  -412.369574434  -412.311676247  -412.311676247  -412.226438229
   174.000  -412.447325574  -412.370882989  -412.312365293  -412.312365293  -412.226593245
   174.500  -412.440940156  -412.366923796  -412.308004873  -412.308004873  -412.226373629
   175.000  -412.434033146  -412.361662655  -412.302701948  -412.302701948  -412.225843645
   175.500  -412.434148319  -412.362552213  -412.304002992  -412.304002992  -412.225803549
   176.000  -412.441740994  -412.370022953  -412.312324075  -412.312324075  -412.226362547
   176.500  -412.448839967  -412.376142752  -412.319610283  -412.319610283  -412.226705670
   177.000  -412.449674670  -412.375209213  -412.320001522  -412.320001522  -412.226589763
   177.500  -412.444978706  -412.368026672  -412.314171848  -412.314171848  -412.226293715
   178.000  -412.438621755  -412.358543519  -412.305976566  -412.305976566  -412.226037537
   178.500  -412.434229037  -412.350487290  -412.299077851  -412.299077851  -412.225896643
   179.000  -412.433797175  -412.345996289  -412.295566019  -412.295566019  -412.225876457
   179.500  -412.437482600  -412.345408409  -412.295750077  -412.295750077  -412.225947989
   180.000  -412.443995781  -412.347644037  -412.298547434  -412.298547434  -412.226063604
   180.500  -412.451343507  -412.350928811  -412.302205817  -412.302205817  -412.226172134
   181.000  -412.457649837  -412.353591454  -412.305099933  -412.305099933  -412.226234122
   181.500  -412.461799117  -412.354688373  -412.306349641  -412.306349641  -412.226242753
   182.000  -412.463547644  -412.354105896  -412.305911549  -412.305911549  -412.226255862
   182.500  -412.462701991  -412.351732093  -412.303742654  -412.303742654  -412.226365300
   183.000  -412.458009644  -412.346341749  -412.298678995  -412.298678995  -412.226507680
   183.500  -412.448359957  -412.336791036  -412.289632067  -412.289632067  -412.226356826
   184.000  -412.437030444  -412.326269019  -412.279844280  -412.279844280  -412.225846740
   184.500  -412.431531141  -412.322182475  -412.276749258  -412.276749258  -412.225697231
   185.000  -412.433872223  -412.326484576  -412.282247955  -412.282247955  -412.226201053
   185.500  -412.436918043  -412.332051423  -412.289075414  -412.289075414  -412.226607963
   186.000  -412.434074348  -412.332326645  -412.290509959  -412.290509959  -412.226565063
   186.500  -412.424981357  -412.326961990  -412.286075341  -412.286075341  -412.226313880
   187.000  -412.412839162  -412.319118244  -412.278860169  -412.278860169  -412.226083705
   187.500  -412.401010376  -412.312069532  -412.272107907  -412.272107907  -412.225941743
   188.000  -412.391750659  -412.307944192  -412.267940413  -412.267940413  -412.225880544
   188.500  -412.386143447  -412.307672705  -412.267296065  -412.267296065  -412.225883958
   189.000  -412.384281192  -412.311183326  -412.270120951  -412.270120951  -412.225940320
   189.500  -412.385432340  -412.317585586  -412.275553701  -412.275553701  -412.226030772
   190.000  -412.388336684  -412.325477303  -412.282236340  -412.282236340  -412.226121561
   190.500  -412.391717292  -412.333465245  -412.288831988  -412.288831988  -412.226185504
   191.000  -412.394661680  -412.340546129  -412.294403932  -412.294403932  -412.226249090
   191.500  -412.396255960  -412.345734890  -412.298043850  -412.298043850  -412.226385102
   192.000  -412.394717019  -412.347187519  -412.297999546  -412.297999546  -412.226572392
   192.500  -412.388005445  -412.342803905  -412.292289328  -412.292289328  -412.226552110
   193.000  -412.377516128  -412.333912767  -412.282394967  -412.282394967  -412.226074162
   193.500  -412.370741488  -412.327945587  -412.275905463  -412.275905463  -412.225586364
   194.000  -412.374459833  -412.331652652  -412.279650970  -412.279650970  -412.225833693
   194.500  -412.385203625  -412.341588407  -412.290127846  -412.290127846  -412.226416452
   195.000  -412.394291790  -412.349124653  -412.298546205  -412.298546205  -412.226610299
   195.500  -412.397875958  -412.350464096  -412.300933171  -412.300933171  -412.226444256
   196.000  -412.397565082  -412.347253301  -412.298797246  -412.298797246  -412.226210136
   196.500  -412.396491327  -412.342657894  -412.295208901  -412.295208901  -412.226053496
   197.000  -412.396925318  -412.338993406  -412.292418267  -412.292418267  -412.225990626
   197.500  -412.399811478  -412.337271225  -412.291390383  -412.291390383  -412.225992469
   198.000  -412.405104320  -412.337539534  -412.292141495  -412.292141495  -412.226023756
   198.500  -412.412273381  -412.339387253  -412.294242355  -412.294242355  -412.226054058
   199.000  -412.420754266  -412.342390567  -412.297267648  -412.297267648  -412.226066879
   199.500  -412.430190992  -412.346351009  -412.301032809  -412.301032809  -412.226077259
   200.000  -412.440201120  -412.351051017  -412.305350648  -412.305350648  -412.226148072
   200.500  -412.449512610  -412.355378577  -412.309152718  -412.309152718  -412.226346977
   201.000  -412.455186361  -412.356530782  -412.309693655  -412.309693655  -412.226618291
   201.500  -412.453757454  -412.351134105  -412.303677453  -412.303677453  -412.226673400
   202.000  -412.445532095  -412.339527877  -412.291546878  -412.291546878  -412.226187095
   202.500  -412.438423613  -412.329619401  -412.281319205  -412.281319205  -412.225522784
   203.000  -412.441866272  -412.330847946  -412.282496859  -412.282496859  -412.225626146
   203.500  -412.454435118  -412.341852856  -412.293677845  -412.293677845  -412.226281082
   204.000  -412.466479145  -412.353087757  -412.305198619  -412.305198619  -412.226596588
   204.500  -412.472210900  -412.358853373  -412.311240785  -412.311240785  -412.226487242
   205.000  -412.472149601  -412.359700334  -412.312278217  -412.312278217  -412.226265930
   205.500  -412.469100137  -412.358402693  -412.311049340  -412.311049340  -412.226111208
   206.000  -412.465305179  -412.357122899  -412.309703356  -412.309703356  -412.226053486
   206.500  -412.461741395  -412.356716713  -412.309096136  -412.309096136  -412.226066537
   207.000  -412.458406688  -412.357027054  -412.309079225  -412.309079225  -412.226107662
   207.500  -412.454936201  -412.357504846  -412.309120379  -412.309120379  -412.226130239
   208.000  -412.451281048  -412.357894892  -412.308989623  -412.308989623  -412.226105534
   208.500  -412.448074721  -412.358614312  -412.309136618  -412.309136618  -412.226062918
   209.000  -412.446128103  -412.360263174  -412.310199564  -412.310199564  -412.226100288
   209.500  -412.445024391  -412.362236362  -412.311612139  -412.311612139  -412.226299201
   210.000  -412.442091023  -412.361707339  -412.310586491  -412.310586491  -412.226592212
   210.500  -412.433622491  -412.354849531  -412.303351097  -412.303351097  -412.226704962
   211.000  -412.419031389  -412.340980654  -412.289306913  -412.289306913  -412.226312544
   211.500  -412.404948108  -412.326659642  -412.275117728  -412.275117728  -412.225635945
   212.000  -412.401159804  -412.321649665  -412.270603694  -412.270603694  -412.225553961
   212.500  -412.408870461  -412.327212962  -412.276955960  -412.276955960  -412.226109590
   213.000  -412.420061857  -412.335470024  -412.286104826  -412.286104826  -412.226480820
   213.500  -412.428356860  -412.340218827  -412.291643495  -412.291643495  -412.226444936
   214.000  -412.433122395  -412.340998570  -412.292974344  -412.292974344  -412.226261658
   214.500  -412.436366563  -412.339972630  -412.292205513  -412.292205513  -412.226118559
   215.000  -412.439868801  -412.339058832  -412.291261374  -412.291261374  -412.226057948
   215.500  -412.444340766  -412.339093428  -412.291016785  -412.291016785  -412.226056557
   216.000  -412.449674275  -412.340083431  -412.291526465  -412.291526465  -412.226072343
   216.500  -412.455544485  -412.341810351  -412.292614750  -412.292614750  -412.226065995
   217.000  -412.461963756  -412.344387054  -412.294425936  -412.294425936  -412.226029921
   217.500  -412.469352538  -412.348331478  -412.297496086  -412.297496086  -412.226011671
   218.000  -412.477844308  -412.353873319  -412.302056807  -412.302056807  -412.226083341
   218.500  -412.486255891  -412.359920325  -412.307017098  -412.307017098  -412.226277772
   219.000  -412.491691324  -412.363657112  -412.309577178  -412.309577178  -412.226545644
   219.500  -412.490445708  -412.361434254  -412.306148703  -412.306148703  -412.226717834
   220.000  -412.480745660  -412.351492119  -412.295107680  -412.295107680  -412.226495402
   220.500  -412.466842434  -412.338048610  -412.280872128  -412.280872128  -412.225841428
   221.000  -412.458443340  -412.330763367  -412.273284732  -412.273284732  -412.225514995
   221.500  -412.460085651  -412.334167876  -412.276929535  -412.276929535  -412.225980125
   222.000  -412.465273267  -412.341819789  -412.285250811  -412.285250811  -412.226476906
   222.500  -412.466188166  -412.345966681  -412.290308278  -412.290308278  -412.226516158
   223.000  -412.461158990  -412.344960079  -412.290290436  -412.290290436  -412.226317410
   223.500  -412.452482105  -412.341058009  -412.287343927  -412.287343927  -412.226136416
   224.000  -412.442721878  -412.336734487  -412.283870888  -412.283870888  -412.226045604
   224.500  -412.433381534  -412.333364820  -412.281193964  -412.281193964  -412.226015842
   225.000  -412.425158747  -412.331489820  -412.279813328  -412.279813328  -412.225998760
   225.500  -412.418576816  -412.331452971  -412.280041902  -412.280041902  -412.225970614
   226.000  -412.414273050  -412.333693654  -412.282303465  -412.282303465  -412.225955088
   226.500  -412.412640873  -412.338399187  -412.286783439  -412.286783439  -412.226001258
   227.000  -412.413134187  -412.344821398  -412.292748884  -412.292748884  -412.226130353
   227.500  -412.413973489  -412.350997110  -412.298273578  -412.298273578  -412.226317844
   228.000  -412.412526347  -412.354140374  -412.300638409  -412.300638409  -412.226520228
   228.500  -412.406100183  -412.351442237  -412.297141867  -412.297141867  -412.226646406
   229.000  -412.393580813  -412.341708229  -412.286742997  -412.286742997  -412.226475443
   229.500  -412.378578611  -412.328498924  -412.273195811  -412.273195811  -412.225877333
   230.000  -412.370286860  -412.320986785  -412.265856809  -412.265856809  -412.225426093
   230.500  -412.374965305  -412.325449535  -412.271084893  -412.271084893  -412.225803063
   231.000  -412.387304595  -412.336640221  -412.283549472  -412.283549472  -412.226442349
   231.500  -412.397630128  -412.344971610  -412.293471142  -412.293471142  -412.226637559
   232.000  -412.401925463  -412.346516008  -412.296724426  -412.296724426  -412.226479704
   232.500  -412.401603043  -412.342768188  -412.294664671  -412.294664671  -412.226265346
   233.000  -412.399439741  -412.336590240  -412.290077602  -412.290077602  -412.226121449
   233.500  -412.397470296  -412.330114992  -412.285066599  -412.285066599  -412.226041927
   234.000  -412.396874933  -412.324638620  -412.280926553  -412.280926553  -412.225980662
   234.500  -412.398550581  -412.321194767  -412.278700478  -412.278700478  -412.225914677
   235.000  -412.403379011  -412.320821276  -412.279433868  -412.279433868  -412.225875572
   235.500  -412.411756556  -412.324087580  -412.283689358  -412.283689358  -412.225919457
   236.000  -412.422822610  -412.330317942  -412.290764415  -412.290764415  -412.226060321
   236.500  -412.434306407  -412.337427134  -412.298526513  -412.298526513  -412.226258021
   237.000  -412.443148371  -412.342523932  -412.304029907  -412.304029907  -412.226468799
   237.500  -412.446283664  -412.342669729  -412.304300351  -412.304300351  -412.226639815
   238.000  -412.441713134  -412.335921150  -412.297412360  -412.297412360  -412.226610574
   238.500  -412.431029487  -412.323837645  -412.285021615  -412.285021615  -412.226142278
   239.000  -412.422187334  -412.314270299  -412.275139496  -412.275139496  -412.225462419
   239.500  -412.425121141  -412.317054161  -412.277736018  -412.277736018  -412.225458973
   240.000  -412.439841268  -412.332182666  -412.292803882  -412.292803882  -412.226165192
   240.500  -412.456068416  -412.349442585  -412.309994229  -412.309994229  -412.226665762
   241.000  -412.465421199  -412.360523670  -412.320836811  -412.320836811  -412.226687764
   241.500  -412.466354705  -412.363886968  -412.323699236  -412.323699236  -412.226505909
   242.000  -412.460958060  -412.361549248  -412.320584783  -412.320584783  -412.226321957
   242.500  -412.451900033  -412.356051762  -412.314074696  -412.314074696  -412.226169439
   243.000  -412.441655488  -412.349711242  -412.306553054  -412.306553054  -412.226021683
   243.500  -412.432686789  -412.344820819  -412.300387448  -412.300387448  -412.225886753
   244.000  -412.427200488  -412.343419871  -412.297682320  -412.297682320  -412.225830091
   244.500  -412.426174572  -412.346331341  -412.299304737  -412.299304737  -412.225899538
   245.000  -412.428691986  -412.352504822  -412.304220269  -412.304220269  -412.226057847
   245.500  -412.432458768  -412.359540258  -412.310018346  -412.310018346  -412.226239807
   246.000  -412.434765596  -412.364650031  -412.313885729  -412.313885729  -412.226430745
   246.500  -412.432869066  -412.365032115  -412.312996000  -412.312996000  -412.226628076
   247.000  -412.424314199  -412.358178217  -412.304845756  -412.304845756  -412.226712858
   247.500  -412.408968987  -412.343897889  -412.289292579  -412.289292579  -412.226393782
   248.000  -412.392858918  -412.328148839  -412.272395128  -412.272395128  -412.225650978
   248.500  -412.387164762  -412.322057883  -412.265392777  -412.265392777  -412.225322170
   249.000  -412.396468183  -412.330217420  -412.272919382  -412.272919382  -412.225899044
   249.500  -412.412502488  -412.344456863  -412.286749118  -412.286749118  -412.226540560
   250.000  -412.424981839  -412.354639105  -412.296654244  -412.296654244  -412.226695434
   250.500  -412.430122943  -412.357131979  -412.298951347  -412.298951347  -412.226556614
   251.000  -412.428979505  -412.353117700  -412.294830062  -412.294830062  -412.226361676
   251.500  -412.424054840  -412.345197814  -412.286945658  -412.286945658  -412.226174038
   252.000  -412.418085899  -412.336182743  -412.278184875  -412.278184875  -412.225983990
   252.500  -412.413941096  -412.329002642  -412.271551035  -412.271551035  -412.225817314
   253.000  -412.414099352  -412.326200173  -412.269633598  -412.269633598  -412.225751345
   253.500  -412.419508198  -412.328802540  -412.273458696  -412.273458696  -412.225823518
   254.000  -412.429051913  -412.335793707  -412.281952094  -412.281952094  -412.225978072
   254.500  -412.440322096  -412.344878984  -412.292710397  -412.292710397  -412.226148655
   255.000  -412.450619195  -412.353470508  -412.303006213  -412.303006213  -412.226333466
   255.500  -412.457142119  -412.358856483  -412.309987631  -412.309987631  -412.226551995
   256.000  -412.456970910  -412.358155780  -412.310671820  -412.310671820  -412.226718834
   256.500  -412.448616862  -412.349845148  -412.303509934  -412.303509934  -412.226553007
   257.000  -412.435935250  -412.337665637  -412.292315390  -412.292315390  -412.225889656
   257.500  -412.429278018  -412.331819155  -412.287420207  -412.287420207  -412.225392712
   258.000  -412.435684766  -412.339242555  -412.295843208  -412.295843208  -412.225804043
   258.500  -412.449384339  -412.354161009  -412.311769814  -412.311769814  -412.226492664
   259.000  -412.459792699  -412.366055969  -412.324551483  -412.324551483  -412.226745311
   259.500  -412.461874920  -412.369954915  -412.329090086  -412.329090086  -412.226653997
   260.000  -412.456068357  -412.366312107  -412.325769685  -412.325769685  -412.226461735
   260.500  -412.444968727  -412.357693348  -412.317139375  -412.317139375  -412.226248841
   261.000  -412.431844926  -412.347308688  -412.306421506  -412.306421506  -412.226027386
   261.500  -412.420155691  -412.338543608  -412.297028797  -412.297028797  -412.225851597
   262.000  -412.412636830  -412.334058296  -412.291644610  -412.291644610  -412.225798411
   262.500  -412.410180985  -412.334670907  -412.291101374  -412.291101374  -412.225873264
   263.000  -412.411757765  -412.339277534  -412.294298583  -412.294298583  -412.226000263
   263.500  -412.415465087  -412.345900299  -412.299260477  -412.299260477  -412.226122301
   264.000  -412.419390524  -412.352547373  -412.304008300  -412.304008300  -412.226254068
   264.500  -412.421526042  -412.357127106  -412.306487398  -412.306487398  -412.226433920
   265.000  -412.419409031  -412.357086335  -412.304221794  -412.304221794  -412.226618053
   265.500  -412.411051488  -412.350335873  -412.295254829  -412.295254829  -412.226572998
   266.000  -412.398380625  -412.338688943  -412.281590854  -412.281590854  -412.226042292
   266.500  -412.389989772  -412.330624613  -412.271920177  -412.271920177  -412.225446730
   267.000  -412.394357016  -412.334540556  -412.274774756  -412.274774756  -412.225664394
   267.500  -412.408487158  -412.347424310  -412.287117379  -412.287117379  -412.226360324
   268.000  -412.422108207  -412.359040498  -412.298559710  -412.298559710  -412.226678305
   268.500  -412.429402213  -412.363626885  -412.303165784  -412.303165784  -412.226588256
   269.000  -412.430675666  -412.361545904  -412.301169309  -412.301169309  -412.226382153
   269.500  -412.428576289  -412.355502903  -412.295204217  -412.295204217  -412.226186759
   270.000  -412.425951965  -412.348414419  -412.288157145  -412.288157145  -412.226014130
   270.500  -412.425347859  -412.342908355  -412.282654832  -412.282654832  -412.225892780
   271.000  -412.428484406  -412.340799518  -412.280524150  -412.280524150  -412.225865186
   271.500  -412.435668078  -412.342495943  -412.282183091  -412.282183091  -412.225918977
   272.000  -412.445950335  -412.347142818  -412.286791135  -412.286791135  -412.226001201
   272.500  -412.457886196  -412.353361839  -412.293000495  -412.293000495  -412.226083054
   273.000  -412.469985536  -412.359667649  -412.299411942  -412.299411942  -412.226182773
   273.500  -412.480514015  -412.364220676  -412.304391814  -412.304391814  -412.226336055
   274.000  -412.487110154  -412.364439192  -412.305696673  -412.305696673  -412.226540167
   274.500  -412.487263960  -412.357720967  -412.300838767  -412.300838767  -412.226639015
   275.000  -412.481039626  -412.344449727  -412.289696074  -412.289696074  -412.226288452
   275.500  -412.474979525  -412.331476303  -412.278672873  -412.278672873  -412.225602639
   276.000  -412.479109151  -412.328881246  -412.277831493  -412.277831493  -412.225518911
   276.500  -412.494446488  -412.337691844  -412.288293426  -412.288293426  -412.226212276
   277.000  -412.510846808  -412.347840451  -412.300041524  -412.300041524  -412.226739007
   277.500  -412.519440969  -412.350590885  -412.304349117  -412.304349117  -412.226756212
   278.000  -412.518607134  -412.344463219  -412.299743057  -412.299743057  -412.226521490
   278.500  -412.511126719  -412.332364044  -412.289145430  -412.289145430  -412.226234885
   279.000  -412.501081400  -412.318479771  -412.276763475  -412.276763475  -412.225971048
   279.500  -412.492401725  -412.306833285  -412.266623011  -412.266623011  -412.225794478
   280.000  -412.487758695  -412.300181016  -412.261445011  -412.261445011  -412.225759044
   280.500  -412.487773830  -412.299222511  -412.261842090  -412.261842090  -412.225837063
   281.000  -412.491379309  -412.302952557  -412.266682270  -412.266682270  -412.225946715
   281.500  -412.496954213  -412.309787239  -412.274239783  -412.274239783  -412.226045410
   282.000  -412.502967955  -412.318194292  -412.282859797  -412.282859797  -412.226156769
   282.500  -412.507738090  -412.326442249  -412.290727205  -412.290727205  -412.226323013
   283.000  -412.508936414  -412.332099718  -412.295381013  -412.295381013  -412.226542048
   283.500  -412.503846771  -412.332289882  -412.293978836  -412.293978836  -412.226676639
   284.000  -412.491640363  -412.325964912  -412.285579662  -412.285579662  -412.226420426
   284.500  -412.477467091  -412.318013893  -412.275248949  -412.275248949  -412.225729070
   285.000  -412.471778727  -412.318630902  -412.273394528  -412.273394528  -412.225426014
   285.500  -412.478762711  -412.331812714  -412.284200141  -412.284200141  -412.226009135
   286.000  -412.490094199  -412.349129917  -412.299366626  -412.299366626  -412.226628911
   286.500  -412.495911005  -412.360669625  -412.309064072  -412.309064072  -412.226735302
   287.000  -412.493344976  -412.363528394  -412.310448009  -412.310448009  -412.226530134
   287.500  -412.484719623  -412.360002556  -412.305851321  -412.305851321  -412.226255374
   288.000  -412.473973720  -412.354013405  -412.299210006  -412.299210006  -412.226017613
   288.500  -412.464699855  -412.349142861  -412.294099588  -412.294099588  -412.225890818
   289.000  -412.458885528  -412.347373530  -412.292468751  -412.292468751  -412.225902185
   289.500  -412.456501164  -412.348682398  -412.294227359  -412.294227359  -412.225980038
   290.000  -412.456477055  -412.352024682  -412.298236833  -412.298236833  -412.226034537
   290.500  -412.457954824  -412.356585266  -412.303582095  -412.303582095  -412.226060252
   291.000  -412.460419693  -412.361906314  -412.309716871  -412.309716871  -412.226120830
   291.500  -412.462858743  -412.367039043  -412.315623642  -412.315623642  -412.226275746
   292.000  -412.462983557  -412.369754113  -412.319031212  -412.319031212  -412.226520855
   292.500  -412.457482607  -412.366774971  -412.316662351  -412.316662351  -412.226720761
   293.000  -412.444310566  -412.356049507  -412.306518689  -412.306518689  -412.226562964
   293.500  -412.427077974  -412.341135473  -412.292268377  -412.292268377  -412.225900369
   294.000  -412.415938449  -412.332119457  -412.284124855  -412.284124855  -412.225451567
   294.500  -412.417152939  -412.335246628  -412.288378447  -412.288378447  -412.225917070
   295.000  -412.424203577  -412.344064843  -412.298489502  -412.298489502  -412.226578415
   295.500  -412.426933723  -412.348520883  -412.304243767  -412.304243767  -412.226739729
   296.000  -412.421763455  -412.345105520  -412.301999711  -412.301999711  -412.226532893
   296.500  -412.411014348  -412.336154239  -412.294023302  -412.294023302  -412.226224135
   297.000  -412.399112610  -412.326062003  -412.284688925  -412.284688925  -412.225950423
   297.500  -412.390172835  -412.318889366  -412.278059515  -412.278059515  -412.225810334
   298.000  -412.386351537  -412.316734655  -412.276236961  -412.276236961  -412.225846782
   298.500  -412.387204310  -412.319100936  -412.278719965  -412.278719965  -412.225977654
   299.000  -412.390819059  -412.324033344  -412.283543292  -412.283543292  -412.226079066
   299.500  -412.395585800  -412.329890416  -412.289054625  -412.289054625  -412.226111069
   300.000  -412.400860669  -412.336007620  -412.294581961  -412.294581961  -412.226122866
   300.500  -412.406330743  -412.342061609  -412.299801362  -412.299801362  -412.226191302
   301.000  -412.410954355  -412.347008013  -412.303677864  -412.303677864  -412.226360359
   301.500  -412.412448480  -412.348560629  -412.303956039  -412.303956039  -412.226566105
   302.000  -412.408473808  -412.344361403  -412.298350650  -412.298350650  -412.226557718
   302.500  -412.400331992  -412.335664290  -412.288239444  -412.288239444  -412.226075541
   303.000  -412.395805170  -412.330183960  -412.281486653  -412.281486653  -412.225528431
   303.500  -412.402589671  -412.335572196  -412.285841368  -412.285841368  -412.225769200
   304.000  -412.417254054  -412.348419100  -412.297872086  -412.297872086  -412.226481292
   304.500  -412.429254588  -412.358261000  -412.307004015  -412.307004015  -412.226809594
   305.000  -412.432711319  -412.359309225  -412.307341550  -412.307341550  -412.226667977
   305.500  -412.428819572  -412.352829041  -412.300102235  -412.300102235  -412.226323678
   306.000  -412.422322889  -412.343609700  -412.290086732  -412.290086732  -412.225989082
   306.500  -412.418058015  -412.336521023  -412.282209977  -412.282209977  -412.225824769
   307.000  -412.418411735  -412.333983409  -412.278942610  -412.278942610  -412.225871336
   307.500  -412.422680871  -412.335336713  -412.279660773  -412.279660773  -412.226001793
   308.000  -412.428805924  -412.338573247  -412.282377507  -412.282377507  -412.226079421
   308.500  -412.435370752  -412.342333856  -412.285742603  -412.285742603  -412.226083254
   309.000  -412.442044226  -412.346347176  -412.289485108  -412.289485108  -412.226072290
   309.500  -412.448798352  -412.350648966  -412.293632689  -412.293632689  -412.226115180
   310.000  -412.454916712  -412.354590319  -412.297522863  -412.297522863  -412.226254001
   310.500  -412.458449463  -412.356290372  -412.299260961  -412.299260961  -412.226463394
   311.000  -412.456802547  -412.353213440  -412.296311814  -412.296311814  -412.226569497
   311.500  -412.449480242  -412.344887373  -412.288244215  -412.288244215  -412.226270996
   312.000  -412.441953996  -412.336766709  -412.280592768  -412.280592768  -412.225653928
   312.500  -412.443263296  -412.337858653  -412.282443673  -412.282443673  -412.225582930
   313.000  -412.454289518  -412.349043924  -412.294687126  -412.294687126  -412.226275230
   313.500  -412.465123717  -412.360454909  -412.307379170  -412.307379170  -412.226805889
   314.000  -412.467264785  -412.363628736  -412.311954929  -412.311954929  -412.226763149
   314.500  -412.460385415  -412.358231816  -412.308009301  -412.308009301  -412.226400265
   315.000  -412.449422572  -412.349149242  -412.300390679  -412.300390679  -412.226034780
   315.500  -412.439758742  -412.341689497  -412.294376764  -412.294376764  -412.225867612
   316.000  -412.434050777  -412.338433641  -412.292496706  -412.292496706  -412.225906978
   316.500  -412.431945062  -412.338956071  -412.294250922  -412.294250922  -412.226009127
   317.000  -412.432027056  -412.341769090  -412.298072551  -412.298072551  -412.226061485
   317.500  -412.433478277  -412.345974432  -412.303003807  -412.303003807  -412.226063105
   318.000  -412.436206950  -412.351396374  -412.308837599  -412.308837599  -412.226066810
   318.500  -412.440120549  -412.357860333  -412.315395005  -412.315395005  -412.226124633
   319.000  -412.444359319  -412.364436425  -412.321759827  -412.321759827  -412.226269229
   319.500  -412.446845440  -412.368991370  -412.325836925  -412.325836925  -412.226490924
   320.000  -412.444640418  -412.368542829  -412.324709969  -412.324709969  -412.226652650
   320.500  -412.436190973  -412.361490205  -412.316899163  -412.316899163  -412.226456748
   321.000  -412.425360540  -412.351640085  -412.306391746  -412.306391746  -412.225844592
   321.500  -412.421150087  -412.347951683  -412.302331568  -412.302331568  -412.225575527
   322.000  -412.427132919  -412.354020406  -412.308387684  -412.308387684  -412.226140371
   322.500  -412.435364592  -412.362004920  -412.316627009  -412.316627009  -412.226728332
   323.000  -412.436810953  -412.363009753  -412.317975054  -412.317975054  -412.226748428
   323.500  -412.430184630  -412.355865753  -412.311105463  -412.311105463  -412.226398900
   324.000  -412.419999362  -412.345158934  -412.300509792  -412.300509792  -412.226045366
   324.500  -412.411262171  -412.335927828  -412.291185255  -412.291185255  -412.225897246
   325.000  -412.406213819  -412.330422193  -412.285365739  -412.285365739  -412.225926938
   325.500  -412.404496010  -412.328284581  -412.282690972  -412.282690972  -412.225988005
   326.000  -412.405137792  -412.328550076  -412.282199797  -412.282199797  -412.225999912
   326.500  -412.407787610  -412.330882945  -412.283566945  -412.283566945  -412.225980030
   327.000  -412.412558919  -412.335422068  -412.286948725  -412.286948725  -412.225978110
   327.500  -412.419324073  -412.342068583  -412.292272691  -412.292272691  -412.226036208
   328.000  -412.427096644  -412.349860703  -412.298612318  -412.298612318  -412.226180418
   328.500  -412.433685852  -412.356617915  -412.303839316  -412.303839316  -412.226406403
   329.000  -412.435923881  -412.359156921  -412.304851416  -412.304851416  -412.226616849
   329.500  -412.431358805  -412.354976230  -412.299267020  -412.299267020  -412.226553667
   330.000  -412.421940505  -412.345945949  -412.289110727  -412.289110727  -412.226032874
   330.500  -412.415717130  -412.340030932  -412.282489653  -412.282489653  -412.225574881
   331.000  -412.419076635  -412.343573254  -412.285797041  -412.285797041  -412.225899025
   331.500  -412.427616705  -412.352183662  -412.294566290  -412.294566290  -412.226511662
   332.000  -412.432353625  -412.356926229  -412.299718253  -412.299718253  -412.226671290
   332.500  -412.430022891  -412.354577155  -412.297910552  -412.297910552  -412.226442477
   333.000  -412.423163745  -412.347691546  -412.291635324  -412.291635324  -412.226180630
   333.500  -412.415283799  -412.339772623  -412.284373852  -412.284373852  -412.226064377
   334.000  -412.408071477  -412.332496778  -412.277792078  -412.277792078  -412.226051597
   334.500  -412.401755260  -412.326080766  -412.272090449  -412.272090449  -412.226038196
   335.000  -412.396517998  -412.320698685  -412.267415415  -412.267415415  -412.225985338
   335.500  -412.393107200  -412.317091602  -412.264472566  -412.264472566  -412.225916957
   336.000  -412.392527615  -412.316259473  -412.264224132  -412.264224132  -412.225871592
   336.500  -412.395457737  -412.318877874  -412.267311965  -412.267311965  -412.225880594
   337.000  -412.401750857  -412.324800342  -412.273565507  -412.273565507  -412.225969175
   337.500  -412.410060942  -412.332683644  -412.281634258  -412.281634258  -412.226154510
   338.000  -412.417683448  -412.339827129  -412.288832939  -412.288832939  -412.226410452
   338.500  -412.421163102  -412.342774842  -412.291752055  -412.291752055  -412.226585213
   339.000  -412.418727009  -412.339737662  -412.288692457  -412.288692457  -412.226395810
   339.500  -412.414027180  -412.334332444  -412.283394483  -412.283394483  -412.225849093
   340.000  -412.415044070  -412.334499887  -412.283914797  -412.283914797  -412.225673676
   340.500  -412.424214066  -412.342669548  -412.292721803  -412.292721803  -412.226172152
   341.000  -412.434748606  -412.352102383  -412.303014839  -412.303014839  -412.226563566
   341.500  -412.440541673  -412.356778978  -412.308668293  -412.308668293  -412.226486315
   342.000  -412.441727669  -412.356923394  -412.309813417  -412.309813417  -412.226265817
   342.500  -412.440891404  -412.355191268  -412.309041100  -412.309041100  -412.226168029
   343.000  -412.439267574  -412.352863857  -412.307580331  -412.307580331  -412.226172541
   343.500  -412.436755334  -412.349862919  -412.305298664  -412.305298664  -412.226166572
   344.000  -412.433419048  -412.346254240  -412.302206323  -412.302206323  -412.226106088
   344.500  -412.430143387  -412.342906069  -412.299127398  -412.299127398  -412.226016472
   345.000  -412.428289852  -412.341155469  -412.297369716  -412.297369716  -412.225938721
   345.500  -412.429066568  -412.342188494  -412.298104295  -412.298104295  -412.225904726
   346.000  -412.433005697  -412.346526409  -412.301849153  -412.301849153  -412.225940233
   346.500  -412.439562585  -412.353626983  -412.308066799  -412.308066799  -412.226070198
   347.000  -412.446778537  -412.361543449  -412.314825437  -412.314825437  -412.226308569
   347.500  -412.451232640  -412.366859710  -412.318746767  -412.318746767  -412.226601097
   348.000  -412.449172369  -412.365799049  -412.316132442  -412.316132442  -412.226717925
   348.500  -412.440066053  -412.357758125  -412.306523172  -412.306523172  -412.226334686
   349.000  -412.430549146  -412.349265005  -412.296642950  -412.296642950  -412.225693047
   349.500  -412.429912853  -412.349521380  -412.295859214  -412.295859214  -412.225717311
   350.000  -412.437971178  -412.358325927  -412.303998788  -412.303998788  -412.226310230
   350.500  -412.446224263  -412.367232517  -412.312494875  -412.312494875  -412.226590310
   351.000  -412.449507627  -412.371135412  -412.316079194  -412.316079194  -412.226490529
   351.500  -412.448170939  -412.370405531  -412.315003141  -412.315003141  -412.226333486
   352.000  -412.444017653  -412.366834622  -412.311001158  -412.311001158  -412.226232979
   352.500  -412.438354755  -412.361708561  -412.305348985  -412.305348985  -412.226162827
   353.000  -412.432138864  -412.355969212  -412.299005454  -412.299005454  -412.226093379
   353.500  -412.426364943  -412.350606654  -412.292986922  -412.292986922  -412.226017398
   354.000  -412.422158710  -412.346747676  -412.288445570  -412.288445570  -412.225945090
   354.500  -412.420604644  -412.345479386  -412.286487774  -412.286487774  -412.225898100
   355.000  -412.422403462  -412.347505611  -412.287827565  -412.287827565  -412.225904284
   355.500  -412.427439470  -412.352714198  -412.292355397  -412.292355397  -412.225995604
   356.000  -412.434312377  -412.359709503  -412.298676087  -412.298676087  -412.226201015
   356.500  -412.439999664  -412.365469807  -412.303778969  -412.303778969  -412.226508249
   357.000  -412.440296019  -412.365778268  -412.303484726  -412.303484726  -412.226762489
   357.500  -412.432415936  -412.357812558  -412.295053593  -412.295053593  -412.226609175
   358.000  -412.419879069  -412.345026504  -412.282065360  -412.282065360  -412.225932489
   358.500  -412.412903927  -412.337569572  -412.274785664  -412.274785664  -412.225542900
   359.000  -412.417063632  -412.340990147  -412.278786412  -412.278786412  -412.225998424
   359.500  -412.426166665  -412.349140129  -412.287823258  -412.287823258  -412.226508242
   360.000  -412.432119356  -412.354007920  -412.293735436  -412.293735436  -412.226592369
   360.500  -412.432394434  -412.353150639  -412.293947383  -412.293947383  -412.226456822
   361.000  -412.428163106  -412.347812507  -412.289607085  -412.289607085  -412.226280137
   361.500  -412.421660424  -412.340291501  -412.282947376  -412.282947376  -412.226113070
   362.000  -412.415189061  -412.332943898  -412.276283579  -412.276283579  -412.225985499
   362.500  -412.410582813  -412.327646147  -412.271469820  -412.271469820  -412.225914147
   363.000  -412.408903886  -412.325487496  -412.269590225  -412.269590225  -412.225890176
   363.500  -412.410517866  -412.326846058  -412.271028022  -412.271028022  -412.225895290
   364.000  -412.415322945  -412.331619961  -412.275691930  -412.275691930  -412.225926057
   364.500  -412.422792343  -412.339274393  -412.283058674  -412.283058674  -412.226001195
   365.000  -412.431718461  -412.348589146  -412.291919187  -412.291919187  -412.226151590
   365.500  -412.439822700  -412.357269104  -412.299991353  -412.299991353  -412.226390178
   366.000  -412.443727045  -412.361909762  -412.303894084  -412.303894084  -412.226642360
   366.500  -412.440316698  -412.359348759  -412.300511433  -412.300511433  -412.226662675
   367.000  -412.430361456  -412.350279208  -412.290613326  -412.290613326  -412.226194925
   367.500  -412.421408808  -412.342157520  -412.281747722  -412.281747722  -412.225591389
   368.000  -412.422118215  -412.343579142  -412.282571587  -412.282571587  -412.225651755
   368.500  -412.431789413  -412.353842995  -412.292375295  -412.292375295  -412.226209113
   369.000  -412.442260017  -412.364835093  -412.302976638  -412.302976638  -412.226558842
   369.500  -412.447480959  -412.370558322  -412.308294141  -412.308294141  -412.226570050
   370.000  -412.446360132  -412.369940805  -412.307190040  -412.307190040  -412.226414695
   370.500  -412.440711737  -412.364783565  -412.301424708  -412.301424708  -412.226220478
   371.000  -412.433272801  -412.357790245  -412.293681587  -412.293681587  -412.226048825
   371.500  -412.426622655  -412.351501544  -412.286494989  -412.286494989  -412.225928368
   372.000  -412.422640504  -412.347762903  -412.281713653  -412.281713653  -412.225868308
   372.500  -412.422300844  -412.347528502  -412.280301093  -412.280301093  -412.225861293
   373.000  -412.425739806  -412.350930715  -412.282404406  -412.282404406  -412.225892622
   373.500  -412.432447243  -412.357474389  -412.287547555  -412.287547555  -412.225956688
   374.000  -412.441353055  -412.366122267  -412.294716162  -412.294716162  -412.226065491
   374.500  -412.450684653  -412.375144360  -412.302215056  -412.302215056  -412.226240327
   375.000  -412.457771185  -412.381915946  -412.307467248  -412.307467248  -412.226470795
   375.500  -412.459388743  -412.383246598  -412.307358231  -412.307358231  -412.226646053
   376.000  -412.453628847  -412.377235037  -412.300097576  -412.300097576  -412.226513315
   376.500  -412.443439172  -412.366798393  -412.288753534  -412.288753534  -412.225937261
   377.000  -412.437676526  -412.360736816  -412.282285706  -412.282285706  -412.225448201
   377.500  -412.443209391  -412.365871080  -412.287613771  -412.287613771  -412.225744998
   378.000  -412.455895241  -412.378051920  -412.300564987  -412.300564987  -412.226414417
   378.500  -412.465847253  -412.387415178  -412.311144277  -412.311144277  -412.226715884
   379.000  -412.467756414  -412.388670488  -412.313888500  -412.313888500  -412.226603581
   379.500  -412.462510802  -412.382704879  -412.309523938  -412.309523938  -412.226342692
   380.000  -412.453709150  -412.373100662  -412.301506058  -412.301506058  -412.226104319
   380.500  -412.444952010  -412.363440945  -412.293325693  -412.293325693  -412.225938663
   381.000  -412.438854496  -412.356334997  -412.287527136  -412.287527136  -412.225846673
   381.500  -412.436893853  -412.353272320  -412.285555130  -412.285555130  -412.225822833
   382.000  -412.439449160  -412.354661847  -412.287790836  -412.287790836  -412.225860423
   382.500  -412.445906203  -412.359930120  -412.293649959  -412.293649959  -412.225947589
   383.000  -412.454851154  -412.367704404  -412.301766083  -412.301766083  -412.226075269
   383.500  -412.464239833  -412.375971843  -412.310150797  -412.310150797  -412.226244986
   384.000  -412.471468447  -412.382142602  -412.316256241  -412.316256241  -412.226449057
   384.500  -412.473642570  -412.383317084  -412.317244267  -412.317244267  -412.226618128
   385.000  -412.468788447  -412.377496881  -412.311201830  -412.311201830  -412.226569726
   385.500  -412.458509228  -412.366240291  -412.299800546  -412.299800546  -412.226124578
   386.000  -412.449918603  -412.356606651  -412.290225703  -412.290225703  -412.225566808
   386.500  -412.450877118  -412.356425165  -412.290397402  -412.290397402  -412.225639809
   387.000  -412.460247283  -412.364589581  -412.299208272  -412.299208272  -412.226287231
   387.500  -412.468733179  -412.371904966  -412.307371510  -412.307371510  -412.226703115
   388.000  -412.469548581  -412.371722823  -412.308110987  -412.308110987  -412.226648494
   388.500  -412.462581457  -412.364061514  -412.301335873  -412.301335873  -412.226380256
   389.000  -412.451334098  -412.352520284  -412.290574214  -412.290574214  -412.226114949
   389.500  -412.439684744  -412.341035931  -412.279723761  -412.279723761  -412.225924736
   390.000  -412.430581079  -412.332583295  -412.271738795  -412.271738795  -412.225811753
   390.500  -412.425856347  -412.328998629  -412.268441071  -412.268441071  -412.225763597
   391.000  -412.426329656  -412.331083986  -412.270620514  -412.270620514  -412.225778700
   391.500  -412.431793263  -412.338596875  -412.278027220  -412.278027220  -412.225868133
   392.000  -412.440867635  -412.350108080  -412.289231955  -412.289231955  -412.226035401
   392.500  -412.450999109  -412.363001488  -412.301629841  -412.301629841  -412.226258857
   393.000  -412.458853164  -412.373869127  -412.311837709  -412.311837709  -412.226491409
   393.500  -412.461119766  -412.379316300  -412.316504766  -412.316504766  -412.226660619
   394.000  -412.455733161  -412.377181183  -412.313539818  -412.313539818  -412.226649418
   394.500  -412.443663442  -412.368327071  -412.303915672  -412.303915672  -412.226319426
   395.000  -412.430577692  -412.358311700  -412.293334286  -412.293334286  -412.225775847
   395.500  -412.424517411  -412.355086534  -412.289884573  -412.289884573  -412.225621395
   396.000  -412.427548646  -412.360671143  -412.295644831  -412.295644831  -412.226109657
   396.500  -412.432711798  -412.368103563  -412.303592019  -412.303592019  -412.226582712
   397.000  -412.432621084  -412.370006667  -412.306217143  -412.306217143  -412.226625439
   397.500  -412.425754643  -412.364848957  -412.301862059  -412.301862059  -412.226413837
   398.000  -412.414697852  -412.355184381  -412.292996723  -412.292996723  -412.226182781
   398.500  -412.402772467  -412.344291776  -412.282858510  -412.282858510  -412.226018574
   399.000  -412.392530068  -412.334678929  -412.273940898  -412.273940898  -412.225918638
   399.500  -412.385623402  -412.327960962  -412.267853966  -412.267853966  -412.225861012
   400.000  -412.383054459  -412.325115180  -412.265566017  -412.265566017  -412.225834272
   400.500  -412.385309941  -412.326621976  -412.267539293  -412.267539293  -412.225843527
   401.000  -412.392268674  -412.332377344  -412.273645609  -412.273645609  -412.225905479
   401.500  -412.402960232  -412.341453056  -412.282937500  -412.282937500  -412.226033144
   402.000  -412.415410156  -412.351938421  -412.293507408  -412.293507408  -412.226213968
   402.500  -412.426896265  -412.361188031  -412.302748956  -412.302748956  -412.226400924
   403.000  -412.434726208  -412.366586323  -412.308128853  -412.308128853  -412.226520307
   403.500  -412.437464309  -412.366758625  -412.308394430  -412.308394430  -412.226446921
   404.000  -412.436756818  -412.363385303  -412.305366321  -412.305366321  -412.226086417
   404.500  -412.438065619  -412.361936655  -412.304626775  -412.304626775  -412.225767391
   405.000  -412.445678608  -412.366712485  -412.310491967  -412.310491967  -412.226000233
   405.500  -412.456302071  -412.374467261  -412.319609092  -412.319609092  -412.226478503
   406.000  -412.462975845  -412.378327182  -412.324936000  -412.324936000  -412.226627638
   406.500  -412.462857636  -412.375552191  -412.323589809  -412.323589809  -412.226453158
   407.000  -412.457859902  -412.368152698  -412.317497955  -412.317497955  -412.226205578
   407.500  -412.451334861  -412.359566845  -412.310063179  -412.310063179  -412.226025491
   408.000  -412.445869865  -412.352450369  -412.303931138  -412.303931138  -412.225938325
   408.500  -412.442746907  -412.348135836  -412.300429945  -412.300429945  -412.225925272
   409.000  -412.442147045  -412.346834955  -412.299764686  -412.299764686  -412.225960673
   409.500  -412.443518784  -412.348006977  -412.301385346  -412.301385346  -412.226021428
   410.000  -412.445936020  -412.350716742  -412.304350707  -412.304350707  -412.226086386
   410.500  -412.448432966  -412.353970398  -412.307672477  -412.307672477  -412.226137882
   411.000  -412.450272736  -412.356986127  -412.310590948  -412.310590948  -412.226177978
   411.500  -412.450903311  -412.359151124  -412.312532055  -412.312532055  -412.226252665
   412.000  -412.449341552  -412.359405291  -412.312485653  -412.312485653  -412.226407076
   412.500  -412.443766274  -412.355832335  -412.308591706  -412.308591706  -412.226516719
   413.000  -412.433482494  -412.347623791  -412.300108692  -412.300108692  -412.226282927
   413.500  -412.422595651  -412.338766549  -412.291097957  -412.291097957  -412.225807795
   414.000  -412.417799536  -412.335864315  -412.288207088  -412.288207088  -412.225796089
   414.500  -412.419251680  -412.339043362  -412.291523967  -412.291523967  -412.226271021
   415.000  -412.420281369  -412.341644839  -412.294281177  -412.294281177  -412.226531776
   415.500  -412.416524313  -412.339311372  -412.292014443  -412.292014443  -412.226407790
   416.000  -412.409064332  -412.333101979  -412.285725164  -412.285725164  -412.226154938
   416.500  -412.401283545  -412.326351827  -412.278738092  -412.278738092  -412.225958624
   417.000  -412.396029798  -412.321864398  -412.273870105  -412.273870105  -412.225864099
   417.500  -412.394725588  -412.321035133  -412.272537644  -412.272537644  -412.225856024
   418.000  -412.397476749  -412.323965090  -412.274866544  -412.274866544  -412.225907332
   418.500  -412.403447384  -412.329838387  -412.280069264  -412.280069264  -412.225990678
   419.000  -412.411290236  -412.337349545  -412.286873985  -412.286873985  -412.226076140
   419.500  -412.419629325  -412.345183557  -412.294002959  -412.294002959  -412.226133613
   420.000  -412.427514833  -412.352470244  -412.300622857  -412.300622857  -412.226158341
   420.500  -412.434472355  -412.358829944  -412.306383975  -412.306383975  -412.226207564
   421.000  -412.439684982  -412.363550699  -412.310598476  -412.310598476  -412.226368519
   421.500  -412.440980157  -412.364555752  -412.311218491  -412.311218491  -412.226576722
   422.000  -412.436102815  -412.359652843  -412.306105194  -412.306105194  -412.226503363
   422.500  -412.427192218  -412.350990927  -412.297502119  -412.297502119  -412.225991469
   423.000  -412.421955658  -412.346250197  -412.293192632  -412.293192632  -412.225684382
   423.500  -412.424629144  -412.349655161  -412.297426697  -412.297426697  -412.226086555
   424.000  -412.429599747  -412.355625430  -412.304525202  -412.304525202  -412.226547493
   424.500  -412.429695112  -412.357032906  -412.307192105  -412.307192105  -412.226564949
   425.000  -412.423691948  -412.352666621  -412.304054005  -412.304054005  -412.226320160
   425.500  -412.414626660  -412.345529998  -412.297993888  -412.297993888  -412.226075275
   426.000  -412.406024195  -412.339083738  -412.292392662  -412.292392662  -412.225929856
   426.500  -412.400138263  -412.335502036  -412.289380243  -412.289380243  -412.225887529
   427.000  -412.397710288  -412.335444989  -412.289599456  -412.289599456  -412.225924304
   427.500  -412.398269199  -412.338365247  -412.292507603  -412.292507603  -412.226008775
   428.000  -412.400621236  -412.343000109  -412.296864448  -412.296864448  -412.226098335
   428.500  -412.403530583  -412.348052122  -412.301408112  -412.301408112  -412.226141860
   429.000  -412.406472728  -412.352941126  -412.305603046  -412.305603046  -412.226122438
   429.500  -412.409802751  -412.357971950  -412.309801883  -412.309801883  -412.226121928
   430.000  -412.413538051  -412.363115054  -412.314021266  -412.314021266  -412.226274631
   430.500  -412.415606048  -412.366250605  -412.316189353  -412.316189353  -412.226553078
   431.000  -412.412522873  -412.363841777  -412.312827056  -412.312827056  -412.226647502
   431.500  -412.403838161  -412.355375319  -412.303508511  -412.303508511  -412.226248115
   432.000  -412.395911734  -412.347151042  -412.294631939  -412.294631939  -412.225680796
   432.500  -412.396692767  -412.347091220  -412.294173627  -412.294173627  -412.225752341
   433.000  -412.405184649  -412.354227453  -412.301127701  -412.301127701  -412.226309669
   433.500  -412.413302516  -412.360545412  -412.307369123  -412.307369123  -412.226588642
   434.000  -412.416116029  -412.361193178  -412.307926690  -412.307926690  -412.226477637
   434.500  -412.414357302  -412.356969832  -412.303511865  -412.303511865  -412.226246348
   435.000  -412.410989708  -412.350893477  -412.297094728  -412.297094728  -412.226069219
   435.500  -412.408487483  -412.345489552  -412.291181251  -412.291181251  -412.225987278
   436.000  -412.408015900  -412.341978863  -412.286989393  -412.286989393  -412.225985524
   436.500  -412.409562746  -412.340411710  -412.284577030  -412.284577030  -412.226030655
   437.000  -412.412429889  -412.340158114  -412.283330433  -412.283330433  -412.226076243
   437.500  -412.415948595  -412.340620567  -412.282674489  -412.282674489  -412.226072194
   438.000  -412.420197284  -412.341949207  -412.282784290  -412.282784290  -412.226013985
   438.500  -412.425975824  -412.345014017  -412.284553706  -412.284553706  -412.226000959
   439.000  -412.433339000  -412.349935533  -412.288124110  -412.288124110  -412.226169460
   439.500  -412.439786110  -412.354269721  -412.291071242  -412.291071242  -412.226496167
   440.000  -412.440816493  -412.353555895  -412.288960568  -412.288960568  -412.226718951
   440.500  -412.433901059  -412.345279690  -412.279320679  -412.279320679  -412.226485052
   441.000  -412.423330258  -412.333722210  -412.266491815  -412.266491815  -412.225806988
   441.500  -412.419082512  -412.328846363  -412.260492267  -412.260492267  -412.225469354
   442.000  -412.425867181  -412.335366116  -412.266052596  -412.266052596  -412.225920587
   442.500  -412.437331603  -412.346963180  -412.276816043  -412.276816043  -412.226440367
   443.000  -412.445296231  -412.355495722  -412.284574431  -412.284574431  -412.226532643
   443.500  -412.447315935  -412.358525528  -412.286829632  -412.286829632  -412.226364019
   444.000  -412.445208131  -412.357830103  -412.285322755  -412.285322755  -412.226172549
   444.500  -412.441629273  -412.355984361  -412.282617822  -412.282617822  -412.226052287
   445.000  -412.438435196  -412.354736775  -412.280472297  -412.280472297  -412.226008860
   445.500  -412.436431994  -412.354776330  -412.279598873  -412.279598873  -412.226013310
   446.000  -412.435747289  -412.356116612  -412.280046297  -412.280046297  -412.226019598
   446.500  -412.436486378  -412.358762115  -412.281862485  -412.281862485  -412.225984885
   447.000  -412.439301488  -412.363283824  -412.285665176  -412.285665176  -412.225921045
   447.500  -412.445126253  -412.370556559  -412.292373832  -412.292373832  -412.225931736
   448.000  -412.453689593  -412.380272494  -412.301716191  -412.301716191  -412.226125623
   448.500  -412.462093519  -412.389514723  -412.310800171  -412.310800171  -412.226468998
   449.000  -412.465454964  -412.393390736  -412.314752927  -412.314752927  -412.226769368
   449.500  -412.459912147  -412.388025785  -412.309731864  -412.309731864  -412.226740619
   450.000  -412.446871863  -412.374799120  -412.297174593  -412.297174593  -412.226190402
   450.500  -412.435032163  -412.362374397  -412.285813879  -412.285813879  -412.225554700
   451.000  -412.433505091  -412.359854592  -412.284779487  -412.284779487  -412.225642228
   451.500  -412.441203641  -412.366203844  -412.292967058  -412.292967058  -412.226211975
   452.000  -412.449776625  -412.373173738  -412.301986441  -412.301986441  -412.226514391
   452.500  -412.453820060  -412.375472953  -412.306401188  -412.306401188  -412.226470453
   453.000  -412.453009592  -412.372864348  -412.305873822  -412.305873822  -412.226322116
   453.500  -412.449039204  -412.367094218  -412.302099702  -412.302099702  -412.226206714
   454.000  -412.443463138  -412.359742050  -412.296638979  -412.296638979  -412.226145818
   454.500  -412.437218179  -412.351756422  -412.290430461  -412.290430461  -412.226108511
   455.000  -412.430992018  -412.343835345  -412.284166851  -412.284166851  -412.226045488
   455.500  -412.425912368  -412.337124908  -412.278983858  -412.278983858  -412.225922660
   456.000  -412.423927291  -412.333604709  -412.276846370  -412.276846370  -412.225789550
   456.500  -412.426971572  -412.335252479  -412.279712746  -412.279712746  -412.225784646
   457.000  -412.435007563  -412.342078024  -412.287567356  -412.287567356  -412.225991108
   457.500  -412.444927352  -412.351017301  -412.297316279  -412.297316279  -412.226332845
   458.000  -412.451694149  -412.357063712  -412.303931367  -412.303931367  -412.226660705
   458.500  -412.450730621  -412.355643277  -412.302849945  -412.302849945  -412.226789867
   459.000  -412.440954796  -412.345638675  -412.293020761  -412.293020761  -412.226470359
   459.500  -412.428059846  -412.332674436  -412.280187909  -412.280187909  -412.225772306
   460.000  -412.422398244  -412.327039567  -412.274759302  -412.274759302  -412.225495728
   460.500  -412.427925181  -412.332681998  -412.280713456  -412.280713456  -412.225978542
   461.000  -412.437876367  -412.342895992  -412.291261023  -412.291261023  -412.226446324
   461.500  -412.444748770  -412.350258644  -412.298845117  -412.298845117  -412.226492760
   462.000  -412.446715599  -412.352998285  -412.301588844  -412.301588844  -412.226342589
   462.500  -412.445266156  -412.352619555  -412.300950731  -412.300950731  -412.226219945
   463.000  -412.441949356  -412.350655126  -412.298466449  -412.298466449  -412.226173585
   463.500  -412.437432526  -412.347734695  -412.294800101  -412.294800101  -412.226159225
   464.000  -412.432044751  -412.344135624  -412.290278900  -412.290278900  -412.226108520
   464.500  -412.426732680  -412.340743781  -412.285842277  -412.285842277  -412.225980657
   465.000  -412.423551517  -412.339548532  -412.283530762  -412.283530762  -412.225829068
   465.500  -412.424788393  -412.342772726  -412.285605883  -412.285605883  -412.225795203
   466.000  -412.430930598  -412.350847672  -412.292521467  -412.292521467  -412.225961488
   466.500  -412.439517210  -412.361270015  -412.301782603  -412.301782603  -412.226260155
   467.000  -412.446113214  -412.369575332  -412.308930980  -412.308930980  -412.226571549
   467.500  -412.446255004  -412.371276688  -412.309503703  -412.309503703  -412.226759348
   468.000  -412.437851577  -412.364253855  -412.301444897  -412.301444897  -412.226580067
   468.500  -412.424646452  -412.352207142  -412.288567071  -412.288567071  -412.225930864
   469.000  -412.416578918  -412.345030202  -412.280884556  -412.280884556  -412.225469329
   469.500  -412.420173032  -412.349233394  -412.284949173  -412.284949173  -412.225848638
   470.000  -412.430210822  -412.359636819  -412.295494529  -412.295494529  -412.226430044
   470.500  -412.437798548  -412.367412239  -412.303542785  -412.303542785  -412.226566647
   471.000  -412.439722701  -412.369403530  -412.305816439  -412.305816439  -412.226404435
   471.500  -412.437461509  -412.367124652  -412.303773788  -412.303773788  -412.226233122
   472.000  -412.433167124  -412.362748397  -412.299587839  -412.299587839  -412.226154342
   472.500  -412.427947769  -412.357399049  -412.294415264  -412.294415264  -412.226132908
   473.000  -412.422224708  -412.351515551  -412.288742381  -412.288742381  -412.226087433
   473.500  -412.416839504  -412.345961493  -412.283483856  -412.283483856  -412.225965996
   474.000  -412.413693927  -412.342665271  -412.280616608  -412.280616608  -412.225821103
   474.500  -412.414897049  -412.343769241  -412.282317812  -412.282317812  -412.225792785
   475.000  -412.420779334  -412.349643852  -412.288970680  -412.288970680  -412.225953159
   475.500  -412.428902665  -412.357894591  -412.298168079  -412.298168079  -412.226231359
   476.000  -412.435082558  -412.364377054  -412.305733541  -412.305733541  -412.226524540
   476.500  -412.435086876  -412.364880892  -412.307426130  -412.307426130  -412.226724957
   477.000  -412.426638412  -412.357117560  -412.300950498  -412.300950498  -412.226598293
   477.500  -412.412815977  -412.344112329  -412.289367465  -412.289367465  -412.225979009
   478.000  -412.403308498  -412.335474033  -412.282344878  -412.282344878  -412.225460598
   478.500  -412.405471858  -412.338492453  -412.287190701  -412.287190701  -412.225817964
   479.000  -412.414460831  -412.348292034  -412.298960645  -412.298960645  -412.226474752
   479.500  -412.420487632  -412.355068792  -412.307733905  -412.307733905  -412.226666729
   480.000  -412.419617294  -412.354849185  -412.309446440  -412.309446440  -412.226491016
   480.500  -412.413581849  -412.349301574  -412.305724200  -412.305724200  -412.226262984
   481.000  -412.405457538  -412.341432854  -412.299565852  -412.299565852  -412.226118029
   481.500  -412.397418298  -412.333362778  -412.293096518  -412.293096518  -412.226047218
   482.000  -412.390664625  -412.326263011  -412.287494677  -412.287494677  -412.225987437
   482.500  -412.386232314  -412.321165906  -412.283794584  -412.283794584  -412.225898179
   483.000  -412.385483537  -412.319452419  -412.283366795  -412.283366795  -412.225823908
   483.500  -412.389459678  -412.322203756  -412.287250945  -412.287250945  -412.225858427
   484.000  -412.397610468  -412.328924463  -412.294873796  -412.294873796  -412.226027659
   484.500  -412.407454822  -412.337193586  -412.303710219  -412.303710219  -412.226270531
   485.000  -412.415453257  -412.343527532  -412.310168304  -412.310168304  -412.226527208
   485.500  -412.418036715  -412.344395588  -412.310642797  -412.310642797  -412.226723031
   486.000  -412.413065848  -412.337663701  -412.302999017  -412.302999017  -412.226633312
   486.500  -412.403155501  -412.325903834  -412.289918433  -412.289918433  -412.226033620
   487.000  -412.397846855  -412.318578427  -412.281072241  -412.281072241  -412.225422198
   487.500  -412.405722448  -412.324208711  -412.285198785  -412.285198785  -412.225690729
   488.000  -412.422914420  -412.338940455  -412.298558246  -412.298558246  -412.226408248
   488.500  -412.438554030  -412.351989967  -412.310367836  -412.310367836  -412.226705413
   489.000  -412.446865286  -412.357686419  -412.314918304  -412.314918304  -412.226587827
   489.500  -412.448401555  -412.356673522  -412.312822582  -412.312822582  -412.226367969
   490.000  -412.445907398  -412.351768119  -412.306877230  -412.306877230  -412.226195521
   490.500  -412.441853237  -412.345504802  -412.299597243  -412.299597243  -412.226079644
   491.000  -412.438052357  -412.339761708  -412.292837670  -412.292837670  -412.225978909
   491.500  -412.436122167  -412.336224483  -412.288262216  -412.288262216  -412.225866376
   492.000  -412.437762926  -412.336663260  -412.287620838  -412.287620838  -412.225787085
   492.500  -412.444044436  -412.342212469  -412.292032331  -412.292032331  -412.225836777
   493.000  -412.454107462  -412.352065440  -412.300676925  -412.300676925  -412.226030892
   493.500  -412.464988190  -412.363291642  -412.310616429  -412.310616429  -412.226279314
   494.000  -412.472897477  -412.372108627  -412.318073565  -412.318073565  -412.226511665
   494.500  -412.474392771  -412.375045477  -412.319610254  -412.319610254  -412.226695332
   495.000  -412.467221379  -412.369776622  -412.312976817  -412.312976817  -412.226687501
   495.500  -412.452621367  -412.357420500  -412.299413527  -412.299413527  -412.226234349
   496.000  -412.438296524  -412.345531850  -412.286619760  -412.286619760  -412.225543261
   496.500  -412.434354847  -412.344086731  -412.284667629  -412.284667629  -412.225504793
   497.000  -412.441454250  -412.353674477  -412.294122088  -412.294122088  -412.226158012
   497.500  -412.450296390  -412.364993037  -412.305545426  -412.305545426  -412.226609314
   498.000  -412.453398452  -412.370574763  -412.311308726  -412.311308726  -412.226615743
   498.500  -412.449578825  -412.369236081  -412.310104331  -412.310104331  -412.226454214
   499.000  -412.440712321  -412.362827955  -412.303705174  -412.303705174  -412.226307164
   499.500  -412.428960053  -412.353473991  -412.294193601  -412.294193601  -412.226183232
   500.000  -412.416391308  -412.343201475  -412.283581661  -412.283581661  -412.226027733
