     0.000  -412.520392102  -412.341786598  -412.289293801  -412.289293801  -412.236986507
     0.500  -412.522389420  -412.333390547  -412.287819594  -412.287819594  -412.237162566
     1.000  -412.523635977  -412.326292384  -412.287212310  -412.287212310  -412.237189258
     1.500  -412.523873780  -412.319878003  -412.286798416  -412.286798416  -412.237150620
     2.000  -412.523674282  -412.314618835  -412.286934694  -412.286934694  -412.237140719
     2.500  -412.523218031  -412.310750063  -412.287681327  -412.287681327  -412.237209065
     3.000  -412.521622704  -412.307470041  -412.288073635  -412.288073635  -412.237343420
     3.500  -412.517268289  -412.303188500  -412.286410956  -412.286410956  -412.237436755
     4.000  -412.509486083  -412.297182325  -412.281945185  -412.281945185  -412.237304060
     4.500  -412.501047902  -412.292087418  -412.277375733  -412.277375733  -412.236922938
     5.000  -412.497884722  -412.293662522  -412.278560349  -412.278560349  -412.236716191
     5.500  -412.502976048  -412.304736472  -412.288398486  -412.288398486  -412.237047774
     6.000  -412.511580645  -412.320456848  -412.302071933  -412.302071933  -412.237573363
     6.500  -412.515810742  -412.332834704  -412.311639996  -412.311639996  -412.237824485
     7.000  -412.511477245  -412.337547169  -412.312902558  -412.312902558  -412.237710384
     7.500  -412.499946990  -412.335781943  -412.307256516  -412.307256516  -412.237362211
     8.000  -412.486195851  -412.332301208  -412.299723592  -412.299723592  -412.237043937
     8.500  -412.474826305  -412.331463564  -412.294913325  -412.294913325  -412.236988900
     9.000  -412.466786898  -412.333924061  -412.293689030  -412.293689030  -412.237125806
     9.500  -412.460267173  -412.337536338  -412.294042722  -412.294042722  -412.237224392
    10.000  -412.453869239  -412.340607689  -412.294295780  -412.294295780  -412.237207650
    10.500  -412.447838214  -412.343198304  -412.294399992  -412.294399992  -412.237149237
    11.000  -412.443096300  -412.346150391  -412.295036302  -412.295036302  -412.237134994
    11.500  -412.439941996  -412.349735142  -412.296351045  -412.296351045  -412.237206234
    12.000  -412.437442638  -412.353018631  -412.297354088  -412.297354088  -412.237337750
    12.500  -412.433888575  -412.354297291  -412.296377359  -412.296377359  -412.237414768
    13.000  -412.428583272  -412.352880901  -412.292863069  -412.292863069  -412.237266902
    13.500  -412.424084479  -412.351327363  -412.289594983  -412.289594983  -412.236923273
    14.000  -412.425277547  -412.354521936  -412.291728181  -412.291728181  -412.236805045
    14.500  -412.433604802  -412.363951913  -412.300913355  -412.300913355  -412.237141938
    15.000  -412.444126930  -412.374780916  -412.312295502  -412.312295502  -412.237563969
    15.500  -412.450397507  -412.380703217  -412.319409559  -412.319409559  -412.237739427
    16.000  -412.449394033  -412.378836872  -412.319178065  -412.319178065  -412.237661559
    16.500  -412.442103564  -412.370291128  -412.312542038  -412.312542038  -412.237404652
    17.000  -412.432355245  -412.358999353  -412.303308249  -412.303308249  -412.237103055
    17.500  -412.424573469  -412.349479053  -412.295897523  -412.295897523  -412.236976417
    18.000  -412.420634181  -412.343692561  -412.292192223  -412.292192223  -412.237079034
    18.500  -412.419100642  -412.340283105  -412.290762433  -412.290762433  -412.237219366
    19.000  -412.417790014  -412.337135960  -412.289427218  -412.289427218  -412.237251300
    19.500  -412.415947440  -412.333550262  -412.287428783  -412.287428783  -412.237203446
    20.000  -412.414048398  -412.330039851  -412.285234509  -412.285234509  -412.237167232
    20.500  -412.412543370  -412.327079756  -412.283286775  -412.283286775  -412.237201567
    21.000  -412.411005530  -412.324255506  -412.281159703  -412.281159703  -412.237295723
    21.500  -412.408368546  -412.320500600  -412.277804848  -412.277804848  -412.237337615
    22.000  -412.404627182  -412.315794985  -412.273258088  -412.273258088  -412.237156173
    22.500  -412.403040208  -412.313370711  -412.270834538  -412.270834538  -412.236800449
    23.000  -412.408859685  -412.318458870  -412.275836797  -412.275836797  -412.236730942
    23.500  -412.422952495  -412.331939002  -412.289149488  -412.289149488  -412.237158508
    24.000  -412.439142823  -412.347692334  -412.304575455  -412.304575455  -412.237625622
    24.500  -412.450288427  -412.358655876  -412.314940378  -412.314940378  -412.237768915
    25.000  -412.453748452  -412.362258139  -412.317589345  -412.317589345  -412.237624580
    25.500  -412.451388117  -412.360406027  -412.314408751  -412.314408751  -412.237331245
    26.000  -412.447497959  -412.357402053  -412.309742782  -412.309742782  -412.237041584
    26.500  -412.446264648  -412.357419336  -412.307844448  -412.307844448  -412.236949759
    27.000  -412.448964082  -412.361696731  -412.310041826  -412.310041826  -412.237101806
    27.500  -412.453383574  -412.367963879  -412.314140011  -412.314140011  -412.237299047
    28.000  -412.456515781  -412.373136703  -412.317113812  -412.317113812  -412.237370151
    28.500  -412.457049217  -412.375813653  -412.317609549  -412.317609549  -412.237332592
    29.000  -412.455327945  -412.376238326  -412.315914846  -412.315914846  -412.237286065
    29.500  -412.451996255  -412.374950392  -412.312612867  -412.312612867  -412.237300589
    30.000  -412.446990278  -412.371776335  -412.307578718  -412.307578718  -412.237373843
    30.500  -412.439645892  -412.365931645  -412.300089154  -412.300089154  -412.237401949
    31.000  -412.430283104  -412.357602233  -412.290412440  -412.290412440  -412.237213091
    31.500  -412.422451325  -412.350192895  -412.282048580  -412.282048580  -412.236828151
    32.000  -412.422023873  -412.349447696  -412.280812084  -412.280812084  -412.236697439
    32.500  -412.430844686  -412.357141021  -412.288462404  -412.288462404  -412.237101435
    33.000  -412.443130104  -412.367494972  -412.299112339  -412.299112339  -412.237616802
    33.500  -412.451115346  -412.372804623  -412.304915328  -412.304915328  -412.237811779
    34.000  -412.451462171  -412.369807331  -412.302513809  -412.302513809  -412.237648010
    34.500  -412.446358442  -412.360759617  -412.294151110  -412.294151110  -412.237255688
    35.000  -412.441509506  -412.351427145  -412.285652117  -412.285652117  -412.236875746
    35.500  -412.442349418  -412.347309004  -412.282606719  -412.282606719  -412.236786807
    36.000  -412.450078961  -412.349693192  -412.286380122  -412.286380122  -412.236996567
    36.500  -412.461522288  -412.355520884  -412.293954391  -412.293954391  -412.237242416
    37.000  -412.472716673  -412.360977989  -412.301513981  -412.301513981  -412.237348304
    37.500  -412.481583244  -412.364159856  -412.307110801  -412.307110801  -412.237340813
    38.000  -412.487798813  -412.364933374  -412.310523725  -412.310523725  -412.237319305
    38.500  -412.491459177  -412.363586938  -412.311907752  -412.311907752  -412.237352298
    39.000  -412.492116213  -412.359852663  -412.310822751  -412.310822751  -412.237434789
    39.500  -412.488925450  -412.353036740  -412.306387343  -412.306387343  -412.237457365
    40.000  -412.482285052  -412.343644220  -412.298941107  -412.298941107  -412.237247673
    40.500  -412.476018742  -412.335570968  -412.292265289  -412.292265289  -412.236846699
    41.000  -412.476133327  -412.334889575  -412.292386393  -412.292386393  -412.236718150
    41.500  -412.484278510  -412.343334028  -412.301064098  -412.301064098  -412.237107917
    42.000  -412.494582522  -412.355106339  -412.312615783  -412.312615783  -412.237587379
    42.500  -412.499447141  -412.362610279  -412.319648486  -412.319648486  -412.237778959
    43.000  -412.495391632  -412.362275641  -412.318809608  -412.318809608  -412.237671636
    43.500  -412.483881827  -412.355433592  -412.311556389  -412.311556389  -412.237350514
    44.000  -412.469964715  -412.346987639  -412.302801304  -412.302801304  -412.236974580
    44.500  -412.459500685  -412.342650156  -412.298188614  -412.298188614  -412.236811286
    45.000  -412.455240716  -412.345018564  -412.300204627  -412.300204627  -412.236949896
    45.500  -412.455503077  -412.352255182  -412.306890771  -412.306890771  -412.237192554
    46.000  -412.456819529  -412.360734036  -412.314509689  -412.314509689  -412.237357757
    46.500  -412.456624746  -412.367728802  -412.320254209  -412.320254209  -412.237430551
    47.000  -412.453717053  -412.371869840  -412.322713656  -412.322713656  -412.237467315
    47.500  -412.447560625  -412.372444673  -412.321177323  -412.321177323  -412.237508983
    48.000  -412.437717835  -412.368833625  -412.315084286  -412.315084286  -412.237540324
    48.500  -412.424142131  -412.360812925  -412.304336303  -412.304336303  -412.237457544
    49.000  -412.408648296  -412.350039649  -412.290793683  -412.290793683  -412.237145954
    49.500  -412.396210228  -412.341368029  -412.279566011  -412.279566011  -412.236751321
    50.000  -412.392459385  -412.340367614  -412.276465683  -412.276465683  -412.236714025
    50.500  -412.397754821  -412.347403939  -412.281994935  -412.281994935  -412.237116084
    51.000  -412.406151627  -412.356591514  -412.290277735  -412.290277735  -412.237542498
    51.500  -412.411044035  -412.361409547  -412.294714956  -412.294714956  -412.237720395
    52.000  -412.409472026  -412.358982284  -412.292336582  -412.292336582  -412.237631831
    52.500  -412.402827270  -412.350776867  -412.284528722  -412.284528722  -412.237311350
    53.000  -412.396095860  -412.341846498  -412.276277335  -412.276277335  -412.236943642
    53.500  -412.394780193  -412.337758685  -412.273075318  -412.273075318  -412.236853752
    54.000  -412.400343045  -412.340046550  -412.276355325  -412.276355325  -412.237053953
    54.500  -412.409969452  -412.345979846  -412.283263676  -412.283263676  -412.237233373
    55.000  -412.420698893  -412.352702873  -412.290824328  -412.290824328  -412.237265139
    55.500  -412.431466087  -412.359276929  -412.298008041  -412.298008041  -412.237260764
    56.000  -412.441831877  -412.365406638  -412.304468149  -412.304468149  -412.237320967
    56.500  -412.450582098  -412.370027943  -412.309133102  -412.309133102  -412.237442601
    57.000  -412.455792567  -412.371355509  -412.310249709  -412.310249709  -412.237537269
    57.500  -412.456200742  -412.368237780  -412.306737178  -412.306737178  -412.237461023
    58.000  -412.453256669  -412.362199711  -412.300224742  -412.300224742  -412.237143509
    58.500  -412.451746430  -412.358073187  -412.295662431  -412.295662431  -412.236832397
    59.000  -412.456013455  -412.360240143  -412.297526621  -412.297526621  -412.236914792
    59.500  -412.464796232  -412.367490216  -412.304638080  -412.304638080  -412.237302283
    60.000  -412.472362928  -412.374150032  -412.311294353  -412.311294353  -412.237605273
    60.500  -412.473909193  -412.375457964  -412.312681621  -412.312681621  -412.237677829
    61.000  -412.468154764  -412.370143240  -412.307488398  -412.307488398  -412.237543202
    61.500  -412.457309374  -412.360391906  -412.297881994  -412.297881994  -412.237223096
    62.000  -412.446437894  -412.351222323  -412.288875391  -412.288875391  -412.236877708
    62.500  -412.440735042  -412.347772838  -412.285594281  -412.285594281  -412.236821562
    63.000  -412.441126702  -412.350907841  -412.288870115  -412.288870115  -412.237085018
    63.500  -412.443882288  -412.356830571  -412.294848525  -412.294848525  -412.237342949
    64.000  -412.445021947  -412.361483339  -412.299407329  -412.299407329  -412.237406896
    64.500  -412.443244109  -412.363466846  -412.301091327  -412.301091327  -412.237350872
    65.000  -412.439174418  -412.363282735  -412.300371292  -412.300371292  -412.237307822
    65.500  -412.433514672  -412.361480665  -412.297801296  -412.297801296  -412.237335533
    66.000  -412.426177203  -412.357794740  -412.293171399  -412.293171399  -412.237379471
    66.500  -412.417083758  -412.351949347  -412.286324816  -412.286324816  -412.237289657
    67.000  -412.408195889  -412.345701255  -412.279202118  -412.279202118  -412.236988582
    67.500  -412.404201247  -412.343547111  -412.276513767  -412.276513767  -412.236733822
    68.000  -412.408690659  -412.348928466  -412.281868411  -412.281868411  -412.236889098
    68.500  -412.419405861  -412.359500636  -412.292967703  -412.292967703  -412.237316774
    69.000  -412.430070851  -412.368962412  -412.303430338  -412.303430338  -412.237624712
    69.500  -412.435848956  -412.372498437  -412.308295942  -412.308295942  -412.237690587
    70.000  -412.435583678  -412.369013038  -412.306320079  -412.306320079  -412.237548618
    70.500  -412.431543957  -412.360882038  -412.299752423  -412.299752423  -412.237226930
    71.000  -412.428658016  -412.353192375  -412.293584870  -412.293584870  -412.236891899
    71.500  -412.431749866  -412.350980332  -412.292775462  -412.292775462  -412.236840670
    72.000  -412.441415450  -412.355095570  -412.298102340  -412.298102340  -412.237084452
    72.500  -412.453882136  -412.362042280  -412.306002616  -412.306002616  -412.237318925
    73.000  -412.465157365  -412.368108181  -412.312709652  -412.312709652  -412.237380307
    73.500  -412.473608003  -412.371922266  -412.316824162  -412.316824162  -412.237341732
    74.000  -412.479220548  -412.373695691  -412.318563028  -412.318563028  -412.237320737
    74.500  -412.481975500  -412.373575662  -412.318122081  -412.318122081  -412.237368680
    75.000  -412.481118780  -412.370900391  -412.314937110  -412.314937110  -412.237440053
    75.500  -412.475911292  -412.364938939  -412.308422108  -412.308422108  -412.237385893
    76.000  -412.467761747  -412.357028260  -412.300089388  -412.300089388  -412.237078978
    76.500  -412.461594978  -412.351971065  -412.294908207  -412.294908207  -412.236737087
    77.000  -412.462358840  -412.354594385  -412.297796317  -412.297796317  -412.236830919
    77.500  -412.468744428  -412.363508357  -412.307342794  -412.307342794  -412.237318284
    78.000  -412.473775724  -412.371693825  -412.316417512  -412.316417512  -412.237712993
    78.500  -412.471450465  -412.373103331  -412.318845246  -412.318845246  -412.237797231
    79.000  -412.460399815  -412.366291851  -412.313083308  -412.313083308  -412.237601764
    79.500  -412.443760783  -412.354284790  -412.302099962  -412.302099962  -412.237219030
    80.000  -412.427480398  -412.342894952  -412.291678039  -412.291678039  -412.236897697
    80.500  -412.416454566  -412.336877187  -412.286548152  -412.286548152  -412.236903725
    81.000  -412.410859491  -412.336272965  -412.286713593  -412.286713593  -412.237133549
    81.500  -412.407480780  -412.337746003  -412.288786591  -412.288786591  -412.237289906
    82.000  -412.403836171  -412.338706820  -412.290123271  -412.290123271  -412.237287349
    82.500  -412.399678455  -412.338813926  -412.290340270  -412.290340270  -412.237226354
    83.000  -412.395757816  -412.338734731  -412.290082466  -412.290082466  -412.237214435
    83.500  -412.392258905  -412.338581048  -412.289465625  -412.289465625  -412.237294817
    84.000  -412.388180356  -412.337284635  -412.287461481  -412.287461481  -412.237418153
    84.500  -412.382193254  -412.333453161  -412.282756771  -412.282756771  -412.237411055
    85.000  -412.375181990  -412.327900017  -412.276290296  -412.276290296  -412.237099520
    85.500  -412.372254796  -412.325655728  -412.273242717  -412.273242717  -412.236709635
    86.000  -412.378996828  -412.332228376  -412.279248635  -412.279248635  -412.236812615
    86.500  -412.393867353  -412.346011015  -412.292756080  -412.292756080  -412.237357244
    87.000  -412.408922298  -412.359000927  -412.305747286  -412.305747286  -412.237751906
    87.500  -412.417902827  -412.364872933  -412.311864382  -412.311864382  -412.237773003
    88.000  -412.420106156  -412.362843409  -412.310315885  -412.310315885  -412.237516830
    88.500  -412.419330443  -412.356626818  -412.304839350  -412.304839350  -412.237138568
    89.000  -412.421218291  -412.351797663  -412.301057795  -412.301057795  -412.236896159
    89.500  -412.429270736  -412.351823636  -412.302510896  -412.302510896  -412.236975662
    90.000  -412.442234300  -412.355460664  -412.308074907  -412.308074907  -412.237210704
    90.500  -412.456251350  -412.358877315  -412.314165916  -412.314165916  -412.237334340
    91.000  -412.468601105  -412.359392699  -412.318513969  -412.318513969  -412.237304391
    91.500  -412.478642940  -412.356589134  -412.321035170  -412.321035170  -412.237251710
    92.000  -412.486547428  -412.351301267  -412.322260871  -412.322260871  -412.237276547
    92.500  -412.492092217  -412.344047976  -412.321926238  -412.321926238  -412.237379971
    93.000  -412.494242492  -412.334181224  -412.318765204  -412.318765204  -412.237518035
    93.500  -412.491758533  -412.320740464  -412.311275151  -412.311275151  -412.237563184
    94.000  -412.485390826  -412.305161327  -412.299676542  -412.299676542  -412.237383390
    94.500  -412.480333579  -412.293892217  -412.288390772  -412.288390772  -412.236743174
    95.000  -412.483690672  -412.293015882  -412.286184753  -412.293015882  -412.236625050
    95.500  -412.492522146  -412.298569884  -412.288319306  -412.298569884  -412.237209618
    96.000  -412.501839410  -412.305412752  -412.292289636  -412.305412752  -412.237614938
    96.500  -412.505283887  -412.306982914  -412.292103508  -412.306982914  -412.237661285
    97.000  -412.501566443  -412.301987941  -412.286695446  -412.301987941  -412.237459909
    97.500  -412.493480055  -412.293263734  -412.279039893  -412.293263734  -412.237131099
    98.000  -412.485886064  -412.285759840  -412.274062200  -412.285759840  -412.236835042
    98.500  -412.482994937  -412.283855137  -412.275788411  -412.283855137  -412.236759994
    99.000  -412.485376243  -412.288817510  -412.283892286  -412.288817510  -412.236672754
    99.500  -412.490172166  -412.300541995  -412.292765331  -412.292765331  -412.237083813
   100.000  -412.493536912  -412.312343006  -412.299133520  -412.299133520  -412.237108666
   100.500  -412.494314219  -412.322482072  -412.303344645  -412.303344645  -412.237080109
   101.000  -412.492424784  -412.330479609  -412.305453664  -412.305453664  -412.237065430
   101.500  -412.487868050  -412.336200860  -412.305507668  -412.305507668  -412.237113662
   102.000  -412.479924762  -412.338901790  -412.302844982  -412.302844982  -412.237195410
   102.500  -412.467651210  -412.337516815  -412.296612186  -412.296612186  -412.237171489
   103.000  -412.451973453  -412.332543281  -412.287801059  -412.287801059  -412.236886228
   103.500  -412.437848205  -412.328496277  -412.281226775  -412.281226775  -412.236473758
   104.000  -412.431774607  -412.331772142  -412.283035015  -412.283035015  -412.236465757
   104.500  -412.434236977  -412.342917336  -412.293321027  -412.293321027  -412.236980812
   105.000  -412.438128570  -412.354877342  -412.304631208  -412.304631208  -412.237463782
   105.500  -412.436189114  -412.360371709  -412.309420492  -412.309420492  -412.237594493
   106.000  -412.426147868  -412.357040767  -412.305215083  -412.305215083  -412.237427102
   106.500  -412.410518599  -412.347275809  -412.294431245  -412.294431245  -412.237058085
   107.000  -412.394979056  -412.336644426  -412.282755779  -412.282755779  -412.236651834
   107.500  -412.385554070  -412.331108019  -412.276292902  -412.276292902  -412.236495983
   108.000  -412.384519411  -412.332933428  -412.277409088  -412.277409088  -412.236666735
   108.500  -412.389380308  -412.339653227  -412.283676457  -412.283676457  -412.236902581
   109.000  -412.396401686  -412.347574310  -412.291403321  -412.291403321  -412.237003353
   109.500  -412.403614151  -412.354772089  -412.298648819  -412.298648819  -412.237003621
   110.000  -412.410613463  -412.360885507  -412.305026263  -412.305026263  -412.237015406
   110.500  -412.417047317  -412.365607568  -412.310187329  -412.310187329  -412.237101566
   111.000  -412.421719387  -412.367792444  -412.312928221  -412.312928221  -412.237233720
   111.500  -412.423071046  -412.365935973  -412.311685112  -412.311685112  -412.237268721
   112.000  -412.421285728  -412.360276034  -412.306653716  -412.306653716  -412.237024827
   112.500  -412.420517030  -412.355021153  -412.302025118  -412.302025118  -412.236618406
   113.000  -412.426646419  -412.356124869  -412.303738943  -412.303738943  -412.236575612
   113.500  -412.440117377  -412.364146545  -412.312310726  -412.312310726  -412.237028931
   114.000  -412.454234433  -412.372558748  -412.321137246  -412.321137246  -412.237473439
   114.500  -412.461922306  -412.374484591  -412.323267822  -412.323267822  -412.237596696
   115.000  -412.460698268  -412.367635534  -412.316376322  -412.316376322  -412.237426321
   115.500  -412.452823464  -412.354441338  -412.302897100  -412.302897100  -412.237051956
   116.000  -412.443806170  -412.340549010  -412.288508237  -412.288508237  -412.236659840
   116.500  -412.439333871  -412.331761995  -412.279049462  -412.279049462  -412.236528567
   117.000  -412.441309904  -412.330084921  -412.276548381  -412.276548381  -412.236687642
   117.500  -412.447392482  -412.333268361  -412.278761799  -412.278761799  -412.236880973
   118.000  -412.454453814  -412.338267409  -412.282640163  -412.282640163  -412.236948562
   118.500  -412.461022467  -412.343679243  -412.286781314  -412.286781314  -412.236937083
   119.000  -412.466889621  -412.349343226  -412.291033783  -412.291033783  -412.236943641
   119.500  -412.471761429  -412.354983112  -412.295150980  -412.295150980  -412.237019466
   120.000  -412.474527174  -412.359466605  -412.298053419  -412.298053419  -412.237137353
   120.500  -412.473730743  -412.361268925  -412.298294511  -412.298294511  -412.237171208
   121.000  -412.469424297  -412.360324830  -412.295908108  -412.295908108  -412.236967971
   121.500  -412.465041993  -412.359914494  -412.294275341  -412.294275341  -412.236635222
   122.000  -412.465448401  -412.364737416  -412.298156694  -412.298156694  -412.236612866
   122.500  -412.471022534  -412.375021223  -412.307763323  -412.307763323  -412.237003995
   123.000  -412.476348325  -412.385214544  -412.317455182  -412.317455182  -412.237385253
   123.500  -412.475806101  -412.389556285  -412.321369452  -412.321369452  -412.237494495
   124.000  -412.467657117  -412.386143248  -412.317544026  -412.317544026  -412.237356232
   124.500  -412.454127523  -412.377017129  -412.308028132  -412.308028132  -412.237039930
   125.000  -412.440205593  -412.366977625  -412.297691276  -412.297691276  -412.236697766
   125.500  -412.431084410  -412.361044241  -412.291656464  -412.291656464  -412.236584771
   126.000  -412.428545948  -412.360853373  -412.291660032  -412.291660032  -412.236745801
   126.500  -412.430357136  -412.364061300  -412.295422467  -412.295422467  -412.236941755
   127.000  -412.433517571  -412.367593213  -412.299882805  -412.299882805  -412.237009977
   127.500  -412.436729283  -412.370112925  -412.303669885  -412.303669885  -412.236991711
   128.000  -412.440045130  -412.371671333  -412.306762881  -412.306762881  -412.236987069
   128.500  -412.443473442  -412.372314349  -412.309114143  -412.309114143  -412.237051451
   129.000  -412.446151355  -412.371258490  -412.309844795  -412.309844795  -412.237164564
   129.500  -412.446690866  -412.367234955  -412.307610887  -412.307610887  -412.237206656
   130.000  -412.444952820  -412.360254000  -412.302386948  -412.302386948  -412.237011778
   130.500  -412.444133525  -412.353679195  -412.297541506  -412.297541506  -412.236653766
   131.000  -412.449207863  -412.352672684  -412.298251831  -412.298251831  -412.236594586
   131.500  -412.460679008  -412.357960661  -412.305223530  -412.305223530  -412.237001641
   132.000  -412.472513261  -412.363769316  -412.312617304  -412.312617304  -412.237422946
   132.500  -412.478121121  -412.363772204  -412.314041138  -412.314041138  -412.237534460
   133.000  -412.475323053  -412.356013776  -412.307520535  -412.307520535  -412.237351427
   133.500  -412.466657435  -412.343195281  -412.295794241  -412.295794241  -412.236968691
   134.000  -412.457810819  -412.331109008  -412.284722537  -412.284722537  -412.236591585
   134.500  -412.454266999  -412.325310694  -412.279910534  -412.279910534  -412.236515530
   135.000  -412.457146394  -412.326975753  -412.282526808  -412.282526808  -412.236741858
   135.500  -412.463161326  -412.332860935  -412.289264173  -412.289264173  -412.236972163
   136.000  -412.468668877  -412.339350342  -412.296418930  -412.296418930  -412.237047527
   136.500  -412.472156078  -412.344934015  -412.302401658  -412.302401658  -412.237030658
   137.000  -412.473608822  -412.349567864  -412.307115262  -412.307115262  -412.237024697
   137.500  -412.473065321  -412.353220444  -412.310505051  -412.310505051  -412.237082550
   138.000  -412.469839672  -412.355085660  -412.311772625  -412.311772625  -412.237191039
   138.500  -412.462785169  -412.353838134  -412.309639739  -412.309639739  -412.237244601
   139.000  -412.451917012  -412.349259588  -412.303980156  -412.303980156  -412.237063531
   139.500  -412.440713420  -412.344563916  -412.298142013  -412.298142013  -412.236666687
   140.000  -412.435179631  -412.345507084  -412.298015342  -412.298015342  -412.236535484
   140.500  -412.437146349  -412.353726214  -412.305305935  -412.305305935  -412.236961777
   141.000  -412.440650110  -412.363123594  -412.313889526  -412.313889526  -412.237475040
   141.500  -412.438146709  -412.366044411  -412.316038803  -412.316038803  -412.237635858
   142.000  -412.426984318  -412.359720755  -412.308936946  -412.308936946  -412.237436797
   142.500  -412.410079413  -412.346949290  -412.295385392  -412.295385392  -412.237023239
   143.000  -412.393673745  -412.333867065  -412.281566993  -412.281566993  -412.236638907
   143.500  -412.383493645  -412.326125462  -412.273188882  -412.273188882  -412.236548615
   144.000  -412.380992933  -412.325136403  -412.271700271  -412.271700271  -412.236718352
   144.500  -412.383754456  -412.328472177  -412.274677752  -412.274677752  -412.236881626
   145.000  -412.389138189  -412.333506526  -412.279472106  -412.279472106  -412.236918350
   145.500  -412.396207625  -412.339338429  -412.285140479  -412.285140479  -412.236899874
   146.000  -412.404917915  -412.345980282  -412.291645332  -412.291645332  -412.236926015
   146.500  -412.414689419  -412.352933326  -412.298440731  -412.298440731  -412.237041703
   147.000  -412.423736334  -412.358514952  -412.303812320  -412.303812320  -412.237225487
   147.500  -412.429476970  -412.360260540  -412.305296317  -412.305296317  -412.237365189
   148.000  -412.430365147  -412.356740199  -412.301509609  -412.301509609  -412.237244245
   148.500  -412.428915797  -412.350572439  -412.295163888  -412.295163888  -412.236780843
   149.000  -412.432113865  -412.348839441  -412.293446512  -412.293446512  -412.236461633
   149.500  -412.444265251  -412.355970662  -412.300836549  -412.300836549  -412.236812792
   150.000  -412.460197037  -412.366965822  -412.312297226  -412.312297226  -412.237416143
   150.500  -412.470733325  -412.372852251  -412.318773337  -412.318773337  -412.237663747
   151.000  -412.471445698  -412.369388112  -412.315966476  -412.315966476  -412.237487991
   151.500  -412.464438461  -412.358818627  -412.306116925  -412.306116925  -412.237065793
   152.000  -412.455761545  -412.347284050  -412.295398000  -412.295398000  -412.236677920
   152.500  -412.451002696  -412.340427140  -412.289484735  -412.289484735  -412.236607061
   153.000  -412.451244363  -412.339362629  -412.289493177  -412.289493177  -412.236804370
   153.500  -412.453657704  -412.341279861  -412.292564154  -412.292564154  -412.236978804
   154.000  -412.455495211  -412.343435215  -412.295864880  -412.295864880  -412.237000814
   154.500  -412.456163749  -412.345218838  -412.298682386  -412.298682386  -412.236940252
   155.000  -412.456421282  -412.347346715  -412.301641648  -412.301641648  -412.236904324
   155.500  -412.456810638  -412.350294271  -412.305155051  -412.305155051  -412.236962154
   156.000  -412.456612192  -412.353253435  -412.308383344  -412.308383344  -412.237123950
   156.500  -412.453783389  -412.354073003  -412.309177291  -412.309177291  -412.237296986
   157.000  -412.446506292  -412.350802904  -412.305625682  -412.305625682  -412.237252794
   157.500  -412.436437804  -412.344940128  -412.299307852  -412.299307852  -412.236841639
   158.000  -412.430126757  -412.342867671  -412.296704784  -412.296704784  -412.236480806
   158.500  -412.432699077  -412.349583570  -412.302870198  -412.302870198  -412.236778827
   159.000  -412.439991513  -412.360859576  -412.313546629  -412.313546629  -412.237402007
   159.500  -412.442918402  -412.367575035  -412.319540533  -412.319540533  -412.237673117
   160.000  -412.437021002  -412.365209230  -412.316294662  -412.316294662  -412.237473505
   160.500  -412.424931419  -412.356283691  -412.306367488  -412.306367488  -412.237028220
   161.000  -412.413118964  -412.347125628  -412.296177684  -412.296177684  -412.236687473
   161.500  -412.406591125  -412.342600608  -412.290683392  -412.290683392  -412.236692737
   162.000  -412.405435067  -412.342678229  -412.289906022  -412.289906022  -412.236896995
   162.500  -412.406693006  -412.344313505  -412.290807871  -412.290807871  -412.237021653
   163.000  -412.408268523  -412.345356705  -412.291216744  -412.291216744  -412.237001850
   163.500  -412.410138674  -412.345764696  -412.291051169  -412.291051169  -412.236925806
   164.000  -412.413236230  -412.346485928  -412.291211254  -412.291211254  -412.236883099
   164.500  -412.418105157  -412.348119525  -412.292240472  -412.292240472  -412.236923520
   165.000  -412.424123368  -412.350138793  -412.293554400  -412.293554400  -412.237058451
   165.500  -412.429384936  -412.350768857  -412.293336445  -412.293336445  -412.237232251
   166.000  -412.431699154  -412.347969787  -412.289548122  -412.289548122  -412.237264428
   166.500  -412.431293097  -412.342114741  -412.282636401  -412.282636401  -412.236947864
   167.000  -412.433247007  -412.338416205  -412.277957081  -412.277957081  -412.236509302
   167.500  -412.443600960  -412.343052456  -412.281839876  -412.281839876  -412.236619234
   168.000  -412.460493455  -412.354338792  -412.292674103  -412.292674103  -412.237228062
   168.500  -412.474953559  -412.363516706  -412.301682325  -412.301682325  -412.237595311
   169.000  -412.480983908  -412.364791892  -412.303027328  -412.303027328  -412.237438271
   169.500  -412.480233501  -412.359968901  -412.298500410  -412.298500410  -412.236995146
   170.000  -412.478794048  -412.355240838  -412.294307338  -412.294307338  -412.236679657
   170.500  -412.481102285  -412.355109662  -412.294952590  -412.294952590  -412.236718863
   171.000  -412.486625718  -412.359089798  -412.299914116  -412.299914116  -412.236925288
   171.500  -412.492254993  -412.364112483  -412.306046780  -412.306046780  -412.237033496
   172.000  -412.496068315  -412.368291161  -412.311369666  -412.311369666  -412.237004818
   172.500  -412.498179665  -412.371766197  -412.315925285  -412.315925285  -412.236929666
   173.000  -412.499559241  -412.375515960  -412.320600900  -412.320600900  -412.236888584
   173.500  -412.500806400  -412.380119786  -412.325897177  -412.325897177  -412.236926004
   174.000  -412.501450715  -412.385050015  -412.331222032  -412.331222032  -412.237058825
   174.500  -412.499741934  -412.388451029  -412.334680502  -412.334680502  -412.237257150
   175.000  -412.493263988  -412.387744165  -412.333691594  -412.333691594  -412.237380715
   175.500  -412.481139800  -412.381830092  -412.327202606  -412.327202606  -412.237195505
   176.000  -412.467066742  -412.374139924  -412.318736167  -412.318736167  -412.236743800
   176.500  -412.457896945  -412.371259606  -412.314976917  -412.314976917  -412.236648264
   177.000  -412.455126219  -412.374472847  -412.317257161  -412.317257161  -412.237150647
   177.500  -412.451953422  -412.376833771  -412.318630120  -412.318630120  -412.237554176
   178.000  -412.442448479  -412.372303946  -412.313070317  -412.313070317  -412.237410481
   178.500  -412.428180586  -412.362356728  -412.302122444  -412.302122444  -412.236973786
   179.000  -412.415058743  -412.352821742  -412.291723486  -412.291723486  -412.236711072
   179.500  -412.406742573  -412.347305224  -412.285575621  -412.285575621  -412.236767094
   180.000  -412.402434870  -412.344990160  -412.282898224  -412.282898224  -412.236905436
   180.500  -412.399942767  -412.343687437  -412.281485020  -412.281485020  -412.236934503
   181.000  -412.398511329  -412.342657414  -412.280549635  -412.280549635  -412.236870297
   181.500  -412.398833946  -412.342612303  -412.280748578  -412.280748578  -412.236796535
   182.000  -412.401881955  -412.344543289  -412.283017619  -412.283017619  -412.236768860
   182.500  -412.408021450  -412.348840941  -412.287691287  -412.287691287  -412.236812010
   183.000  -412.416583443  -412.354867345  -412.294080965  -412.294080965  -412.236938034
   183.500  -412.425714973  -412.360812072  -412.300334234  -412.300334234  -412.237132348
   184.000  -412.432718174  -412.364029837  -412.303788758  -412.303788758  -412.237301203
   184.500  -412.435602763  -412.362589891  -412.302535539  -412.302535539  -412.237241970
   185.000  -412.435899483  -412.358088180  -412.298234268  -412.298234268  -412.236874613
   185.500  -412.439113441  -412.356116833  -412.296554347  -412.296554347  -412.236647738
   186.000  -412.448262288  -412.359833351  -412.300694795  -412.300694795  -412.237002444
   186.500  -412.458374023  -412.364476279  -412.305870409  -412.305870409  -412.237450613
   187.000  -412.462890693  -412.363742414  -412.305715534  -412.305715534  -412.237406262
   187.500  -412.461769072  -412.357836251  -412.300379649  -412.300379649  -412.237031857
   188.000  -412.459710103  -412.351662160  -412.294739369  -412.294739369  -412.236812994
   188.500  -412.459548866  -412.348200602  -412.291768836  -412.291768836  -412.236880161
   189.000  -412.460190695  -412.346445562  -412.290468659  -412.290468659  -412.236991160
   189.500  -412.459738999  -412.344540979  -412.288994156  -412.288994156  -412.236983209
   190.000  -412.457953696  -412.342245792  -412.287117404  -412.287117404  -412.236892522
   190.500  -412.455956857  -412.340651880  -412.285937788  -412.285937788  -412.236802376
   191.000  -412.455034839  -412.340996884  -412.286688982  -412.286688982  -412.236760795
   191.500  -412.455845510  -412.343880434  -412.289950909  -412.289950909  -412.236786632
   192.000  -412.458076302  -412.348926617  -412.295313748  -412.295313748  -412.236889329
   192.500  -412.460311289  -412.354649208  -412.301252617  -412.301252617  -412.237065788
   193.000  -412.460177735  -412.358590995  -412.305285522  -412.305285522  -412.237260216
   193.500  -412.455369317  -412.358335598  -412.305002921  -412.305002921  -412.237307959
   194.000  -412.446093333  -412.353946728  -412.300520715  -412.300520715  -412.237042965
   194.500  -412.436944332  -412.349851386  -412.296347929  -412.296347929  -412.236706155
   195.000  -412.432980846  -412.350946771  -412.297442484  -412.297442484  -412.236848885
   195.500  -412.432561772  -412.355464400  -412.302026324  -412.302026324  -412.237289362
   196.000  -412.429811036  -412.357428283  -412.304055414  -412.304055414  -412.237367099
   196.500  -412.423300012  -412.355305018  -412.301937333  -412.301937333  -412.237099478
   197.000  -412.416293117  -412.352232035  -412.298802010  -412.298802010  -412.236945986
   197.500  -412.410779464  -412.350057288  -412.296538039  -412.296538039  -412.237009262
   198.000  -412.405793794  -412.347677665  -412.294111752  -412.294111752  -412.237060376
   198.500  -412.400363841  -412.344001391  -412.290507258  -412.290507258  -412.236989555
   199.000  -412.395246767  -412.339690960  -412.286450847  -412.286450847  -412.236859600
   199.500  -412.392216637  -412.336451272  -412.283681068  -412.283681068  -412.236751658
   200.000  -412.392858153  -412.335821116  -412.283732350  -412.283732350  -412.236706593
   200.500  -412.397881525  -412.338489041  -412.287247687  -412.287247687  -412.236737368
   201.000  -412.406863628  -412.344038361  -412.293735308  -412.293735308  -412.236848699
   201.500  -412.418164393  -412.350865183  -412.301511115  -412.301511115  -412.237036653
   202.000  -412.429059296  -412.356309839  -412.307859473  -412.307859473  -412.237254738
   202.500  -412.436609115  -412.357510591  -412.309918242  -412.309918242  -412.237356723
   203.000  -412.439914391  -412.353638503  -412.306935096  -412.306935096  -412.237154139
   203.500  -412.442448804  -412.348218521  -412.302590144  -412.302590144  -412.236782205
   204.000  -412.449508785  -412.346596088  -412.302440768  -412.302440768  -412.236785585
   204.500  -412.460947721  -412.348697798  -412.306656804  -412.306656804  -412.237156954
   205.000  -412.471340327  -412.349201464  -412.310199975  -412.310199975  -412.237283347
   205.500  -412.477946030  -412.345541590  -412.310742485  -412.310742485  -412.237114734
   206.000  -412.482086561  -412.339401856  -412.309894055  -412.309894055  -412.237040106
   206.500  -412.484452131  -412.331950700  -412.308379977  -412.308379977  -412.237111119
   207.000  -412.484062377  -412.322562205  -412.305047160  -412.305047160  -412.237132679
   207.500  -412.480668494  -412.311243832  -412.299357480  -412.299357480  -412.237056663
   208.000  -412.475703268  -412.299932731  -412.292245164  -412.299932731  -412.236985945
   208.500  -412.470803575  -412.290758409  -412.283432895  -412.290758409  -412.236976830
   209.000  -412.468318963  -412.287059960  -412.276044308  -412.287059960  -412.237079889
   209.500  -412.468937618  -412.287564594  -412.272549153  -412.287564594  -412.237136655
   210.000  -412.472217488  -412.291330265  -412.273050106  -412.291330265  -412.237255510
   210.500  -412.476482455  -412.296549715  -412.276068065  -412.296549715  -412.237448746
   211.000  -412.478995151  -412.300434317  -412.278945872  -412.300434317  -412.237663851
   211.500  -412.476977174  -412.300184094  -412.278897237  -412.300184094  -412.237740295
   212.000  -412.470045286  -412.295418615  -412.275446241  -412.295418615  -412.237496759
   212.500  -412.462370843  -412.290357229  -412.272592766  -412.290357229  -412.237111374
   213.000  -412.459549112  -412.290755583  -412.275672638  -412.290755583  -412.237109201
   213.500  -412.461495860  -412.296970960  -412.284167656  -412.296970960  -412.237394306
   214.000  -412.463377247  -412.305154938  -412.292485527  -412.305154938  -412.237419518
   214.500  -412.463016875  -412.314327074  -412.297825997  -412.314327074  -412.237296532
   215.000  -412.461341049  -412.325961060  -412.301525314  -412.325961060  -412.237272074
   215.500  -412.457899752  -412.339929320  -412.304424466  -412.339929320  -412.237612631
   216.000  -412.450979992  -412.351478152  -412.307325034  -412.351478152  -412.237880390
   216.500  -412.440006168  -412.356668013  -412.308512081  -412.356668013  -412.237726455
   217.000  -412.425734542  -412.356806009  -412.305913069  -412.356806009  -412.237566901
   217.500  -412.410286520  -412.354050015  -412.300195627  -412.354050015  -412.237421108
   218.000  -412.395984270  -412.350517316  -412.292943113  -412.350517316  -412.237314728
   218.500  -412.384524339  -412.347792826  -412.285626132  -412.347792826  -412.237269492
   219.000  -412.376495525  -412.346540246  -412.279069586  -412.346540246  -412.237309303
   219.500  -412.371071603  -412.346168827  -412.273033477  -412.346168827  -412.237444767
   220.000  -412.366056015  -412.344793386  -412.266072794  -412.344793386  -412.237623052
   220.500  -412.358948775  -412.340217628  -412.256438919  -412.340217628  -412.237669120
   221.000  -412.349593861  -412.332533554  -412.244625945  -412.332533554  -412.237404858
   221.500  -412.342221146  -412.326153913  -412.235351683  -412.326153913  -412.237068296
   222.000  -412.341612356  -412.325992208  -412.233669575  -412.325992208  -412.237173511
   222.500  -412.346418771  -412.330797861  -412.238264519  -412.330797861  -412.237529124
   223.000  -412.351516348  -412.335517311  -412.243863361  -412.335517311  -412.237632892
   223.500  -412.354604722  -412.337891387  -412.247930673  -412.337891387  -412.237572136
   224.000  -412.355758813  -412.338010263  -412.250287316  -412.338010263  -412.237567701
   224.500  -412.354645582  -412.335540329  -412.250359094  -412.335540329  -412.237570350
   225.000  -412.350945844  -412.330158427  -412.247614210  -412.330158427  -412.237494856
   225.500  -412.345502536  -412.322710218  -412.242726353  -412.322710218  -412.237363660
   226.000  -412.340079770  -412.314975244  -412.237345994  -412.314975244  -412.237235153
   226.500  -412.336506619  -412.308811767  -412.233250793  -412.308811767  -412.237145886
   227.000  -412.336068669  -412.305545645  -412.231731220  -412.305545645  -412.237112332
   227.500  -412.339206609  -412.305664469  -412.233274986  -412.305664469  -412.237147053
   228.000  -412.345315150  -412.308611978  -412.237346925  -412.308611978  -412.237265002
   228.500  -412.352574540  -412.312614518  -412.242205693  -412.312614518  -412.237466193
   229.000  -412.358105309  -412.314828909  -412.245049842  -412.314828909  -412.237681589
   229.500  -412.359232896  -412.312595986  -412.243280836  -412.312595986  -412.237714201
   230.000  -412.356405499  -412.306349568  -412.237421056  -412.306349568  -412.237384957
   230.500  -412.355142582  -412.301573274  -412.233058957  -412.301573274  -412.236989650
   231.000  -412.361312279  -412.304112292  -412.236117864  -412.304112292  -412.237082482
   231.500  -412.373829539  -412.312906569  -412.245550754  -412.312906569  -412.237440663
   232.000  -412.387336455  -412.322670754  -412.256030589  -412.322670754  -412.237578892
   232.500  -412.398806189  -412.330464366  -412.264565846  -412.330464366  -412.237577433
   233.000  -412.407366948  -412.335484338  -412.270324851  -412.335484338  -412.237595403
   233.500  -412.412315079  -412.337067771  -412.272645005  -412.337067771  -412.237585741
   234.000  -412.413514902  -412.335099863  -412.271434146  -412.335099863  -412.237502436
   234.500  -412.411999666  -412.330623792  -412.267777649  -412.330623792  -412.237377243
   235.000  -412.409541724  -412.325422071  -412.263513068  -412.325422071  -412.237258719
   235.500  -412.407902944  -412.321280684  -412.260474640  -412.321280684  -412.237176173
   236.000  -412.408328032  -412.319502840  -412.259965845  -412.319502840  -412.237140381
   236.500  -412.411290725  -412.320689469  -412.262458570  -412.320689469  -412.237158037
   237.000  -412.416334294  -412.324593535  -412.267390277  -412.324593535  -412.237245262
   237.500  -412.421938336  -412.329905374  -412.273063495  -412.329905374  -412.237415121
   238.000  -412.425566156  -412.334175181  -412.276802080  -412.334175181  -412.237630140
   238.500  -412.424429067  -412.334538621  -412.275785720  -412.334538621  -412.237750456
   239.000  -412.417593743  -412.329866241  -412.269157856  -412.329866241  -412.237586715
   239.500  -412.408379029  -412.323223539  -412.260391801  -412.323223539  -412.237201597
   240.000  -412.402912860  -412.320501985  -412.255786406  -412.320501985  -412.237025534
   240.500  -412.404131115  -412.324481676  -412.258380117  -412.324481676  -412.237206175
   241.000  -412.409591078  -412.332652915  -412.265705982  -412.332652915  -412.237450545
   241.500  -412.415260939  -412.340961110  -412.273592672  -412.340961110  -412.237604542
   242.000  -412.418252573  -412.346493531  -412.278947624  -412.346493531  -412.237645208
   242.500  -412.417496805  -412.348137526  -412.280487324  -412.348137526  -412.237575018
   243.000  -412.413696450  -412.346537554  -412.278729630  -412.346537554  -412.237455587
   243.500  -412.408462750  -412.343243078  -412.275148556  -412.343243078  -412.237345119
   244.000  -412.403435178  -412.339838418  -412.271297549  -412.339838418  -412.237258132
   244.500  -412.399966837  -412.337635841  -412.268487683  -412.337635841  -412.237193059
   245.000  -412.399074623  -412.337629496  -412.267726482  -412.337629496  -412.237157700
   245.500  -412.401298891  -412.340355307  -412.269566800  -412.340355307  -412.237169464
   246.000  -412.406440342  -412.345626580  -412.273834498  -412.345626580  -412.237246976
   246.500  -412.413303504  -412.352274559  -412.279369043  -412.352274559  -412.237398177
   247.000  -412.419646151  -412.358094123  -412.283976284  -412.358094123  -412.237595481
   247.500  -412.422708247  -412.360368613  -412.284960446  -412.360368613  -412.237739512
   248.000  -412.420768804  -412.357422229  -412.280682716  -412.357422229  -412.237678333
   248.500  -412.415216838  -412.350688812  -412.272624149  -412.350688812  -412.237395808
   249.000  -412.410469674  -412.344635188  -412.265287410  -412.344635188  -412.237161152
   249.500  -412.410171032  -412.342967307  -412.262380324  -412.342967307  -412.237191307
   250.000  -412.414075526  -412.345513719  -412.263701518  -412.345513719  -412.237399615
   250.500  -412.418914140  -412.349076080  -412.266016752  -412.349076080  -412.237649773
   251.000  -412.420577416  -412.349596003  -412.265248058  -412.349596003  -412.237802127
   251.500  -412.416422500  -412.344454811  -412.258779213  -412.344454811  -412.237752483
   252.000  -412.406859429  -412.334064322  -412.247040275  -412.334064322  -412.237543411
   252.500  -412.394818556  -412.321345288  -412.232980070  -412.321345288  -412.237303351
   253.000  -412.383861833  -412.309848981  -412.220188751  -412.309848981  -412.237139169
   253.500  -412.376518098  -412.302100791  -412.211241456  -412.302100791  -412.237084040
   254.000  -412.373701197  -412.299020324  -412.207114627  -412.299020324  -412.237104962
   254.500  -412.375124801  -412.300332725  -412.207587384  -412.300332725  -412.237158584
   255.000  -412.379924649  -412.305184378  -412.211846468  -412.305184378  -412.237238892
   255.500  -412.386803387  -412.312280603  -412.218620164  -412.312280603  -412.237370374
   256.000  -412.393783203  -412.319631976  -412.225930032  -412.319631976  -412.237553305
   256.500  -412.398357292  -412.324698538  -412.231248962  -412.324698538  -412.237696881
   257.000  -412.398912766  -412.325806745  -412.232933095  -412.325806745  -412.237636327
   257.500  -412.396933441  -412.324350778  -412.232434026  -412.324350778  -412.237355049
   258.000  -412.396900407  -412.324704382  -412.234202959  -412.324704382  -412.237138807
   258.500  -412.402338013  -412.330287926  -412.241725812  -412.330287926  -412.237185772
   259.000  -412.412912068  -412.340680199  -412.254597990  -412.340680199  -412.237404843
   259.500  -412.425281632  -412.352468960  -412.269352253  -412.352468960  -412.237677084
   260.000  -412.435033009  -412.361177802  -412.281386627  -412.361177802  -412.237849321
   260.500  -412.439099270  -412.363687342  -412.287411278  -412.363687342  -412.237830539
   261.000  -412.437230420  -412.359715586  -412.286966901  -412.359715586  -412.237681053
   261.500  -412.431317540  -412.351155108  -412.281792362  -412.351155108  -412.237492897
   262.000  -412.424047461  -412.340739271  -412.274502349  -412.340739271  -412.237309415
   262.500  -412.418130285  -412.331272503  -412.267814900  -412.331272503  -412.237147978
   263.000  -412.415918074  -412.325241703  -412.264158175  -412.325241703  -412.237040118
   263.500  -412.418878088  -412.324275548  -412.265122821  -412.324275548  -412.237032454
   264.000  -412.426913692  -412.328446798  -412.270760959  -412.328446798  -412.237152374
   264.500  -412.438005276  -412.335892782  -412.279212105  -412.335892782  -412.237387967
   265.000  -412.448470955  -412.343057896  -412.286954540  -412.343057896  -412.237689355
   265.500  -412.453917982  -412.345628876  -412.289758527  -412.345628876  -412.237925518
   266.000  -412.451436419  -412.340720755  -412.284879714  -412.340720755  -412.237843089
   266.500  -412.443172294  -412.330454183  -412.274632727  -412.330454183  -412.237318422
   267.000  -412.437269610  -412.322928144  -412.267307994  -412.322928144  -412.236838898
   267.500  -412.440696367  -412.325101248  -412.269938899  -412.325101248  -412.236979919
   268.000  -412.451590408  -412.335166725  -412.280611423  -412.335166725  -412.237464269
   268.500  -412.462597643  -412.345864124  -412.291827601  -412.345864124  -412.237784944
   269.000  -412.468140056  -412.351696253  -412.297851279  -412.351696253  -412.237811016
   269.500  -412.466946288  -412.351435976  -412.297291149  -412.351435976  -412.237651463
   270.000  -412.460797454  -412.346872899  -412.291863050  -412.346872899  -412.237450158
   270.500  -412.452437706  -412.340734492  -412.284287061  -412.340734492  -412.237291050
   271.000  -412.444210157  -412.335330484  -412.276906266  -412.335330484  -412.237194655
   271.500  -412.437618637  -412.332117314  -412.271229980  -412.332117314  -412.237149719
   272.000  -412.433410977  -412.331781669  -412.268004128  -412.331781669  -412.237139766
   272.500  -412.431776946  -412.334441516  -412.267401645  -412.334441516  -412.237161325
   273.000  -412.432387868  -412.339688474  -412.269063880  -412.339688474  -412.237232651
   273.500  -412.434138374  -412.346333932  -412.271850970  -412.346333932  -412.237389771
   274.000  -412.434696739  -412.351956329  -412.273404626  -412.351956329  -412.237651743
   274.500  -412.430412062  -412.352804797  -412.270075754  -412.352804797  -412.237945050
   275.000  -412.417707012  -412.345182856  -412.258329550  -412.345182856  -412.238014596
   275.500  -412.396928424  -412.329301954  -412.238592369  -412.329301954  -412.237548209
   276.000  -412.376119091  -412.313077906  -412.219002557  -412.313077906  -412.236794867
   276.500  -412.366416885  -412.307572965  -412.210774193  -412.307572965  -412.236677359
   277.000  -412.369548159  -412.314514943  -412.215668401  -412.314514943  -412.237314326
   277.500  -412.376201541  -412.324647057  -412.224371334  -412.324647057  -412.237870590
   278.000  -412.377280769  -412.328928495  -412.227763634  -412.328928495  -412.237952300
   278.500  -412.370374042  -412.324970003  -412.223400695  -412.324970003  -412.237732494
   279.000  -412.358005942  -412.315262019  -412.213769516  -412.315262019  -412.237477585
   279.500  -412.346882209  -412.293696488  -412.225933198  -412.293696488  -412.225707035
   280.000  -412.359508018  -412.295929847  -412.216100311  -412.295929847  -412.231832552
   280.500  -412.352552949  -412.290581779  -412.210910329  -412.290581779  -412.231767630
   281.000  -412.350160143  -412.289703871  -412.210009435  -412.289703871  -412.231753274
   281.500  -412.352572780  -412.293544498  -412.213630551  -412.293544498  -412.231781329
   282.000  -412.359328824  -412.301651371  -412.221303291  -412.301651371  -412.231857162
   282.500  -412.369195262  -412.312800514  -412.231785178  -412.312800514  -412.231999415
   283.000  -412.379944915  -412.324768363  -412.242839371  -412.324768363  -412.232223555
   283.500  -412.388249238  -412.334220749  -412.251130778  -412.334220749  -412.232496676
   284.000  -412.390363241  -412.337395457  -412.252919492  -412.337395457  -412.232672775
   284.500  -412.384431508  -412.332407010  -412.246378927  -412.332407010  -412.232505830
   285.000  -412.373849569  -412.322611243  -412.234966219  -412.322611243  -412.231937929
   285.500  -412.367365471  -412.316717782  -412.227513609  -412.316717782  -412.231482127
   286.000  -412.371546906  -412.321272698  -412.230656816  -412.321272698  -412.231709244
   286.500  -412.383224136  -412.333106708  -412.241232970  -412.333106708  -412.232288576
   287.000  -412.393767436  -412.343588326  -412.250543241  -412.343588326  -412.232589049
   287.500  -412.399743160  -412.348856529  -412.257069566  -412.348856529  -412.233786883
   288.000  -412.397889218  -412.346664766  -412.253744448  -412.346664766  -412.233565973
   288.500  -412.392839274  -412.341099278  -412.246980681  -412.341099278  -412.233366542
   289.000  -412.387493748  -412.335049656  -412.239663910  -412.335049656  -412.233238896
   289.500  -412.383831784  -412.330484921  -412.233768834  -412.330484921  -412.233179074
   290.000  -412.382839028  -412.328384163  -412.230279274  -412.328384163  -412.233172286
   290.500  -412.384676986  -412.328907014  -412.229357682  -412.328907014  -412.233207724
   291.000  -412.388834398  -412.331544950  -412.230497297  -412.331544950  -412.233281326
   291.500  -412.394206715  -412.335199610  -412.232603480  -412.335199610  -412.233392910
   292.000  -412.399143940  -412.338229202  -412.234043381  -412.338229202  -412.233537403
   292.500  -412.401610666  -412.338606442  -412.232809344  -412.338606442  -412.233683715
   293.000  -412.399766874  -412.334496803  -412.227108641  -412.334496803  -412.233747659
   293.500  -412.393284577  -412.325572259  -412.216690790  -412.325572259  -412.233609485
   294.000  -412.384987112  -412.314648119  -412.204495378  -412.314648119  -412.233240561
   294.500  -412.380869295  -412.307705886  -412.196661757  -412.307705886  -412.232891249
   295.000  -412.386087380  -412.309895142  -412.198472892  -412.309895142  -412.232989377
   295.500  -412.399098569  -412.319691633  -412.208434136  -412.319691633  -412.233487641
   296.000  -412.412472882  -412.329718490  -412.219063592  -412.329718490  -412.233832355
   296.500  -412.420436416  -412.334281985  -412.224475461  -412.334281985  -412.233798529
   297.000  -412.422568202  -412.333051719  -412.224133216  -412.333051719  -412.233575335
   297.500  -412.421608486  -412.328854806  -412.220703820  -412.328854806  -412.233361091
   298.000  -412.420543676  -412.324752843  -412.217170362  -412.324752843  -412.233228199
   298.500  -412.421328230  -412.322758329  -412.215581204  -412.322758329  -412.233175646
   299.000  -412.424751391  -412.323694946  -412.216958046  -412.323694946  -412.233189257
   299.500  -412.430586924  -412.327339987  -412.221665066  -412.327339987  -412.233277816
   300.000  -412.437681770  -412.332571834  -412.229619490  -412.332571834  -412.233333465
   300.500  -412.444627361  -412.338116702  -412.238484337  -412.338116702  -412.233467090
   301.000  -412.449349797  -412.341978050  -412.245209736  -412.341978050  -412.233635055
   301.500  -412.449528067  -412.341837727  -412.247294634  -412.341837727  -412.233742456
   302.000  -412.443992739  -412.336494443  -412.243612198  -412.336494443  -412.233692702
   302.500  -412.434062268  -412.327213936  -412.235558194  -412.327213936  -412.233482176
   303.000  -412.423487081  -412.317675269  -412.226948483  -412.317675269  -412.233215353
   303.500  -412.416798400  -412.312326382  -412.222351307  -412.312326382  -412.233028283
   304.000  -412.416895125  -412.313984084  -412.224667618  -412.313984084  -412.233136863
   304.500  -412.422007534  -412.320808903  -412.232090535  -412.320808903  -412.233534037
   305.000  -412.426150405  -412.326757236  -412.238561685  -412.326757236  -412.233817414
   305.500  -412.424658421  -412.327108386  -412.239325953  -412.327108386  -412.233781069
   306.000  -412.417435221  -412.321707129  -412.234196538  -412.321707129  -412.233561100
   306.500  -412.407402369  -412.313417559  -412.226011513  -412.313417559  -412.233329019
   307.000  -412.397984085  -412.305613457  -412.218119533  -412.305613457  -412.233161214
   307.500  -412.391786290  -412.300863959  -412.213064358  -412.300863959  -412.233070786
   308.000  -412.390259896  -412.300597718  -412.212254966  -412.300597718  -412.233051382
   308.500  -412.393730698  -412.305132127  -412.216002366  -412.305132127  -412.233098493
   309.000  -412.401459968  -412.313731664  -412.223585567  -412.313731664  -412.233212970
   309.500  -412.411662121  -412.324623501  -412.233264312  -412.324623501  -412.233392811
   310.000  -412.421624757  -412.335113113  -412.242393110  -412.335113113  -412.233607386
   310.500  -412.428300273  -412.342168497  -412.248002485  -412.342168497  -412.233769367
   311.000  -412.429694554  -412.343802945  -412.248172818  -412.343802945  -412.233759992
   311.500  -412.426540314  -412.340748410  -412.243696562  -412.340748410  -412.233546138
   312.000  -412.422615011  -412.336770356  -412.238404437  -412.336770356  -412.233242491
   312.500  -412.422870832  -412.336794988  -412.237310673  -412.336794988  -412.233049219
   313.000  -412.430146230  -412.343637801  -412.243312100  -412.343637801  -412.233194660
   313.500  -412.442014309  -412.354879506  -412.254006612  -412.354879506  -412.233598640
   314.000  -412.452154262  -412.364247799  -412.263055610  -412.364247799  -412.233866785
   314.500  -412.455868945  -412.367116033  -412.265719740  -412.367116033  -412.233845534
   315.000  -412.452687208  -412.363078825  -412.261486664  -412.363078825  -412.233661727
   315.500  -412.444890145  -412.354461956  -412.252606882  -412.354461956  -412.233454405
   316.000  -412.435435777  -412.344244875  -412.242019092  -412.344244875  -412.233287368
   316.500  -412.426843548  -412.334950873  -412.232231922  -412.334950873  -412.233179017
   317.000  -412.420792572  -412.328253191  -412.224918902  -412.328253191  -412.233133526
   317.500  -412.417995754  -412.324855585  -412.220790335  -412.324855585  -412.233152429
   318.000  -412.418155013  -412.324453156  -412.219544490  -412.324453156  -412.233237089
   318.500  -412.419973041  -412.325744171  -412.219883475  -412.325744171  -412.233378828
   319.000  -412.421336018  -412.326614245  -412.219693814  -412.326614245  -412.233543992
   319.500  -412.419922652  -412.324739423  -412.216669911  -412.324739423  -412.233652884
   320.000  -412.414434965  -412.318811873  -412.209555285  -412.318811873  -412.233610473
   320.500  -412.405938783  -412.309873005  -412.199498524  -412.309873005  -412.233400630
   321.000  -412.397969778  -412.301420169  -412.190153155  -412.301420169  -412.233140219
   321.500  -412.394659491  -412.297545953  -412.185769623  -412.297545953  -412.233031568
   322.000  -412.397621974  -412.299850444  -412.188030671  -412.299850444  -412.233215656
   322.500  -412.404091223  -412.305599584  -412.194159980  -412.305599584  -412.233512395
   323.000  -412.409492275  -412.310291203  -412.199520635  -412.310291203  -412.233621733
   323.500  -412.411649492  -412.311837721  -412.201873230  -412.311837721  -412.233529287
   324.000  -412.411351164  -412.311107384  -412.201957587  -412.311107384  -412.233395585
   324.500  -412.410273984  -412.309839657  -412.201391376  -412.309839657  -412.233313652
   325.000  -412.409552395  -412.309213302  -412.201228713  -412.309213302  -412.233281434
   325.500  -412.409668786  -412.309733214  -412.201894868  -412.309733214  -412.233272321
   326.000  -412.410773046  -412.311547299  -412.203532651  -412.311547299  -412.233278095
   326.500  -412.412785231  -412.314551707  -412.206087980  -412.314551707  -412.233310232
   327.000  -412.415244082  -412.318244364  -412.209141969  -412.318244364  -412.233380072
   327.500  -412.417184777  -412.321608094  -412.211782967  -412.321608094  -412.233473442
   328.000  -412.417398568  -412.323375586  -412.212860808  -412.323375586  -412.233537927
   328.500  -412.415211752  -412.322812798  -412.211763557  -412.322812798  -412.233519166
   329.000  -412.411203800  -412.320439966  -412.209132114  -412.320439966  -412.233444744
   329.500  -412.406804017  -412.317630292  -412.206448583  -412.317630292  -412.233391329
   330.000  -412.403350925  -412.315671163  -412.205091583  -412.315671163  -412.233312472
   330.500  -412.402511995  -412.316188729  -412.206750117  -412.316188729  -412.233192096
   331.000  -412.406001580  -412.320875443  -412.213131531  -412.320875443  -412.233270364
   331.500  -412.412460190  -412.328378964  -412.222822182  -412.328378964  -412.233583594
   332.000  -412.417235118  -412.334079926  -412.231074048  -412.334079926  -412.233788546
   332.500  -412.417064798  -412.334760451  -412.234514245  -412.334760451  -412.233695850
   333.000  -412.412974613  -412.331484457  -412.234064247  -412.331484457  -412.233420481
   333.500  -412.408821864  -412.328136990  -412.233495622  -412.328136990  -412.233177363
   334.000  -412.408115548  -412.328246966  -412.236251612  -412.328246966  -412.233114495
   334.500  -412.411763443  -412.332739539  -412.243190239  -412.332739539  -412.233223265
   335.000  -412.418095817  -412.339961312  -412.252600683  -412.339961312  -412.233391331
   335.500  -412.424448429  -412.347260666  -412.261783223  -412.347260666  -412.233533661
   336.000  -412.428498142  -412.352319797  -412.268385195  -412.352319797  -412.233630284
   336.500  -412.428723355  -412.353613399  -412.270863169  -412.353613399  -412.233671035
   337.000  -412.424656321  -412.350660094  -412.268736017  -412.350660094  -412.233622708
   337.500  -412.417304451  -412.344443960  -412.263005034  -412.344443960  -412.233495980
   338.000  -412.408807631  -412.337072354  -412.255810578  -412.337072354  -412.233425383
   338.500  -412.400523061  -412.329860903  -412.248516849  -412.329860903  -412.233496432
   339.000  -412.392046479  -412.322353159  -412.240734589  -412.322353159  -412.233501428
   339.500  -412.383918038  -412.315026475  -412.233024002  -412.315026475  -412.233280582
   340.000  -412.379360363  -412.311039219  -412.228615768  -412.311039219  -412.233142150
   340.500  -412.380148469  -412.312117390  -412.229252222  -412.312117390  -412.233332953
   341.000  -412.383423845  -412.315373726  -412.231993570  -412.315373726  -412.233584966
   341.500  -412.385161617  -412.316759580  -412.232709849  -412.316759580  -412.233648236
   342.000  -412.383910813  -412.314773038  -412.229848121  -412.314773038  -412.233565005
   342.500  -412.380651498  -412.310280558  -412.224284646  -412.310280558  -412.233437164
   343.000  -412.377413035  -412.305150880  -412.217935847  -412.305150880  -412.233282971
   343.500  -412.376640567  -412.301790554  -412.213207364  -412.301790554  -412.233117584
   344.000  -412.380761870  -412.302714357  -412.212557424  -412.302714357  -412.233031652
   344.500  -412.390978475  -412.309182295  -412.217197600  -412.309182295  -412.233128580
   345.000  -412.405846984  -412.319768370  -412.225676553  -412.319768370  -412.233395866
   345.500  -412.421532079  -412.330645403  -412.234172720  -412.330645403  -412.233661611
   346.000  -412.434300422  -412.338115048  -412.239037501  -412.338115048  -412.233725213
   346.500  -412.443345504  -412.341452603  -412.239635751  -412.341452603  -412.233569644
   347.000  -412.450844130  -412.342952718  -412.238375052  -412.342952718  -412.233463763
   347.500  -412.458191083  -412.344146122  -412.236910332  -412.344146122  -412.233598752
   348.000  -412.463527395  -412.343316253  -412.233658661  -412.343316253  -412.233713526
   348.500  -412.465103816  -412.338858615  -412.227153766  -412.338858615  -412.233564925
   349.000  -412.464512816  -412.332518078  -412.219257980  -412.332518078  -412.233361274
   349.500  -412.464182745  -412.326893526  -412.212615696  -412.326893526  -412.233342666
   350.000  -412.464209373  -412.322268071  -412.207466678  -412.322268071  -412.233409531
   350.500  -412.463437449  -412.317654782  -412.202781773  -412.317654782  -412.233416897
   351.000  -412.460120924  -412.310691423  -412.202862827  -412.310691423  -412.232259827
   351.500  -412.455934601  -412.304508585  -412.210860379  -412.304508585  -412.230448748
   352.000  -412.453892915  -412.302756808  -412.211420002  -412.302756808  -412.230447786
   352.500  -412.452437682  -412.302724168  -412.212979448  -412.302724168  -412.230480796
   353.000  -412.451325098  -412.304063042  -412.215122113  -412.304063042  -412.230505900
   353.500  -412.450477977  -412.306577308  -412.217604266  -412.306577308  -412.230505061
   354.000  -412.450190877  -412.310443101  -412.220582551  -412.310443101  -412.230514784
   354.500  -412.450644713  -412.315739764  -412.224151805  -412.315739764  -412.230557717
   355.000  -412.451693519  -412.322254655  -412.228190817  -412.322254655  -412.230550015
   355.500  -412.453900181  -412.330511899  -412.233682497  -412.330511899  -412.230484021
   356.000  -412.458533879  -412.341613625  -412.242916349  -412.341613625  -412.230555741
   356.500  -412.464684785  -412.354346288  -412.255209277  -412.354346288  -412.230847964
   357.000  -412.468155576  -412.364337734  -412.265736148  -412.364337734  -412.231040161
   357.500  -412.465914640  -412.368462373  -412.270952531  -412.368462373  -412.230916280
   358.000  -412.459181203  -412.367861115  -412.271765740  -412.367861115  -412.230704670
   358.500  -412.450620605  -412.365132417  -412.270637754  -412.365132417  -412.230651157
   359.000  -412.441008360  -412.361006905  -412.268194631  -412.361006905  -412.230689528
   359.500  -412.429852723  -412.354971583  -412.263825420  -412.354971583  -412.230663140
   360.000  -412.417461341  -412.347325543  -412.257728031  -412.347325543  -412.230552431
   360.500  -412.406825325  -412.340732744  -412.253639445  -412.340732744  -412.231695320
   361.000  -412.396321949  -412.334201209  -412.248465300  -412.334201209  -412.231642172
   361.500  -412.388244493  -412.329731687  -412.245134177  -412.329731687  -412.231672604
   362.000  -412.382091601  -412.326829234  -412.243149991  -412.326829234  -412.231787157
   362.500  -412.376154502  -412.323797130  -412.240824428  -412.323797130  -412.231954392
   363.000  -412.368097868  -412.318316980  -412.235858205  -412.318316980  -412.232081933
   363.500  -412.356452348  -412.308939601  -412.226833558  -412.308939601  -412.232015743
   364.000  -412.342803580  -412.297270290  -412.215400257  -412.297270290  -412.231691194
   364.500  -412.332308637  -412.288481829  -412.206785315  -412.288481829  -412.231389079
   365.000  -412.329445738  -412.287059969  -412.205533914  -412.287059969  -412.231512241
   365.500  -412.332657884  -412.291444264  -412.210148563  -412.291444264  -412.231903315
   366.000  -412.336491533  -412.296165318  -412.215230065  -412.296165318  -412.232056705
   366.500  -412.338361243  -412.298614159  -412.218242232  -412.298614159  -412.231918937
   367.000  -412.339563798  -412.300068194  -412.220511414  -412.300068194  -412.231834149
   367.500  -412.340904328  -412.301327395  -412.222830038  -412.301327395  -412.231914010
   368.000  -412.341073356  -412.301091009  -412.223828122  -412.301091009  -412.231967124
   368.500  -412.339078143  -412.298378947  -412.222422175  -412.298378947  -412.231886450
   369.000  -412.335851863  -412.294132619  -412.219448170  -412.294132619  -412.231730359
   369.500  -412.333560405  -412.290520271  -412.216978144  -412.290520271  -412.231586394
   370.000  -412.334309797  -412.289646210  -412.217031429  -412.289646210  -412.231506030
   370.500  -412.339298007  -412.292705281  -412.220723959  -412.292705281  -412.231512627
   371.000  -412.348414605  -412.299585308  -412.227869309  -412.299585308  -412.231613683
   371.500  -412.360145860  -412.308774551  -412.236889939  -412.308774551  -412.231793633
   372.000  -412.371892808  -412.317683083  -412.245144294  -412.317683083  -412.231988217
   372.500  -412.381054150  -412.323725415  -412.250020129  -412.323725415  -412.232069087
   373.000  -412.386917418  -412.326207883  -412.250831237  -412.326207883  -412.231942271
   373.500  -412.391744189  -412.327405758  -412.249902300  -412.327405758  -412.231762900
   374.000  -412.398368361  -412.330154046  -412.250159455  -412.330154046  -412.231815331
   374.500  -412.406463587  -412.334109283  -412.251389222  -412.334109283  -412.231992154
   375.000  -412.413975633  -412.337182048  -412.251662736  -412.337182048  -412.231952993
   375.500  -412.421499101  -412.339921288  -412.251706083  -412.339921288  -412.231763529
   376.000  -412.431377601  -412.344633550  -412.253991200  -412.344633550  -412.231791240
   376.500  -412.442899485  -412.350596604  -412.257930675  -412.350596604  -412.232048371
   377.000  -412.452100194  -412.353861702  -412.259708352  -412.353861702  -412.232207266
   377.500  -412.456183267  -412.351665490  -412.256767215  -412.351665490  -412.232138938
   378.000  -412.455633415  -412.344549207  -412.250000857  -412.344549207  -412.231953295
   378.500  -412.452866129  -412.335047490  -412.242343544  -412.335047490  -412.231763821
   379.000  -412.450455735  -412.325951399  -412.236504025  -412.325951399  -412.231622499
   379.500  -412.450246364  -412.319325870  -412.233673512  -412.319325870  -412.231573717
   380.000  -412.452851094  -412.315935438  -412.233765586  -412.315935438  -412.231613055
   380.500  -412.456836294  -412.315122987  -412.238526525  -412.315122987  -412.231570903
   381.000  -412.462039088  -412.315592985  -412.240996279  -412.315592985  -412.231682772
   381.500  -412.467062520  -412.315443199  -412.242525756  -412.315443199  -412.231410356
   382.000  -412.470710304  -412.315844017  -412.243215226  -412.315844017  -412.231250723
   382.500  -412.476190083  -412.319128102  -412.245847942  -412.319128102  -412.231219731
   383.000  -412.483870052  -412.325747684  -412.250849961  -412.325747684  -412.231556198
   383.500  -412.489206887  -412.331192632  -412.253687446  -412.331192632  -412.231902423
   384.000  -412.487706877  -412.330945825  -412.249845652  -412.330945825  -412.231758490
   384.500  -412.481602340  -412.327169200  -412.241543969  -412.327169200  -412.231275627
   385.000  -412.477633203  -412.326513225  -412.235543435  -412.326513225  -412.231083067
   385.500  -412.478504934  -412.331604378  -412.234617567  -412.331604378  -412.231331351
   386.000  -412.480596708  -412.338778449  -412.235368789  -412.338778449  -412.231615324
   386.500  -412.479271730  -412.343345574  -412.234289911  -412.343345574  -412.231740482
   387.000  -412.472803028  -412.343242914  -412.231230782  -412.343242914  -412.231624337
   387.500  -412.462657101  -412.339575739  -412.226724078  -412.339575739  -412.231460518
   388.000  -412.451179702  -412.334516031  -412.221856750  -412.334516031  -412.231348444
   388.500  -412.440108221  -412.329678077  -412.217787430  -412.329678077  -412.231314925
   389.000  -412.432130306  -412.327296575  -412.216657301  -412.327296575  -412.233041826
   389.500  -412.422794990  -412.323501246  -412.214610459  -412.323501246  -412.233116863
   390.000  -412.413339711  -412.319142296  -412.212190767  -412.319142296  -412.233122867
   390.500  -412.404175921  -412.314600291  -412.209733027  -412.314600291  -412.232956870
   391.000  -412.398121651  -412.312686778  -412.210020365  -412.312686778  -412.232739803
   391.500  -412.398328305  -412.316570186  -412.216206094  -412.316570186  -412.232842436
   392.000  -412.403266492  -412.324759395  -412.226791437  -412.324759395  -412.233313347
   392.500  -412.406349086  -412.330718845  -412.235245712  -412.330718845  -412.233661175
   393.000  -412.402764553  -412.329691669  -412.236837842  -412.329691669  -412.233499170
   393.500  -412.394895470  -412.324112556  -412.234037452  -412.324112556  -412.233032098
   394.000  -412.389291744  -412.320584213  -412.233441909  -412.320584213  -412.232830244
   394.500  -412.388802462  -412.322015089  -412.237858761  -412.322015089  -412.233007124
   395.000  -412.390782276  -412.325822771  -412.244513720  -412.325822771  -412.233196907
   395.500  -412.391919394  -412.328748471  -412.249930445  -412.328748471  -412.233236412
   396.000  -412.391007724  -412.329614241  -412.252752954  -412.329614241  -412.233188098
   396.500  -412.388391357  -412.328759948  -412.253211989  -412.328759948  -412.233116597
   397.000  -412.384965823  -412.327047703  -412.252134787  -412.327047703  -412.233062319
   397.500  -412.381481783  -412.325176381  -412.250252671  -412.325176381  -412.233059727
   398.000  -412.378020311  -412.323170709  -412.247684927  -412.323170709  -412.233118060
   398.500  -412.373908763  -412.320309214  -412.243856200  -412.320309214  -412.233185830
   399.000  -412.368566081  -412.315976903  -412.238336714  -412.315976903  -412.233138793
   399.500  -412.363260082  -412.311424656  -412.232579699  -412.311424656  -412.232903133
   400.000  -412.361785618  -412.310445413  -412.230567057  -412.310445413  -412.232703841
   400.500  -412.367003132  -412.315909483  -412.235308826  -412.315909483  -412.232899477
   401.000  -412.376122367  -412.325045450  -412.244093146  -412.325045450  -412.233351471
   401.500  -412.382740108  -412.331473706  -412.250510615  -412.331473706  -412.233554868
   402.000  -412.383894100  -412.332255234  -412.251523146  -412.332255234  -412.233313957
   402.500  -412.382921441  -412.330747324  -412.250346795  -412.330747324  -412.232952738
   403.000  -412.384824869  -412.331972555  -412.251835001  -412.331972555  -412.232939451
   403.500  -412.389841618  -412.336192380  -412.256057027  -412.336192380  -412.233210810
   404.000  -412.394149346  -412.339613400  -412.259042786  -412.339613400  -412.233333827
   404.500  -412.395696347  -412.340212161  -412.258641807  -412.340212161  -412.233180839
   405.000  -412.396283949  -412.339814208  -412.256624371  -412.339814208  -412.232963259
   405.500  -412.398772318  -412.341300828  -412.255875606  -412.341300828  -412.232905195
   406.000  -412.403868859  -412.345399478  -412.257175401  -412.345399478  -412.233033582
   406.500  -412.409611565  -412.350165134  -412.258681059  -412.350165134  -412.233231264
   407.000  -412.412987974  -412.352597034  -412.257575376  -412.352597034  -412.233390267
   407.500  -412.411639486  -412.350344144  -412.251784139  -412.350344144  -412.233434435
   408.000  -412.405154587  -412.343011123  -412.241282631  -412.343011123  -412.233281898
   408.500  -412.396204782  -412.333277379  -412.229267885  -412.333277379  -412.232953985
   409.000  -412.389866677  -412.326135986  -412.220804055  -412.326135986  -412.232773171
   409.500  -412.388726191  -412.324130783  -412.218065009  -412.324130783  -412.233026701
   410.000  -412.389215648  -412.323685238  -412.217231378  -412.323685238  -412.233419779
   410.500  -412.385676488  -412.319125195  -412.212495507  -412.319125195  -412.233503369
   411.000  -412.376782120  -412.309096717  -412.202463486  -412.309096717  -412.233193415
   411.500  -412.366921363  -412.297955153  -412.191518361  -412.297955153  -412.232786709
   412.000  -412.361881294  -412.291459214  -412.185440443  -412.291459214  -412.232677190
   412.500  -412.363290035  -412.291225757  -412.185809238  -412.291225757  -412.232889839
   413.000  -412.368092834  -412.294210136  -412.189486405  -412.294210136  -412.233131300
   413.500  -412.372523968  -412.296674043  -412.192645363  -412.296674043  -412.233228205
   414.000  -412.374863379  -412.296933992  -412.193557653  -412.296933992  -412.233189517
   414.500  -412.375604971  -412.295523511  -412.192760463  -412.295523511  -412.233056611
   415.000  -412.376816313  -412.294548907  -412.192385608  -412.294548907  -412.232891490
   415.500  -412.381032921  -412.296582022  -412.195033037  -412.296582022  -412.232826564
   416.000  -412.389269611  -412.302670177  -412.201760450  -412.302670177  -412.232966291
   416.500  -412.399676543  -412.310990564  -412.210735798  -412.310990564  -412.233188981
   417.000  -412.409360513  -412.318669155  -412.219066001  -412.318669155  -412.233220271
   417.500  -412.418081540  -412.325475554  -412.226506321  -412.325475554  -412.233028618
   418.000  -412.428417755  -412.333988296  -412.235632952  -412.333988296  -412.232982015
   418.500  -412.440773968  -412.344606951  -412.246851514  -412.344606951  -412.233283632
   419.000  -412.450802011  -412.352974052  -412.255818435  -412.352974052  -412.233590747
   419.500  -412.454056042  -412.354629924  -412.258102005  -412.354629924  -412.233536860
   420.000  -412.451238298  -412.350260519  -412.254427583  -412.350260519  -412.233153100
   420.500  -412.447771279  -412.345280545  -412.250236336  -412.345280545  -412.232823250
   421.000  -412.448318020  -412.344370621  -412.250185259  -412.344370621  -412.232849950
   421.500  -412.452583006  -412.347284145  -412.253939793  -412.347284145  -412.233059829
   422.000  -412.457460994  -412.350978291  -412.258343790  -412.350978291  -412.233163046
   422.500  -412.461068532  -412.353620290  -412.261475306  -412.353620290  -412.233140729
   423.000  -412.463349614  -412.355178404  -412.263259402  -412.355178404  -412.233115710
   423.500  -412.464480449  -412.355827471  -412.263866171  -412.355827471  -412.233164795
   424.000  -412.463722992  -412.354811307  -412.262554895  -412.354811307  -412.233283202
   424.500  -412.459465531  -412.350492838  -412.257710880  -412.350492838  -412.233404897
   425.000  -412.450244232  -412.341382116  -412.247874532  -412.341382116  -412.233414748
   425.500  -412.436481947  -412.327877435  -412.233488822  -412.327877435  -412.233193558
   426.000  -412.422078318  -412.313855497  -412.218486725  -412.313855497  -412.232778274
   426.500  -412.413472122  -412.305734905  -412.209341260  -412.305734905  -412.232519473
   427.000  -412.414443740  -412.307280912  -412.209851888  -412.307280912  -412.232778022
   427.500  -412.421293745  -412.314782915  -412.216318170  -412.314782915  -412.233349362
   428.000  -412.425806468  -412.320011036  -412.220520279  -412.320011036  -412.233670384
   428.500  -412.423307929  -412.318266607  -412.217802633  -412.318266607  -412.233445692
   429.000  -412.417009552  -412.312726281  -412.211429938  -412.312726281  -412.232920302
   429.500  -412.414232605  -412.310676951  -412.208791737  -412.310676951  -412.232729210
   430.000  -412.417632883  -412.314752198  -412.212586746  -412.314752198  -412.233032090
   430.500  -412.422961423  -412.320697456  -412.218554446  -412.320697456  -412.233325029
   431.000  -412.425621273  -412.323919531  -412.222038015  -412.323919531  -412.233330567
   431.500  -412.424940642  -412.323748164  -412.222279752  -412.323748164  -412.233167604
   432.000  -412.422937220  -412.322194272  -412.221202474  -412.322194272  -412.233005604
   432.500  -412.421855614  -412.321488320  -412.220957003  -412.321488320  -412.232938623
   433.000  -412.422648663  -412.322564935  -412.222408264  -412.322564935  -412.233001229
   433.500  -412.424436388  -412.324525140  -412.224598435  -412.324525140  -412.233164283
   434.000  -412.425023069  -412.325155266  -412.225269465  -412.325155266  -412.233307585
   434.500  -412.422754763  -412.322785822  -412.222725327  -412.322785822  -412.233251568
   435.000  -412.419006597  -412.318778560  -412.218324792  -412.318778560  -412.232957856
   435.500  -412.418308701  -412.317655051  -412.216604405  -412.317655051  -412.232744100
   436.000  -412.423724237  -412.322476251  -412.220652400  -412.322476251  -412.232938137
   436.500  -412.432468788  -412.330461964  -412.227725628  -412.330461964  -412.233372317
   437.000  -412.438225293  -412.335302424  -412.231572659  -412.335302424  -412.233658466
   437.500  -412.436942343  -412.332953763  -412.228246886  -412.332953763  -412.233527541
   438.000  -412.430934175  -412.325739475  -412.220209786  -412.325739475  -412.232984539
   438.500  -412.428141757  -412.321616858  -412.215558742  -412.321616858  -412.232597143
   439.000  -412.433908627  -412.325959125  -412.219730201  -412.325959125  -412.232852370
   439.500  -412.444635494  -412.335214402  -412.229108435  -412.335214402  -412.233295159
   440.000  -412.453553530  -412.342677944  -412.236839674  -412.342677944  -412.233422674
   440.500  -412.457909781  -412.345665490  -412.240088937  -412.345665490  -412.233303159
   441.000  -412.458748194  -412.345280124  -412.239855465  -412.345280124  -412.233156498
   441.500  -412.457905808  -412.343403102  -412.237971676  -412.343403102  -412.233087435
   442.000  -412.456319845  -412.341006083  -412.235407042  -412.341006083  -412.233105946
   442.500  -412.453784932  -412.337915146  -412.232031109  -412.337915146  -412.233171386
   443.000  -412.449588646  -412.333454680  -412.227273619  -412.333454680  -412.233188630
   443.500  -412.443960255  -412.327900072  -412.221612434  -412.327900072  -412.233036105
   444.000  -412.439596274  -412.324005715  -412.218043341  -412.324005715  -412.232772868
   444.500  -412.440370148  -412.325696501  -412.220569454  -412.325696501  -412.232762229
   445.000  -412.446322460  -412.333052322  -412.229154173  -412.333052322  -412.233143580
   445.500  -412.451931176  -412.340576776  -412.238052660  -412.340576776  -412.233549224
   446.000  -412.451074919  -412.342143093  -412.240845609  -412.342143093  -412.233705807
   446.500  -412.441288209  -412.335236470  -412.234813547  -412.335236470  -412.233616120
   447.000  -412.424323458  -412.321517889  -412.221552756  -412.321517889  -412.233252620
   447.500  -412.406301282  -412.306989871  -412.207124948  -412.306989871  -412.232698107
   448.000  -412.395588648  -412.299900516  -412.199921385  -412.299900516  -412.232483917
   448.500  -412.395294090  -412.303266675  -412.203113144  -412.303266675  -412.232853064
   449.000  -412.400153351  -412.311772266  -412.211492918  -412.311772266  -412.233254539
   449.500  -412.403741963  -412.318967225  -412.218667678  -412.318967225  -412.233331041
   450.000  -412.403979738  -412.322748688  -412.222551664  -412.322748688  -412.233225997
   450.500  -412.401772950  -412.323990488  -412.224007802  -412.323990488  -412.233140404
   451.000  -412.398162123  -412.323692860  -412.224003482  -412.323692860  -412.233142993
   451.500  -412.393179634  -412.321845595  -412.222486792  -412.321845595  -412.233188832
   452.000  -412.386453615  -412.318038026  -412.219005469  -412.318038026  -412.233157099
   452.500  -412.378915052  -412.313169454  -412.214423823  -412.313169454  -412.232943127
   453.000  -412.374030612  -412.310684676  -412.212157818  -412.310684676  -412.232668156
   453.500  -412.375762626  -412.314535524  -412.216131009  -412.314535524  -412.232681799
   454.000  -412.383790077  -412.324402726  -412.225987094  -412.324402726  -412.233066383
   454.500  -412.392471094  -412.334656226  -412.236053140  -412.334656226  -412.233491557
   455.000  -412.395344921  -412.338852270  -412.239849424  -412.338852270  -412.233703424
   455.500  -412.389063138  -412.333658526  -412.234036288  -412.333658526  -412.233663184
   456.000  -412.374391259  -412.319850840  -412.219425760  -412.319850840  -412.233357402
   456.500  -412.356333740  -412.302436715  -412.201108481  -412.302436715  -412.232840716
   457.000  -412.342778442  -412.289303126  -412.187080973  -412.289303126  -412.232462914
   457.500  -412.339256600  -412.285982556  -412.182968981  -412.285982556  -412.232583488
   458.000  -412.344144855  -412.290856303  -412.187191840  -412.290856303  -412.232980805
   458.500  -412.351554458  -412.298037088  -412.193853597  -412.298037088  -412.233220292
   459.000  -412.357396098  -412.303426207  -412.198831943  -412.303426207  -412.233229413
   459.500  -412.360929581  -412.306261944  -412.201348278  -412.306261944  -412.233161395
   460.000  -412.362849233  -412.307209330  -412.202056240  -412.307209330  -412.233135624
   460.500  -412.363531885  -412.306614208  -412.201286262  -412.306614208  -412.233169979
   461.000  -412.362744307  -412.304215675  -412.198752957  -412.304215675  -412.233185250
   461.500  -412.360809459  -412.300316088  -412.194722552  -412.300316088  -412.233043204
   462.000  -412.360461014  -412.297639559  -412.191873312  -412.297639559  -412.232715423
   462.500  -412.366823933  -412.301316624  -412.195282410  -412.301316624  -412.232486934
   463.000  -412.383177726  -412.314650588  -412.208197010  -412.314650588  -412.232678559
   463.500  -412.406629814  -412.334790790  -412.227719031  -412.334790790  -412.233150531
   464.000  -412.429978871  -412.354590472  -412.246681133  -412.354590472  -412.233561458
   464.500  -412.446691167  -412.367574292  -412.258635707  -412.367574292  -412.233758631
   465.000  -412.453679358  -412.370707036  -412.260634418  -412.370707036  -412.233670002
   465.500  -412.452544112  -412.365630337  -412.254455573  -412.365630337  -412.233262224
   466.000  -412.449554930  -412.358647630  -412.246549053  -412.358647630  -412.232803798
   466.500  -412.451378836  -412.356464950  -412.243715607  -412.356464950  -412.232746389
   467.000  -412.458923585  -412.360043232  -412.246924621  -412.360043232  -412.233051487
   467.500  -412.467736780  -412.364994683  -412.251752516  -412.364994683  -412.233309168
   468.000  -412.473569190  -412.367137982  -412.254040305  -412.367137982  -412.233364429
   468.500  -412.474983503  -412.365107750  -412.252703606  -412.365107750  -412.233327080
   469.000  -412.472133821  -412.359118480  -412.249116931  -412.359118480  -412.233344345
   469.500  -412.465005447  -412.349126893  -412.245813303  -412.349126893  -412.233314203
   470.000  -412.454356566  -412.336184991  -412.241682682  -412.336184991  -412.233189942
   470.500  -412.441967906  -412.322228751  -412.234228238  -412.322228751  -412.233050888
   471.000  -412.430797058  -412.310137502  -412.226905721  -412.310137502  -412.232700330
   471.500  -412.426232225  -412.305260793  -412.225580600  -412.305260793  -412.232516241
   472.000  -412.430835533  -412.310162340  -412.232880461  -412.310162340  -412.232823411
   472.500  -412.440224062  -412.320417809  -412.244510008  -412.320417809  -412.233305076
   473.000  -412.447178553  -412.328743687  -412.253326346  -412.328743687  -412.233574261
   473.500  -412.447300678  -412.330699376  -412.254924485  -412.330699376  -412.233579156
   474.000  -412.440393830  -412.326059076  -412.249145811  -412.326059076  -412.233350282
   474.500  -412.430007922  -412.318352436  -412.239654496  -412.318352436  -412.232982689
   475.000  -412.421563076  -412.312984341  -412.232069464  -412.312984341  -412.232793740
   475.500  -412.417832799  -412.312706513  -412.229457051  -412.312706513  -412.232953669
   476.000  -412.416745728  -412.315403561  -412.230100450  -412.315403561  -412.233170703
   476.500  -412.415144474  -412.317843120  -412.231080705  -412.317843120  -412.233198154
   477.000  -412.412282746  -412.319180287  -412.231592645  -412.319180287  -412.233121329
   477.500  -412.408988568  -412.320136022  -412.232168572  -412.320136022  -412.233098470
   478.000  -412.405524702  -412.320863782  -412.232719339  -412.320863782  -412.233173004
   478.500  -412.400914770  -412.320275462  -412.231968221  -412.320275462  -412.233284424
   479.000  -412.393849815  -412.316951790  -412.228392544  -412.316951790  -412.233305075
   479.500  -412.384600934  -412.311065290  -412.222139621  -412.311065290  -412.233095760
   480.000  -412.376794788  -412.306168292  -412.216789431  -412.306168292  -412.232727350
   480.500  -412.375915613  -412.307704588  -412.217830232  -412.307704588  -412.232613617
   481.000  -412.383508926  -412.317216091  -412.226832140  -412.317216091  -412.232965609
   481.500  -412.394443566  -412.329598185  -412.238696284  -412.329598185  -412.233424484
   482.000  -412.401731129  -412.337906764  -412.246483715  -412.337906764  -412.233645299
   482.500  -412.401750102  -412.338571758  -412.246657927  -412.338571758  -412.233568030
   483.000  -412.395628724  -412.332776254  -412.240474643  -412.332776254  -412.233223379
   483.500  -412.388615308  -412.325828397  -412.233337631  -412.325828397  -412.232797101
   484.000  -412.386895101  -412.323979300  -412.231572244  -412.323979300  -412.232684893
   484.500  -412.392049636  -412.328877205  -412.236828955  -412.328877205  -412.232980258
   485.000  -412.399850398  -412.336350897  -412.244855375  -412.336350897  -412.233294480
   485.500  -412.405456841  -412.341600146  -412.250728194  -412.341600146  -412.233358613
   486.000  -412.407451420  -412.343229144  -412.252935848  -412.343229144  -412.233236505
   486.500  -412.407297673  -412.342708020  -412.252866816  -412.342708020  -412.233093405
   487.000  -412.406992110  -412.342030563  -412.252467662  -412.342030563  -412.233050427
   487.500  -412.407237224  -412.341893322  -412.252412311  -412.341893322  -412.233133221
   488.000  -412.407104495  -412.341363117  -412.251763235  -412.341363117  -412.233228782
   488.500  -412.405721324  -412.339565814  -412.249656066  -412.339565814  -412.233140060
   489.000  -412.404890415  -412.338306049  -412.247920835  -412.338306049  -412.232861370
   489.500  -412.408702767  -412.341681134  -412.250690949  -412.341681134  -412.232775090
   490.000  -412.418184041  -412.350727987  -412.259039491  -412.350727987  -412.233126688
   490.500  -412.428124169  -412.360251782  -412.267802988  -412.360251782  -412.233586091
   491.000  -412.431513866  -412.363257819  -412.270024937  -412.363257819  -412.233801893
   491.500  -412.424855877  -412.356257330  -412.262289994  -412.356257330  -412.233701433
   492.000  -412.409779642  -412.340878152  -412.246365213  -412.340878152  -412.233292428
   492.500  -412.392723555  -412.323549591  -412.228901881  -412.323549591  -412.232754371
   493.000  -412.381696319  -412.312278027  -412.218197113  -412.312278027  -412.232546425
   493.500  -412.379783730  -412.310171883  -412.217594210  -412.310171883  -412.232812076
   494.000  -412.383208144  -412.313480100  -412.223214048  -412.313480100  -412.233148250
   494.500  -412.386691887  -412.316939926  -412.229373307  -412.316939926  -412.233276163
   495.000  -412.387667591  -412.317992050  -412.233036167  -412.317992050  -412.233262734
   495.500  -412.385816906  -412.316305929  -412.233500797  -412.316305929  -412.233238895
   496.000  -412.381289338  -412.312003211  -412.230704858  -412.312003211  -412.233256552
   496.500  -412.373895402  -412.304863155  -412.224384559  -412.304863155  -412.233288711
   497.000  -412.363529130  -412.294754752  -412.214450256  -412.294754752  -412.233231775
   497.500  -412.351698588  -412.283172319  -412.202488750  -412.283172319  -412.232959633
   498.000  -412.343060492  -412.274771507  -412.193284211  -412.274771507  -412.232561600
   498.500  -412.343593979  -412.275538840  -412.192956330  -412.275538840  -412.232473723
   499.000  -412.354468054  -412.286652848  -412.202777945  -412.286652848  -412.232889917
   499.500  -412.369545689  -412.301982912  -412.216651985  -412.301982912  -412.233406676
   500.000  -412.380842326  -412.313546505  -412.226592377  -412.313546505  -412.233681213
