 N     7.0   -2.21060163   -0.19974405    0.35696927   14.00307401
 N     7.0    1.70264325    2.03901450   -0.76174860   14.00307401
 C     6.0   -1.01516088    2.00896785   -0.39703146   12.00000000
 C     6.0    2.62747522   -0.12812343    0.75645737   12.00000000
 C     6.0    1.52992228   -2.14011485   -0.35394570   12.00000000
 C     6.0   -1.33131206   -2.61764864    0.64042819   12.00000000
 O     8.0   -2.60215288   -4.42441579   -0.28156919   15.99491464
 O     8.0   -2.50502096    3.80061720   -0.37378783   15.99491464
 H     1.0   -3.60994383    0.12698960    1.22076308    1.00782504
 H     1.0    2.04506162    3.99960536   -1.40784597    1.00782504
 H     1.0    2.51673726    0.46695133    2.72876454    1.00782504
 H     1.0    2.70041864   -2.83269947   -2.15787827    1.00782504
