   -0.000381808   -0.000040843   -0.000099273
    0.000214710    0.000331451   -0.000254545
    0.000585539   -0.000135509    0.000234903
    0.000096222   -0.000039979   -0.000079086
   -0.000538465    0.000068234    0.000283791
    0.000296138   -0.000095443   -0.000168230
    0.000073864   -0.000007089    0.000027954
   -0.000422417    0.000027710    0.000145749
   -0.000008371   -0.001362110   -0.000809677
    0.000220429   -0.000348068   -0.001201085
    0.000748620    0.001698761    0.001207982
    0.001535817   -0.002390549   -0.000053380
