 N     7.0   -1.89151617   -0.07501104    0.04195833   14.00307401
 N     7.0    1.82736514    2.17033216    0.02509836   14.00307401
 C     6.0   -0.86142484    2.35261319    0.02610543   12.00000000
 C     6.0    3.31085053    0.17508955    0.02598371   12.00000000
 C     6.0    2.19786130   -2.16875716   -0.04617173   12.00000000
 C     6.0   -0.67107584   -2.51338673   -0.12984014   12.00000000
 O     8.0   -1.84356567   -4.51400903    0.06401858   15.99491464
 O     8.0   -1.97391791    4.28812857   -0.00017117   15.99491464
 H     1.0   -3.92856176   -0.06631559   -0.35047440    1.00782504
 H     1.0    2.51299094    3.93543561   -0.41718972    1.00782504
 H     1.0    5.08509475    0.37689777    0.17085118    1.00782504
 H     1.0    3.57559631   -3.56727195    0.14770852    1.00782504
