   -0.000037310    0.000169325   -0.000080257
    0.000221509    0.000378964   -0.000176015
   -0.000555983   -0.000464943   -0.000075622
   -0.000176704   -0.000374476    0.000220523
   -0.000456566    0.000191916   -0.000104571
    0.000216376    0.000180918    0.000064464
   -0.000171575   -0.000279393    0.000055454
    0.000358469   -0.000077217    0.000114660
    0.000240413    0.003481313   -0.000521113
    0.001027912    0.002275666    0.000242261
    0.002783627   -0.002208705   -0.000027698
    0.001754802    0.000287255   -0.000254499
