     0.000  -412.494904466  -412.312714901  -412.264046315  -412.264046315  -412.233820161
     0.500  -412.499421604  -412.316298268  -412.268363099  -412.268363099  -412.233892578
     1.000  -412.507317044  -412.323676665  -412.276645829  -412.276645829  -412.233992896
     1.500  -412.516969935  -412.333271649  -412.287325130  -412.287325130  -412.234099379
     2.000  -412.526670490  -412.343426342  -412.298735818  -412.298735818  -412.234212826
     2.500  -412.534658613  -412.352431205  -412.309137971  -412.309137971  -412.234374422
     3.000  -412.538610491  -412.357995403  -412.316191044  -412.316191044  -412.234648082
     3.500  -412.535003274  -412.356586596  -412.316308654  -412.316308654  -412.234973296
     4.000  -412.520619499  -412.344909261  -412.306165507  -412.306165507  -412.234893674
     4.500  -412.499245122  -412.326601187  -412.289412197  -412.289412197  -412.233901163
     5.000  -412.486452351  -412.317071394  -412.281482874  -412.281482874  -412.233135015
     5.500  -412.492599891  -412.326605162  -412.292624892  -412.292624892  -412.234037604
     6.000  -412.505382157  -412.342961750  -412.310471004  -412.310471004  -412.235049373
     6.500  -412.508889253  -412.350356614  -412.319106270  -412.319106270  -412.235075753
     7.000  -412.500210963  -412.345954246  -412.315647099  -412.315647099  -412.234655039
     7.500  -412.484139641  -412.334536416  -412.304906811  -412.304906811  -412.234270669
     8.000  -412.465995979  -412.321352244  -412.292200228  -412.292200228  -412.234028953
     8.500  -412.449426519  -412.309952763  -412.281137461  -412.281137461  -412.233899853
     9.000  -412.436512105  -412.302320427  -412.273740183  -412.273740183  -412.233847056
     9.500  -412.428189833  -412.299295361  -412.270873902  -412.270873902  -412.233850141
    10.000  -412.424520745  -412.300833984  -412.272526897  -412.272526897  -412.233894925
    10.500  -412.424915050  -412.306232083  -412.278040662  -412.278040662  -412.233962721
    11.000  -412.428421322  -412.314415849  -412.286400085  -412.286400085  -412.234040007
    11.500  -412.433909695  -412.324125556  -412.296416895  -412.296416895  -412.234147991
    12.000  -412.439784472  -412.333638010  -412.306436507  -412.306436507  -412.234352590
    12.500  -412.443152887  -412.339944869  -412.313500216  -412.313500216  -412.234705804
    13.000  -412.439439866  -412.338365235  -412.312959116  -412.312959116  -412.235062905
    13.500  -412.425153840  -412.325300687  -412.301246574  -412.301246574  -412.234862769
    14.000  -412.405821837  -412.306163639  -412.283828015  -412.283828015  -412.233733999
    14.500  -412.398500672  -412.297922978  -412.277722655  -412.277722655  -412.233163223
    15.000  -412.410836006  -412.308258197  -412.290558546  -412.290558546  -412.234236957
    15.500  -412.428005618  -412.322560275  -412.307512694  -412.307512694  -412.235125207
    16.000  -412.435433425  -412.326580419  -412.314036209  -412.314036209  -412.235044504
    16.500  -412.431826256  -412.319360318  -412.308896479  -412.308896479  -412.234609226
    17.000  -412.422322542  -412.306315672  -412.297325135  -412.297325135  -412.234238078
    17.500  -412.412010388  -412.292718613  -412.284529303  -412.284529303  -412.234008215
    18.000  -412.404216773  -412.281994190  -412.273940464  -412.273940464  -412.233893901
    18.500  -412.400704022  -412.275966111  -412.267334908  -412.267334908  -412.233860533
    19.000  -412.402128823  -412.275340119  -412.265283186  -412.265283186  -412.233872162
    19.500  -412.408441344  -412.280076274  -412.267654410  -412.267654410  -412.233899339
    20.000  -412.419235678  -412.289735981  -412.274050591  -412.274050591  -412.233930915
    20.500  -412.433916957  -412.303690531  -412.283971017  -412.283971017  -412.233988219
    21.000  -412.451414088  -412.320858995  -412.296486813  -412.296486813  -412.234129086
    21.500  -412.469409908  -412.338939128  -412.309436249  -412.309436249  -412.234412472
    22.000  -412.483652368  -412.353698354  -412.318715865  -412.318715865  -412.234829472
    22.500  -412.488479617  -412.359469485  -412.318808245  -412.318808245  -412.235161708
    23.000  -412.480652297  -412.352945231  -412.306637699  -412.306637699  -412.234825992
    23.500  -412.467439768  -412.341275763  -412.289680484  -412.289680484  -412.233607794
    24.000  -412.466798684  -412.342329093  -412.286127479  -412.286127479  -412.233177544
    24.500  -412.484418481  -412.361856983  -412.301846485  -412.301846485  -412.234318926
    25.000  -412.504275425  -412.384041584  -412.320874516  -412.320874516  -412.235122931
    25.500  -412.512709813  -412.395426021  -412.329521936  -412.329521936  -412.235013047
    26.000  -412.508961491  -412.395330884  -412.326954699  -412.326954699  -412.234621338
    26.500  -412.497747456  -412.388425412  -412.317788688  -412.317788688  -412.234318389
    27.000  -412.483380948  -412.378889842  -412.306216235  -412.306216235  -412.234150283
    27.500  -412.468531289  -412.369222314  -412.294768595  -412.294768595  -412.234063227
    28.000  -412.454763133  -412.360807736  -412.284863396  -412.284863396  -412.234002538
    28.500  -412.443268231  -412.354668392  -412.277541968  -412.277541968  -412.233937793
    29.000  -412.435283182  -412.351888424  -412.273888272  -412.273888272  -412.233874081
    29.500  -412.431972893  -412.353492718  -412.274911746  -412.274911746  -412.233853760
    30.000  -412.433792799  -412.359805137  -412.280909141  -412.280909141  -412.233925278
    30.500  -412.439804510  -412.369761438  -412.290781944  -412.290781944  -412.234101005
    31.000  -412.447509502  -412.380742389  -412.301883719  -412.301883719  -412.234366913
    31.500  -412.453121297  -412.388850973  -412.310316264  -412.310316264  -412.234707966
    32.000  -412.452086931  -412.389433105  -412.311482530  -412.311482530  -412.235005684
    32.500  -412.441441132  -412.379427370  -412.302462579  -412.302462579  -412.234806790
    33.000  -412.426324478  -412.363873938  -412.288519651  -412.288519651  -412.233755883
    33.500  -412.422655437  -412.358605908  -412.285685269  -412.285685269  -412.233130003
    34.000  -412.438858475  -412.372046192  -412.302357363  -412.302357363  -412.234101627
    34.500  -412.461700686  -412.391093998  -412.325127213  -412.325127213  -412.235060267
    35.000  -412.476051511  -412.400840053  -412.338692918  -412.338692918  -412.235097355
    35.500  -412.479034980  -412.398648623  -412.340124046  -412.340124046  -412.234744946
    36.000  -412.474476502  -412.388570277  -412.333305879  -412.333305879  -412.234431029
    36.500  -412.466518069  -412.374951827  -412.322511858  -412.322511858  -412.234232224
    37.000  -412.457963296  -412.360783040  -412.310713365  -412.310713365  -412.234097873
    37.500  -412.450751988  -412.348176891  -412.300037599  -412.300037599  -412.233979947
    38.000  -412.446548422  -412.338962486  -412.292349359  -412.292349359  -412.233879436
    38.500  -412.446687294  -412.334633698  -412.289186912  -412.289186912  -412.233839182
    39.000  -412.451558693  -412.335738648  -412.291137166  -412.291137166  -412.233893524
    39.500  -412.460145218  -412.341415746  -412.297356451  -412.297356451  -412.234030525
    40.000  -412.470200009  -412.349565604  -412.305737569  -412.305737569  -412.234224525
    40.500  -412.478662644  -412.357256343  -412.313318195  -412.313318195  -412.234481742
    41.000  -412.481733426  -412.360774322  -412.316355319  -412.316355319  -412.234807091
    41.500  -412.475208676  -412.355924790  -412.310668625  -412.310668625  -412.235029377
    42.000  -412.457568360  -412.341090253  -412.294742175  -412.294742175  -412.234624448
    42.500  -412.437041806  -412.324297440  -412.276808348  -412.276808348  -412.233454555
    43.000  -412.430883640  -412.322574300  -412.274116435  -412.274116435  -412.233113146
    43.500  -412.443721857  -412.340415119  -412.291232473  -412.291232473  -412.234246686
    44.000  -412.459804699  -412.362049673  -412.312254339  -412.312254339  -412.235060142
    44.500  -412.465669557  -412.374000870  -412.323508341  -412.323508341  -412.235018047
    45.000  -412.459927003  -412.374774403  -412.323359849  -412.323359849  -412.234689094
    45.500  -412.446639201  -412.368229113  -412.315608007  -412.315608007  -412.234401930
    46.000  -412.430096260  -412.358394866  -412.304287573  -412.304287573  -412.234190492
    46.500  -412.413748632  -412.348454791  -412.292628753  -412.292628753  -412.234022851
    47.000  -412.400381455  -412.340954737  -412.283256043  -412.283256043  -412.233903482
    47.500  -412.391948490  -412.337658379  -412.278035736  -412.278035736  -412.233859467
    48.000  -412.389172747  -412.339156814  -412.277675631  -412.277675631  -412.233888605
    48.500  -412.391581733  -412.344901708  -412.281744754  -412.281744754  -412.233959470
    49.000  -412.397972525  -412.353660004  -412.289111963  -412.289111963  -412.234059869
    49.500  -412.406645436  -412.363731846  -412.298150778  -412.298150778  -412.234222548
    50.000  -412.415044920  -412.372575152  -412.306358160  -412.306358160  -412.234500040
    50.500  -412.419232762  -412.376264132  -412.309817461  -412.309817461  -412.234870227
    51.000  -412.414674217  -412.370259021  -412.304001490  -412.304001490  -412.235042009
    51.500  -412.400963982  -412.354118363  -412.288518487  -412.288518487  -412.234433651
    52.000  -412.389073257  -412.338749519  -412.274359794  -412.274359794  -412.233301501
    52.500  -412.395275797  -412.340384960  -412.277768622  -412.277768622  -412.233387885
    53.000  -412.418493313  -412.358011159  -412.297534311  -412.297534311  -412.234546578
    53.500  -412.441930521  -412.375027617  -412.316715832  -412.316715832  -412.235120967
    54.000  -412.454966029  -412.381080722  -412.324676612  -412.324676612  -412.234997004
    54.500  -412.457340002  -412.376181378  -412.321298201  -412.321298201  -412.234670668
    55.000  -412.452865342  -412.364375743  -412.310622435  -412.310622435  -412.234357418
    55.500  -412.445794452  -412.350103041  -412.297143548  -412.297143548  -412.234102473
    56.000  -412.439742373  -412.337124393  -412.284688328  -412.284688328  -412.233936911
    56.500  -412.437087184  -412.327939106  -412.275800775  -412.275800775  -412.233875587
    57.000  -412.438691507  -412.323520036  -412.271474706  -412.271474706  -412.233885767
    57.500  -412.444341997  -412.323767717  -412.271605113  -412.271605113  -412.233913175
    58.000  -412.453484282  -412.328255507  -412.275748595  -412.275748595  -412.233941563
    58.500  -412.465481240  -412.336490676  -412.283392897  -412.283392897  -412.234001852
    59.000  -412.479186191  -412.347481117  -412.293538986  -412.293538986  -412.234151662
    59.500  -412.492171863  -412.358948376  -412.303924526  -412.303924526  -412.234441207
    60.000  -412.500225471  -412.366793582  -412.310501023  -412.310501023  -412.234824885
    60.500  -412.498498379  -412.366203606  -412.308568018  -412.308568018  -412.234978353
    61.000  -412.486598767  -412.356705184  -412.297853781  -412.297853781  -412.234369352
    61.500  -412.474970979  -412.348548411  -412.288860340  -412.288860340  -412.233426907
    62.000  -412.476990989  -412.354886261  -412.294896075  -412.294896075  -412.233703553
    62.500  -412.489277156  -412.372171979  -412.312336579  -412.312336579  -412.234707017
    63.000  -412.497547304  -412.385994067  -412.326543213  -412.326543213  -412.235035850
    63.500  -412.495419042  -412.389785768  -412.330778047  -412.330778047  -412.234805205
    64.000  -412.485052697  -412.385436132  -412.326906231  -412.326906231  -412.234502262
    64.500  -412.470581463  -412.376760153  -412.318829721  -412.318829721  -412.234291172
    65.000  -412.455154438  -412.366598241  -412.309511301  -412.309511301  -412.234183778
    65.500  -412.440494617  -412.356421734  -412.300503980  -412.300503980  -412.234147168
    66.000  -412.427336418  -412.346792264  -412.292368600  -412.292368600  -412.234118225
    66.500  -412.416305846  -412.338248943  -412.285556420  -412.285556420  -412.234053251
    67.000  -412.408527476  -412.331903652  -412.281034831  -412.281034831  -412.233963174
    67.500  -412.405452520  -412.329255171  -412.280138294  -412.280138294  -412.233899937
    68.000  -412.408078119  -412.331400073  -412.283802027  -412.283802027  -412.233930185
    68.500  -412.415947981  -412.338019185  -412.291567100  -412.291567100  -412.234119981
    69.000  -412.426263715  -412.346474142  -412.300685004  -412.300685004  -412.234496818
    69.500  -412.433797209  -412.351687432  -412.306017771  -412.306017771  -412.234922801
    70.000  -412.433528987  -412.348744384  -412.302665394  -412.302665394  -412.234900874
    70.500  -412.427882550  -412.340094151  -412.293194748  -412.293194748  -412.234016498
    71.000  -412.430370852  -412.339219254  -412.291285179  -412.291285179  -412.233435488
    71.500  -412.448628197  -412.353761424  -412.304747483  -412.304747483  -412.234331818
    72.000  -412.470173688  -412.371348052  -412.321267884  -412.321267884  -412.235175302
    72.500  -412.481421684  -412.378549862  -412.327424257  -412.327424257  -412.235035456
    73.000  -412.482027150  -412.375161749  -412.323046842  -412.323046842  -412.234501686
    73.500  -412.478404669  -412.367721822  -412.314738332  -412.314738332  -412.234134620
    74.000  -412.475403400  -412.361212146  -412.307540063  -412.307540063  -412.234054889
    74.500  -412.473976968  -412.356734713  -412.302584181  -412.302584181  -412.234122492
    75.000  -412.472920329  -412.353223768  -412.298809728  -412.298809728  -412.234176639
    75.500  -412.471198519  -412.349755131  -412.295272774  -412.295272774  -412.234156773
    76.000  -412.468923645  -412.346512544  -412.292119938  -412.292119938  -412.234086664
    76.500  -412.467080790  -412.344525179  -412.290316066  -412.290316066  -412.234014071
    77.000  -412.466805807  -412.344951866  -412.290930787  -412.290930787  -412.233986652
    77.500  -412.468618625  -412.348319190  -412.294387733  -412.294387733  -412.234055868
    78.000  -412.471626032  -412.353718954  -412.299690936  -412.299690936  -412.234276221
    78.500  -412.472838613  -412.358117057  -412.303765029  -412.303765029  -412.234641858
    79.000  -412.467653501  -412.356822461  -412.301959773  -412.301959773  -412.234911097
    79.500  -412.453887305  -412.347506621  -412.292093118  -412.292093118  -412.234535809
    80.000  -412.438943537  -412.337375940  -412.281589729  -412.281589729  -412.233579942
    80.500  -412.436668160  -412.340082698  -412.284258376  -412.284258376  -412.233576325
    81.000  -412.447245536  -412.355689068  -412.300108857  -412.300108857  -412.234617962
    81.500  -412.456157583  -412.369620456  -412.314338420  -412.314338420  -412.235079168
    82.000  -412.455180211  -412.373588969  -412.318431663  -412.318431663  -412.234784560
    82.500  -412.446977978  -412.370147852  -412.314824413  -412.314824413  -412.234374285
    83.000  -412.436894032  -412.364497279  -412.308709354  -412.308709354  -412.234160471
    83.500  -412.427946763  -412.359516331  -412.303027466  -412.303027466  -412.234115293
    84.000  -412.420764622  -412.355718987  -412.298393295  -412.298393295  -412.234120479
    84.500  -412.415165663  -412.352839271  -412.294657256  -412.294657256  -412.234103296
    85.000  -412.411258524  -412.350927541  -412.291982844  -412.291982844  -412.234053867
    85.500  -412.409642430  -412.350543137  -412.291026694  -412.291026694  -412.233996871
    86.000  -412.411075631  -412.352419535  -412.292587361  -412.292587361  -412.233964199
    86.500  -412.415992199  -412.356980314  -412.297111016  -412.297111016  -412.233989938
    87.000  -412.423982952  -412.363819276  -412.304168430  -412.304168430  -412.234116662
    87.500  -412.433198857  -412.371106746  -412.311865606  -412.311865606  -412.234385658
    88.000  -412.439893441  -412.375123674  -412.316408560  -412.316408560  -412.234764255
    88.500  -412.439322651  -412.371143668  -412.313029675  -412.313029675  -412.234962842
    89.000  -412.430366540  -412.358028563  -412.300627831  -412.300627831  -412.234448723
    89.500  -412.422100050  -412.344787931  -412.288339976  -412.288339976  -412.233506039
    90.000  -412.427812626  -412.344648630  -412.289539145  -412.289539145  -412.233643986
    90.500  -412.445597842  -412.355726502  -412.302413970  -412.302413970  -412.234609256
    91.000  -412.461346036  -412.364028723  -412.312986602  -412.312986602  -412.234982732
    91.500  -412.467563177  -412.362199570  -412.313948154  -412.313948154  -412.234758397
    92.000  -412.465717763  -412.351826233  -412.306970811  -412.306970811  -412.234415832
    92.500  -412.460033942  -412.337266581  -412.296444518  -412.296444518  -412.234146408
    93.000  -412.454225874  -412.322422038  -412.286175619  -412.286175619  -412.233982342
    93.500  -412.450698936  -412.309931344  -412.278588657  -412.278588657  -412.233919009
    94.000  -412.450476662  -412.301057955  -412.274686259  -412.274686259  -412.233923540
    94.500  -412.453570849  -412.296045023  -412.274449555  -412.274449555  -412.233956211
    95.000  -412.459550797  -412.294725266  -412.277398270  -412.277398270  -412.233997185
    95.500  -412.467877324  -412.296893010  -412.282904276  -412.282904276  -412.234052299
    96.000  -412.477817631  -412.302176554  -412.290155296  -412.290155296  -412.234136360
    96.500  -412.488006375  -412.309379403  -412.297925188  -412.297925188  -412.234290212
    97.000  -412.495791226  -412.315679693  -412.303969650  -412.303969650  -412.234583750
    97.500  -412.496989981  -412.316689347  -412.304368425  -412.304368425  -412.234926625
    98.000  -412.488078749  -412.308914772  -412.295416839  -412.295416839  -412.234854096
    98.500  -412.472700798  -412.296129863  -412.280335800  -412.280335800  -412.233950371
    99.000  -412.465101434  -412.292537154  -412.273125069  -412.273125069  -412.233250441
    99.500  -412.474849679  -412.307541867  -412.283399522  -412.283399522  -412.233934262
   100.000  -412.492377703  -412.331522639  -412.301769177  -412.301769177  -412.234793822
   100.500  -412.503880938  -412.350781441  -412.314651748  -412.314651748  -412.234922182
   101.000  -412.504966154  -412.361016467  -412.318041174  -412.318041174  -412.234626916
   101.500  -412.497670347  -412.363693225  -412.314758311  -412.314758311  -412.234318654
   102.000  -412.485503374  -412.361329109  -412.308609344  -412.308609344  -412.234188478
   102.500  -412.471539332  -412.356891233  -412.301911197  -412.301911197  -412.234087213
   103.000  -412.458341348  -412.353011396  -412.296446114  -412.296446114  -412.233993467
   103.500  -412.448061322  -412.351699454  -412.293791624  -412.293791624  -412.233931080
   104.000  -412.442164545  -412.354190958  -412.294983665  -412.294983665  -412.233927821
   104.500  -412.441028099  -412.360648565  -412.300105402  -412.300105402  -412.233995979
   105.000  -412.443773524  -412.370042257  -412.308115899  -412.308115899  -412.234128196
   105.500  -412.448393351  -412.380284607  -412.316964392  -412.316964392  -412.234323180
   106.000  -412.451858427  -412.388326414  -412.323674606  -412.323674606  -412.234598039
   106.500  -412.450096869  -412.390113828  -412.324300079  -412.324300079  -412.234930207
   107.000  -412.438792523  -412.381360619  -412.314703553  -412.314703553  -412.235087275
   107.500  -412.417309986  -412.361450604  -412.294464023  -412.294464023  -412.234551299
   108.000  -412.395476294  -412.340210804  -412.273618394  -412.273618394  -412.233381099
   108.500  -412.390373595  -412.334731721  -412.269376895  -412.269376895  -412.233162335
   109.000  -412.405064159  -412.348143155  -412.284765956  -412.284765956  -412.234245250
   109.500  -412.424227820  -412.365262219  -412.304298511  -412.304298511  -412.234993809
   110.000  -412.435243266  -412.373634432  -412.315180913  -412.315180913  -412.234971831
   110.500  -412.436416480  -412.371726324  -412.315621148  -412.315621148  -412.234661747
   111.000  -412.431267409  -412.363203999  -412.309127937  -412.309127937  -412.234376432
   111.500  -412.423656563  -412.352060716  -412.299615428  -412.299615428  -412.234184437
   112.000  -412.416359429  -412.341191549  -412.289953982  -412.289953982  -412.234061826
   112.500  -412.411215590  -412.332538040  -412.282098876  -412.282098876  -412.233970574
   113.000  -412.409603349  -412.327560358  -412.277549659  -412.277549659  -412.233891317
   113.500  -412.412659386  -412.327458787  -412.277565069  -412.277565069  -412.233843207
   114.000  -412.420957856  -412.332861683  -412.282844210  -412.282844210  -412.233878141
   114.500  -412.433759422  -412.343085817  -412.292779772  -412.292779772  -412.234042397
   115.000  -412.448377920  -412.355505937  -412.304827449  -412.304827449  -412.234344035
   115.500  -412.460188164  -412.365556073  -412.314503177  -412.314503177  -412.234739695
   116.000  -412.463569090  -412.367651741  -412.316308037  -412.316308037  -412.235073145
   116.500  -412.454732766  -412.357995934  -412.306543525  -412.306543525  -412.234937965
   117.000  -412.437744825  -412.340587778  -412.289328007  -412.289328007  -412.233964676
   117.500  -412.427922975  -412.330651422  -412.280006156  -412.280006156  -412.233103325
   118.000  -412.437189611  -412.340062487  -412.290501509  -412.290501509  -412.233773098
   118.500  -412.456351398  -412.359680572  -412.311579028  -412.311579028  -412.234857658
   119.000  -412.468918864  -412.373130121  -412.326655430  -412.326655430  -412.235105180
   119.500  -412.469121356  -412.374728411  -412.329822898  -412.329822898  -412.234805688
   120.000  -412.460009208  -412.367538905  -412.323969669  -412.323969669  -412.234444806
   120.500  -412.446556820  -412.356469065  -412.313903880  -412.313903880  -412.234192193
   121.000  -412.432625057  -412.345255862  -412.303327546  -412.303327546  -412.234049843
   121.500  -412.420585592  -412.336109207  -412.294464055  -412.294464055  -412.233981023
   122.000  -412.411726452  -412.330129579  -412.288464355  -412.288464355  -412.233952573
   122.500  -412.406712673  -412.327787601  -412.285865001  -412.285865001  -412.233940432
   123.000  -412.405886690  -412.329223562  -412.286898449  -412.286898449  -412.233947038
   123.500  -412.409242745  -412.334249830  -412.291468810  -412.291468810  -412.234001781
   124.000  -412.415980557  -412.341910149  -412.298717227  -412.298717227  -412.234156085
   124.500  -412.423837209  -412.349832558  -412.306357555  -412.306357555  -412.234435131
   125.000  -412.428867324  -412.354004899  -412.310465331  -412.310465331  -412.234783604
   125.500  -412.426558568  -412.349879904  -412.306596650  -412.306596650  -412.234990951
   126.000  -412.415312992  -412.335828261  -412.293269074  -412.293269074  -412.234647132
   126.500  -412.402055905  -412.318733484  -412.277551778  -412.277551778  -412.233677496
   127.000  -412.401237609  -412.313019619  -412.274025881  -412.274025881  -412.233337681
   127.500  -412.417342074  -412.323242984  -412.287239456  -412.287239456  -412.234272750
   128.000  -412.437048304  -412.336261295  -412.303884685  -412.303884685  -412.235026477
   128.500  -412.447808986  -412.339770373  -412.311427070  -412.311427070  -412.234975318
   129.000  -412.448190399  -412.332573083  -412.308489882  -412.308489882  -412.234599773
   129.500  -412.442555705  -412.319276946  -412.299509639  -412.299509639  -412.234263428
   130.000  -412.435530186  -412.304772352  -412.289162981  -412.289162981  -412.234052799
   130.500  -412.430271525  -412.292534348  -412.280601346  -412.280601346  -412.233950706
   131.000  -412.428493929  -412.284662652  -412.275464120  -412.275464120  -412.233922731
   131.500  -412.430828860  -412.282186790  -412.274338493  -412.274338493  -412.233921880
   132.000  -412.437131291  -412.285076259  -412.277351890  -412.285076259  -412.233940504
   132.500  -412.445551410  -412.289957796  -412.280545288  -412.289957796  -412.234215887
   133.000  -412.456062944  -412.298576202  -412.285859299  -412.298576202  -412.234392072
   133.500  -412.466887140  -412.308275051  -412.292268007  -412.308275051  -412.234587134
   134.000  -412.475400055  -412.316257363  -412.297373905  -412.316257363  -412.234857799
   134.500  -412.478027446  -412.318940224  -412.297705946  -412.318940224  -412.235152862
   135.000  -412.471471752  -412.313048927  -412.290009572  -412.313048927  -412.235212964
   135.500  -412.456808352  -412.299664289  -412.275326313  -412.299664289  -412.234628011
   136.000  -412.444264217  -412.288979219  -412.263772588  -412.288979219  -412.233788047
   136.500  -412.445784041  -412.292867389  -412.267169648  -412.292867389  -412.234099009
   137.000  -412.457023756  -412.306890484  -412.281113195  -412.306890484  -412.235108594
   137.500  -412.463096431  -412.316056421  -412.290721044  -412.316056421  -412.235409368
   138.000  -412.457643184  -412.313900450  -412.289639041  -412.313900450  -412.235079231
   138.500  -412.443987469  -412.303652184  -412.281142638  -412.303652184  -412.234650362
   139.000  -412.427957123  -412.291075756  -412.270955082  -412.291075756  -412.234334520
   139.500  -412.414194892  -412.280805732  -412.263571627  -412.280805732  -412.234139485
   140.000  -412.405561241  -412.275814796  -412.261636216  -412.275814796  -412.234027710
   140.500  -412.403340554  -412.277813653  -412.266006704  -412.277813653  -412.233949181
   141.000  -412.407409221  -412.287809570  -412.275658470  -412.287809570  -412.233935070
   141.500  -412.416202359  -412.305743148  -412.288228800  -412.305743148  -412.234098620
   142.000  -412.426664854  -412.329563397  -412.301049522  -412.301049522  -412.234465270
   142.500  -412.434729082  -412.349695868  -412.312074130  -412.312074130  -412.234563947
   143.000  -412.440248543  -412.365319449  -412.322543723  -412.322543723  -412.234904107
   143.500  -412.440488810  -412.374611187  -412.328289484  -412.328289484  -412.235113016
   144.000  -412.433705649  -412.376097936  -412.326730230  -412.326730230  -412.235176985
   144.500  -412.420237224  -412.370013968  -412.317801549  -412.317801549  -412.234960247
   145.000  -412.404466139  -412.360571731  -412.305759291  -412.305759291  -412.234421811
   145.500  -412.394460933  -412.355715513  -412.298756092  -412.298756092  -412.234140004
   146.000  -412.393844514  -412.359031979  -412.300595165  -412.300595165  -412.234576371
   146.500  -412.396286533  -412.364231637  -412.305095950  -412.305095950  -412.235051100
   147.000  -412.394266344  -412.363866627  -412.304799580  -412.304799580  -412.235035489
   147.500  -412.386854458  -412.357064967  -412.298760796  -412.298760796  -412.234752463
   148.000  -412.377520204  -412.347321546  -412.290367120  -412.290367120  -412.234500863
   148.500  -412.369870239  -412.338235315  -412.283080441  -412.283080441  -412.234368892
   149.000  -412.366034463  -412.331906073  -412.278829738  -412.278829738  -412.234326000
   149.500  -412.366868993  -412.329157016  -412.278243184  -412.278243184  -412.234331681
   150.000  -412.372449490  -412.330053671  -412.281187027  -412.281187027  -412.234368582
   150.500  -412.382271659  -412.334134442  -412.287026115  -412.287026115  -412.234436556
   151.000  -412.395247596  -412.340425020  -412.294660820  -412.294660820  -412.234534774
   151.500  -412.409746280  -412.347481405  -412.302581220  -412.302581220  -412.234649939
   152.000  -412.423851093  -412.353632616  -412.309108723  -412.309108723  -412.234758675
   152.500  -412.435768105  -412.357363643  -412.312771424  -412.312771424  -412.234849034
   153.000  -412.444067755  -412.357528316  -412.312513183  -412.312513183  -412.234917907
   153.500  -412.447886035  -412.353519782  -412.307867925  -412.307867925  -412.234873245
   154.000  -412.448309839  -412.346628918  -412.300316820  -412.300316820  -412.234550145
   154.500  -412.450112374  -412.341773620  -412.294991300  -412.294991300  -412.234181236
   155.000  -412.458025259  -412.343801560  -412.296898724  -412.296898724  -412.234341373
   155.500  -412.469494097  -412.350291613  -412.303654249  -412.303654249  -412.234840717
   156.000  -412.477127741  -412.354016064  -412.307943075  -412.307943075  -412.235047086
   156.500  -412.477162142  -412.351382032  -412.306010872  -412.306010872  -412.234884565
   157.000  -412.471270979  -412.344216474  -412.299479175  -412.299479175  -412.234608976
   157.500  -412.463262962  -412.336443140  -412.292047942  -412.292047942  -412.234402911
   158.000  -412.456245333  -412.331223473  -412.286695801  -412.286695801  -412.234314168
   158.500  -412.451658108  -412.329965482  -412.284763695  -412.284763695  -412.234318199
   159.000  -412.449544491  -412.332603586  -412.286224056  -412.286224056  -412.234369802
   159.500  -412.449205521  -412.338254065  -412.290294902  -412.290294902  -412.234442793
   160.000  -412.449667138  -412.345693831  -412.295851406  -412.295851406  -412.234529960
   160.500  -412.449877191  -412.353565495  -412.301594132  -412.301594132  -412.234624371
   161.000  -412.448825331  -412.360500047  -412.306188004  -412.306188004  -412.234715965
   161.500  -412.445652370  -412.365243464  -412.308425649  -412.308425649  -412.234809327
   162.000  -412.439545178  -412.366582163  -412.307192935  -412.307192935  -412.234919886
   162.500  -412.429609842  -412.363254548  -412.301409303  -412.301409303  -412.234963208
   163.000  -412.416244693  -412.355358848  -412.291432395  -412.291432395  -412.234694591
   163.500  -412.404138586  -412.347378682  -412.282031828  -412.282031828  -412.234187948
   164.000  -412.400373808  -412.346297085  -412.280407263  -412.280407263  -412.234151125
   164.500  -412.405290368  -412.352450208  -412.286948739  -412.286948739  -412.234675467
   165.000  -412.411484369  -412.358491702  -412.294196309  -412.294196309  -412.235024044
   165.500  -412.413338661  -412.358877454  -412.296407730  -412.296407730  -412.234964480
   166.000  -412.411005940  -412.353831920  -412.293589788  -412.293589788  -412.234730381
   166.500  -412.407625533  -412.346575940  -412.288747712  -412.288747712  -412.234508932
   167.000  -412.406424285  -412.340445231  -412.285015592  -412.285015592  -412.234379507
   167.500  -412.409300111  -412.337486664  -412.284265989  -412.284265989  -412.234365332
   168.000  -412.416372970  -412.338008157  -412.286676797  -412.286676797  -412.234436385
   168.500  -412.426394589  -412.340978962  -412.291136017  -412.291136017  -412.234531378
   169.000  -412.437655719  -412.344923413  -412.296132502  -412.296132502  -412.234605226
   169.500  -412.448723708  -412.348646215  -412.300473373  -412.300473373  -412.234642611
   170.000  -412.458751666  -412.351530836  -412.303576981  -412.303576981  -412.234649249
   170.500  -412.467417832  -412.353470295  -412.305398477  -412.305398477  -412.234665807
   171.000  -412.474334930  -412.354269575  -412.305822675  -412.305822675  -412.234769506
   171.500  -412.478104306  -412.352689422  -412.303695844  -412.303695844  -412.234940180
   172.000  -412.476973575  -412.347098334  -412.297463977  -412.297463977  -412.234878203
   172.500  -412.472952329  -412.339573592  -412.289291933  -412.289291933  -412.234362780
   173.000  -412.473728870  -412.337835124  -412.286991909  -412.286991909  -412.234041456
   173.500  -412.483454185  -412.346054899  -412.294815938  -412.294815938  -412.234532783
   174.000  -412.495125731  -412.357261642  -412.305819321  -412.305819321  -412.235103712
   174.500  -412.499884850  -412.362624233  -412.311137027  -412.311137027  -412.235153832
   175.000  -412.495892849  -412.360311216  -412.308848940  -412.308848940  -412.234896350
   175.500  -412.486360119  -412.353502952  -412.302028618  -412.302028618  -412.234625779
   176.000  -412.475306033  -412.346156077  -412.294532269  -412.294532269  -412.234433074
   176.500  -412.465831570  -412.341284817  -412.289298699  -412.289298699  -412.234320253
   177.000  -412.459818701  -412.340665879  -412.288061817  -412.288061817  -412.234301066
   177.500  -412.457664692  -412.344573391  -412.291090588  -412.291090588  -412.234385024
   178.000  -412.458222808  -412.351717949  -412.297115646  -412.297115646  -412.234523159
   178.500  -412.459562853  -412.360003704  -412.304075235  -412.304075235  -412.234632229
   179.000  -412.460207352  -412.367763703  -412.310337421  -412.310337421  -412.234665446
   179.500  -412.459799891  -412.374429805  -412.315371289  -412.315371289  -412.234669165
   180.000  -412.458432805  -412.379870544  -412.319083601  -412.319083601  -412.234767712
   180.500  -412.454948308  -412.382702038  -412.320148338  -412.320148338  -412.235014664
   181.000  -412.446481112  -412.379840980  -412.315581704  -412.315581704  -412.235173483
   181.500  -412.432031440  -412.370087856  -412.304354124  -412.304354124  -412.234815660
   182.000  -412.417869085  -412.359552081  -412.292805784  -412.292805784  -412.234099175
   182.500  -412.414164761  -412.358314332  -412.291221599  -412.291221599  -412.234045070
   183.000  -412.421596195  -412.367053525  -412.300333508  -412.300333508  -412.234708585
   183.500  -412.430638496  -412.376311793  -412.310559093  -412.310559093  -412.235109582
   184.000  -412.434435195  -412.379312938  -412.314913802  -412.314913802  -412.235029637
   184.500  -412.433055120  -412.376191355  -412.313331062  -412.313331062  -412.234799213
   185.000  -412.429444948  -412.369952721  -412.308648278  -412.308648278  -412.234620477
   185.500  -412.426256418  -412.363324506  -412.303452001  -412.303452001  -412.234507373
   186.000  -412.425283302  -412.358205942  -412.299525163  -412.299525163  -412.234430926
   186.500  -412.427668118  -412.355875858  -412.298058834  -412.298058834  -412.234412976
   187.000  -412.433554352  -412.356631036  -412.299305651  -412.299305651  -412.234486421
   187.500  -412.441709103  -412.359398931  -412.302198584  -412.302198584  -412.234597239
   188.000  -412.450324542  -412.362524646  -412.305140430  -412.305140430  -412.234646750
   188.500  -412.458377145  -412.365129404  -412.307346491  -412.307346491  -412.234638746
   189.000  -412.465578232  -412.367062608  -412.308778518  -412.308778518  -412.234705454
   189.500  -412.470652672  -412.367184311  -412.308404511  -412.308404511  -412.234932572
   190.000  -412.470405283  -412.362426295  -412.303253442  -412.303253442  -412.235160147
   190.500  -412.462354568  -412.350408118  -412.291037884  -412.291037884  -412.234977165
   191.000  -412.450429323  -412.335117622  -412.275842717  -412.275842717  -412.234231012
   191.500  -412.445786293  -412.327751655  -412.268929016  -412.268929016  -412.233797619
   192.000  -412.454381471  -412.334347139  -412.276283844  -412.276283844  -412.234359074
   192.500  -412.468373026  -412.347210319  -412.290022967  -412.290022967  -412.235009989
   193.000  -412.477561812  -412.356290356  -412.299873542  -412.299873542  -412.235101639
   193.500  -412.479206771  -412.358925081  -412.303030840  -412.303030840  -412.234879542
   194.000  -412.475726896  -412.357514315  -412.301873014  -412.301873014  -412.234658061
   194.500  -412.470163874  -412.355010341  -412.299406764  -412.299406764  -412.234549197
   195.000  -412.464245563  -412.353017808  -412.297305172  -412.297305172  -412.234535540
   195.500  -412.458481813  -412.351911699  -412.295985052  -412.295985052  -412.234539841
   196.000  -412.453189795  -412.351863772  -412.295627347  -412.295627347  -412.234501923
   196.500  -412.449266097  -412.353608716  -412.296955212  -412.296955212  -412.234446082
   197.000  -412.447796201  -412.358049243  -412.300859552  -412.300859552  -412.234444316
   197.500  -412.449032169  -412.365238610  -412.307388572  -412.307388572  -412.234528915
   198.000  -412.451852479  -412.373845640  -412.315215519  -412.315215519  -412.234710704
   198.500  -412.453617432  -412.381012354  -412.321501461  -412.321501461  -412.234991075
   199.000  -412.450392563  -412.382582368  -412.322141596  -412.322141596  -412.235266872
   199.500  -412.438781784  -412.374937815  -412.313635515  -412.313635515  -412.235258451
   200.000  -412.420104837  -412.359187006  -412.297302289  -412.297302289  -412.234677319
   200.500  -412.403727358  -412.344518832  -412.282600258  -412.282600258  -412.233906760
   201.000  -412.400646984  -412.341835148  -412.280621084  -412.280621084  -412.233951292
   201.500  -412.410356752  -412.350653505  -412.290851704  -412.290851704  -412.234638579
   202.000  -412.422916537  -412.361165645  -412.303253389  -412.303253389  -412.235020210
   202.500  -412.431626807  -412.366859986  -412.311035251  -412.311035251  -412.234970238
   203.000  -412.436027180  -412.367481700  -412.313724092  -412.313724092  -412.234798928
   203.500  -412.438002507  -412.365125265  -412.313274687  -412.313274687  -412.234679689
   204.000  -412.439046551  -412.361492581  -412.311309899  -412.311309899  -412.234637007
   204.500  -412.439697408  -412.357325351  -412.308524163  -412.308524163  -412.234639551
   205.000  -412.439946156  -412.352809334  -412.305070506  -412.305070506  -412.234629547
   205.500  -412.440076497  -412.348409118  -412.301390001  -412.301390001  -412.234540275
   206.000  -412.441537999  -412.345738660  -412.299083726  -412.299083726  -412.234374892
   206.500  -412.446714763  -412.347329334  -412.300686515  -412.300686515  -412.234279285
   207.000  -412.456755521  -412.354458545  -412.307499863  -412.307499863  -412.234433072
   207.500  -412.469105704  -412.364676502  -412.317117976  -412.317117976  -412.234835526
   208.000  -412.477652232  -412.371936158  -412.323556278  -412.323556278  -412.235286896
   208.500  -412.475851074  -412.369701530  -412.320366674  -412.320366674  -412.235502446
   209.000  -412.461339254  -412.355545632  -412.305243806  -412.305243806  -412.235141326
   209.500  -412.440670914  -412.335894042  -412.284766164  -412.284766164  -412.234224317
   210.000  -412.427530537  -412.324292582  -412.272608785  -412.272608785  -412.233772361
   210.500  -412.428413020  -412.327163538  -412.275215181  -412.275215181  -412.234333464
   211.000  -412.435631115  -412.336837302  -412.284809115  -412.284809115  -412.234900559
   211.500  -412.440114598  -412.344297290  -412.292219016  -412.292219016  -412.234936406
   212.000  -412.439930020  -412.347633157  -412.295408796  -412.295408796  -412.234741345
   212.500  -412.437149437  -412.348885750  -412.296337221  -412.296337221  -412.234600742
   213.000  -412.433649811  -412.349852790  -412.296749739  -412.296749739  -412.234583324
   213.500  -412.429798755  -412.350787546  -412.296863121  -412.296863121  -412.234645263
   214.000  -412.424969047  -412.350922997  -412.295885311  -412.295885311  -412.234700644
   214.500  -412.418778199  -412.349719039  -412.293266356  -412.293266356  -412.234661697
   215.000  -412.412312691  -412.348096205  -412.289938461  -412.289938461  -412.234505578
   215.500  -412.408308802  -412.348629017  -412.288512599  -412.288512599  -412.234337782
   216.000  -412.409478053  -412.353882347  -412.291617877  -412.291617877  -412.234337813
   216.500  -412.415873054  -412.363785331  -412.299276263  -412.299276263  -412.234599644
   217.000  -412.423584315  -412.374327209  -412.307603526  -412.307603526  -412.235038460
   217.500  -412.426207412  -412.379011236  -412.310273465  -412.310273465  -412.235392783
   218.000  -412.419066632  -412.373057036  -412.302725666  -412.302725666  -412.235274665
   218.500  -412.404876708  -412.359040361  -412.287804418  -412.287804418  -412.234520921
   219.000  -412.395020435  -412.348174012  -412.276976496  -412.276976496  -412.233882503
   219.500  -412.398556188  -412.349353094  -412.279238749  -412.279238749  -412.234199943
   220.000  -412.411394170  -412.358377580  -412.290247079  -412.290247079  -412.234822556
   220.500  -412.424306112  -412.365985030  -412.300420103  -412.300420103  -412.234999952
   221.000  -412.433558774  -412.368494868  -412.305741519  -412.305741519  -412.234860922
   221.500  -412.440222750  -412.367130776  -412.307189610  -412.307189610  -412.234704282
   222.000  -412.446013684  -412.363873250  -412.306612978  -412.306612978  -412.234636851
   222.500  -412.451490750  -412.359640952  -412.304891244  -412.304891244  -412.234634264
   223.000  -412.456319402  -412.354518423  -412.302116857  -412.302116857  -412.234627391
   223.500  -412.460308623  -412.348747509  -412.298537197  -412.298537197  -412.234563228
   224.000  -412.464179195  -412.343454354  -412.295243753  -412.295243753  -412.234466896
   224.500  -412.469176435  -412.340227651  -412.293738006  -412.293738006  -412.234432321
   225.000  -412.475770163  -412.339802894  -412.294622459  -412.294622459  -412.234495108
   225.500  -412.483124008  -412.341527866  -412.297098745  -412.297098745  -412.234595972
   226.000  -412.489787265  -412.344067360  -412.299715116  -412.299715116  -412.234721713
   226.500  -412.493882183  -412.345610362  -412.300622347  -412.300622347  -412.234921988
   227.000  -412.492710905  -412.343491993  -412.297239795  -412.297239795  -412.235079577
   227.500  -412.484747539  -412.336176158  -412.288266635  -412.288266635  -412.234836381
   228.000  -412.474319164  -412.327929273  -412.278317533  -412.278317533  -412.234186459
   228.500  -412.470627928  -412.327859362  -412.276826017  -412.276826017  -412.233982006
   229.000  -412.476352429  -412.338554997  -412.286516090  -412.286516090  -412.234532605
   229.500  -412.483770767  -412.352208301  -412.299494342  -412.299494342  -412.234997052
   230.000  -412.485531702  -412.361334090  -412.308099343  -412.308099343  -412.235007750
   230.500  -412.480606154  -412.364681042  -412.310931086  -412.310931086  -412.234826661
   231.000  -412.471365902  -412.364320051  -412.309962110  -412.309962110  -412.234675944
   231.500  -412.460268102  -412.362366822  -412.307244412  -412.307244412  -412.234590116
   232.000  -412.449065138  -412.360228015  -412.304140499  -412.304140499  -412.234515732
   232.500  -412.439370688  -412.359194853  -412.301918336  -412.301918336  -412.234418387
   233.000  -412.432996225  -412.360799020  -412.302116890  -412.302116890  -412.234349705
   233.500  -412.431136140  -412.366012515  -412.305754444  -412.305754444  -412.234400847
   234.000  -412.433105410  -412.373998175  -412.312080495  -412.312080495  -412.234572060
   234.500  -412.436371021  -412.382143756  -412.318601946  -412.318601946  -412.234766034
   235.000  -412.437972365  -412.387475777  -412.322478320  -412.322478320  -412.234912180
   235.500  -412.435687629  -412.387807093  -412.321649543  -412.321649543  -412.235013248
   236.000  -412.428261023  -412.381936435  -412.315024444  -412.315024444  -412.235053105
   236.500  -412.415965948  -412.370187005  -412.303017630  -412.303017630  -412.234851190
   237.000  -412.403105605  -412.356889200  -412.290036413  -412.290036413  -412.234270025
   237.500  -412.398725152  -412.351094638  -412.285164127  -412.285164127  -412.233929806
   238.000  -412.407480369  -412.357481471  -412.292987010  -412.292987010  -412.234468094
   238.500  -412.421746974  -412.368500004  -412.305710531  -412.305710531  -412.235133866
   239.000  -412.431185137  -412.373933606  -412.312818274  -412.312818274  -412.235251442
   239.500  -412.432647046  -412.370777420  -412.311063176  -412.311063176  -412.235025267
   240.000  -412.428495404  -412.361532370  -412.302810862  -412.302810862  -412.234768307
   240.500  -412.422212298  -412.349802172  -412.291628934  -412.291628934  -412.234567947
   241.000  -412.416802101  -412.338692957  -412.280661786  -412.280661786  -412.234386758
   241.500  -412.415052037  -412.331076201  -412.272869205  -412.272869205  -412.234212397
   242.000  -412.419512874  -412.329579710  -412.270991016  -412.270991016  -412.234129119
   242.500  -412.431243696  -412.335345631  -412.276276745  -412.276276745  -412.234223206
   243.000  -412.448642880  -412.346871959  -412.287305658  -412.287305658  -412.234446032
   243.500  -412.468143001  -412.360708980  -412.300672732  -412.300672732  -412.234681827
   244.000  -412.485888041  -412.373126654  -412.312659891  -412.312659891  -412.234897946
   244.500  -412.498404193  -412.380775855  -412.319905426  -412.319905426  -412.235121080
   245.000  -412.502556453  -412.380627938  -412.319359652  -412.319359652  -412.235268238
   245.500  -412.497057843  -412.371471301  -412.309805015  -412.309805015  -412.235049768
   246.000  -412.486377917  -412.357812748  -412.295789521  -412.295789521  -412.234334656
   246.500  -412.481374321  -412.350534776  -412.288282254  -412.288282254  -412.233830594
   247.000  -412.488993175  -412.356644630  -412.294369631  -412.294369631  -412.234255040
   247.500  -412.503096375  -412.370117184  -412.308048367  -412.308048367  -412.234966284
   248.000  -412.512657232  -412.380051439  -412.318383157  -412.318383157  -412.235231676
   248.500  -412.512389714  -412.381245489  -412.320112303  -412.320112303  -412.235117215
   249.000  -412.503015070  -412.374438451  -412.313905572  -412.313905572  -412.234888183
   249.500  -412.487687841  -412.362734109  -412.302800427  -412.302800427  -412.234652671
   250.000  -412.470121908  -412.349731847  -412.290349058  -412.290349058  -412.234417685
   250.500  -412.454168635  -412.339116669  -412.280207493  -412.280207493  -412.234219342
   251.000  -412.443089986  -412.333945598  -412.275413330  -412.275413330  -412.234153307
   251.500  -412.438154416  -412.335253320  -412.276985143  -412.276985143  -412.234256432
   252.000  -412.438139285  -412.341564388  -412.283430390  -412.283430390  -412.234435483
   252.500  -412.440611840  -412.350185829  -412.292045172  -412.292045172  -412.234585851
   253.000  -412.443440700  -412.358733296  -412.300452552  -412.300452552  -412.234699708
   253.500  -412.445019044  -412.365371500  -412.306855200  -412.306855200  -412.234836009
   254.000  -412.443557349  -412.368125334  -412.309355732  -412.309355732  -412.235012055
   254.500  -412.437063930  -412.364873508  -412.305954486  -412.305954486  -412.235066782
   255.000  -412.425817605  -412.355823422  -412.297013761  -412.297013761  -412.234707821
   255.500  -412.415928210  -412.347067676  -412.288770151  -412.288770151  -412.234105297
   256.000  -412.416072059  -412.347324190  -412.289988201  -412.289988201  -412.234060345
   256.500  -412.427012070  -412.357463725  -412.301420646  -412.301420646  -412.234604684
   257.000  -412.440965285  -412.369860839  -412.315209996  -412.315209996  -412.235039996
   257.500  -412.450689812  -412.377444569  -412.324068564  -412.324068564  -412.235169065
   258.000  -412.453219331  -412.377406453  -412.325063615  -412.325063615  -412.235105876
   258.500  -412.448829394  -412.370158395  -412.318567719  -412.318567719  -412.234912109
   259.000  -412.440079694  -412.358379934  -412.307273472  -412.307273472  -412.234627903
   259.500  -412.431033301  -412.346247221  -412.295387580  -412.295387580  -412.234352077
   260.000  -412.425653288  -412.337840648  -412.287010611  -412.287010611  -412.234220601
   260.500  -412.425797515  -412.335145413  -412.284121852  -412.284121852  -412.234269253
   261.000  -412.430673054  -412.337505052  -412.286032897  -412.286032897  -412.234394376
   261.500  -412.438246482  -412.343025051  -412.290803907  -412.290803907  -412.234496088
   262.000  -412.446717472  -412.350026015  -412.296722479  -412.296722479  -412.234572266
   262.500  -412.454693868  -412.357198949  -412.302476663  -412.302476663  -412.234675429
   263.000  -412.460559401  -412.362952417  -412.306514375  -412.306514375  -412.234839779
   263.500  -412.462136833  -412.365063756  -412.306698482  -412.306698482  -412.235006568
   264.000  -412.457798786  -412.361792244  -412.301415885  -412.301415885  -412.234946360
   264.500  -412.449771471  -412.355203748  -412.292889316  -412.292889316  -412.234444024
   265.000  -412.446165030  -412.353250554  -412.289221533  -412.289221533  -412.233986494
   265.500  -412.453437841  -412.362296128  -412.296849923  -412.296849923  -412.234375042
   266.000  -412.466411990  -412.377155294  -412.310543325  -412.310543325  -412.235065605
   266.500  -412.475157421  -412.387935749  -412.320285920  -412.320285920  -412.235233771
   267.000  -412.476183445  -412.391166815  -412.322494955  -412.322494955  -412.235051780
   267.500  -412.471312290  -412.388648431  -412.318921611  -412.318921611  -412.234866777
   268.000  -412.463054287  -412.382839450  -412.312034712  -412.312034712  -412.234700993
   268.500  -412.453787257  -412.376047453  -412.304185884  -412.304185884  -412.234533586
   269.000  -412.445816529  -412.370496488  -412.297645502  -412.297645502  -412.234447723
   269.500  -412.440302334  -412.367257754  -412.293517093  -412.293517093  -412.234461270
   270.000  -412.437022536  -412.366017617  -412.291504017  -412.291504017  -412.234486044
   270.500  -412.435544343  -412.366256664  -412.291095109  -412.291095109  -412.234467639
   271.000  -412.436025715  -412.368056809  -412.292379115  -412.292379115  -412.234435691
   271.500  -412.438850914  -412.371740332  -412.295686813  -412.295686813  -412.234451736
   272.000  -412.443748697  -412.376988081  -412.300710245  -412.300710245  -412.234566335
   272.500  -412.449070566  -412.382114403  -412.305780838  -412.305780838  -412.234795943
   273.000  -412.451678728  -412.383949685  -412.307760174  -412.307760174  -412.235068319
   273.500  -412.448283922  -412.379171096  -412.303386023  -412.303386023  -412.235133068
   274.000  -412.439220477  -412.368076576  -412.293054415  -412.293054415  -412.234686670
   274.500  -412.431989677  -412.358144272  -412.284354289  -412.284354289  -412.234071054
   275.000  -412.435419296  -412.358231084  -412.286191373  -412.286191373  -412.234257182
   275.500  -412.447039502  -412.365983255  -412.296125917  -412.296125917  -412.235019464
   276.000  -412.456026346  -412.370767323  -412.303320573  -412.303320573  -412.235311185
   276.500  -412.457235995  -412.367648565  -412.302619595  -412.302619595  -412.235004506
   277.000  -412.454085794  -412.360230467  -412.297458787  -412.297458787  -412.234595386
   277.500  -412.451950147  -412.354039019  -412.293269532  -412.293269532  -412.234441941
   278.000  -412.452792231  -412.351158132  -412.292100184  -412.292100184  -412.234533104
   278.500  -412.455022486  -412.350090991  -412.292451927  -412.292451927  -412.234659175
   279.000  -412.456418663  -412.348681313  -412.292180949  -412.292180949  -412.234670834
   279.500  -412.456393654  -412.346386349  -412.290762514  -412.290762514  -412.234569593
   280.000  -412.456122805  -412.344412953  -412.289426011  -412.289426011  -412.234434470
   280.500  -412.457430495  -412.344612573  -412.290049280  -412.290049280  -412.234338995
   281.000  -412.461646343  -412.348342208  -412.294019311  -412.294019311  -412.234330061
   281.500  -412.468839821  -412.355698518  -412.301467348  -412.301467348  -412.234438751
   282.000  -412.477361345  -412.365051351  -412.310805177  -412.310805177  -412.234676614
   282.500  -412.483803815  -412.372991110  -412.318677751  -412.318677751  -412.234979007
   283.000  -412.484214870  -412.375518855  -412.321167792  -412.321167792  -412.235108873
   283.500  -412.477675802  -412.371609049  -412.317359396  -412.317359396  -412.234765452
   284.000  -412.469873220  -412.366794124  -412.312897582  -412.312897582  -412.234244493
   284.500  -412.468166035  -412.368291832  -412.315044651  -412.315044651  -412.234416207
   285.000  -412.470481655  -412.373962090  -412.321583126  -412.321583126  -412.235070080
   285.500  -412.467945100  -412.374932996  -412.323481333  -412.323481333  -412.235289677
   286.000  -412.457002096  -412.367663248  -412.317046885  -412.317046885  -412.234970129
   286.500  -412.441807221  -412.356282123  -412.306311244  -412.306311244  -412.234543493
   287.000  -412.428405908  -412.346763923  -412.297197333  -412.297197333  -412.234364613
   287.500  -412.419440420  -412.341652839  -412.292226965  -412.292226965  -412.234468449
   288.000  -412.413433801  -412.339368225  -412.289815521  -412.289815521  -412.234635652
   288.500  -412.407801595  -412.337223162  -412.287286950  -412.287286950  -412.234674746
   289.000  -412.401685303  -412.334256913  -412.283704561  -412.283704561  -412.234576823
   289.500  -412.396299943  -412.331583823  -412.280210015  -412.280210015  -412.234434052
   290.000  -412.393651299  -412.331115996  -412.278749258  -412.278749258  -412.234338125
   290.500  -412.395136755  -412.334172699  -412.280679115  -412.280679115  -412.234349211
   291.000  -412.400598967  -412.340536021  -412.285826201  -412.285826201  -412.234499696
   291.500  -412.407896235  -412.348019901  -412.292060882  -412.292060882  -412.234766994
   292.000  -412.413451821  -412.353008843  -412.295850529  -412.295850529  -412.234985882
   292.500  -412.414926919  -412.353120559  -412.294935834  -412.294935834  -412.234832158
   293.000  -412.415516707  -412.351504810  -412.292624200  -412.292624200  -412.234302335
   293.500  -412.422878378  -412.355801084  -412.296692875  -412.296692875  -412.234202504
   294.000  -412.438288897  -412.367342769  -412.308508459  -412.308508459  -412.234808813
   294.500  -412.453343128  -412.377867970  -412.319718232  -412.319718232  -412.235227979
   295.000  -412.461313714  -412.380838028  -412.323647727  -412.323647727  -412.235134220
   295.500  -412.462475269  -412.376715441  -412.320648114  -412.320648114  -412.234893140
   296.000  -412.459860550  -412.368706206  -412.313846231  -412.313846231  -412.234704784
   296.500  -412.456178249  -412.359684218  -412.306056285  -412.306056285  -412.234533311
   297.000  -412.453799605  -412.352186074  -412.299770299  -412.299770299  -412.234412235
   297.500  -412.454198427  -412.347854617  -412.296605407  -412.296605407  -412.234422541
   298.000  -412.456962590  -412.346445182  -412.296307017  -412.296307017  -412.234507649
   298.500  -412.460589076  -412.346604731  -412.297514740  -412.297514740  -412.234551124
   299.000  -412.464114856  -412.347491858  -412.299366682  -412.299366682  -412.234535390
   299.500  -412.467468771  -412.349121989  -412.301839072  -412.301839072  -412.234531704
   300.000  -412.470517315  -412.351413674  -412.304801740  -412.304801740  -412.234620349
   300.500  -412.471939947  -412.353062952  -412.306914380  -412.306914380  -412.234830339
   301.000  -412.468962184  -412.351271537  -412.305383961  -412.305383961  -412.235057408
   301.500  -412.459174515  -412.343553661  -412.297805584  -412.297805584  -412.234988286
   302.000  -412.444989091  -412.332185911  -412.286624310  -412.286624310  -412.234409314
   302.500  -412.435527552  -412.326118862  -412.280987720  -412.280987720  -412.233965443
   303.000  -412.437170133  -412.331583039  -412.287220157  -412.287220157  -412.234385593
   303.500  -412.444392658  -412.342967745  -412.299622485  -412.299622485  -412.234969207
   304.000  -412.448462800  -412.351488472  -412.309224169  -412.309224169  -412.235068057
   304.500  -412.446754776  -412.354454408  -412.313179256  -412.313179256  -412.234936118
   305.000  -412.440425080  -412.352933374  -412.312477494  -412.312477494  -412.234857322
   305.500  -412.430468235  -412.347823265  -412.307997687  -412.307997687  -412.234826222
   306.000  -412.417490839  -412.339648169  -412.300270514  -412.300270514  -412.234730571
   306.500  -412.403180060  -412.330030654  -412.290928622  -412.290928622  -412.234513330
   307.000  -412.390970754  -412.322350354  -412.283355668  -412.283355668  -412.234269062
   307.500  -412.384548802  -412.320235266  -412.281177293  -412.281177293  -412.234188014
   308.000  -412.385148017  -412.324849891  -412.285559095  -412.285559095  -412.234326749
   308.500  -412.390740419  -412.334088249  -412.294401097  -412.294401097  -412.234552916
   309.000  -412.397819826  -412.344364438  -412.304130944  -412.304130944  -412.234762418
   309.500  -412.403001633  -412.352222008  -412.311311023  -412.311311023  -412.234977370
   310.000  -412.403019934  -412.354337145  -412.312648743  -412.312648743  -412.235211492
   310.500  -412.394956587  -412.347740573  -412.305235073  -412.305235073  -412.235265164
   311.000  -412.379374545  -412.332936798  -412.289689180  -412.289689180  -412.234772054
   311.500  -412.364735737  -412.318322343  -412.274569047  -412.274569047  -412.233973505
   312.000  -412.362638203  -412.315453624  -412.271572836  -412.271572836  -412.233944200
   312.500  -412.373718789  -412.324995741  -412.281385531  -412.281385531  -412.234608457
   313.000  -412.388374699  -412.337442434  -412.294395657  -412.294395657  -412.235000062
   313.500  -412.399555261  -412.345866376  -412.303520362  -412.303520362  -412.235015831
   314.000  -412.405720358  -412.348838349  -412.307191723  -412.307191723  -412.234917022
   314.500  -412.407670066  -412.347244178  -412.306198089  -412.306198089  -412.234798005
   315.000  -412.406897620  -412.342644129  -412.302039933  -412.302039933  -412.234679566
   315.500  -412.405097993  -412.336795054  -412.296440135  -412.296440135  -412.234580262
   316.000  -412.403844733  -412.331339671  -412.291019813  -412.291019813  -412.234489109
   316.500  -412.404678049  -412.327900648  -412.287383917  -412.287383917  -412.234372916
   317.000  -412.409434453  -412.328409271  -412.287446017  -412.287446017  -412.234258220
   317.500  -412.419713055  -412.334567802  -412.292895785  -412.292895785  -412.234267647
   318.000  -412.435131421  -412.346106337  -412.303460186  -412.303460186  -412.234489412
   318.500  -412.452140062  -412.359596541  -412.315726220  -412.315726220  -412.234865569
   319.000  -412.464936886  -412.369357452  -412.324053627  -412.324053627  -412.235251249
   319.500  -412.467884686  -412.369850620  -412.322983595  -412.322983595  -412.235426595
   320.000  -412.459144771  -412.359286322  -412.310869850  -412.310869850  -412.235068402
   320.500  -412.444965278  -412.343903140  -412.294165782  -412.294165782  -412.234238826
   321.000  -412.437506601  -412.335823486  -412.285219282  -412.285219282  -412.233879075
   321.500  -412.441945859  -412.340212511  -412.289309871  -412.289309871  -412.234363892
   322.000  -412.451547432  -412.350364181  -412.299663003  -412.299663003  -412.234868479
   322.500  -412.458190814  -412.358183471  -412.307999324  -412.307999324  -412.234999991
   323.000  -412.458845427  -412.360615577  -412.311067238  -412.311067238  -412.234919978
   323.500  -412.454096387  -412.358160825  -412.309211637  -412.309211637  -412.234783372
   324.000  -412.445840193  -412.352580110  -412.304092319  -412.304092319  -412.234651913
   324.500  -412.436185199  -412.345813072  -412.297592508  -412.297592508  -412.234541204
   325.000  -412.427081574  -412.339625875  -412.291453154  -412.291453154  -412.234449852
   325.500  -412.420229383  -412.335538643  -412.287189805  -412.287189805  -412.234378910
   326.000  -412.416979931  -412.334747674  -412.286008566  -412.286008566  -412.234335810
   326.500  -412.418181732  -412.337985840  -412.288659766  -412.288659766  -412.234330382
   327.000  -412.423966645  -412.345314292  -412.295231481  -412.295231481  -412.234398702
   327.500  -412.433203560  -412.355570946  -412.304601105  -412.304601105  -412.234608500
   328.000  -412.442647140  -412.365504762  -412.313584970  -412.313584970  -412.234969637
   328.500  -412.447127553  -412.369946305  -412.317122745  -412.317122745  -412.235290935
   329.000  -412.442674773  -412.364910860  -412.311392275  -412.311392275  -412.235174595
   329.500  -412.432101332  -412.353174757  -412.299370204  -412.299370204  -412.234463707
   330.000  -412.426122012  -412.345420298  -412.291905472  -412.291905472  -412.233918799
   330.500  -412.432425697  -412.349360508  -412.296741477  -412.296741477  -412.234268636
   331.000  -412.446173472  -412.360267303  -412.309014558  -412.309014558  -412.234893201
   331.500  -412.457703318  -412.368652173  -412.319025289  -412.319025289  -412.235125350
   332.000  -412.462287181  -412.369979166  -412.322047062  -412.322047062  -412.235012865
   332.500  -412.460519775  -412.365024275  -412.318724523  -412.318724523  -412.234792145
   333.000  -412.455109898  -412.356658438  -412.311849744  -412.311849744  -412.234600838
   333.500  -412.448681269  -412.347648478  -412.304142933  -412.304142933  -412.234480535
   334.000  -412.442976306  -412.339858655  -412.297440847  -412.297440847  -412.234424217
   334.500  -412.438861174  -412.334251042  -412.292689126  -412.292689126  -412.234406142
   335.000  -412.436659973  -412.331214219  -412.290268579  -412.290268579  -412.234401315
   335.500  -412.436494475  -412.330900732  -412.290331274  -412.290331274  -412.234404204
   336.000  -412.438332369  -412.333276032  -412.292851389  -412.292851389  -412.234445337
   336.500  -412.441534632  -412.337672663  -412.297179107  -412.297179107  -412.234582673
   337.000  -412.444076591  -412.342016123  -412.301270533  -412.301270533  -412.234848029
   337.500  -412.442301712  -412.342576042  -412.301446628  -412.301446628  -412.235139118
   338.000  -412.432766397  -412.335804112  -412.294238888  -412.294238888  -412.235124998
   338.500  -412.417034255  -412.323131931  -412.281183458  -412.281183458  -412.234519879
   339.000  -412.404653361  -412.313976880  -412.271800480  -412.271800480  -412.233885052
   339.500  -412.404566532  -412.317202852  -412.274996843  -412.274996843  -412.234156639
   340.000  -412.413062925  -412.329096037  -412.287001558  -412.287001558  -412.234885378
   340.500  -412.419343655  -412.338897521  -412.296919715  -412.296919715  -412.235188061
   341.000  -412.417798550  -412.341022006  -412.299012628  -412.299012628  -412.235036730
   341.500  -412.409662522  -412.336683361  -412.294369784  -412.294369784  -412.234744473
   342.000  -412.398885469  -412.329765304  -412.286798701  -412.286798701  -412.234498891
   342.500  -412.389134124  -412.323839028  -412.279841976  -412.279841976  -412.234349327
   343.000  -412.382783496  -412.321170403  -412.275778870  -412.275778870  -412.234287914
   343.500  -412.380880818  -412.322694377  -412.275593646  -412.275593646  -412.234295363
   344.000  -412.383379476  -412.328256120  -412.279209967  -412.279209967  -412.234354759
   344.500  -412.389390461  -412.336865210  -412.285740280  -412.285740280  -412.234452556
   345.000  -412.397414442  -412.346929005  -412.293712663  -412.293712663  -412.234577268
   345.500  -412.405563845  -412.356473675  -412.301283325  -412.301283325  -412.234721678
   346.000  -412.411743103  -412.363324019  -412.306405915  -412.306405915  -412.234882914
   346.500  -412.413826501  -412.365279470  -412.306999651  -412.306999651  -412.235029081
   347.000  -412.410369868  -412.360825513  -412.301657126  -412.301657126  -412.235008853
   347.500  -412.402962608  -412.351482333  -412.291997340  -412.291997340  -412.234576754
   348.000  -412.399101420  -412.344682192  -412.285533663  -412.285533663  -412.233930676
   348.500  -412.408140981  -412.349739228  -412.291600285  -412.291600285  -412.233999878
   349.000  -412.428895724  -412.365490977  -412.308930598  -412.308930598  -412.234853952
   349.500  -412.449037270  -412.379717453  -412.325081116  -412.325081116  -412.235419961
   350.000  -412.459208637  -412.383237788  -412.330619830  -412.330619830  -412.235344468
   350.500  -412.459079941  -412.375931840  -412.325232568  -412.325232568  -412.234984923
   351.000  -412.453116169  -412.362487476  -412.313493440  -412.313493440  -412.234639790
   351.500  -412.446096543  -412.347912228  -412.300363607  -412.300363607  -412.234401959
   352.000  -412.441410729  -412.335830051  -412.289463163  -412.289463163  -412.234267405
   352.500  -412.440921826  -412.328346074  -412.282914113  -412.282914113  -412.234212522
   353.000  -412.445242036  -412.326318857  -412.281599814  -412.281599814  -412.234221337
   353.500  -412.453959356  -412.329584102  -412.285379170  -412.285379170  -412.234289434
   354.000  -412.465727422  -412.337033346  -412.293163584  -412.293163584  -412.234419935
   354.500  -412.478274533  -412.346611833  -412.302914984  -412.302914984  -412.234613779
   355.000  -412.488488864  -412.355385726  -412.311717781  -412.311717781  -412.234853260
   355.500  -412.492819439  -412.359920815  -412.316170063  -412.316170063  -412.235082730
   356.000  -412.488301155  -412.357278370  -412.313393658  -412.313393658  -412.235182929
   356.500  -412.474523531  -412.346956625  -412.302991042  -412.302991042  -412.234954312
   357.000  -412.456494753  -412.333747500  -412.289899553  -412.289899553  -412.234279295
   357.500  -412.445295462  -412.328433794  -412.285038898  -412.285038898  -412.233715051
   358.000  -412.449144524  -412.338945872  -412.296377671  -412.296377671  -412.234182155
   358.500  -412.461549712  -412.358582854  -412.317093258  -412.317093258  -412.235148627
   359.000  -412.468305534  -412.372985048  -412.332603794  -412.332603794  -412.235540747
   359.500  -412.462388809  -412.374946181  -412.335498800  -412.335498800  -412.235341163
   360.000  -412.445727808  -412.366141777  -412.327333580  -412.327333580  -412.234958084
   360.500  -412.423774196  -412.351724317  -412.313219362  -412.313219362  -412.234620270
   361.000  -412.401785493  -412.336657652  -412.298127810  -412.298127810  -412.234382341
   361.500  -412.383646608  -412.324583427  -412.285734535  -412.285734535  -412.234237336
   362.000  -412.371780932  -412.317755938  -412.278341744  -412.278341744  -412.234171509
   362.500  -412.367277797  -412.317177748  -412.277006861  -412.277006861  -412.234179488
   363.000  -412.369958859  -412.322657219  -412.281598405  -412.281598405  -412.234265084
   363.500  -412.378370318  -412.332786147  -412.290766505  -412.290766505  -412.234431887
   364.000  -412.389817986  -412.344954281  -412.301954264  -412.301954264  -412.234669563
   364.500  -412.400638986  -412.355600166  -412.311649713  -412.311649713  -412.234941517
   365.000  -412.406901486  -412.360890483  -412.316067682  -412.316067682  -412.235175410
   365.500  -412.405701071  -412.357997192  -412.312428924  -412.312428924  -412.235224866
   366.000  -412.397550068  -412.347469762  -412.301335712  -412.301335712  -412.234838666
   366.500  -412.389540605  -412.336394498  -412.289930067  -412.289930067  -412.234096975
   367.000  -412.392689344  -412.335775573  -412.289239942  -412.289239942  -412.233950156
   367.500  -412.408899872  -412.347561727  -412.301155341  -412.301155341  -412.234679932
   368.000  -412.427547123  -412.361265200  -412.315051033  -412.315051033  -412.235243719
   368.500  -412.439047229  -412.367500109  -412.321406051  -412.321406051  -412.235240151
   369.000  -412.441731051  -412.364805878  -412.318689724  -412.318689724  -412.234978932
   369.500  -412.438415511  -412.356187968  -412.309905098  -412.309905098  -412.234706080
   370.000  -412.432681718  -412.345384206  -412.298830586  -412.298830586  -412.234493627
   370.500  -412.427494325  -412.335483551  -412.288611469  -412.288611469  -412.234349298
   371.000  -412.424911663  -412.328645215  -412.281457037  -412.281457037  -412.234270711
   371.500  -412.426036002  -412.326055891  -412.278589807  -412.278589807  -412.234257173
   372.000  -412.430989827  -412.327912655  -412.280226033  -412.280226033  -412.234307699
   372.500  -412.438929110  -412.333440971  -412.285596251  -412.285596251  -412.234415348
   373.000  -412.448172915  -412.341023963  -412.293081289  -412.293081289  -412.234563384
   373.500  -412.456500931  -412.348496268  -412.300510734  -412.300510734  -412.234733246
   374.000  -412.461481773  -412.353461995  -412.305490764  -412.305490764  -412.234923998
   374.500  -412.460663468  -412.353471341  -412.305590683  -412.305590683  -412.235094451
   375.000  -412.452569858  -412.346998653  -412.299334696  -412.299334696  -412.234991811
   375.500  -412.440304934  -412.337042350  -412.289803169  -412.289803169  -412.234394348
   376.000  -412.433284411  -412.332884014  -412.286348026  -412.286348026  -412.233990188
   376.500  -412.437179384  -412.340089540  -412.294506989  -412.294506989  -412.234493415
   377.000  -412.445083352  -412.351706841  -412.307160110  -412.307160110  -412.235087638
   377.500  -412.447773583  -412.358489318  -412.314843520  -412.314843520  -412.235130644
   378.000  -412.443271229  -412.358400845  -412.315364017  -412.315364017  -412.234892773
   378.500  -412.434271076  -412.354029162  -412.311244705  -412.311244705  -412.234677880
   379.000  -412.423762057  -412.348222659  -412.305335659  -412.305335659  -412.234545728
   379.500  -412.413763142  -412.342843054  -412.299536502  -412.299536502  -412.234461826
   380.000  -412.405622679  -412.339078610  -412.295087104  -412.295087104  -412.234403112
   380.500  -412.400301702  -412.337734875  -412.292852681  -412.292852681  -412.234372587
   381.000  -412.398330039  -412.339199488  -412.293285204  -412.293285204  -412.234379907
   381.500  -412.399655439  -412.343297303  -412.296283414  -412.296283414  -412.234427579
   382.000  -412.403614131  -412.349266192  -412.301168793  -412.301168793  -412.234506458
   382.500  -412.409075957  -412.355905365  -412.306830095  -412.306830095  -412.234612294
   383.000  -412.414524814  -412.361655571  -412.311794076  -412.311794076  -412.234773318
   383.500  -412.417792239  -412.364327513  -412.313941182  -412.313941182  -412.234991667
   384.000  -412.416449855  -412.361480595  -412.310880011  -412.310880011  -412.235035854
   384.500  -412.411325093  -412.353919983  -412.303450077  -412.303450077  -412.234563343
   385.000  -412.410177689  -412.349372263  -412.299388042  -412.299388042  -412.234049932
   385.500  -412.420155294  -412.354978982  -412.305770926  -412.305770926  -412.234416285
   386.000  -412.436192110  -412.365750787  -412.317429871  -412.317429871  -412.235097718
   386.500  -412.447997983  -412.371554273  -412.324009935  -412.324009935  -412.235244958
   387.000  -412.451970435  -412.368979536  -412.321937513  -412.321937513  -412.234987671
   387.500  -412.450753323  -412.360867981  -412.313977627  -412.313977627  -412.234684588
   388.000  -412.448275951  -412.351355023  -412.304247507  -412.304247507  -412.234489030
   388.500  -412.447151013  -412.343280694  -412.295596307  -412.295596307  -412.234408061
   389.000  -412.448340202  -412.337861446  -412.289252514  -412.289252514  -412.234395617
   389.500  -412.451741596  -412.335261178  -412.285395789  -412.285395789  -412.234411399
   390.000  -412.456803991  -412.335181288  -412.283751736  -412.283751736  -412.234438902
   390.500  -412.462828816  -412.337139396  -412.283883619  -412.283883619  -412.234472257
   391.000  -412.469112087  -412.340591150  -412.285329735  -412.285329735  -412.234499955
   391.500  -412.475142689  -412.345123004  -412.287793280  -412.287793280  -412.234519266
   392.000  -412.480616487  -412.350471438  -412.291139507  -412.291139507  -412.234585158
   392.500  -412.484664626  -412.355755908  -412.294605709  -412.294605709  -412.234777954
   393.000  -412.485015934  -412.358632125  -412.295951744  -412.295951744  -412.234963530
   393.500  -412.480221294  -412.357497850  -412.293691906  -412.293691906  -412.234738782
   394.000  -412.474642436  -412.356490417  -412.292094559  -412.292094559  -412.234212505
   394.500  -412.475800271  -412.362892948  -412.298514832  -412.298514832  -412.234306803
   395.000  -412.482513090  -412.375343253  -412.311499629  -412.311499629  -412.234961623
   395.500  -412.485674931  -412.384609652  -412.321573380  -412.321573380  -412.235244847
   396.000  -412.480473748  -412.385747460  -412.323521028  -412.323521028  -412.235051829
   396.500  -412.469009507  -412.380680094  -412.319066810  -412.319066810  -412.234759179
   397.000  -412.455461744  -412.373375404  -412.312076023  -412.312076023  -412.234563045
   397.500  -412.442924066  -412.366709948  -412.305402648  -412.305402648  -412.234472211
   398.000  -412.432935214  -412.362024885  -412.300419467  -412.300419467  -412.234455468
   398.500  -412.425827053  -412.359491014  -412.297364340  -412.297364340  -412.234486414
   399.000  -412.421139239  -412.358529194  -412.295745083  -412.295745083  -412.234533271
   399.500  -412.418129498  -412.358318453  -412.294838731  -412.294838731  -412.234562324
   400.000  -412.416337119  -412.358353820  -412.294236170  -412.294236170  -412.234546450
   400.500  -412.416004808  -412.358860464  -412.294247224  -412.294247224  -412.234495392
   401.000  -412.417887128  -412.360595534  -412.295693800  -412.295693800  -412.234505012
   401.500  -412.421867603  -412.363461741  -412.298515024  -412.298515024  -412.234702795
   402.000  -412.425368813  -412.364909979  -412.300183058  -412.300183058  -412.235001399
   402.500  -412.424979237  -412.361560037  -412.297341037  -412.297341037  -412.234965235
   403.000  -412.422387735  -412.355133925  -412.291743165  -412.291743165  -412.234388112
   403.500  -412.425996933  -412.354096236  -412.291854496  -412.291854496  -412.234112382
   404.000  -412.439336761  -412.362118310  -412.301239380  -412.301239380  -412.234715650
   404.500  -412.453958718  -412.370995074  -412.311476051  -412.311476051  -412.235264346
   405.000  -412.461209322  -412.372372545  -412.313986595  -412.313986595  -412.235188535
   405.500  -412.460853427  -412.366300944  -412.308680469  -412.308680469  -412.234816055
   406.000  -412.457472584  -412.357590966  -412.300326254  -412.300326254  -412.234525238
   406.500  -412.454995704  -412.350337781  -412.293050928  -412.293050928  -412.234421794
   407.000  -412.454834251  -412.346069042  -412.288454135  -412.288454135  -412.234426299
   407.500  -412.456782684  -412.344661465  -412.286499879  -412.286499879  -412.234453822
   408.000  -412.460202957  -412.345542663  -412.286702968  -412.286702968  -412.234487855
   408.500  -412.464373927  -412.348052778  -412.288482180  -412.288482180  -412.234523904
   409.000  -412.468637916  -412.351594736  -412.291310901  -412.291310901  -412.234527736
   409.500  -412.472890519  -412.356119900  -412.295193707  -412.295193707  -412.234487911
   410.000  -412.477638586  -412.362174176  -412.300709505  -412.300709505  -412.234503723
   410.500  -412.482572290  -412.369455623  -412.307562481  -412.307562481  -412.234720887
   411.000  -412.484730583  -412.374960974  -412.312733493  -412.312733493  -412.235084155
   411.500  -412.479675713  -412.374139727  -412.311655123  -412.311655123  -412.235197345
   412.000  -412.467238668  -412.366631483  -412.303978349  -412.303978349  -412.234663565
   412.500  -412.456116727  -412.360888034  -412.298201198  -412.298201198  -412.234001263
   413.000  -412.455684681  -412.366054881  -412.303494511  -412.303494511  -412.234282468
   413.500  -412.462259300  -412.378292962  -412.315950906  -412.315950906  -412.235053943
   414.000  -412.464653658  -412.386311447  -412.324136736  -412.324136736  -412.235336498
   414.500  -412.457693630  -412.384822180  -412.322628310  -412.322628310  -412.235132293
   415.000  -412.443647062  -412.375938543  -412.313467381  -412.313467381  -412.234771989
   415.500  -412.427723008  -412.364688517  -412.301682901  -412.301682901  -412.234458733
   416.000  -412.414668722  -412.355640678  -412.291904623  -412.291904623  -412.234313303
   416.500  -412.406765669  -412.350923541  -412.286364350  -412.286364350  -412.234358933
   417.000  -412.403457721  -412.349863520  -412.284512513  -412.284512513  -412.234481164
   417.500  -412.402972382  -412.350602137  -412.284614127  -412.284614127  -412.234536925
   418.000  -412.404430273  -412.352201229  -412.285825173  -412.285825173  -412.234479431
   418.500  -412.408592496  -412.355390478  -412.288918548  -412.288918548  -412.234383367
   419.000  -412.416752949  -412.361465681  -412.295173670  -412.295173670  -412.234404130
   419.500  -412.428482584  -412.370040834  -412.304133682  -412.304133682  -412.234652073
   420.000  -412.440141236  -412.377565278  -412.312147715  -412.312147715  -412.235051284
   420.500  -412.446156872  -412.378597764  -412.313686284  -412.313686284  -412.235328325
   421.000  -412.443266774  -412.370030993  -412.305615002  -412.305615002  -412.235096244
   421.500  -412.435906975  -412.356459540  -412.292585694  -412.292585694  -412.234300905
   422.000  -412.435672834  -412.349641482  -412.286452499  -412.286452499  -412.233875242
   422.500  -412.448257262  -412.355472340  -412.293139546  -412.293139546  -412.234433054
   423.000  -412.465713093  -412.366263196  -412.304872847  -412.304872847  -412.235055441
   423.500  -412.478054242  -412.372297606  -412.311809861  -412.311809861  -412.235151443
   424.000  -412.482318184  -412.370836468  -412.311128625  -412.311128625  -412.234963959
   424.500  -412.480325150  -412.363854248  -412.304774894  -412.304774894  -412.234748117
   425.000  -412.474965752  -412.354333580  -412.295739386  -412.295739386  -412.234569056
   425.500  -412.468878748  -412.344962264  -412.286727781  -412.286727781  -412.234443997
   426.000  -412.463973827  -412.337673612  -412.279695038  -412.279695038  -412.234407010
   426.500  -412.460948057  -412.333175005  -412.275372450  -412.275372450  -412.234430539
   427.000  -412.459698829  -412.331365352  -412.273686083  -412.273686083  -412.234407490
   427.500  -412.460712501  -412.332723671  -412.275138678  -412.275138678  -412.234313062
   428.000  -412.465272437  -412.338517850  -412.281011011  -412.281011011  -412.234297166
   428.500  -412.473414865  -412.348762286  -412.291308238  -412.291308238  -412.234492595
   429.000  -412.482152147  -412.360435398  -412.302987668  -412.302987668  -412.234843862
   429.500  -412.486322248  -412.368317225  -412.310809855  -412.310809855  -412.235192600
   430.000  -412.481148549  -412.367524976  -412.309899701  -412.309899701  -412.235331170
   430.500  -412.465703149  -412.356954187  -412.299212912  -412.299212912  -412.234947479
   431.000  -412.447025202  -412.343405535  -412.285662237  -412.285662237  -412.234089472
   431.500  -412.437890549  -412.339409474  -412.281889734  -412.281889734  -412.233783670
   432.000  -412.442719821  -412.349209428  -412.292166366  -412.292166366  -412.234454069
   432.500  -412.452316543  -412.363525046  -412.307129209  -412.307129209  -412.235049546
   433.000  -412.457256656  -412.372893345  -412.317194113  -412.317194113  -412.235105034
   433.500  -412.455433403  -412.375164358  -412.320121373  -412.320121373  -412.234944376
   434.000  -412.448526237  -412.371962096  -412.317490517  -412.317490517  -412.234824754
   434.500  -412.438223238  -412.364917867  -412.310920698  -412.310920698  -412.234763861
   435.000  -412.425691309  -412.355149797  -412.301532771  -412.301532771  -412.234667854
   435.500  -412.412754537  -412.344439940  -412.291122429  -412.291122429  -412.234468533
   436.000  -412.402704526  -412.336039304  -412.282971093  -412.282971093  -412.234229758
   436.500  -412.399238098  -412.333607897  -412.280785427  -412.280785427  -412.234126849
   437.000  -412.403914594  -412.338680205  -412.286148808  -412.286148808  -412.234263705
   437.500  -412.414679864  -412.349198198  -412.297030280  -412.297030280  -412.234553175
   438.000  -412.427062372  -412.360714743  -412.308970116  -412.308970116  -412.234855110
   438.500  -412.436260412  -412.368483292  -412.317173101  -412.317173101  -412.235132283
   439.000  -412.438038231  -412.368347301  -412.317423951  -412.317423951  -412.235359553
   439.500  -412.429606347  -412.357601417  -412.306983722  -412.306983722  -412.235304897
   440.000  -412.413198428  -412.338544383  -412.288172831  -412.288172831  -412.234621737
   440.500  -412.399919181  -412.322320947  -412.272208815  -412.272208815  -412.233752131
   441.000  -412.402118216  -412.321327688  -412.271552242  -412.271552242  -412.233899081
   441.500  -412.417803478  -412.333671017  -412.284291716  -412.284291716  -412.234717867
   442.000  -412.434828185  -412.347353643  -412.298335422  -412.298335422  -412.235085708
   442.500  -412.446122813  -412.355462466  -412.306672224  -412.306672224  -412.234984156
   443.000  -412.451661895  -412.358104462  -412.309354791  -412.309354791  -412.234807781
   443.500  -412.453333135  -412.357270563  -412.308369024  -412.308369024  -412.234722998
   444.000  -412.452227180  -412.354128895  -412.304911997  -412.304911997  -412.234694614
   444.500  -412.448907253  -412.349298118  -412.299645940  -412.299645940  -412.234620984
   445.000  -412.444740482  -412.344177879  -412.294013640  -412.294013640  -412.234451051
   445.500  -412.442494055  -412.341547275  -412.290819909  -412.290819909  -412.234259345
   446.000  -412.445148106  -412.344386158  -412.293042455  -412.293042455  -412.234194078
   446.500  -412.453702307  -412.353690401  -412.301652230  -412.301652230  -412.234341010
   447.000  -412.465931083  -412.367235489  -412.314393181  -412.314393181  -412.234649329
   447.500  -412.477175214  -412.380360536  -412.326582428  -412.326582428  -412.234991279
   448.000  -412.482288013  -412.387893980  -412.333052412  -412.333052412  -412.235281267
   448.500  -412.477232195  -412.385727862  -412.329742718  -412.329742718  -412.235403855
   449.000  -412.461245071  -412.372967584  -412.315873354  -412.315873354  -412.235055886
   449.500  -412.440898361  -412.355997934  -412.298005846  -412.298005846  -412.234191820
   450.000  -412.429129471  -412.347554579  -412.289050224  -412.289050224  -412.233803889
   450.500  -412.431442245  -412.352988672  -412.294409067  -412.294409067  -412.234444235
   451.000  -412.439036899  -412.363423786  -412.305087340  -412.305087340  -412.235064968
   451.500  -412.442098224  -412.369007295  -412.311042597  -412.311042597  -412.235115526
   452.000  -412.438504702  -412.367573671  -412.309964655  -412.309964655  -412.234905147
   452.500  -412.430621567  -412.361428076  -412.304094775  -412.304094775  -412.234703624
   453.000  -412.421322082  -412.353381604  -412.296249246  -412.296249246  -412.234550792
   453.500  -412.413043531  -412.345829940  -412.288859701  -412.288859701  -412.234416912
   454.000  -412.407937304  -412.340915299  -412.284108462  -412.284108462  -412.234343843
   454.500  -412.407172705  -412.339834718  -412.283215330  -412.283215330  -412.234415262
   455.000  -412.409870744  -412.341772038  -412.285355102  -412.285355102  -412.234573310
   455.500  -412.414016243  -412.344799840  -412.288560513  -412.288560513  -412.234613860
   456.000  -412.419214388  -412.348619922  -412.292470125  -412.292470125  -412.234482415
   456.500  -412.427249357  -412.355107505  -412.298892551  -412.298892551  -412.234447809
   457.000  -412.438376259  -412.364595815  -412.308114160  -412.308114160  -412.234760617
   457.500  -412.448081000  -412.372629849  -412.315679509  -412.315679509  -412.235240802
   458.000  -412.449795268  -412.372666191  -412.315116008  -412.315116008  -412.235407475
   458.500  -412.441984689  -412.363146361  -412.305012352  -412.305012352  -412.234865367
   459.000  -412.433207972  -412.352571098  -412.294062101  -412.294062101  -412.234008994
   459.500  -412.435349231  -412.352795100  -412.294266509  -412.294266509  -412.234037249
   460.000  -412.447891318  -412.363364121  -412.305177769  -412.305177769  -412.234825128
   460.500  -412.459359460  -412.372951546  -412.315350961  -412.315350961  -412.235251335
   461.000  -412.462195268  -412.374155636  -412.317247512  -412.317247512  -412.235156358
   461.500  -412.456533519  -412.367218803  -412.311022036  -412.311022036  -412.234880983
   462.000  -412.445997728  -412.355812352  -412.300317365  -412.300317365  -412.234591489
   462.500  -412.434946716  -412.344303296  -412.289509705  -412.289509705  -412.234322213
   463.000  -412.427515359  -412.336816930  -412.282750683  -412.282750683  -412.234153977
   463.500  -412.426244313  -412.335882097  -412.282591287  -412.282591287  -412.234192175
   464.000  -412.430603143  -412.340962355  -412.288496505  -412.288496505  -412.234411104
   464.500  -412.437391764  -412.348859879  -412.297238891  -412.297238891  -412.234667186
   465.000  -412.442849071  -412.355816923  -412.305001342  -412.305001342  -412.234844669
   465.500  -412.444523003  -412.359373900  -412.309243650  -412.309243650  -412.234887580
   466.000  -412.442219229  -412.359303492  -412.309648887  -412.309648887  -412.234798839
   466.500  -412.437791407  -412.357394217  -412.307926902  -412.307926902  -412.234736391
   467.000  -412.432747077  -412.355057904  -412.305453912  -412.305453912  -412.234898556
   467.500  -412.425871251  -412.350957847  -412.300938430  -412.300938430  -412.235012430
   468.000  -412.417193954  -412.344979882  -412.294405569  -412.294405569  -412.234539576
   468.500  -412.414022253  -412.344279249  -412.293208461  -412.293208461  -412.234049974
   469.000  -412.422521567  -412.354910580  -412.303551791  -412.303551791  -412.234533459
   469.500  -412.435528604  -412.369675372  -412.318259245  -412.318259245  -412.235262079
   470.000  -412.441581377  -412.377124777  -412.325813010  -412.325813010  -412.235410037
   470.500  -412.436882825  -412.373471263  -412.322358612  -412.322358612  -412.235144599
   471.000  -412.424389421  -412.361660151  -412.310816952  -412.310816952  -412.234763818
   471.500  -412.409509597  -412.347073202  -412.296586228  -412.296586228  -412.234403149
   472.000  -412.397616045  -412.335054285  -412.285037559  -412.285037559  -412.234174607
   472.500  -412.392155450  -412.329033353  -412.279613858  -412.279613858  -412.234155187
   473.000  -412.393527617  -412.329407779  -412.280698194  -412.280698194  -412.234278565
   473.500  -412.399964660  -412.334429415  -412.286499103  -412.286499103  -412.234415824
   474.000  -412.409324755  -412.341998467  -412.294858458  -412.294858458  -412.234527310
   474.500  -412.419772871  -412.350345521  -412.303941082  -412.303941082  -412.234660467
   475.000  -412.429238160  -412.357483859  -412.311697166  -412.311697166  -412.234863698
   475.500  -412.434876382  -412.360660378  -412.315314990  -412.315314990  -412.235108938
   476.000  -412.433657439  -412.356927108  -412.311805503  -412.311805503  -412.235253814
   476.500  -412.424604089  -412.345357845  -412.300238427  -412.300238427  -412.235071031
   477.000  -412.412005874  -412.330243448  -412.284964416  -412.284964416  -412.234428807
   477.500  -412.406478091  -412.322160858  -412.276681931  -412.276681931  -412.233764914
   478.000  -412.417478886  -412.330543354  -412.284931074  -412.284931074  -412.234071312
   478.500  -412.440286200  -412.350720898  -412.305024961  -412.305024961  -412.235083801
   479.000  -412.459797206  -412.367720765  -412.321853727  -412.321853727  -412.235585148
   479.500  -412.466948345  -412.372626794  -412.326351103  -412.326351103  -412.235412171
   480.000  -412.462669451  -412.366476905  -412.319482962  -412.319482962  -412.234982975
   480.500  -412.452576778  -412.354943811  -412.306933489  -412.306933489  -412.234567957
   481.000  -412.442586513  -412.343960475  -412.294699800  -412.294699800  -412.234309488
   481.500  -412.436487564  -412.337313690  -412.286645603  -412.286645603  -412.234253305
   482.000  -412.435171344  -412.335888090  -412.283718514  -412.283718514  -412.234309420
   482.500  -412.437815215  -412.338854911  -412.285129693  -412.285129693  -412.234358748
   483.000  -412.443564379  -412.345352071  -412.290036292  -412.290036292  -412.234373416
   483.500  -412.452025456  -412.354973888  -412.298035139  -412.298035139  -412.234404970
   484.000  -412.462591688  -412.367090749  -412.308486932  -412.308486932  -412.234525255
   484.500  -412.473427666  -412.379831405  -412.319500717  -412.319500717  -412.234788889
   485.000  -412.480768600  -412.389382948  -412.327237998  -412.327237998  -412.235183709
   485.500  -412.479404664  -412.390468951  -412.326403550  -412.326403550  -412.235510003
   486.000  -412.466022141  -412.379680453  -412.313597974  -412.313597974  -412.235299440
   486.500  -412.445682072  -412.361952770  -412.293815678  -412.293815678  -412.234340445
   487.000  -412.433124523  -412.351889185  -412.281753744  -412.281753744  -412.233666365
   487.500  -412.437951786  -412.358988390  -412.286974373  -412.286974373  -412.234259426
   488.000  -412.452050273  -412.375080455  -412.301306935  -412.301306935  -412.235186881
   488.500  -412.461336671  -412.386035392  -412.310609594  -412.310609594  -412.235475013
   489.000  -412.459974819  -412.385948522  -412.309010083  -412.309010083  -412.235204252
   489.500  -412.450682711  -412.377455390  -412.299218328  -412.299218328  -412.234771955
   490.000  -412.439211983  -412.366237291  -412.286999083  -412.286999083  -412.234456943
   490.500  -412.429999269  -412.356692776  -412.276809369  -412.276809369  -412.234348102
   491.000  -412.424650540  -412.350425934  -412.270270514  -412.270270514  -412.234359768
   491.500  -412.422994025  -412.347290925  -412.267221397  -412.267221397  -412.234368939
   492.000  -412.424793500  -412.347098409  -412.267438588  -412.267438588  -412.234337488
   492.500  -412.430360176  -412.350224099  -412.271256726  -412.271256726  -412.234302957
   493.000  -412.440050133  -412.357108450  -412.279072648  -412.279072648  -412.234323681
   493.500  -412.453411642  -412.367409540  -412.290492876  -412.290492876  -412.234451385
   494.000  -412.468425553  -412.379247645  -412.303577691  -412.303577691  -412.234720893
   494.500  -412.481111590  -412.388805916  -412.314450839  -412.314450839  -412.235101494
   495.000  -412.486314357  -412.391098482  -412.318085447  -412.318085447  -412.235376969
   495.500  -412.481199978  -412.383433057  -412.311797505  -412.311797505  -412.235144126
   496.000  -412.470592610  -412.370718495  -412.300558090  -412.300558090  -412.234423853
   496.500  -412.465423160  -412.363922952  -412.295389827  -412.295389827  -412.234136792
   497.000  -412.470233016  -412.367624922  -412.300824088  -412.300824088  -412.234578154
   497.500  -412.478977589  -412.375835300  -412.310727413  -412.310727413  -412.235016243
   498.000  -412.484391121  -412.381341767  -412.317747479  -412.317747479  -412.235124837
   498.500  -412.483640864  -412.381329879  -412.319004675  -412.319004675  -412.234982172
   499.000  -412.477772114  -412.376814797  -412.315516788  -412.315516788  -412.234785731
   499.500  -412.468984170  -412.369924572  -412.309441554  -412.309441554  -412.234681697
   500.000  -412.458540761  -412.361826158  -412.301976120  -412.301976120  -412.234638501
