     0.000  -412.516749667  -412.331111721  -412.289547884  -412.289547884  -412.243860799
     0.500  -412.522341440  -412.339474076  -412.294751657  -412.294751657  -412.243902097
     1.000  -412.529358384  -412.350105133  -412.301867583  -412.301867583  -412.243993554
     1.500  -412.536298565  -412.361481925  -412.309504248  -412.309504248  -412.244152399
     2.000  -412.540714120  -412.371103633  -412.315324199  -412.315324199  -412.244378375
     2.500  -412.539391865  -412.375660485  -412.316213086  -412.316213086  -412.244590128
     3.000  -412.529833760  -412.372511781  -412.309750678  -412.309750678  -412.244543156
     3.500  -412.513822489  -412.363275942  -412.297767654  -412.297767654  -412.244028181
     4.000  -412.499533259  -412.355976223  -412.288449156  -412.288449156  -412.243508900
     4.500  -412.494424384  -412.357955094  -412.289197334  -412.289197334  -412.243742236
     5.000  -412.495466254  -412.366102718  -412.296824896  -412.296824896  -412.244338247
     5.500  -412.494016528  -412.371704981  -412.302429637  -412.302429637  -412.244555151
     6.000  -412.486110278  -412.370693041  -412.301732191  -412.301732191  -412.244398650
     6.500  -412.473433885  -412.364604848  -412.296104163  -412.296104163  -412.244152042
     7.000  -412.459521249  -412.356799289  -412.288801838  -412.288801838  -412.243965086
     7.500  -412.447307639  -412.350037023  -412.282536655  -412.282536655  -412.243862396
     8.000  -412.438529906  -412.345901400  -412.278882500  -412.278882500  -412.243823679
     8.500  -412.433926604  -412.345010841  -412.278473767  -412.278473767  -412.243821296
     9.000  -412.433611108  -412.347398984  -412.281378119  -412.281378119  -412.243835942
     9.500  -412.437373528  -412.352824289  -412.287388532  -412.287388532  -412.243859741
    10.000  -412.444788032  -412.360872453  -412.296125026  -412.296125026  -412.243904027
    10.500  -412.455052689  -412.370801080  -412.306868659  -412.306868659  -412.243996968
    11.000  -412.466610509  -412.381159114  -412.318172800  -412.318172800  -412.244165713
    11.500  -412.476806166  -412.389434804  -412.327518675  -412.327518675  -412.244398765
    12.000  -412.482210879  -412.392361377  -412.331633162  -412.331633162  -412.244578825
    12.500  -412.480499350  -412.387767421  -412.328355939  -412.328355939  -412.244478096
    13.000  -412.473565695  -412.377671338  -412.319740426  -412.319740426  -412.244038120
    13.500  -412.467745515  -412.368510456  -412.312258269  -412.312258269  -412.243726551
    14.000  -412.467288860  -412.364657050  -412.310262974  -412.310262974  -412.243940359
    14.500  -412.469249417  -412.363348236  -412.310889862  -412.310889862  -412.244286580
    15.000  -412.468365526  -412.359546608  -412.308961819  -412.308961819  -412.244351299
    15.500  -412.462932874  -412.351764218  -412.302878449  -412.302878449  -412.244199637
    16.000  -412.454555263  -412.341775317  -412.294349100  -412.294349100  -412.244018800
    16.500  -412.445605246  -412.332059752  -412.285836188  -412.285836188  -412.243898275
    17.000  -412.437791480  -412.324371795  -412.279103962  -412.279103962  -412.243845934
    17.500  -412.431919505  -412.319514945  -412.274972447  -412.274972447  -412.243838374
    18.000  -412.428164319  -412.317623368  -412.273593434  -412.273593434  -412.243849354
    18.500  -412.426448402  -412.318554690  -412.274831917  -412.274831917  -412.243858944
    19.000  -412.426723438  -412.322176385  -412.278554967  -412.278554967  -412.243866132
    19.500  -412.428965769  -412.328370479  -412.284636940  -412.284636940  -412.243898086
    20.000  -412.432770246  -412.336631831  -412.292561070  -412.292561070  -412.243998245
    20.500  -412.436750626  -412.345467619  -412.300826582  -412.300826582  -412.244178442
    21.000  -412.438468895  -412.352324593  -412.306883120  -412.306883120  -412.244353014
    21.500  -412.435765451  -412.354912186  -412.308467162  -412.308467162  -412.244341520
    22.000  -412.429226451  -412.353668697  -412.306076344  -412.306076344  -412.244070216
    22.500  -412.422849565  -412.352440777  -412.303636384  -412.303636384  -412.243830509
    23.000  -412.419986973  -412.354448579  -412.304430046  -412.304430046  -412.243942031
    23.500  -412.419281247  -412.358234557  -412.307011927  -412.307011927  -412.244199436
    24.000  -412.417189335  -412.360174292  -412.307732771  -412.307732771  -412.244275184
    24.500  -412.412419521  -412.358896748  -412.305195710  -412.305195710  -412.244166598
    25.000  -412.406333846  -412.355681227  -412.300682536  -412.300682536  -412.244015539
    25.500  -412.401071609  -412.352586428  -412.296288743  -412.296288743  -412.243908294
    26.000  -412.398229187  -412.351136672  -412.293596907  -412.293596907  -412.243860573
    26.500  -412.398549732  -412.352012026  -412.293349719  -412.293349719  -412.243856350
    27.000  -412.402129742  -412.355251313  -412.295637815  -412.295637815  -412.243873721
    27.500  -412.408742445  -412.360572266  -412.300208475  -412.300208475  -412.243898247
    28.000  -412.418051022  -412.367584985  -412.306672298  -412.306672298  -412.243932358
    28.500  -412.429562159  -412.375750834  -412.314462069  -412.314462069  -412.243997875
    29.000  -412.442308702  -412.384076251  -412.322531248  -412.322531248  -412.244118493
    29.500  -412.454533310  -412.390810942  -412.329066497  -412.329066497  -412.244283428
    30.000  -412.463922662  -412.393695096  -412.331757548  -412.331757548  -412.244407935
    30.500  -412.468918909  -412.391276773  -412.329142529  -412.329142529  -412.244341347
    31.000  -412.470777908  -412.384968450  -412.322684463  -412.322684463  -412.244036007
    31.500  -412.473820793  -412.379297079  -412.317014496  -412.317014496  -412.243786130
    32.000  -412.481188262  -412.377665505  -412.315646875  -412.315646875  -412.243920473
    32.500  -412.490637209  -412.378148327  -412.316714892  -412.316714892  -412.244230333
    33.000  -412.497293330  -412.376208552  -412.315665426  -412.315665426  -412.244344842
    33.500  -412.498812952  -412.369773611  -412.310378126  -412.310378126  -412.244233190
    34.000  -412.496272396  -412.359761773  -412.302085619  -412.302085619  -412.243853883
    34.500  -412.492966185  -412.341400693  -412.299145093  -412.299145093  -412.248374249
    35.000  -412.488366268  -412.328506103  -412.292172474  -412.292172474  -412.248137917
    35.500  -412.484653542  -412.318085956  -412.285631397  -412.285631397  -412.248041511
    36.000  -412.482690238  -412.310055122  -412.280889098  -412.280889098  -412.248011951
    36.500  -412.482740309  -412.304862455  -412.278469194  -412.278469194  -412.247996677
    37.000  -412.484938924  -412.302880163  -412.278628804  -412.278628804  -412.247997094
    37.500  -412.489191355  -412.304199346  -412.281354104  -412.281354104  -412.248035989
    38.000  -412.494805795  -412.308273187  -412.286023033  -412.286023033  -412.248140895
    38.500  -412.500159337  -412.313566258  -412.291068573  -412.291068573  -412.248306372
    39.000  -412.502866202  -412.317710977  -412.294157989  -412.294157989  -412.248462757
    39.500  -412.500928413  -412.318640118  -412.293347367  -412.293347367  -412.248467148
    40.000  -412.494843673  -412.316689876  -412.289188033  -412.289188033  -412.248202992
    40.500  -412.488958844  -412.315971383  -412.286058071  -412.286058071  -412.247846519
    41.000  -412.488553162  -412.321508669  -412.289206337  -412.289206337  -412.247840889
    41.500  -412.493814983  -412.333253394  -412.298686021  -412.298686021  -412.248224408
    42.000  -412.499350916  -412.345613670  -412.308874863  -412.308874863  -412.248556276
    42.500  -412.500085238  -412.353307137  -412.314439652  -412.314439652  -412.248614193
    43.000  -412.494774642  -412.354838300  -412.313908722  -412.313908722  -412.248491351
    43.500  -412.484964406  -412.351420252  -412.308688402  -412.308688402  -412.248334458
    44.000  -412.472981580  -412.345031468  -412.301021377  -412.301021377  -412.248200486
    44.500  -412.460876690  -412.337405451  -412.292930816  -412.292930816  -412.248106819
    45.000  -412.450233722  -412.329915043  -412.285956598  -412.285956598  -412.248030176
    45.500  -412.442323763  -412.323723124  -412.281330043  -412.281330043  -412.247972457
    46.000  -412.438234144  -412.319939122  -412.280020128  -412.280020128  -412.247935760
    46.500  -412.438636536  -412.319327127  -412.282562717  -412.282562717  -412.247963648
    47.000  -412.443210595  -412.321693358  -412.288505026  -412.288505026  -412.248083731
    47.500  -412.450121702  -412.325324641  -412.295959870  -412.295959870  -412.248300809
    48.000  -412.456153258  -412.327131670  -412.301698799  -412.301698799  -412.248547123
    48.500  -412.457807428  -412.323742433  -412.302258713  -412.302258713  -412.248682298
    49.000  -412.453578562  -412.313771578  -412.296180531  -412.296180531  -412.248511321
    49.500  -412.446596131  -412.300473461  -412.286644292  -412.286644292  -412.248043693
    50.000  -412.443903393  -412.291058034  -412.280730679  -412.280730679  -412.247751543
    50.500  -412.449698966  -412.289992511  -412.282669112  -412.282669112  -412.247987217
    51.000  -412.460691709  -412.294390740  -412.289194794  -412.289194794  -412.248373999
    51.500  -412.470899120  -412.298715013  -412.294444436  -412.294444436  -412.248494765
    52.000  -412.477419931  -412.300274504  -412.295917567  -412.295917567  -412.248415760
    52.500  -412.480476301  -412.299454770  -412.294170406  -412.294170406  -412.248313773
    53.000  -412.481335773  -412.297811956  -412.290485420  -412.290485420  -412.248211260
    53.500  -412.481296616  -412.296726427  -412.286257223  -412.286257223  -412.248123165
    54.000  -412.481494951  -412.297260340  -412.282787631  -412.282787631  -412.248050963
    54.500  -412.482932984  -412.300311002  -412.281196880  -412.281196880  -412.247994258
    55.000  -412.486425534  -412.306581211  -412.282358447  -412.282358447  -412.247969924
    55.500  -412.492304830  -412.316295710  -412.286614585  -412.286614585  -412.248007977
    56.000  -412.499994862  -412.328825661  -412.293338869  -412.293338869  -412.248134605
    56.500  -412.507764349  -412.342658825  -412.300544338  -412.300544338  -412.248422947
    57.000  -412.512878064  -412.359822722  -412.301564203  -412.301564203  -412.242663322
    57.500  -412.513393474  -412.367072364  -412.307549209  -412.307549209  -412.243035132
    58.000  -412.507592717  -412.369368409  -412.309209902  -412.309209902  -412.242943726
    58.500  -412.497645431  -412.368589991  -412.308203742  -412.308203742  -412.242631192
    59.000  -412.488606439  -412.369361085  -412.309207234  -412.309207234  -412.242449030
    59.500  -412.483549532  -412.374373849  -412.314829961  -412.314829961  -412.242639005
    60.000  -412.480325597  -412.381173046  -412.322410724  -412.322410724  -412.242932690
    60.500  -412.474947352  -412.385521538  -412.327477600  -412.327477600  -412.243042557
    61.000  -412.465685099  -412.385467861  -412.327901145  -412.327901145  -412.242990988
    61.500  -412.453165821  -412.381436935  -412.324019186  -412.324019186  -412.242893099
    62.000  -412.438837155  -412.374707150  -412.317108269  -412.317108269  -412.242798323
    62.500  -412.424157178  -412.366612839  -412.308567162  -412.308567162  -412.242705585
    63.000  -412.410524671  -412.358485587  -412.299832790  -412.299832790  -412.242608722
    63.500  -412.399332663  -412.351702172  -412.292409069  -412.292409069  -412.242519389
    64.000  -412.391804971  -412.347515132  -412.287669009  -412.287669009  -412.242464383
    64.500  -412.388617566  -412.346655536  -412.286441141  -412.286441141  -412.242472207
    65.000  -412.389516689  -412.348938776  -412.288596812  -412.288596812  -412.242553822
    65.500  -412.393182104  -412.353110624  -412.292899801  -412.292899801  -412.242698150
    66.000  -412.397459610  -412.357072566  -412.297236312  -412.297236312  -412.242861851
    66.500  -412.400106125  -412.358616732  -412.299369753  -412.299369753  -412.242948922
    67.000  -412.400272774  -412.356906432  -412.298437196  -412.298437196  -412.242835762
    67.500  -412.400128316  -412.354104243  -412.296576678  -412.296576678  -412.242552469
    68.000  -412.404006841  -412.354538872  -412.298075156  -412.298075156  -412.242423590
    68.500  -412.413788357  -412.360122300  -412.304747430  -412.304747430  -412.242653099
    69.000  -412.426189174  -412.367658045  -412.313251381  -412.313251381  -412.242963092
    69.500  -412.436425279  -412.372502538  -412.318793347  -412.318793347  -412.243059163
    70.000  -412.442477430  -412.372798437  -412.319419963  -412.319419963  -412.242961865
    70.500  -412.445210922  -412.369571683  -412.316136675  -412.316136675  -412.242811821
    71.000  -412.446482295  -412.364824540  -412.310998151  -412.310998151  -412.242691888
    71.500  -412.447846814  -412.360245178  -412.305798851  -412.305798851  -412.242613516
    72.000  -412.450277916  -412.356928804  -412.301774150  -412.301774150  -412.242563850
    72.500  -412.454296564  -412.355513897  -412.299709086  -412.299709086  -412.242540916
    73.000  -412.460001678  -412.356217729  -412.299945611  -412.299945611  -412.242555489
    73.500  -412.466944085  -412.358717279  -412.302238444  -412.302238444  -412.242613584
    74.000  -412.474068505  -412.362091334  -412.305686308  -412.305686308  -412.242708429
    74.500  -412.479839094  -412.364943395  -412.308858488  -412.308858488  -412.242823765
    75.000  -412.482534119  -412.365675825  -412.310096123  -412.310096123  -412.242924960
    75.500  -412.480853617  -412.363080759  -412.308133018  -412.308133018  -412.242931662
    76.000  -412.475133394  -412.357533214  -412.303320113  -412.303320113  -412.242748643
    76.500  -412.468517225  -412.352165387  -412.298796945  -412.298796945  -412.242444003
    77.000  -412.465612938  -412.351545444  -412.299128952  -412.299128952  -412.242343105
    77.500  -412.467933644  -412.357149595  -412.305717996  -412.305717996  -412.242607403
    78.000  -412.471785947  -412.365245379  -412.314679925  -412.314679925  -412.242951453
    78.500  -412.472087926  -412.370673272  -412.320682088  -412.320682088  -412.243098177
    79.000  -412.466438861  -412.370877422  -412.321043371  -412.321043371  -412.243052030
    79.500  -412.455438276  -412.366218313  -412.316072077  -412.316072077  -412.242920741
    80.000  -412.441219945  -412.358524316  -412.307615556  -412.307615556  -412.242774511
    80.500  -412.426311984  -412.349987918  -412.297938486  -412.297938486  -412.242639763
    81.000  -412.413077516  -412.342642027  -412.289195723  -412.289195723  -412.242533931
    81.500  -412.403361041  -412.338046033  -412.283100299  -412.283100299  -412.242474451
    82.000  -412.398164426  -412.336985246  -412.280614041  -412.280614041  -412.242474669
    82.500  -412.397462428  -412.339297032  -412.281745971  -412.281745971  -412.242531874
    83.000  -412.400269326  -412.343931293  -412.285590536  -412.285590536  -412.242635601
    83.500  -412.404872859  -412.349166597  -412.290523082  -412.290523082  -412.242773572
    84.000  -412.409137852  -412.352897428  -412.294477134  -412.294477134  -412.242911702
    84.500  -412.411134858  -412.353242929  -412.295567492  -412.295567492  -412.242961850
    85.000  -412.410495391  -412.349892613  -412.293448363  -412.293448363  -412.242810856
    85.500  -412.409840295  -412.345531788  -412.290747712  -412.290747712  -412.242508932
    86.000  -412.413680709  -412.344754719  -412.291969642  -412.291969642  -412.242373951
    86.500  -412.423944099  -412.349613164  -412.299021233  -412.299021233  -412.242583940
    87.000  -412.437603149  -412.357263426  -412.308857137  -412.308857137  -412.242888474
    87.500  -412.449934153  -412.363208630  -412.316774671  -412.316774671  -412.243035336
    88.000  -412.458218888  -412.364974398  -412.320130786  -412.320130786  -412.243017994
    88.500  -412.462206895  -412.362539460  -412.318801150  -412.318801150  -412.242919365
    89.000  -412.463063834  -412.357274675  -412.314108917  -412.314108917  -412.242788182
    89.500  -412.462581429  -412.351141921  -412.308023245  -412.308023245  -412.242649035
    90.000  -412.462738258  -412.346267594  -412.302704322  -412.302704322  -412.242528885
    90.500  -412.465210801  -412.344446423  -412.300008102  -412.300008102  -412.242469303
    91.000  -412.470761715  -412.346545381  -412.300860814  -412.300860814  -412.242493813
    91.500  -412.478878872  -412.352132797  -412.304892974  -412.304892974  -412.242593048
    92.000  -412.487932534  -412.359638292  -412.310588888  -412.310588888  -412.242734760
    92.500  -412.495678472  -412.366841145  -412.315789942  -412.315789942  -412.242885921
    93.000  -412.499860554  -412.371469211  -412.318296760  -412.318296760  -412.242992893
    93.500  -412.499113165  -412.372093686  -412.316781396  -412.316781396  -412.242960384
    94.000  -412.494329132  -412.369505718  -412.312166734  -412.312166734  -412.242729654
    94.500  -412.489177936  -412.367254086  -412.308154705  -412.308154705  -412.242474007
    95.000  -412.487377178  -412.368953583  -412.308490957  -412.308490957  -412.242500914
    95.500  -412.488568487  -412.374185707  -412.312808914  -412.312808914  -412.242769039
    96.000  -412.488893762  -412.379066527  -412.317178245  -412.317178245  -412.242956437
    96.500  -412.485392811  -412.380603920  -412.318491830  -412.318491830  -412.242950470
    97.000  -412.477891842  -412.378550901  -412.316365391  -412.316365391  -412.242861222
    97.500  -412.467693142  -412.374078714  -412.311848186  -412.311848186  -412.242785552
    98.000  -412.456147498  -412.368355697  -412.306021955  -412.306021955  -412.242728538
    98.500  -412.444431524  -412.362335436  -412.299798167  -412.299798167  -412.242662413
    99.000  -412.433828767  -412.357059592  -412.294218246  -412.294218246  -412.242589492
    99.500  -412.425641051  -412.353589410  -412.290381949  -412.290381949  -412.242542883
   100.000  -412.420702583  -412.352543647  -412.288973059  -412.288973059  -412.242545998
   100.500  -412.419026708  -412.353762131  -412.289912824  -412.289912824  -412.242597522
   101.000  -412.419839924  -412.356348472  -412.292384238  -412.292384238  -412.242685375
   101.500  -412.421802237  -412.358890913  -412.295041887  -412.295041887  -412.242796138
   102.000  -412.423315828  -412.359761514  -412.296305087  -412.296305087  -412.242889950
   102.500  -412.423227027  -412.357813531  -412.295055678  -412.295055678  -412.242875690
   103.000  -412.422155633  -412.353702582  -412.291964153  -412.291964153  -412.242678940
   103.500  -412.423282157  -412.350684534  -412.290278445  -412.290278445  -412.242435904
   104.000  -412.430101600  -412.352384645  -412.293571103  -412.293571103  -412.242459273
   104.500  -412.442126755  -412.358525353  -412.301447638  -412.301447638  -412.242769000
   105.000  -412.454651602  -412.364686241  -412.309323942  -412.309323942  -412.243037023
   105.500  -412.463224471  -412.366744971  -412.312920630  -412.312920630  -412.243074927
   106.000  -412.466609738  -412.363795392  -412.311221587  -412.311221587  -412.242945783
   106.500  -412.466187083  -412.357514173  -412.305859946  -412.305859946  -412.242772745
   107.000  -412.464203891  -412.350399524  -412.299345796  -412.299345796  -412.242632036
   107.500  -412.462551424  -412.344545268  -412.293824158  -412.293824158  -412.242553212
   108.000  -412.462249222  -412.341128701  -412.290536495  -412.290536495  -412.242536194
   108.500  -412.463388157  -412.340351322  -412.289753331  -412.289753331  -412.242565128
   109.000  -412.465384690  -412.341693494  -412.291012354  -412.291012354  -412.242613093
   109.500  -412.467382553  -412.344312477  -412.293516417  -412.293516417  -412.242666108
   110.000  -412.468489573  -412.347278976  -412.296366843  -412.296366843  -412.242734681
   110.500  -412.467693230  -412.349495544  -412.298476986  -412.298476986  -412.242831317
   111.000  -412.463766809  -412.349604530  -412.298483320  -412.298483320  -412.242927239
   111.500  -412.455795372  -412.346517478  -412.295281280  -412.295281280  -412.242919728
   112.000  -412.444665909  -412.340911539  -412.289532937  -412.289532937  -412.242701226
   112.500  -412.434301955  -412.336484488  -412.284922131  -412.284922131  -412.242389542
   113.000  -412.429558937  -412.337882860  -412.286071330  -412.286071330  -412.242354132
   113.500  -412.431106215  -412.345612554  -412.293438034  -412.293438034  -412.242675669
   114.000  -412.434384156  -412.354999890  -412.302277726  -412.302277726  -412.242997864
   114.500  -412.434448900  -412.361011283  -412.307486253  -412.307486253  -412.243087289
   115.000  -412.429609510  -412.361871994  -412.307235916  -412.307235916  -412.242987482
   115.500  -412.421180722  -412.358804180  -412.302729235  -412.302729235  -412.242803231
   116.000  -412.411960457  -412.354515706  -412.296684694  -412.296684694  -412.242610338
   116.500  -412.404930499  -412.351902714  -412.292046764  -412.292046764  -412.242479009
   117.000  -412.402101096  -412.352905340  -412.290839224  -412.290839224  -412.242460732
   117.500  -412.403725979  -412.357722421  -412.293380624  -412.293380624  -412.242544411
   118.000  -412.408468512  -412.364980167  -412.298438484  -412.298438484  -412.242662958
   118.500  -412.414390865  -412.372712611  -412.304194241  -412.304194241  -412.242760068
   119.000  -412.419842449  -412.379247244  -412.309102769  -412.309102769  -412.242830390
   119.500  -412.423641894  -412.383376283  -412.312051219  -412.312051219  -412.242897893
   120.000  -412.424859743  -412.384139855  -412.312129074  -412.312129074  -412.242950232
   120.500  -412.423093581  -412.381094091  -412.308908772  -412.308908772  -412.242898269
   121.000  -412.419724410  -412.375574417  -412.303714635  -412.303714635  -412.242661062
   121.500  -412.418717731  -412.371504534  -412.300436569  -412.300436569  -412.242399487
   122.000  -412.423987716  -412.372786450  -412.302908894  -412.302908894  -412.242449449
   122.500  -412.434839847  -412.378768049  -412.310362056  -412.310362056  -412.242784611
   123.000  -412.446310280  -412.384592370  -412.317794664  -412.317794664  -412.243047523
   123.500  -412.454066499  -412.386080618  -412.320901185  -412.320901185  -412.243078107
   124.000  -412.457054221  -412.382350319  -412.318720259  -412.318720259  -412.242954615
   124.500  -412.456702789  -412.374996583  -412.312818753  -412.312818753  -412.242781151
   125.000  -412.455420966  -412.366576076  -412.305754194  -412.305754194  -412.242617689
   125.500  -412.455578456  -412.359587598  -412.300038119  -412.300038119  -412.242503219
   126.000  -412.458845705  -412.355819931  -412.297462286  -412.297462286  -412.242458733
   126.500  -412.465794661  -412.355962824  -412.298713476  -412.298713476  -412.242489919
   127.000  -412.475808865  -412.359527004  -412.303287225  -412.303287225  -412.242584986
   127.500  -412.487244839  -412.365011032  -412.309672171  -412.309672171  -412.242722584
   128.000  -412.497828779  -412.370291275  -412.315737715  -412.315737715  -412.242868250
   128.500  -412.505199810  -412.373152239  -412.319280486  -412.319280486  -412.242989318
   129.000  -412.507508603  -412.371865168  -412.318605820  -412.318605820  -412.243038512
   129.500  -412.504217068  -412.365972960  -412.313323111  -412.313323111  -412.242935902
   130.000  -412.497253198  -412.357439461  -412.305485615  -412.305485615  -412.242640110
   130.500  -412.491269974  -412.350929991  -412.299835119  -412.299835119  -412.242347107
   131.000  -412.490564770  -412.350768345  -412.300691039  -412.300691039  -412.242394778
   131.500  -412.494468580  -412.356346166  -412.307335429  -412.307335429  -412.242743572
   132.000  -412.497909102  -412.362652486  -412.314590908  -412.314590908  -412.243016361
   132.500  -412.496578168  -412.365379261  -412.318025526  -412.318025526  -412.243043553
   133.000  -412.489702661  -412.363653543  -412.316730578  -412.316730578  -412.242914238
   133.500  -412.479061160  -412.359058921  -412.312329953  -412.312329953  -412.242760348
   134.000  -412.467055571  -412.353737029  -412.307038150  -412.307038150  -412.242663730
   134.500  -412.455396721  -412.349114901  -412.302346330  -412.302346330  -412.242647078
   135.000  -412.444676910  -412.345501758  -412.298607914  -412.298607914  -412.242681747
   135.500  -412.434752895  -412.342499276  -412.295436591  -412.295436591  -412.242709874
   136.000  -412.425549806  -412.339811907  -412.292528862  -412.292528862  -412.242692843
   136.500  -412.417612377  -412.337805034  -412.290222998  -412.290222998  -412.242646176
   137.000  -412.411840104  -412.337233683  -412.289245216  -412.289245216  -412.242643219
   137.500  -412.408449928  -412.338202231  -412.289678262  -412.289678262  -412.242741563
   138.000  -412.406232313  -412.339410820  -412.290231306  -412.290231306  -412.242880965
   138.500  -412.403542790  -412.339143348  -412.289234147  -412.289234147  -412.242877797
   139.000  -412.400855659  -412.337813359  -412.287196059  -412.287196059  -412.242636187
   139.500  -412.401823339  -412.339036427  -412.287848297  -412.287848297  -412.242393858
   140.000  -412.409736002  -412.346103613  -412.294585909  -412.294585909  -412.242495030
   140.500  -412.422946173  -412.357435977  -412.305862803  -412.305862803  -412.242834492
   141.000  -412.436210674  -412.367922661  -412.316539427  -412.316539427  -412.243061622
   141.500  -412.445579312  -412.373797866  -412.322787642  -412.322787642  -412.243063389
   142.000  -412.450375202  -412.374598700  -412.324084140  -412.324084140  -412.242930009
   142.500  -412.452120471  -412.372077226  -412.322132251  -412.322132251  -412.242769559
   143.000  -412.452919509  -412.368570496  -412.319228264  -412.319228264  -412.242651272
   143.500  -412.454334819  -412.365863363  -412.317122152  -412.317122152  -412.242604674
   144.000  -412.456903586  -412.364692804  -412.316514816  -412.316514816  -412.242619404
   144.500  -412.460254172  -412.364853032  -412.317163680  -412.317163680  -412.242667266
   145.000  -412.463521231  -412.365603693  -412.318287560  -412.318287560  -412.242728508
   145.500  -412.465656400  -412.365975753  -412.318877471  -412.318877471  -412.242801076
   146.000  -412.465521698  -412.364863427  -412.317788944  -412.317788944  -412.242881885
   146.500  -412.461985314  -412.361118125  -412.313851622  -412.313851622  -412.242945769
   147.000  -412.454381591  -412.354011332  -412.306338632  -412.306338632  -412.242922688
   147.500  -412.443527980  -412.344258475  -412.296012424  -412.296012424  -412.242734087
   148.000  -412.432693271  -412.335006280  -412.286106594  -412.286106594  -412.242431575
   148.500  -412.426501624  -412.330763758  -412.281231902  -412.281231902  -412.242295890
   149.000  -412.426934340  -412.333430964  -412.283348236  -412.283348236  -412.242507950
   149.500  -412.430975120  -412.339949408  -412.289382802  -412.289382802  -412.242831607
   150.000  -412.433778315  -412.345457449  -412.294407431  -412.294407431  -412.242978107
   150.500  -412.432836115  -412.347430730  -412.295825759  -412.295825759  -412.242924204
   151.000  -412.428634446  -412.346330050  -412.294059359  -412.294059359  -412.242783615
   151.500  -412.423151860  -412.344098752  -412.291042303  -412.291042303  -412.242648376
   152.000  -412.418412749  -412.342718611  -412.288769716  -412.288769716  -412.242566844
   152.500  -412.415703565  -412.343424983  -412.288492201  -412.288492201  -412.242546894
   153.000  -412.415408256  -412.346540833  -412.290540472  -412.290540472  -412.242567577
   153.500  -412.417283915  -412.351750686  -412.294598548  -412.294598548  -412.242605271
   154.000  -412.420794191  -412.358435673  -412.300045326  -412.300045326  -412.242655593
   154.500  -412.425188952  -412.365755828  -412.306045568  -412.306045568  -412.242730319
   155.000  -412.429348679  -412.372498615  -412.311412950  -412.311412950  -412.242839398
   155.500  -412.431706426  -412.377006119  -412.314540994  -412.314540994  -412.242957240
   156.000  -412.430695015  -412.377623705  -412.313863836  -412.313863836  -412.242999149
   156.500  -412.426043309  -412.373997525  -412.309147575  -412.309147575  -412.242855422
   157.000  -412.420187876  -412.368486117  -412.302888739  -412.302888739  -412.242570096
   157.500  -412.417345214  -412.365238353  -412.299349211  -412.299349211  -412.242436030
   158.000  -412.419423582  -412.366112649  -412.300431545  -412.300431545  -412.242618850
   158.500  -412.423880247  -412.368538017  -412.303520930  -412.303520930  -412.242873141
   159.000  -412.426965131  -412.368747994  -412.304757304  -412.304757304  -412.242944835
   159.500  -412.427374841  -412.365427718  -412.302728750  -412.302728750  -412.242839757
   160.000  -412.426432414  -412.359895568  -412.298683563  -412.298683563  -412.242682033
   160.500  -412.426363040  -412.354396373  -412.294819557  -412.294819557  -412.242570199
   161.000  -412.428770921  -412.350594392  -412.292770630  -412.292770630  -412.242539405
   161.500  -412.434040316  -412.348983622  -412.293013047  -412.293013047  -412.242569023
   162.000  -412.441604897  -412.349155807  -412.295124048  -412.295124048  -412.242614317
   162.500  -412.450572635  -412.350409413  -412.298396031  -412.298396031  -412.242651397
   163.000  -412.460132213  -412.352143479  -412.302211083  -412.302211083  -412.242684480
   163.500  -412.469524668  -412.353810607  -412.305992030  -412.305992030  -412.242737761
   164.000  -412.477771828  -412.354639498  -412.308903317  -412.308903317  -412.242824011
   164.500  -412.483556685  -412.353495574  -412.309725167  -412.309725167  -412.242916379
   165.000  -412.485737943  -412.349385140  -412.307369678  -412.307369678  -412.242916680
   165.500  -412.484760419  -412.342839861  -412.302318055  -412.302318055  -412.242723497
   166.000  -412.483863415  -412.337143983  -412.297843000  -412.297843000  -412.242436274
   166.500  -412.487250282  -412.336532945  -412.298190291  -412.298190291  -412.242398339
   167.000  -412.495356820  -412.341496680  -412.303833200  -412.303833200  -412.242697246
   167.500  -412.503746799  -412.347682207  -412.310364283  -412.310364283  -412.242996607
   168.000  -412.507688205  -412.350429445  -412.313065302  -412.313065302  -412.243061559
   168.500  -412.505728471  -412.348318187  -412.310490557  -412.310490557  -412.242943025
   169.000  -412.499328051  -412.342790588  -412.304099525  -412.304099525  -412.242765247
   169.500  -412.491081413  -412.336389999  -412.296485493  -412.296485493  -412.242605680
   170.000  -412.483443156  -412.331506754  -412.290104522  -412.290104522  -412.242497726
   170.500  -412.478106875  -412.329773486  -412.286654789  -412.286654789  -412.242455024
   171.000  -412.475737902  -412.331805278  -412.286809180  -412.286809180  -412.242480014
   171.500  -412.475960085  -412.337192981  -412.290191303  -412.290191303  -412.242552853
   172.000  -412.477638802  -412.344760226  -412.295655435  -412.295655435  -412.242649898
   172.500  -412.479301373  -412.352975092  -412.301681942  -412.301681942  -412.242754350
   173.000  -412.479400424  -412.360176039  -412.306636051  -412.306636051  -412.242869486
   173.500  -412.476418508  -412.364681192  -412.308851714  -412.308851714  -412.242969426
   174.000  -412.469313081  -412.365218371  -412.307094770  -412.307094770  -412.242971283
   174.500  -412.458770457  -412.362204440  -412.301829857  -412.301829857  -412.242771074
   175.000  -412.448385109  -412.358945808  -412.296443716  -412.296443716  -412.242461646
   175.500  -412.442966687  -412.359996389  -412.295571061  -412.295571061  -412.242379794
   176.000  -412.443821356  -412.366474033  -412.300397437  -412.300397437  -412.242635909
   176.500  -412.447331921  -412.374655995  -412.307229852  -412.307229852  -412.242908448
   177.000  -412.449248909  -412.380254155  -412.311796008  -412.311796008  -412.242963494
   177.500  -412.448249923  -412.381949326  -412.312786709  -412.312786709  -412.242857859
   178.000  -412.445482710  -412.380919926  -412.311385690  -412.311385690  -412.242734536
   178.500  -412.442589537  -412.378852506  -412.309267096  -412.309267096  -412.242670995
   179.000  -412.440504603  -412.376736677  -412.307377623  -412.307377623  -412.242660466
   179.500  -412.439457616  -412.374862187  -412.305935740  -412.305935740  -412.242657996
   180.000  -412.439565688  -412.373414490  -412.305030724  -412.305030724  -412.242635080
   180.500  -412.441201319  -412.372844971  -412.305010278  -412.305010278  -412.242607089
   181.000  -412.444765106  -412.373651838  -412.306269537  -412.306269537  -412.242612962
   181.500  -412.450096125  -412.375793366  -412.308684879  -412.308684879  -412.242683301
   182.000  -412.456045351  -412.378257814  -412.311195425  -412.311195425  -412.242812221
   182.500  -412.460617138  -412.379192112  -412.311946269  -412.311946269  -412.242944165
   183.000  -412.461908375  -412.376819210  -412.309213381  -412.309213381  -412.242965233
   183.500  -412.459834790  -412.371149861  -412.303110882  -412.303110882  -412.242768192
   184.000  -412.457456114  -412.365304215  -412.296894511  -412.296894511  -412.242463418
   184.500  -412.459070245  -412.363629765  -412.295040104  -412.295040104  -412.242401633
   185.000  -412.465396681  -412.366911891  -412.298419587  -412.298419587  -412.242661947
   185.500  -412.472559129  -412.371369955  -412.303282614  -412.303282614  -412.242903244
   186.000  -412.476652860  -412.373207631  -412.305827171  -412.305827171  -412.242913219
   186.500  -412.476985225  -412.371832348  -412.305437014  -412.305437014  -412.242776420
   187.000  -412.475198627  -412.368965810  -412.303799515  -412.303799515  -412.242643153
   187.500  -412.473135623  -412.366510198  -412.302766407  -412.302766407  -412.242584136
   188.000  -412.471695192  -412.365408133  -412.303210096  -412.303210096  -412.242588686
   188.500  -412.470884341  -412.365695829  -412.305077762  -412.305077762  -412.242616756
   189.000  -412.470355817  -412.367036845  -412.307933897  -412.307933897  -412.242642457
   189.500  -412.469789839  -412.369099414  -412.311346725  -412.311346725  -412.242664041
   190.000  -412.468927486  -412.371581580  -412.314927712  -412.314927712  -412.242697604
   190.500  -412.467356714  -412.373996399  -412.318120212  -412.318120212  -412.242762417
   191.000  -412.464252569  -412.375408490  -412.319947320  -412.319947320  -412.242862341
   191.500  -412.458402978  -412.374460867  -412.319043055  -412.319043055  -412.242949593
   192.000  -412.448994632  -412.370163181  -412.314448904  -412.314448904  -412.242912833
   192.500  -412.437167590  -412.363455573  -412.307180715  -412.307180715  -412.242688934
   193.000  -412.426583097  -412.357797279  -412.300806953  -412.300806953  -412.242467905
   193.500  -412.420520285  -412.356292979  -412.298542700  -412.298542700  -412.242540646
   194.000  -412.417998888  -412.357835451  -412.299360365  -412.299360365  -412.242815227
   194.500  -412.415027151  -412.358348766  -412.299227597  -412.299227597  -412.242959813
   195.000  -412.409176136  -412.355340981  -412.295685758  -412.295685758  -412.242883532
   195.500  -412.401181772  -412.349490424  -412.289454348  -412.289454348  -412.242717629
   196.000  -412.393282279  -412.342980142  -412.282764496  -412.282764496  -412.242589168
   196.500  -412.387355636  -412.337637940  -412.277481562  -412.277481562  -412.242531166
   197.000  -412.384324836  -412.334346226  -412.274498225  -412.274498225  -412.242515733
   197.500  -412.384477832  -412.333362875  -412.274051750  -412.274051750  -412.242515143
   198.000  -412.387865267  -412.334726665  -412.276124038  -412.276124038  -412.242523525
   198.500  -412.394369576  -412.338329428  -412.280530139  -412.280530139  -412.242553063
   199.000  -412.403525079  -412.343745721  -412.286757012  -412.286757012  -412.242617664
   199.500  -412.414303061  -412.350024353  -412.293771551  -412.293771551  -412.242723655
   200.000  -412.425041603  -412.355620955  -412.299968326  -412.299968326  -412.242855042
   200.500  -412.433753927  -412.358701498  -412.303490105  -412.303490105  -412.242948994
   201.000  -412.439145060  -412.358146872  -412.303243355  -412.303243355  -412.242894778
   201.500  -412.442158044  -412.355085143  -412.300432337  -412.300432337  -412.242656979
   202.000  -412.446192336  -412.353105334  -412.298744889  -412.298744889  -412.242453897
   202.500  -412.453902320  -412.355064337  -412.301110484  -412.301110484  -412.242550478
   203.000  -412.463729328  -412.359623264  -412.306194830  -412.306194830  -412.242812885
   203.500  -412.471676077  -412.363003719  -412.310164004  -412.310164004  -412.242931744
   204.000  -412.475556990  -412.363203318  -412.310947711  -412.310947711  -412.242857756
   204.500  -412.476000733  -412.360976149  -412.309250920  -412.309250920  -412.242725661
   205.000  -412.474714656  -412.358095580  -412.306821108  -412.306821108  -412.242635598
   205.500  -412.472985377  -412.355865825  -412.304950423  -412.304950423  -412.242598230
   206.000  -412.471413802  -412.354870387  -412.304210306  -412.304210306  -412.242583931
   206.500  -412.470277884  -412.355343810  -412.304817492  -412.304817492  -412.242573545
   207.000  -412.469808554  -412.357452008  -412.306909903  -412.306909903  -412.242569022
   207.500  -412.470164749  -412.361267258  -412.310524312  -412.310524312  -412.242584605
   208.000  -412.471228513  -412.366560485  -412.315392484  -412.315392484  -412.242635606
   208.500  -412.472381229  -412.372572909  -412.320722289  -412.320722289  -412.242731295
   209.000  -412.472398748  -412.377907043  -412.325099552  -412.325099552  -412.242860716
   209.500  -412.469680584  -412.380753592  -412.326732720  -412.326732720  -412.242967293
   210.000  -412.463174742  -412.379822821  -412.324397103  -412.324397103  -412.242934890
   210.500  -412.454008067  -412.375991043  -412.319088938  -412.319088938  -412.242693538
   211.000  -412.446127727  -412.372977704  -412.314681561  -412.314681561  -412.242440124
   211.500  -412.443252938  -412.374329043  -412.314865548  -412.314865548  -412.242503704
   212.000  -412.444507739  -412.379074008  -412.318755827  -412.318755827  -412.242801917
   212.500  -412.445540908  -412.382824959  -412.321993123  -412.321993123  -412.242976159
   213.000  -412.443432839  -412.382654487  -412.321647099  -412.321647099  -412.242931988
   213.500  -412.438377758  -412.378753469  -412.317900682  -412.317900682  -412.242806770
   214.000  -412.432007100  -412.372748952  -412.312362353  -412.312362353  -412.242707453
   214.500  -412.425791046  -412.366109372  -412.306465686  -412.306465686  -412.242649028
   215.000  -412.420700109  -412.359813614  -412.301125520  -412.301125520  -412.242608286
   215.500  -412.417444687  -412.354595377  -412.296991044  -412.296991044  -412.242574382
   216.000  -412.416613783  -412.351087626  -412.294594694  -412.294594694  -412.242552646
   216.500  -412.418558883  -412.349707854  -412.294257828  -412.294257828  -412.242560013
   217.000  -412.423144145  -412.350409086  -412.295848599  -412.295848599  -412.242612704
   217.500  -412.429497085  -412.352425721  -412.298544237  -412.298544237  -412.242721038
   218.000  -412.435919909  -412.354177669  -412.300736551  -412.300736551  -412.242868403
   218.500  -412.440225283  -412.353593803  -412.300367844  -412.300367844  -412.242986209
   219.000  -412.440896845  -412.349260095  -412.296075585  -412.296075585  -412.242940364
   219.500  -412.438996789  -412.342321563  -412.289098639  -412.289098639  -412.242657408
   220.000  -412.438871749  -412.337195063  -412.283969182  -412.283969182  -412.242360783
   220.500  -412.444688065  -412.338133706  -412.285043981  -412.285043981  -412.242414341
   221.000  -412.455535204  -412.344352990  -412.291597170  -412.291597170  -412.242734972
   221.500  -412.466494734  -412.351103093  -412.298888883  -412.298888883  -412.242947967
   222.000  -412.473794877  -412.354797966  -412.303314306  -412.303314306  -412.242948863
   222.500  -412.476711950  -412.354891812  -412.304296904  -412.304296904  -412.242857363
   223.000  -412.476171110  -412.352467302  -412.302871272  -412.302871272  -412.242764442
   223.500  -412.473377382  -412.348856525  -412.300307522  -412.300307522  -412.242688206
   224.000  -412.469436677  -412.345252953  -412.297725497  -412.297725497  -412.242623343
   224.500  -412.465360289  -412.342706603  -412.296102851  -412.296102851  -412.242571846
   225.000  -412.462011995  -412.342065232  -412.296224401  -412.296224401  -412.242542426
   225.500  -412.459956799  -412.343822124  -412.298534944  -412.298534944  -412.242546358
   226.000  -412.459268617  -412.347929807  -412.302953934  -412.302953934  -412.242597221
   226.500  -412.459322859  -412.353603324  -412.308677463  -412.308677463  -412.242706710
   227.000  -412.458646371  -412.359180188  -412.314042529  -412.314042529  -412.242867697
   227.500  -412.455095869  -412.362302886  -412.316723121  -412.316723121  -412.243020845
   228.000  -412.446852347  -412.360917994  -412.314737345  -412.314737345  -412.243032849
   228.500  -412.434347160  -412.355205659  -412.308383784  -412.308383784  -412.242801815
   229.000  -412.421423693  -412.348759136  -412.301399347  -412.301399347  -412.242493006
   229.500  -412.412750648  -412.346031516  -412.298348926  -412.298348926  -412.242447950
   230.000  -412.409204758  -412.347747364  -412.299983309  -412.299983309  -412.242660173
   230.500  -412.407857746  -412.350889262  -412.303227733  -412.303227733  -412.242832342
   231.000  -412.405942262  -412.352641058  -412.305181996  -412.305181996  -412.242857928
   231.500  -412.402680053  -412.352196911  -412.304975531  -412.304975531  -412.242810306
   232.000  -412.398502877  -412.349976571  -412.302997393  -412.302997393  -412.242748927
   232.500  -412.394194438  -412.346767736  -412.300025492  -412.300025492  -412.242686422
   233.000  -412.390624145  -412.343461781  -412.296947604  -412.296947604  -412.242626772
   233.500  -412.388657741  -412.340964026  -412.294655940  -412.294655940  -412.242577034
   234.000  -412.389023095  -412.340062221  -412.293910496  -412.293910496  -412.242545602
   234.500  -412.392167342  -412.341285790  -412.295195097  -412.295195097  -412.242538342
   235.000  -412.398132520  -412.344784731  -412.298604232  -412.298604232  -412.242563643
   235.500  -412.406431490  -412.350204640  -412.303721705  -412.303721705  -412.242630620
   236.000  -412.415907419  -412.356537998  -412.309492432  -412.309492432  -412.242746397
   236.500  -412.424717184  -412.362093932  -412.314200436  -412.314200436  -412.242885463
   237.000  -412.430817260  -412.364961509  -412.315953526  -412.315953526  -412.242958081
   237.500  -412.433359783  -412.364386663  -412.314066002  -412.314066002  -412.242840439
   238.000  -412.434307403  -412.362380119  -412.310657697  -412.310657697  -412.242567988
   238.500  -412.437590049  -412.362893104  -412.309791674  -412.309791674  -412.242446350
   239.000  -412.444857562  -412.367602043  -412.313211660  -412.313211660  -412.242641715
   239.500  -412.453297713  -412.373745417  -412.318163625  -412.318163625  -412.242900170
   240.000  -412.458953897  -412.377431343  -412.320728772  -412.320728772  -412.242983752
   240.500  -412.460180897  -412.377072384  -412.319293619  -412.319293619  -412.242913324
   241.000  -412.457676235  -412.373405887  -412.314587073  -412.314587073  -412.242793979
   241.500  -412.453051199  -412.368065997  -412.308251580  -412.308251580  -412.242688535
   242.000  -412.447844028  -412.362600891  -412.301852447  -412.301852447  -412.242613314
   242.500  -412.443203396  -412.358157987  -412.296554759  -412.296554759  -412.242564274
   243.000  -412.439902030  -412.355497081  -412.293130051  -412.293130051  -412.242536585
   243.500  -412.438385825  -412.355038402  -412.292001401  -412.292001401  -412.242532758
   244.000  -412.438728731  -412.356817980  -412.293198549  -412.293198549  -412.242561932
   244.500  -412.440497768  -412.360353656  -412.296227150  -412.296227150  -412.242635175
   245.000  -412.442607801  -412.364501417  -412.299929954  -412.299929954  -412.242755812
   245.500  -412.443327984  -412.367462707  -412.302501011  -412.302501011  -412.242898530
   246.000  -412.440761814  -412.367263464  -412.301973114  -412.301973114  -412.242978222
   246.500  -412.434186612  -412.363094087  -412.297565099  -412.297565099  -412.242862626
   247.000  -412.425850522  -412.357109309  -412.291484411  -412.291484411  -412.242539040
   247.500  -412.420763839  -412.354232243  -412.288717066  -412.288717066  -412.242303514
   248.000  -412.422370970  -412.357841116  -412.292689366  -412.292689366  -412.242452145
   248.500  -412.428575739  -412.365802576  -412.301276387  -412.301276387  -412.242807864
   249.000  -412.434057838  -412.372777754  -412.309107663  -412.309107663  -412.243029953
   249.500  -412.435125572  -412.375057287  -412.312419952  -412.312419952  -412.243032776
   250.000  -412.431348360  -412.372183701  -412.310697176  -412.310697176  -412.242903072
   250.500  -412.424492634  -412.365886015  -412.305618039  -412.305618039  -412.242737028
   251.000  -412.417065441  -412.358632943  -412.299607731  -412.299607731  -412.242594627
   251.500  -412.411305230  -412.352629496  -412.294839177  -412.294839177  -412.242506004
   252.000  -412.408657023  -412.349300566  -412.292710846  -412.292710846  -412.242475629
   252.500  -412.409649525  -412.349170346  -412.293725896  -412.293725896  -412.242493793
   253.000  -412.414016859  -412.351984947  -412.297610739  -412.297610739  -412.242550359
   253.500  -412.420844657  -412.356855929  -412.303461390  -412.303461390  -412.242644936
   254.000  -412.428620602  -412.362309551  -412.309790546  -412.309790546  -412.242777423
   254.500  -412.435293391  -412.366341769  -412.314591755  -412.314591755  -412.242927104
   255.000  -412.438688567  -412.366829731  -412.315754805  -412.315754805  -412.243018782
   255.500  -412.437687519  -412.362702377  -412.312247017  -412.312247017  -412.242930057
   256.000  -412.433918828  -412.355626474  -412.305797243  -412.305797243  -412.242626916
   256.500  -412.431918303  -412.350173093  -412.301041563  -412.301041563  -412.242353769
   257.000  -412.435531779  -412.350240759  -412.301908504  -412.301908504  -412.242422328
   257.500  -412.443750999  -412.354911764  -412.307444432  -412.307444432  -412.242734830
   258.000  -412.451950393  -412.359684106  -412.313057775  -412.313057775  -412.242962001
   258.500  -412.456423264  -412.360981546  -412.315068838  -412.315068838  -412.242984709
   259.000  -412.456409414  -412.358155072  -412.312742071  -412.312742071  -412.242875725
   259.500  -412.453291046  -412.352666139  -412.307481502  -412.307481502  -412.242725630
   260.000  -412.449263745  -412.346759122  -412.301499749  -412.301499749  -412.242585585
   260.500  -412.446471419  -412.342605163  -412.296955924  -412.296955924  -412.242482723
   261.000  -412.446504316  -412.341810440  -412.295460310  -412.295460310  -412.242436689
   261.500  -412.450064348  -412.345090719  -412.297741525  -412.297741525  -412.242456309
   262.000  -412.456807840  -412.352114676  -412.303491318  -412.303491318  -412.242537216
   262.500  -412.465424786  -412.361579052  -412.311434049  -412.311434049  -412.242664693
   263.000  -412.473883000  -412.371439859  -412.319562797  -412.319562797  -412.242822821
   263.500  -412.479752751  -412.379224798  -412.325451201  -412.325451201  -412.242981671
   264.000  -412.480756515  -412.382569191  -412.326801644  -412.326801644  -412.243071455
   264.500  -412.475895622  -412.380340666  -412.322572077  -412.322572077  -412.242979930
   265.000  -412.466981068  -412.374177724  -412.314517083  -412.314517083  -412.242678640
   265.500  -412.458706428  -412.368594081  -412.307262670  -412.307262670  -412.242402257
   266.000  -412.455144345  -412.367507748  -412.304801481  -412.304801481  -412.242453175
   266.500  -412.455719619  -412.370240585  -412.306455342  -412.306455342  -412.242732172
   267.000  -412.456469257  -412.372766779  -412.308144409  -412.308144409  -412.242920853
   267.500  -412.454416923  -412.372069147  -412.306776270  -412.306776270  -412.242919028
   268.000  -412.449287703  -412.367831491  -412.301980426  -412.301980426  -412.242814913
   268.500  -412.442493465  -412.361428870  -412.295094682  -412.295094682  -412.242692931
   269.000  -412.435872928  -412.354665364  -412.287908226  -412.287908226  -412.242587077
   269.500  -412.431105096  -412.349197788  -412.282070495  -412.282070495  -412.242502423
   270.000  -412.429543368  -412.346372447  -412.278926847  -412.278926847  -412.242444770
   270.500  -412.432084828  -412.347106693  -412.279386590  -412.279386590  -412.242428032
   271.000  -412.438915027  -412.351630320  -412.283676382  -412.283676382  -412.242475402
   271.500  -412.449211896  -412.359207559  -412.291037708  -412.291037708  -412.242591999
   272.000  -412.461051535  -412.368023327  -412.299645984  -412.299645984  -412.242765031
   272.500  -412.471709135  -412.375491134  -412.306900390  -412.306900390  -412.242943254
   273.000  -412.478488310  -412.379052143  -412.310258845  -412.310258845  -412.243037906
   273.500  -412.480162216  -412.377614358  -412.308662111  -412.308662111  -412.242931177
   274.000  -412.478554864  -412.373108517  -412.304111761  -412.304111761  -412.242625743
   274.500  -412.478194575  -412.370163236  -412.301297347  -412.301297347  -412.242392330
   275.000  -412.482316924  -412.372110615  -412.303586524  -412.303586524  -412.242510548
   275.500  -412.489173629  -412.377322331  -412.309315626  -412.309315626  -412.242814779
   276.000  -412.494196470  -412.381353005  -412.313963868  -412.313963868  -412.242976494
   276.500  -412.494588706  -412.381509813  -412.314759725  -412.314759725  -412.242933093
   277.000  -412.490557037  -412.378056470  -412.311925251  -412.311925251  -412.242804453
   277.500  -412.483806169  -412.372704960  -412.307162934  -412.307162934  -412.242688683
   278.000  -412.476059363  -412.367138144  -412.302166368  -412.302166368  -412.242617452
   278.500  -412.468507032  -412.362471583  -412.298054398  -412.298054398  -412.242581992
   279.000  -412.461847494  -412.359297369  -412.295414310  -412.295414310  -412.242567916
   279.500  -412.456471706  -412.357879218  -412.294489972  -412.294489972  -412.242567411
   280.000  -412.452542801  -412.358238206  -412.295277564  -412.295277564  -412.242588213
   280.500  -412.449876524  -412.360045784  -412.297420727  -412.297420727  -412.242648888
   281.000  -412.447674488  -412.362366416  -412.299963601  -412.299963601  -412.242762753
   281.500  -412.444386301  -412.363526843  -412.301228956  -412.301228956  -412.242904690
   282.000  -412.438184043  -412.361592584  -412.299303525  -412.299303525  -412.242980911
   282.500  -412.428418410  -412.355821273  -412.293496158  -412.293496158  -412.242857494
   283.000  -412.417425177  -412.348468379  -412.286139659  -412.286139659  -412.242536731
   283.500  -412.410097288  -412.344366593  -412.282144874  -412.282144874  -412.242332633
   284.000  -412.409333326  -412.346386670  -412.284424715  -412.284424715  -412.242526364
   284.500  -412.412355486  -412.351755766  -412.290189283  -412.290189283  -412.242880932
   285.000  -412.413872368  -412.355207174  -412.294109566  -412.294109566  -412.243028737
   285.500  -412.411280939  -412.354156278  -412.293532691  -412.293532691  -412.242933920
   286.000  -412.405590776  -412.349617020  -412.289421673  -412.289421673  -412.242747701
   286.500  -412.399408850  -412.344186131  -412.284349498  -412.284349498  -412.242590118
   287.000  -412.395098362  -412.340213952  -412.280659963  -412.280659963  -412.242502983
   287.500  -412.394029578  -412.339059382  -412.279716699  -412.279716699  -412.242480561
   288.000  -412.396584443  -412.341100361  -412.281904696  -412.281904696  -412.242501950
   288.500  -412.402438422  -412.346016658  -412.286907823  -412.286907823  -412.242550201
   289.000  -412.410811584  -412.353040857  -412.293959033  -412.293959033  -412.242619620
   289.500  -412.420577555  -412.361068250  -412.301948702  -412.301948702  -412.242712704
   290.000  -412.430254099  -412.368646242  -412.309421287  -412.309421287  -412.242833220
   290.500  -412.438022219  -412.373995871  -412.314598756  -412.314598756  -412.242961462
   291.000  -412.442119237  -412.375399974  -412.315783140  -412.315783140  -412.243020842
   291.500  -412.442067984  -412.372431041  -412.312585255  -412.312585255  -412.242882219
   292.000  -412.440386771  -412.367653525  -412.307631654  -412.307631654  -412.242546999
   292.500  -412.442103552  -412.366147702  -412.306061873  -412.306061873  -412.242355812
   293.000  -412.449818318  -412.370587680  -412.310575701  -412.310575701  -412.242601366
   293.500  -412.459904066  -412.377457464  -412.317625778  -412.317625778  -412.242992827
   294.000  -412.466373005  -412.380904209  -412.321290564  -412.321290564  -412.243135225
   294.500  -412.466515929  -412.378350859  -412.318922743  -412.318922743  -412.243012578
   295.000  -412.461626940  -412.371201757  -412.311877588  -412.311877588  -412.242790209
   295.500  -412.454782419  -412.362618691  -412.303291741  -412.303291741  -412.242590722
   296.000  -412.448919372  -412.355604676  -412.296159822  -412.296159822  -412.242465885
   296.500  -412.445923223  -412.352097988  -412.292420281  -412.292420281  -412.242425878
   297.000  -412.446404091  -412.352748421  -412.292724783  -412.292724783  -412.242457735
   297.500  -412.449860596  -412.357077066  -412.296596026  -412.296596026  -412.242540209
   298.000  -412.455007556  -412.363795943  -412.302745947  -412.302745947  -412.242655573
   298.500  -412.460073131  -412.371096744  -412.309367958  -412.309367958  -412.242793487
   299.000  -412.463013983  -412.376859304  -412.314352086  -412.314352086  -412.242940280
   299.500  -412.461808497  -412.378941132  -412.315585482  -412.315585482  -412.243054986
   300.000  -412.455168606  -412.375889603  -412.311680657  -412.311680657  -412.243044299
   300.500  -412.443940157  -412.368349934  -412.303399564  -412.303399564  -412.242800472
   301.000  -412.432397287  -412.360380851  -412.294967760  -412.294967760  -412.242406310
   301.500  -412.426546736  -412.357797538  -412.292373703  -412.292373703  -412.242263046
   302.000  -412.428451971  -412.362537871  -412.297656194  -412.297656194  -412.242576398
   302.500  -412.433591394  -412.370036077  -412.306227007  -412.306227007  -412.242976118
   303.000  -412.435826134  -412.374166840  -412.311843800  -412.311843800  -412.243117143
   303.500  -412.432491253  -412.372299960  -412.311733610  -412.311733610  -412.243027021
   304.000  -412.424502822  -412.365386719  -412.306721569  -412.306721569  -412.242854010
   304.500  -412.414322076  -412.355917631  -412.299203235  -412.299203235  -412.242685357
   305.000  -412.404555694  -412.346524141  -412.291735716  -412.291735716  -412.242547389
   305.500  -412.397404976  -412.339428302  -412.286482570  -412.286482570  -412.242454916
   306.000  -412.394357441  -412.336135724  -412.284898877  -412.284898877  -412.242429517
   306.500  -412.395828823  -412.337079732  -412.287375648  -412.287375648  -412.242486265
   307.000  -412.400949753  -412.341412243  -412.293028360  -412.293028360  -412.242612121
   307.500  -412.407764400  -412.347206064  -412.299904207  -412.299904207  -412.242772927
   308.000  -412.413782069  -412.352007134  -412.305535433  -412.305535433  -412.242930437
   308.500  -412.416619422  -412.353472323  -412.307588950  -412.307588950  -412.243044203
   309.000  -412.414741666  -412.350100472  -412.304603625  -412.304603625  -412.243041616
   309.500  -412.408604559  -412.342361764  -412.297129898  -412.297129898  -412.242828409
   310.000  -412.401843294  -412.333882110  -412.288901683  -412.288901683  -412.242453778
   310.500  -412.400094557  -412.330281954  -412.285636582  -412.285636582  -412.242268795
   311.000  -412.405981232  -412.334195714  -412.289996680  -412.289996680  -412.242501908
   311.500  -412.416135180  -412.342319380  -412.298616829  -412.298616829  -412.242844599
   312.000  -412.425274275  -412.349477801  -412.306210943  -412.306210943  -412.242970959
   312.500  -412.430910359  -412.353303713  -412.310312030  -412.310312030  -412.242907433
   313.000  -412.433441332  -412.354305788  -412.311371372  -412.311371372  -412.242799193
   313.500  -412.434195548  -412.353901900  -412.310794549  -412.310794549  -412.242721199
   314.000  -412.434247893  -412.353230134  -412.309736972  -412.309736972  -412.242676851
   314.500  -412.434255988  -412.352983514  -412.308926614  -412.308926614  -412.242647101
   315.000  -412.434694183  -412.353644776  -412.308883936  -412.308883936  -412.242619482
   315.500  -412.435999988  -412.355635993  -412.310067043  -412.310067043  -412.242604140
   316.000  -412.438413212  -412.359163985  -412.312711832  -412.312711832  -412.242628705
   316.500  -412.441568987  -412.363817924  -412.316434249  -412.316434249  -412.242715667
   317.000  -412.444203845  -412.368279040  -412.319941454  -412.319941454  -412.242854955
   317.500  -412.444346720  -412.370509050  -412.321228143  -412.321228143  -412.242999695
   318.000  -412.440106873  -412.368533994  -412.318362164  -412.318362164  -412.243060590
   318.500  -412.431083665  -412.361848807  -412.310894148  -412.310894148  -412.242916724
   319.000  -412.419994945  -412.353051395  -412.301483639  -412.301483639  -412.242575508
   319.500  -412.412090959  -412.347273569  -412.295314163  -412.295314163  -412.242374982
   320.000  -412.410289134  -412.347342335  -412.295222322  -412.295222322  -412.242582666
   320.500  -412.411692679  -412.350305209  -412.298214787  -412.298214787  -412.242905647
   321.000  -412.411458847  -412.351282967  -412.299343667  -412.299343667  -412.242991291
   321.500  -412.407850027  -412.348494266  -412.296774671  -412.296774671  -412.242856752
   322.000  -412.402453158  -412.343470679  -412.292017164  -412.292017164  -412.242671883
   322.500  -412.397856332  -412.338742227  -412.287604112  -412.287604112  -412.242548503
   323.000  -412.395900911  -412.336105239  -412.285339797  -412.285339797  -412.242513504
   323.500  -412.397160955  -412.336110163  -412.285774591  -412.285774591  -412.242544177
   324.000  -412.401225660  -412.338349249  -412.288482448  -412.288482448  -412.242600515
   324.500  -412.407273000  -412.342027582  -412.292636060  -412.292636060  -412.242649598
   325.000  -412.414561070  -412.346451646  -412.297503255  -412.297503255  -412.242680012
   325.500  -412.422611109  -412.351210918  -412.302632762  -412.302632762  -412.242706558
   326.000  -412.430977486  -412.355942697  -412.307634044  -412.307634044  -412.242766414
   326.500  -412.438750530  -412.359831228  -412.311679167  -412.311679167  -412.242877826
   327.000  -412.444376931  -412.361417489  -412.313325685  -412.313325685  -412.242978632
   327.500  -412.446674307  -412.359601347  -412.311524265  -412.311524265  -412.242912295
   328.000  -412.446953651  -412.355755277  -412.307735627  -412.307735627  -412.242628244
   328.500  -412.449323410  -412.354043629  -412.306215888  -412.306215888  -412.242432036
   329.000  -412.456335634  -412.357100772  -412.309645327  -412.309645327  -412.242613065
   329.500  -412.465267077  -412.362334881  -412.315385305  -412.315385305  -412.242917529
   330.000  -412.471403273  -412.365191106  -412.318767986  -412.318767986  -412.243009775
   330.500  -412.472823352  -412.363893244  -412.317888510  -412.317888510  -412.242893624
   331.000  -412.470787851  -412.359798903  -412.314003125  -412.314003125  -412.242715908
   331.500  -412.467757959  -412.355414078  -412.309551588  -412.309551588  -412.242573001
   332.000  -412.465852998  -412.352862716  -412.306623300  -412.306623300  -412.242500747
   332.500  -412.466190329  -412.353244593  -412.306305996  -412.306305996  -412.242503388
   333.000  -412.468761745  -412.356525318  -412.308570123  -412.308570123  -412.242564883
   333.500  -412.472662782  -412.361772098  -412.312500422  -412.312500422  -412.242653177
   334.000  -412.476582187  -412.367642246  -412.316781816  -412.316781816  -412.242732042
   334.500  -412.479363397  -412.372938518  -412.320251700  -412.320251700  -412.242779276
   335.000  -412.480343995  -412.376941424  -412.322233226  -412.322233226  -412.242805659
   335.500  -412.479221487  -412.379269143  -412.322397384  -412.322397384  -412.242846480
   336.000  -412.475603408  -412.379424658  -412.320321082  -412.320321082  -412.242899355
   336.500  -412.469152937  -412.376942568  -412.315641765  -412.315641765  -412.242858083
   337.000  -412.461028474  -412.372836111  -412.309508987  -412.309508987  -412.242636223
   337.500  -412.454735502  -412.370467496  -412.305423450  -412.305423450  -412.242433488
   338.000  -412.453152837  -412.372597452  -412.306234498  -412.306234498  -412.242548661
   338.500  -412.454668728  -412.377534482  -412.310244746  -412.310244746  -412.242842459
   339.000  -412.455001720  -412.380942700  -412.313041253  -412.313041253  -412.242980091
   339.500  -412.451823251  -412.380443205  -412.312151044  -412.312151044  -412.242906666
   340.000  -412.445886060  -412.376730224  -412.308204458  -412.308204458  -412.242752728
   340.500  -412.439347959  -412.371900627  -412.303269350  -412.303269350  -412.242618917
   341.000  -412.434219613  -412.367908198  -412.299300439  -412.299300439  -412.242539453
   341.500  -412.431745867  -412.365954710  -412.297512565  -412.297512565  -412.242514877
   342.000  -412.432325291  -412.366414965  -412.298296849  -412.298296849  -412.242537694
   342.500  -412.435610997  -412.368944510  -412.301319170  -412.301319170  -412.242594996
   343.000  -412.440711640  -412.372683396  -412.305722075  -412.305722075  -412.242668070
   343.500  -412.446476656  -412.376542776  -412.310411248  -412.310411248  -412.242742751
   344.000  -412.451708718  -412.379410906  -412.314266178  -412.314266178  -412.242825755
   344.500  -412.455098654  -412.380078285  -412.316072123  -412.316072123  -412.242932894
   345.000  -412.455107320  -412.377102685  -412.314396724  -412.314396724  -412.243027480
   345.500  -412.450643050  -412.369469717  -412.308266749  -412.308266749  -412.242975729
   346.000  -412.442963997  -412.358475098  -412.299069986  -412.299069986  -412.242676710
   346.500  -412.436704832  -412.348746221  -412.291581343  -412.291581343  -412.242354322
   347.000  -412.436385993  -412.344756884  -412.290457195  -412.290457195  -412.242406199
   347.500  -412.441104914  -412.345530355  -412.294903554  -412.294903554  -412.242742590
   348.000  -412.445774796  -412.345918158  -412.299866863  -412.299866863  -412.242952528
   348.500  -412.446884405  -412.342452756  -412.301725528  -412.301725528  -412.242928709
   349.000  -412.444553427  -412.335463428  -412.300343180  -412.300343180  -412.242790971
   349.500  -412.440793095  -412.327170015  -412.297505040  -412.297505040  -412.242661364
   350.000  -412.437593401  -412.319689209  -412.295081010  -412.295081010  -412.242589289
   350.500  -412.436127020  -412.314302840  -412.294181964  -412.294181964  -412.242575170
   351.000  -412.436722458  -412.311507196  -412.295076580  -412.295076580  -412.242601372
   351.500  -412.439115283  -412.311293253  -412.297440483  -412.297440483  -412.242642187
   352.000  -412.442719973  -412.313312095  -412.300735992  -412.300735992  -412.242672307
   352.500  -412.446777643  -412.316812454  -412.304530051  -412.304530051  -412.242702555
   353.000  -412.450300545  -412.320579782  -412.308341143  -412.308341143  -412.242773533
   353.500  -412.451879148  -412.322988124  -412.311140726  -412.311140726  -412.242896200
   354.000  -412.449796199  -412.322259171  -412.311295380  -412.311295380  -412.243003476
   354.500  -412.443170524  -412.317656396  -412.307648389  -412.307648389  -412.242948366
   355.000  -412.433997157  -412.311480284  -412.301580046  -412.301580046  -412.242657632
   355.500  -412.427300083  -412.308811987  -412.297597105  -412.297597105  -412.242396428
   356.000  -412.426722560  -412.312835583  -412.299333615  -412.299333615  -412.242507846
   356.500  -412.430466367  -412.321216642  -412.305161682  -412.305161682  -412.242801972
   357.000  -412.433982379  -412.329037281  -412.310628178  -412.310628178  -412.242940430
   357.500  -412.434702308  -412.333474861  -412.313204817  -412.313204817  -412.242890367
   358.000  -412.432882312  -412.334584401  -412.313175874  -412.313175874  -412.242770715
   358.500  -412.430032272  -412.333709501  -412.312092087  -412.312092087  -412.242663902
   359.000  -412.427612002  -412.332182561  -412.311479685  -412.311479685  -412.242597431
   359.500  -412.426527805  -412.330849192  -412.312330171  -412.312330171  -412.242573296
   360.000  -412.427079578  -412.330051165  -412.315016361  -412.315016361  -412.242584290
   360.500  -412.429079934  -412.329745107  -412.319379023  -412.319379023  -412.242618912
   361.000  -412.432018272  -412.329624806  -412.324879164  -412.324879164  -412.242681258
   361.500  -412.435182493  -412.331118910  -412.328816563  -412.328816563  -412.243651015
   362.000  -412.437522450  -412.335600395  -412.328754976  -412.328754976  -412.243608146
   362.500  -412.437954576  -412.337707965  -412.328027153  -412.328027153  -412.243699413
   363.000  -412.435235537  -412.336127518  -412.325499068  -412.325499068  -412.243761164
   363.500  -412.428872787  -412.330385849  -412.320658314  -412.320658314  -412.243666345
   364.000  -412.420799108  -412.322433459  -412.315355613  -412.315355613  -412.243396080
   364.500  -412.415211049  -412.316471171  -412.313660691  -412.313660691  -412.243240430
   365.000  -412.414432830  -412.317771457  -412.314796697  -412.314796697  -412.243389497
   365.500  -412.416059634  -412.323520186  -412.315907126  -412.315907126  -412.243681579
   366.000  -412.415732701  -412.326543631  -412.315394114  -412.315394114  -412.243763513
   366.500  -412.411821085  -412.325202103  -412.311600126  -412.311600126  -412.243653993
   367.000  -412.405561092  -412.320712377  -412.305749096  -412.305749096  -412.243503469
   367.500  -412.399033898  -412.315134347  -412.299913802  -412.299913802  -412.243398833
   368.000  -412.393810246  -412.310032748  -412.295643488  -412.295643488  -412.243354297
   368.500  -412.390628669  -412.306162832  -412.293637505  -412.293637505  -412.243355304
   369.000  -412.389542526  -412.303616503  -412.293900332  -412.293900332  -412.243387636
   369.500  -412.390135937  -412.302069934  -412.295933977  -412.295933977  -412.243456898
   370.000  -412.391695910  -412.301399394  -412.298471905  -412.301399394  -412.243816978
   370.500  -412.393226608  -412.303548391  -412.297766723  -412.303548391  -412.244401638
   371.000  -412.393675990  -412.306196932  -412.294281115  -412.306196932  -412.244518288
   371.500  -412.392002488  -412.307287559  -412.288066489  -412.307287559  -412.244579019
   372.000  -412.387217191  -412.308281132  -412.278177063  -412.308281132  -412.247028700
   372.500  -412.379087901  -412.304032967  -412.264767010  -412.304032967  -412.246944482
   373.000  -412.369471946  -412.298739881  -412.249654761  -412.298739881  -412.246670601
   373.500  -412.362818252  -412.296753189  -412.237426563  -412.296753189  -412.246452974
   374.000  -412.362355717  -412.301175649  -412.231492776  -412.301175649  -412.246631347
   374.500  -412.365607014  -412.309396465  -412.229614563  -412.309396465  -412.247028873
   375.000  -412.366742172  -412.315466485  -412.226240174  -412.315466485  -412.247227276
   375.500  -412.362397659  -412.315935635  -412.218283257  -412.315935635  -412.247147367
   376.000  -412.353266353  -412.311453795  -412.206674086  -412.311453795  -412.246944544
   376.500  -412.342113758  -412.304777476  -412.194370550  -412.304777476  -412.246754434
   377.000  -412.331742316  -412.298711079  -412.184358070  -412.298711079  -412.246630167
   377.500  -412.324052638  -412.295172039  -412.178697287  -412.295172039  -412.246573697
   378.000  -412.319894615  -412.295051219  -412.178288326  -412.295051219  -412.246574262
   378.500  -412.319245904  -412.298333503  -412.182986698  -412.298333503  -412.246625228
   379.000  -412.321464116  -412.304210940  -412.191841571  -412.304210940  -412.246722829
   379.500  -412.325540004  -412.311164375  -412.203308337  -412.311164375  -412.246864527
   380.000  -412.330274901  -412.317094389  -412.215410497  -412.317094389  -412.247016976
   380.500  -412.334112720  -412.319852101  -412.225941744  -412.319852101  -412.247117075
   381.000  -412.335092764  -412.318038071  -412.232874204  -412.318038071  -412.247145548
   381.500  -412.332222429  -412.311643806  -412.235371227  -412.311643806  -412.247002650
   382.000  -412.327636646  -412.303454542  -412.235576410  -412.303454542  -412.246635448
   382.500  -412.326761584  -412.299228738  -412.238814585  -412.299228738  -412.246352111
   383.000  -412.333525537  -412.303051735  -412.248903824  -412.303051735  -412.246530085
   383.500  -412.345299661  -412.312359481  -412.263154445  -412.312359481  -412.246946115
   384.000  -412.355806611  -412.320886338  -412.275276130  -412.320886338  -412.247160163
   384.500  -412.361290891  -412.324854566  -412.281520139  -412.324854566  -412.247111588
   385.000  -412.361922451  -412.324385139  -412.282056962  -412.324385139  -412.246956046
   385.500  -412.359791087  -412.321498046  -412.278964514  -412.321498046  -412.246808735
   386.000  -412.357115418  -412.318328507  -412.274442058  -412.318328507  -412.246707625
   386.500  -412.355519068  -412.316416677  -412.270099397  -412.316416677  -412.246654116
   387.000  -412.355902154  -412.316598449  -412.266848628  -412.316598449  -412.246640899
   387.500  -412.358498637  -412.319080805  -412.264978822  -412.319080805  -412.246660388
   388.000  -412.362974151  -412.323548184  -412.264244369  -412.323548184  -412.246706606
   388.500  -412.368512273  -412.329254552  -412.263936956  -412.329254552  -412.246779005
   389.000  -412.373843246  -412.335051943  -412.262937551  -412.335051943  -412.246882584
   389.500  -412.377248811  -412.339372188  -412.259735947  -412.339372188  -412.247010470
   390.000  -412.376803952  -412.340436746  -412.252652223  -412.340436746  -412.247100805
   390.500  -412.371419716  -412.337275030  -412.240853256  -412.337275030  -412.247018988
   391.000  -412.362708098  -412.331570583  -412.226200010  -412.331570583  -412.246713573
   391.500  -412.355314591  -412.327972050  -412.213571347  -412.327972050  -412.246465651
   392.000  -412.352875164  -412.330011557  -412.206798517  -412.330011557  -412.246603956
   392.500  -412.353813069  -412.335825344  -412.204399008  -412.335825344  -412.246948515
   393.000  -412.353837172  -412.340449525  -412.201939468  -412.353837172  -412.247162490
   393.500  -412.350111377  -412.338752218  -412.194849292  -412.350111377  -412.247090802
   394.000  -412.345710304  -412.330384312  -412.185448925  -412.345710304  -412.247164509
   394.500  -412.340192707  -412.318839088  -412.175064099  -412.340192707  -412.247094440
   395.000  -412.334579315  -412.306836690  -412.165390139  -412.334579315  -412.247009942
   395.500  -412.330163480  -412.296127222  -412.157783274  -412.330163480  -412.246953534
   396.000  -412.327831269  -412.287740516  -412.153085238  -412.327831269  -412.246931056
   396.500  -412.327943570  -412.282101326  -412.151640787  -412.327943570  -412.246938795
   397.000  -412.330385116  -412.279146521  -412.153379481  -412.330385116  -412.246970973
   397.500  -412.334645521  -412.278426525  -412.157889910  -412.334645521  -412.247027897
   398.000  -412.339829064  -412.279125370  -412.164406748  -412.339829064  -412.247118297
   398.500  -412.344544649  -412.279943294  -412.171650812  -412.344544649  -412.247253504
   399.000  -412.346820539  -412.279001873  -412.177685086  -412.346820539  -412.247407236
   399.500  -412.344624685  -412.274347239  -412.180383199  -412.344624685  -412.247462907
   400.000  -412.337611016  -412.265679055  -412.179160619  -412.337611016  -412.247270042
   400.500  -412.329001286  -412.256230706  -412.176905075  -412.329001286  -412.246919351
   401.000  -412.323895834  -412.251081918  -412.178367847  -412.323895834  -412.246817912
   401.500  -412.323762613  -412.251642950  -412.184712349  -412.323762613  -412.247069835
   402.000  -412.325044789  -412.254249038  -412.192114331  -412.325044789  -412.247301852
   402.500  -412.324055488  -412.255072665  -412.196651824  -412.324055488  -412.247307872
   403.000  -412.320169118  -412.253345220  -412.197502995  -412.320169118  -412.247191221
   403.500  -412.314752728  -412.250317571  -412.195899626  -412.314752728  -412.247078588
   404.000  -412.309349635  -412.247452368  -412.193317706  -412.309349635  -412.247009588
   404.500  -412.304976844  -412.245720004  -412.190780235  -412.304976844  -412.246972873
   405.000  -412.302192520  -412.245648419  -412.188905517  -412.302192520  -412.246953903
   405.500  -412.301292066  -412.247507846  -412.188091976  -412.301292066  -412.246944427
   406.000  -412.302422282  -412.251413249  -412.188609093  -412.302422282  -412.246943625
   406.500  -412.305602446  -412.257345400  -412.190612106  -412.305602446  -412.246955332
   407.000  -412.310651636  -412.265076307  -412.194051963  -412.310651636  -412.246996288
   407.500  -412.316948908  -412.273930542  -412.198430119  -412.316948908  -412.247091040
   408.000  -412.323117486  -412.282462489  -412.202468751  -412.323117486  -412.247241207
   408.500  -412.327126211  -412.288550489  -412.204204404  -412.327126211  -412.247365922
   409.000  -412.327577205  -412.290673920  -412.202270625  -412.327577205  -412.247304543
   409.500  -412.325883513  -412.290093072  -412.198085031  -412.325883513  -412.247023006
   410.000  -412.326316675  -412.290917981  -412.195915215  -412.326316675  -412.246841226
   410.500  -412.331454386  -412.295593007  -412.198349292  -412.331454386  -412.247032806
   411.000  -412.338625324  -412.301369345  -412.202757585  -412.338625324  -412.247329761
   411.500  -412.343399027  -412.303785611  -412.204804241  -412.343399027  -412.247397106
   412.000  -412.344348037  -412.301390338  -412.203246376  -412.344348037  -412.247252574
   412.500  -412.343213009  -412.295896415  -412.200169136  -412.343213009  -412.247073919
   413.000  -412.342481548  -412.290001512  -412.198633993  -412.342481548  -412.246987922
   413.500  -412.343522167  -412.285881060  -412.200539033  -412.343522167  -412.246985589
   414.000  -412.346443411  -412.284454775  -412.205920657  -412.346443411  -412.247013675
   414.500  -412.350760968  -412.285429015  -412.213756622  -412.350760968  -412.247048160
   415.000  -412.355876396  -412.288119800  -412.222858126  -412.355876396  -412.247068591
   415.500  -412.361378442  -412.292024413  -412.232284977  -412.361378442  -412.247076490
   416.000  -412.367026091  -412.296855844  -412.241329946  -412.367026091  -412.247096160
   416.500  -412.372407980  -412.302164516  -412.249185224  -412.372407980  -412.247157927
   417.000  -412.376586721  -412.306948047  -412.254447895  -412.376586721  -412.247191440
   417.500  -412.380536504  -412.314760611  -412.261281506  -412.380536504  -412.250046845
   418.000  -412.377594385  -412.315068874  -412.263414828  -412.377594385  -412.249957920
   418.500  -412.372682945  -412.312821194  -412.262122690  -412.372682945  -412.249651200
   419.000  -412.370443325  -412.312546084  -412.262134608  -412.370443325  -412.249430527
   419.500  -412.374006087  -412.317348995  -412.266732094  -412.374006087  -412.249611780
   420.000  -412.380882557  -412.324781751  -412.273615681  -412.380882557  -412.249976498
   420.500  -412.385803297  -412.329644085  -412.277709162  -412.385803297  -412.250155904
   421.000  -412.385866776  -412.329089026  -412.276273098  -412.385866776  -412.250104069
   421.500  -412.381610008  -412.323660930  -412.269949653  -412.381610008  -412.249946038
   422.000  -412.375377001  -412.315654568  -412.261120213  -412.375377001  -412.249777818
   422.500  -412.369811660  -412.307627993  -412.252394438  -412.369811660  -412.249646466
   423.000  -412.367032594  -412.301599853  -412.245788966  -412.367032594  -412.249576266
   423.500  -412.368207998  -412.298618132  -412.242322320  -412.368207998  -412.249571247
   424.000  -412.373477902  -412.298682155  -412.241962098  -412.373477902  -412.249611924
   424.500  -412.382226962  -412.301037135  -412.243920120  -412.382226962  -412.249677026
   425.000  -412.393400902  -412.304529212  -412.247002957  -412.393400902  -412.249769558
   425.500  -412.405501118  -412.307632855  -412.249655220  -412.405501118  -412.249911195
   426.000  -412.416368376  -412.308254996  -412.249805563  -412.416368376  -412.250091496
   426.500  -412.423478450  -412.303988706  -412.245243577  -412.423478450  -412.250207729
   427.000  -412.425812503  -412.283244466  -412.255601727  -412.425812503  -412.250516657
   427.500  -412.424374511  -412.270108834  -412.247309599  -412.424374511  -412.250186372
   428.000  -412.424536199  -412.259193802  -412.239602142  -412.424536199  -412.249970632
   428.500  -412.429340400  -412.253840108  -412.235840929  -412.429340400  -412.250147915
   429.000  -412.436284206  -412.251683376  -412.233973297  -412.436284206  -412.250443510
   429.500  -412.440876916  -412.248315129  -412.229920223  -412.440876916  -412.250531173
   430.000  -412.441296530  -412.242186248  -412.221971526  -412.441296530  -412.250431203
   430.500  -412.438552376  -412.235083084  -412.210762149  -412.438552376  -412.250291925
   431.000  -412.434552397  -412.230678046  -412.197110488  -412.434552397  -412.250088763
   431.500  -412.432095584  -412.242364592  -412.189935461  -412.432095584  -412.251720957
   432.000  -412.428074538  -412.246045585  -412.188180002  -412.428074538  -412.251686068
   432.500  -412.425108759  -412.252960998  -412.187102016  -412.425108759  -412.251652344
   433.000  -412.423677443  -412.262752511  -412.187484516  -412.423677443  -412.251633314
   433.500  -412.423992164  -412.274927816  -412.189905475  -412.423992164  -412.251669155
   434.000  -412.425466863  -412.288217757  -412.194507461  -412.425466863  -412.251778337
   434.500  -412.426467076  -412.300357276  -412.200163500  -412.426467076  -412.251938020
   435.000  -412.424593908  -412.308658798  -412.204032990  -412.424593908  -412.252112567
   435.500  -412.417444174  -412.310598769  -412.203164508  -412.417444174  -412.252187202
   436.000  -412.404347333  -412.305416370  -412.196537654  -412.404347333  -412.252023939
   436.500  -412.388198809  -412.295954540  -412.186793109  -412.388198809  -412.251655815
   437.000  -412.374576168  -412.287791303  -412.179299454  -412.374576168  -412.251427666
   437.500  -412.366811097  -412.284315318  -412.177224694  -412.366811097  -412.251575434
   438.000  -412.362839071  -412.283564232  -412.178388608  -412.362839071  -412.251838461
   438.500  -412.358617354  -412.281617773  -412.178672316  -412.358617354  -412.251921086
   439.000  -412.352414609  -412.276863322  -412.176296460  -412.352414609  -412.251833244
   439.500  -412.345085682  -412.270255798  -412.172088139  -412.345085682  -412.251704095
   440.000  -412.338336863  -412.263579248  -412.167740421  -412.338336863  -412.251611931
   440.500  -412.333492587  -412.258213806  -412.164571418  -412.333492587  -412.251571792
   441.000  -412.331175113  -412.254817959  -412.163193407  -412.331175113  -412.251567199
   441.500  -412.331496428  -412.253521761  -412.163693310  -412.331496428  -412.251573695
   442.000  -412.334398069  -412.254267912  -412.165962679  -412.334398069  -412.251574694
   442.500  -412.339880922  -412.257042197  -412.169922808  -412.339880922  -412.251575107
   443.000  -412.347920693  -412.261789720  -412.175441837  -412.347920693  -412.251605974
   443.500  -412.358024798  -412.267974297  -412.181903308  -412.358024798  -412.251704030
   444.000  -412.368753993  -412.274103466  -412.187743980  -412.368753993  -412.251863309
   444.500  -412.377914483  -412.277921944  -412.190650414  -412.377914483  -412.251989640
   445.000  -412.384010420  -412.277895392  -412.189013610  -412.384010420  -412.251926517
   445.500  -412.388370897  -412.275341751  -412.184017000  -412.388370897  -412.251648977
   446.000  -412.395008307  -412.274178277  -412.180218436  -412.395008307  -412.251510648
   446.500  -412.406213188  -412.276804598  -412.181945626  -412.406213188  -412.251650580
   447.000  -412.418268598  -412.276813521  -412.197755386  -412.418268598  -412.249945796
   447.500  -412.431543156  -412.281237574  -412.202422404  -412.431543156  -412.250055491
   448.000  -412.442053735  -412.283491254  -412.204103239  -412.442053735  -412.250006351
   448.500  -412.450188938  -412.284338682  -412.204236866  -412.450188938  -412.249921947
   449.000  -412.457033613  -412.285004760  -412.205462443  -412.457033613  -412.249914380
   449.500  -412.463500185  -412.282381440  -412.217673718  -412.463500185  -412.250049604
   450.000  -412.469483993  -412.287401625  -412.224196839  -412.469483993  -412.250090235
   450.500  -412.474480033  -412.294047521  -412.231047153  -412.474480033  -412.250135016
   451.000  -412.477888726  -412.301445999  -412.237100427  -412.477888726  -412.250155040
   451.500  -412.478580174  -412.311292916  -412.241156099  -412.478580174  -412.249830465
   452.000  -412.477206929  -412.318846142  -412.246800289  -412.477206929  -412.249920298
   452.500  -412.473307342  -412.324085872  -412.250237342  -412.473307342  -412.249980792
   453.000  -412.466073211  -412.325666956  -412.250334600  -412.466073211  -412.250034745
   453.500  -412.454911385  -412.322528023  -412.245869835  -412.454911385  -412.250031520
   454.000  -412.440275453  -412.314806162  -412.236749078  -412.440275453  -412.249870422
   454.500  -412.425020744  -412.305198482  -412.225521539  -412.425020744  -412.249541193
   455.000  -412.414152328  -412.298729797  -412.217114188  -412.414152328  -412.249320098
   455.500  -412.410805211  -412.298732494  -412.214754416  -412.410805211  -412.249478368
   456.000  -412.412701786  -412.303274151  -412.216385963  -412.412701786  -412.249806675
   456.500  -412.414909906  -412.307826844  -412.217457815  -412.414909906  -412.249967326
   457.000  -412.414595986  -412.309894942  -412.215731893  -412.414595986  -412.249926524
   457.500  -412.411908557  -412.309776904  -412.212085043  -412.411908557  -412.249810523
   458.000  -412.408319697  -412.308920577  -412.208490525  -412.408319697  -412.249711879
   458.500  -412.405206053  -412.308619404  -412.206397262  -412.405206053  -412.249657939
   459.000  -412.403362861  -412.309579409  -412.206445083  -412.403362861  -412.249636561
   459.500  -412.403116509  -412.312044940  -412.208762933  -412.403116509  -412.249628103
   460.000  -412.404557408  -412.316023105  -412.213225705  -412.404557408  -412.249635725
   460.500  -412.407473170  -412.321184047  -412.219541744  -412.407473170  -412.249690172
   461.000  -412.410984660  -412.326584749  -412.226973944  -412.410984660  -412.249800696
   461.500  -412.413350886  -412.330522057  -412.234011672  -412.413350886  -412.249970460
   462.000  -412.412202492  -412.330594305  -412.238843885  -412.412202492  -412.250089974
   462.500  -412.405724969  -412.324815317  -412.239403022  -412.405724969  -412.250117726
   463.000  -412.393862222  -412.313228131  -412.234711411  -412.393862222  -412.249937755
   463.500  -412.379773494  -412.299014279  -412.227228037  -412.379773494  -412.249557688
   464.000  -412.369324170  -412.287988865  -412.222648366  -412.369324170  -412.249280752
   464.500  -412.366531433  -412.284142012  -412.225028304  -412.366531433  -412.249436248
   465.000  -412.369199847  -412.285308174  -412.232497270  -412.369199847  -412.249856801
   465.500  -412.381892929  -412.291508871  -412.258451503  -412.381892929  -412.259353414
   466.000  -412.382636918  -412.290005055  -412.259378237  -412.382636918  -412.259333555
   466.500  -412.379771043  -412.284304045  -412.255817004  -412.379771043  -412.259216435
   467.000  -412.374760049  -412.275926905  -412.249314021  -412.374760049  -412.259101662
   467.500  -412.369274505  -412.266595413  -412.241633700  -412.369274505  -412.259015108
   468.000  -412.364685733  -412.257726651  -412.234249752  -412.364685733  -412.258947688
   468.500  -412.362102176  -412.250470066  -412.228377202  -412.362102176  -412.258895416
   469.000  -412.362366052  -412.245708216  -412.224961880  -412.362366052  -412.258877089
   469.500  -412.365753184  -412.243767023  -412.224366245  -412.365753184  -412.258920607
   470.000  -412.371574479  -412.244037879  -412.225948124  -412.371574479  -412.259033982
   470.500  -412.378084608  -412.244920278  -412.227938235  -412.378084608  -412.259196866
   471.000  -412.382834897  -412.244209901  -412.227765980  -412.382834897  -412.259369161
   471.500  -412.383387787  -412.239797738  -412.222801054  -412.383387787  -412.259475919
   472.000  -412.378567762  -412.230794982  -412.211741084  -412.378567762  -412.259392785
   472.500  -412.370221904  -412.219161352  -412.196509628  -412.370221904  -412.259069177
   473.000  -412.363528945  -412.210049447  -412.182526854  -412.363528945  -412.258760123
   473.500  -412.363107878  -412.208031407  -412.174694027  -412.363107878  -412.258813879
   474.000  -412.368306012  -412.212446663  -412.172612249  -412.368306012  -412.259116291
   474.500  -412.374639072  -412.218838736  -412.172007329  -412.374639072  -412.259322127
   475.000  -412.378599916  -412.223727316  -412.169533673  -412.378599916  -412.259347930
   475.500  -412.379291375  -412.226205566  -412.164400369  -412.379291375  -412.259283505
   476.000  -412.377387460  -412.226900492  -412.157330974  -412.377387460  -412.259195353
   476.500  -412.374121737  -412.227010870  -412.149578215  -412.374121737  -412.259104829
   477.000  -412.370872251  -412.227920017  -412.142711801  -412.370872251  -412.259031985
   477.500  -412.369034825  -412.230206962  -412.139132186  -412.369034825  -412.258895846
   478.000  -412.370346133  -412.234143975  -412.139677374  -412.370346133  -412.258852666
   478.500  -412.375542740  -412.240830001  -412.143420399  -412.375542740  -412.258894841
   479.000  -412.383989438  -412.250008158  -412.149706398  -412.383989438  -412.259033034
   479.500  -412.393452861  -412.260021790  -412.157787493  -412.393452861  -412.259618412
   480.000  -412.396690952  -412.272551989  -412.189857120  -412.396690952  -412.253247978
   480.500  -412.405617250  -412.280328430  -412.197279776  -412.405617250  -412.253389267
   481.000  -412.409698085  -412.283196528  -412.199996715  -412.409698085  -412.253343798
   481.500  -412.410118389  -412.282424613  -412.199481961  -412.410118389  -412.253061979
   482.000  -412.411313294  -412.282487484  -412.200215786  -412.411313294  -412.252797063
   482.500  -412.417122062  -412.287252026  -412.205843915  -412.417122062  -412.252890708
   483.000  -412.426216690  -412.295429940  -412.214761595  -412.426216690  -412.253211545
   483.500  -412.433832994  -412.302294194  -412.221988047  -412.433832994  -412.253389868
   484.000  -412.436901723  -412.304771311  -412.224339907  -412.436901723  -412.253349101
   484.500  -412.435537657  -412.302914267  -412.221903803  -412.435537657  -412.253227166
   485.000  -412.431299995  -412.298188269  -412.216278953  -412.431299995  -412.253131469
   485.500  -412.425584239  -412.291899753  -412.208955602  -412.425584239  -412.253076078
   486.000  -412.419291892  -412.284884200  -412.200969864  -412.419291892  -412.253028590
   486.500  -412.413214315  -412.277873269  -412.193285328  -412.413214315  -412.252965635
   487.000  -412.409930951  -412.257332082  -412.216444852  -412.409930951  -412.254544663
   487.500  -412.406864240  -412.253021200  -412.220160725  -412.406864240  -412.254552014
   488.000  -412.405456475  -412.250528096  -412.224516037  -412.405456475  -412.254628746
   488.500  -412.404522820  -412.248694507  -412.228263077  -412.404522820  -412.254751581
   489.000  -412.402219011  -412.245708966  -412.229538729  -412.402219011  -412.254871651
   489.500  -412.396832441  -412.239888938  -412.226673271  -412.396832441  -412.254921988
   490.000  -412.387847493  -412.230765362  -412.219233437  -412.387847493  -412.254820892
   490.500  -412.377090110  -412.220283474  -412.209094106  -412.377090110  -412.254553640
   491.000  -412.368693528  -412.212768271  -412.200370901  -412.368693528  -412.254303488
   491.500  -412.366336181  -412.212021532  -412.196754949  -412.366336181  -412.254317122
   492.000  -412.369859070  -412.217839571  -412.198194745  -412.369859070  -412.254551956
   492.500  -412.375782124  -412.226582097  -412.201357795  -412.375782124  -412.254758674
   493.000  -412.380746975  -412.234690073  -412.203026256  -412.380746975  -412.254822834
   493.500  -412.383402533  -412.240612093  -412.201983597  -412.383402533  -412.254785338
   494.000  -412.384043999  -412.244466457  -412.198655073  -412.384043999  -412.254704418
   494.500  -412.383793480  -412.247231968  -412.194289332  -412.383793480  -412.254602092
   495.000  -412.384198469  -412.250344308  -412.190547906  -412.384198469  -412.254487179
   495.500  -412.387019722  -412.255461018  -412.189309225  -412.387019722  -412.254386373
   496.000  -412.393779725  -412.263979400  -412.192235574  -412.393779725  -412.254348640
   496.500  -412.405028112  -412.276313735  -412.199994413  -412.405028112  -412.254410291
   497.000  -412.419816793  -412.291445689  -412.211641314  -412.419816793  -412.254557962
   497.500  -412.435902670  -412.307151335  -412.224837217  -412.435902670  -412.254737886
   498.000  -412.450550151  -412.320760698  -412.236718396  -412.450550151  -412.254896656
   498.500  -412.461367035  -412.329968093  -412.244731835  -412.461367035  -412.254994516
   499.000  -412.466978773  -412.333483707  -412.247336308  -412.466978773  -412.254982271
   499.500  -412.467732651  -412.331765758  -412.244682919  -412.467732651  -412.254830550
   500.000  -412.465987287  -412.327485504  -412.238668964  -412.465987287  -412.254602611
