 N     7.0   -1.88812550   -0.05685604    0.09657686   14.00307401
 N     7.0    1.85371625    2.22851174   -0.20311807   14.00307401
 C     6.0   -0.80393974    2.34321569   -0.06711613   12.00000000
 C     6.0    3.35152281    0.19161897    0.00750913   12.00000000
 C     6.0    2.09274685   -2.09295496    0.14314861   12.00000000
 C     6.0   -0.66897348   -2.55262933   -0.09465013   12.00000000
 O     8.0   -1.78095843   -4.53241560   -0.07186743   15.99491464
 O     8.0   -2.08677760    4.23708267    0.12900547   15.99491464
 H     1.0   -3.65468421    0.05015492   -0.19328448    1.00782504
 H     1.0    2.75161521    3.82183978   -0.35253242    1.00782504
 H     1.0    5.26104180    0.32858108    0.37427924    1.00782504
 H     1.0    3.25641729   -4.08255361    0.84175594    1.00782504
