    0.000653631   -0.000793069    0.000065134
   -0.000345090   -0.000236180    0.000057111
   -0.000121928    0.000635547    0.000124487
   -0.000041758    0.000124528   -0.000105158
    0.000504432   -0.000510391    0.000097004
   -0.000221067    0.000489881    0.000171890
   -0.000138612    0.000173952   -0.000128253
   -0.000206404    0.000157568   -0.000237714
   -0.000458727    0.001823037    0.001645795
   -0.001266491    0.000472954    0.000553539
    0.001411508   -0.002229419    0.000868753
    0.000817593    0.001264220   -0.002043873
