     0.000  -412.513475855  -412.349426473  -412.285841959  -412.285841959  -412.256640153
     0.500  -412.516283990  -412.344281010  -412.287085751  -412.287085751  -412.256581294
     1.000  -412.523367851  -412.344456834  -412.292832792  -412.292832792  -412.256671256
     1.500  -412.533120027  -412.348150257  -412.301707346  -412.301707346  -412.256843597
     2.000  -412.542742916  -412.352647006  -412.311048298  -412.311048298  -412.257029961
     2.500  -412.549258812  -412.355113875  -412.317973248  -412.317973248  -412.257199532
     3.000  -412.550103679  -412.353108723  -412.319994830  -412.319994830  -412.257312459
     3.500  -412.543889321  -412.345314716  -412.315785872  -412.315785872  -412.257260665
     4.000  -412.531958283  -412.333092801  -412.306734046  -412.306734046  -412.256949931
     4.500  -412.519416899  -412.321527626  -412.297953613  -412.297953613  -412.256534896
     5.000  -412.512583983  -412.316903288  -412.295703400  -412.295703400  -412.256407421
     5.500  -412.513513694  -412.321242864  -412.301898230  -412.301898230  -412.256697239
     6.000  -412.518165738  -412.330480891  -412.312313538  -412.312313538  -412.257098823
     6.500  -412.520495336  -412.338540741  -412.320738209  -412.320738209  -412.257315672
     7.000  -412.516841773  -412.341706496  -412.323399105  -412.323399105  -412.257307562
     7.500  -412.506909812  -412.339588561  -412.319938142  -412.319938142  -412.257162651
     8.000  -412.492696736  -412.334043565  -412.312316370  -412.312316370  -412.256955544
     8.500  -412.477346898  -412.328029567  -412.303644790  -412.303644790  -412.256740181
     9.000  -412.464201193  -412.324666547  -412.297215571  -412.297215571  -412.256591044
     9.500  -412.455610506  -412.326066917  -412.295303910  -412.295303910  -412.256574300
    10.000  -412.451967376  -412.332383974  -412.298192738  -412.298192738  -412.256675052
    10.500  -412.451906181  -412.342022429  -412.304369644  -412.304369644  -412.256817233
    11.000  -412.453376942  -412.352718308  -412.311612955  -412.311612955  -412.256953358
    11.500  -412.454387931  -412.362288392  -412.317764172  -412.317764172  -412.257083363
    12.000  -412.453121251  -412.368755590  -412.320883495  -412.320883495  -412.257192540
    12.500  -412.448252105  -412.370678802  -412.319604847  -412.319604847  -412.257197693
    13.000  -412.440137006  -412.368345388  -412.314338692  -412.314338692  -412.257015392
    13.500  -412.431777085  -412.364736190  -412.308205001  -412.308205001  -412.256760027
    14.000  -412.427011997  -412.363706431  -412.305163797  -412.305163797  -412.256696384
    14.500  -412.427023668  -412.366477740  -412.306453734  -412.306453734  -412.256815248
    15.000  -412.430290126  -412.371575964  -412.310543039  -412.310543039  -412.256926906
    15.500  -412.434918070  -412.377156450  -412.315510100  -412.315510100  -412.257034259
    16.000  -412.438923377  -412.381285439  -412.319367179  -412.319367179  -412.257157610
    16.500  -412.440195474  -412.381903648  -412.320036074  -412.320036074  -412.257196509
    17.000  -412.437908488  -412.378237156  -412.316742565  -412.316742565  -412.257087005
    17.500  -412.433453203  -412.371733198  -412.310930437  -412.310930437  -412.256888059
    18.000  -412.429603873  -412.365237328  -412.305415639  -412.305415639  -412.256726997
    18.500  -412.428637289  -412.361122587  -412.302509654  -412.302509654  -412.256692066
    19.000  -412.431025553  -412.359988510  -412.302720898  -412.302720898  -412.256758487
    19.500  -412.435711057  -412.360928601  -412.305043486  -412.305043486  -412.256847595
    20.000  -412.441198334  -412.362609852  -412.308058468  -412.308058468  -412.256924083
    20.500  -412.446136144  -412.363838682  -412.310515691  -412.310515691  -412.257002771
    21.000  -412.449245463  -412.363476018  -412.311250618  -412.311250618  -412.257083625
    21.500  -412.449459285  -412.360573049  -412.309314377  -412.309314377  -412.257094426
    22.000  -412.447026850  -412.355473377  -412.305067427  -412.305067427  -412.256928009
    22.500  -412.444820380  -412.351121718  -412.301476489  -412.301476489  -412.256658153
    23.000  -412.446869146  -412.351601800  -412.302637877  -412.302637877  -412.256635738
    23.500  -412.453521353  -412.357300186  -412.308926920  -412.308926920  -412.256973921
    24.000  -412.460102863  -412.363565741  -412.315655660  -412.315655660  -412.257269542
    24.500  -412.462325073  -412.366117489  -412.318492882  -412.318492882  -412.257230784
    25.000  -412.460427735  -412.365190138  -412.317634668  -412.317634668  -412.257017871
    25.500  -412.457218728  -412.363576547  -412.315861783  -412.315861783  -412.256904497
    26.000  -412.454317046  -412.362870710  -412.314787568  -412.314787568  -412.256917397
    26.500  -412.451595097  -412.362901046  -412.314280556  -412.314280556  -412.256918707
    27.000  -412.448926099  -412.363470574  -412.314184165  -412.314184165  -412.256879606
    27.500  -412.446684931  -412.364859423  -412.314801441  -412.314801441  -412.256869886
    28.000  -412.444920642  -412.367003071  -412.316068030  -412.316068030  -412.256902485
    28.500  -412.443156798  -412.369298097  -412.317366118  -412.317366118  -412.256935577
    29.000  -412.440919452  -412.371129846  -412.318071299  -412.318071299  -412.256956543
    29.500  -412.437928416  -412.372066652  -412.317762372  -412.317762372  -412.256990709
    30.000  -412.433782734  -412.371552561  -412.315923139  -412.315923139  -412.257051488
    30.500  -412.427833373  -412.368790345  -412.311829113  -412.311829113  -412.257087669
    31.000  -412.419991905  -412.363559702  -412.305365833  -412.305365833  -412.256976719
    31.500  -412.412401031  -412.357894887  -412.298699576  -412.298699576  -412.256672338
    32.000  -412.409703346  -412.356356272  -412.296529476  -412.296529476  -412.256446236
    32.500  -412.415039288  -412.362029169  -412.302046630  -412.302046630  -412.256652411
    33.000  -412.425409662  -412.371887710  -412.312254564  -412.312254564  -412.257139143
    33.500  -412.433744936  -412.378867492  -412.320028688  -412.320028688  -412.257476155
    34.000  -412.434994767  -412.377956177  -412.320234682  -412.320234682  -412.257467629
    34.500  -412.429349769  -412.369409503  -412.312990546  -412.312990546  -412.257142083
    35.000  -412.421828016  -412.358325861  -412.303281924  -412.303281924  -412.256703450
    35.500  -412.418990424  -412.351355182  -412.297682022  -412.297682022  -412.256485747
    36.000  -412.424047395  -412.351806935  -412.299456240  -412.299456240  -412.256629117
    36.500  -412.434846164  -412.357647670  -412.306535474  -412.306535474  -412.256922112
    37.000  -412.446727230  -412.364363264  -412.314367850  -412.314367850  -412.257112055
    37.500  -412.456252290  -412.368687089  -412.319645940  -412.319645940  -412.257138305
    38.000  -412.462357647  -412.369743605  -412.321467339  -412.321467339  -412.257079388
    38.500  -412.465394257  -412.368073612  -412.320372187  -412.320372187  -412.257028677
    39.000  -412.465797953  -412.364287014  -412.317004581  -412.317004581  -412.257029176
    39.500  -412.463475739  -412.358434646  -412.311481757  -412.311481757  -412.257046347
    40.000  -412.458350978  -412.350542319  -412.303921236  -412.303921236  -412.256969896
    40.500  -412.451928887  -412.342174305  -412.295983735  -412.295983735  -412.256716386
    41.000  -412.448188550  -412.337331984  -412.291745793  -412.291745793  -412.256449331
    41.500  -412.450992252  -412.339876718  -412.295093444  -412.295093444  -412.256503667
    42.000  -412.459538548  -412.348995922  -412.305178053  -412.305178053  -412.256876043
    42.500  -412.468401892  -412.359244144  -412.316475651  -412.316475651  -412.257232572
    43.000  -412.472121824  -412.365122032  -412.323403199  -412.323403199  -412.257391983
    43.500  -412.468174543  -412.364033860  -412.323302129  -412.323302129  -412.257367322
    44.000  -412.457155635  -412.356465805  -412.316617919  -412.316617919  -412.257182228
    44.500  -412.442392561  -412.345601953  -412.306505307  -412.306505307  -412.256864690
    45.000  -412.429219601  -412.336618968  -412.298100636  -412.298100636  -412.256554940
    45.500  -412.422594093  -412.334325397  -412.296156570  -412.296156570  -412.256496188
    46.000  -412.423558378  -412.339645043  -412.301537649  -412.301537649  -412.256749829
    46.500  -412.428449816  -412.348830109  -412.310454671  -412.310454671  -412.257060580
    47.000  -412.432447496  -412.356988876  -412.318007561  -412.318007561  -412.257200031
    47.500  -412.432992385  -412.361481387  -412.321583180  -412.321583180  -412.257185154
    48.000  -412.429895003  -412.362017689  -412.320949412  -412.320949412  -412.257133543
    48.500  -412.423795585  -412.359126243  -412.316720750  -412.316720750  -412.257098125
    49.000  -412.415396433  -412.353402444  -412.309602414  -412.309602414  -412.257020601
    49.500  -412.406223405  -412.346283295  -412.301156624  -412.301156624  -412.256805610
    50.000  -412.399715767  -412.341146447  -412.294886717  -412.294886717  -412.256529873
    50.500  -412.399829307  -412.341917111  -412.294818073  -412.294818073  -412.256493633
    51.000  -412.406961684  -412.348989415  -412.301394440  -412.301394440  -412.256786747
    51.500  -412.416852449  -412.358118141  -412.310365349  -412.310365349  -412.257105510
    52.000  -412.424664696  -412.364493445  -412.316879550  -412.316879550  -412.257211823
    52.500  -412.428505792  -412.366261152  -412.319026634  -412.319026634  -412.257139928
    53.000  -412.429222195  -412.364321414  -412.317642576  -412.317642576  -412.257036595
    53.500  -412.428346711  -412.360281156  -412.314258432  -412.314258432  -412.257008177
    54.000  -412.426577682  -412.354934456  -412.309574854  -412.309574854  -412.257015106
    54.500  -412.424307913  -412.348784161  -412.303987785  -412.303987785  -412.256909150
    55.000  -412.423487258  -412.343893945  -412.299456850  -412.299456850  -412.256683494
    55.500  -412.427429707  -412.343693483  -412.299329327  -412.299329327  -412.256584922
    56.000  -412.437356320  -412.349522736  -412.304906282  -412.304906282  -412.256775172
    56.500  -412.450246850  -412.358484010  -412.313294699  -412.313294699  -412.257081228
    57.000  -412.461190414  -412.365783322  -412.319739620  -412.319739620  -412.257282397
    57.500  -412.466684638  -412.368012034  -412.320898336  -412.320898336  -412.257321631
    58.000  -412.465848404  -412.364354750  -412.316038462  -412.316038462  -412.257192852
    58.500  -412.460620218  -412.356787505  -412.307233073  -412.307233073  -412.256897210
    59.000  -412.455426837  -412.349753058  -412.299024964  -412.299024964  -412.256600210
    59.500  -412.454510494  -412.347499764  -412.295743754  -412.295743754  -412.256592075
    60.000  -412.457961265  -412.350127711  -412.297525771  -412.297525771  -412.256863481
    60.500  -412.461870167  -412.353743770  -412.300469192  -412.300469192  -412.257091703
    61.000  -412.462748321  -412.354871118  -412.301064741  -412.301064741  -412.257089593
    61.500  -412.460382759  -412.353295886  -412.299069126  -412.299069126  -412.256922961
    62.000  -412.457077207  -412.351298045  -412.296751302  -412.296751302  -412.256760359
    62.500  -412.455195441  -412.351200926  -412.296431447  -412.296431447  -412.256738712
    63.000  -412.455124371  -412.353340465  -412.298437521  -412.298437521  -412.256870819
    63.500  -412.455072571  -412.355869080  -412.300895691  -412.300895691  -412.257049153
    64.000  -412.452647640  -412.356330917  -412.301307280  -412.301307280  -412.257135191
    64.500  -412.446947762  -412.353749016  -412.298645466  -412.298645466  -412.257031450
    65.000  -412.439934041  -412.349996685  -412.294735175  -412.294735175  -412.256774341
    65.500  -412.435633493  -412.348999547  -412.293472891  -412.293472891  -412.256616534
    66.000  -412.436444426  -412.353047214  -412.297147989  -412.297147989  -412.256789194
    66.500  -412.440040055  -412.359695652  -412.303359231  -412.303359231  -412.257140732
    67.000  -412.441525941  -412.363925214  -412.307170363  -412.307170363  -412.257299515
    67.500  -412.438705924  -412.363412843  -412.306363250  -412.306363250  -412.257101380
    68.000  -412.434420505  -412.360882685  -412.303765999  -412.303765999  -412.256772836
    68.500  -412.433233796  -412.360808831  -412.303929238  -412.303929238  -412.256714334
    69.000  -412.435927023  -412.363918568  -412.307604808  -412.307604808  -412.256953886
    69.500  -412.439036038  -412.366727619  -412.311289743  -412.311289743  -412.257151998
    70.000  -412.439451617  -412.366130654  -412.311841033  -412.311841033  -412.257117795
    70.500  -412.437347149  -412.362324334  -412.309419791  -412.309419791  -412.256928149
    71.000  -412.435286978  -412.357918357  -412.306599282  -412.306599282  -412.256749117
    71.500  -412.435807142  -412.355523698  -412.305938568  -412.305938568  -412.256694043
    72.000  -412.439693870  -412.356038259  -412.308258386  -412.308258386  -412.256758204
    72.500  -412.445954807  -412.358617021  -412.312618132  -412.312618132  -412.256866034
    73.000  -412.452859153  -412.361701690  -412.317364020  -412.317364020  -412.256965243
    73.500  -412.458763968  -412.363831101  -412.320955188  -412.320955188  -412.257045135
    74.000  -412.462401020  -412.363909616  -412.322237371  -412.322237371  -412.257091269
    74.500  -412.463171788  -412.361486881  -412.320719458  -412.320719458  -412.257064375
    75.000  -412.461684102  -412.357284714  -412.317096085  -412.317096085  -412.256954783
    75.500  -412.459763975  -412.353207934  -412.313259882  -412.313259882  -412.256846879
    76.000  -412.459220129  -412.351118210  -412.311083688  -412.311083688  -412.256814322
    76.500  -412.460818289  -412.351822337  -412.311423033  -412.311423033  -412.256782736
    77.000  -412.465029869  -412.355822611  -412.314860703  -412.314860703  -412.256752087
    77.500  -412.471821191  -412.363097298  -412.321464310  -412.321464310  -412.256910379
    78.000  -412.478486423  -412.370924508  -412.328583913  -412.328583913  -412.257201477
    78.500  -412.480620680  -412.374853675  -412.331811000  -412.331811000  -412.257329833
    79.000  -412.476120535  -412.372708874  -412.328993367  -412.328993367  -412.257198458
    79.500  -412.466706608  -412.366117282  -412.321775485  -412.321775485  -412.256944593
    80.000  -412.456072034  -412.358668141  -412.313755642  -412.313755642  -412.256746779
    80.500  -412.447258269  -412.353301911  -412.307865336  -412.307865336  -412.256685754
    81.000  -412.441381608  -412.351043221  -412.305101024  -412.305101024  -412.256715950
    81.500  -412.438178173  -412.351546597  -412.305072560  -412.305072560  -412.256756181
    82.000  -412.437130458  -412.354218404  -412.307136736  -412.307136736  -412.256780158
    82.500  -412.437895935  -412.358642629  -412.310831782  -412.310831782  -412.256814327
    83.000  -412.439977775  -412.364251295  -412.315551686  -412.315551686  -412.256895006
    83.500  -412.442231370  -412.369831793  -412.320053641  -412.320053641  -412.257036458
    84.000  -412.442712473  -412.373372160  -412.322306569  -412.322306569  -412.257207045
    84.500  -412.439246202  -412.372625556  -412.320062287  -412.320062287  -412.257305244
    85.000  -412.430992049  -412.366669529  -412.312428769  -412.312428769  -412.257182404
    85.500  -412.420488633  -412.357950850  -412.301927066  -412.301927066  -412.256797755
    86.000  -412.413835233  -412.352476304  -412.294681245  -412.294681245  -412.256430737
    86.500  -412.416398259  -412.355535402  -412.296112783  -412.296112783  -412.256508058
    87.000  -412.426987259  -412.365885257  -412.305081529  -412.305081529  -412.256986006
    87.500  -412.438575994  -412.376466290  -412.314573006  -412.314573006  -412.257353805
    88.000  -412.445341777  -412.381430690  -412.318737509  -412.318737509  -412.257343573
    88.500  -412.446769853  -412.380244841  -412.317021809  -412.317021809  -412.257113150
    89.000  -412.445770076  -412.375817946  -412.312312125  -412.312312125  -412.256911364
    89.500  -412.445124886  -412.370969896  -412.307397831  -412.307397831  -412.256832801
    90.000  -412.445951210  -412.366908756  -412.303441192  -412.303441192  -412.256821601
    90.500  -412.448326677  -412.363862201  -412.300613105  -412.300613105  -412.256804489
    91.000  -412.452309234  -412.362091910  -412.299116558  -412.299116558  -412.256765969
    91.500  -412.458214298  -412.362155560  -412.299456048  -412.299456048  -412.256731813
    92.000  -412.466263599  -412.364537998  -412.302075090  -412.302075090  -412.256737076
    92.500  -412.476080053  -412.369123137  -412.306831404  -412.306831404  -412.256810340
    93.000  -412.486297423  -412.374784925  -412.312586814  -412.312586814  -412.256962650
    93.500  -412.494475443  -412.379284814  -412.317107765  -412.317107765  -412.257163852
    94.000  -412.497690595  -412.379850661  -412.317645996  -412.317645996  -412.257303690
    94.500  -412.494282396  -412.374915787  -412.312677283  -412.312677283  -412.257206899
    95.000  -412.486269875  -412.366535178  -412.304308782  -412.304308782  -412.256834827
    95.500  -412.479468138  -412.360505794  -412.298379039  -412.298379039  -412.256515224
    96.000  -412.478689759  -412.361575928  -412.299645746  -412.299645746  -412.256607306
    96.500  -412.482858813  -412.368570938  -412.306910167  -412.306910167  -412.256961747
    97.000  -412.486904310  -412.376297962  -412.314944137  -412.314944137  -412.257195470
    97.500  -412.487093800  -412.380889132  -412.319850906  -412.319850906  -412.257192653
    98.000  -412.483013319  -412.381787366  -412.321047478  -412.321047478  -412.257088891
    98.500  -412.475941377  -412.380124810  -412.319627088  -412.319627088  -412.257005246
    99.000  -412.467131612  -412.377007374  -412.316639479  -412.316639479  -412.256945378
    99.500  -412.457615291  -412.373313576  -412.312900322  -412.312900322  -412.256877174
   100.000  -412.448575118  -412.370065497  -412.309379368  -412.309379368  -412.256800718
   100.500  -412.441330742  -412.368417983  -412.307200566  -412.307200566  -412.256739110
   101.000  -412.436970211  -412.369295882  -412.307290038  -412.307290038  -412.256716243
   101.500  -412.435950957  -412.373006101  -412.309992771  -412.309992771  -412.256749813
   102.000  -412.437815066  -412.378963457  -412.314797224  -412.314797224  -412.256848152
   102.500  -412.441083394  -412.385591976  -412.320233730  -412.320233730  -412.256997739
   103.000  -412.443538528  -412.390610254  -412.324149806  -412.324149806  -412.257137663
   103.500  -412.443219351  -412.392021658  -412.324685337  -412.324685337  -412.257164160
   104.000  -412.439917875  -412.389601631  -412.321739443  -412.321739443  -412.257040837
   104.500  -412.435573813  -412.385280155  -412.317327489  -412.317327489  -412.256915167
   105.000  -412.432268665  -412.381125731  -412.313539574  -412.313539574  -412.256911758
   105.500  -412.430610881  -412.377728286  -412.310911359  -412.310911359  -412.256898063
   106.000  -412.431195292  -412.375670793  -412.309907318  -412.309907318  -412.256805701
   106.500  -412.435288253  -412.376233720  -412.311664963  -412.311664963  -412.256804407
   107.000  -412.442680004  -412.379269412  -412.315900773  -412.315900773  -412.256954458
   107.500  -412.450909232  -412.382429712  -412.320158069  -412.320158069  -412.257105919
   108.000  -412.457325226  -412.383217355  -412.321865850  -412.321865850  -412.257133187
   108.500  -412.461004920  -412.380887682  -412.320238453  -412.320238453  -412.257043360
   109.000  -412.462809992  -412.376489609  -412.316318561  -412.316318561  -412.256909907
   109.500  -412.464372491  -412.371842132  -412.311947573  -412.311947573  -412.256796902
   110.000  -412.467122146  -412.368561123  -412.308777036  -412.308777036  -412.256736492
   110.500  -412.471739691  -412.367508770  -412.307712692  -412.307712692  -412.256740468
   111.000  -412.477958223  -412.368593594  -412.308705080  -412.308705080  -412.256806418
   111.500  -412.484620741  -412.370823110  -412.310800262  -412.310800262  -412.256910269
   112.000  -412.490094244  -412.372709374  -412.312550644  -412.312550644  -412.256990951
   112.500  -412.493217603  -412.373209602  -412.312958694  -412.312958694  -412.256967090
   113.000  -412.494402091  -412.372820032  -412.312572227  -412.312572227  -412.256846792
   113.500  -412.495343528  -412.373286392  -412.313185637  -412.313185637  -412.256809755
   114.000  -412.496553395  -412.375133186  -412.315351419  -412.315351419  -412.256975704
   114.500  -412.495883967  -412.376186117  -412.316888366  -412.316888366  -412.257158801
   115.000  -412.490996663  -412.374038163  -412.315350217  -412.315350217  -412.257136427
   115.500  -412.482385823  -412.369078975  -412.311063850  -412.311063850  -412.256940603
   116.000  -412.473029640  -412.364160026  -412.306795809  -412.306795809  -412.256760314
   116.500  -412.465690746  -412.361902216  -412.305078381  -412.305078381  -412.256740450
   117.000  -412.460829764  -412.362610745  -412.306138716  -412.306138716  -412.256855509
   117.500  -412.456934607  -412.364598342  -412.308235983  -412.308235983  -412.256962201
   118.000  -412.452505679  -412.366167267  -412.309650086  -412.309650086  -412.256974446
   118.500  -412.447351127  -412.366912399  -412.309979826  -412.309979826  -412.256918327
   119.000  -412.442295124  -412.367444679  -412.309867361  -412.309867361  -412.256862875
   119.500  -412.438196020  -412.368429035  -412.310032628  -412.310032628  -412.256855267
   120.000  -412.435230164  -412.369882805  -412.310571390  -412.310571390  -412.256899668
   120.500  -412.432832201  -412.371122359  -412.310900739  -412.310900739  -412.256950055
   121.000  -412.430398262  -412.371465533  -412.310456242  -412.310456242  -412.256922530
   121.500  -412.428461086  -412.371398466  -412.309849456  -412.309849456  -412.256783091
   122.000  -412.429025545  -412.372903126  -412.311173281  -412.311173281  -412.256665727
   122.500  -412.433649724  -412.377532693  -412.316050557  -412.316050557  -412.256752596
   123.000  -412.441091301  -412.384058954  -412.323261871  -412.323261871  -412.256977447
   123.500  -412.448190128  -412.389361616  -412.329630496  -412.329630496  -412.257130858
   124.000  -412.452638077  -412.391205787  -412.332813986  -412.332813986  -412.257170514
   124.500  -412.453746432  -412.389011198  -412.332091261  -412.332091261  -412.257160397
   125.000  -412.451752832  -412.383153227  -412.327681264  -412.327681264  -412.257082770
   125.500  -412.447984472  -412.375112997  -412.320915585  -412.320915585  -412.256903060
   126.000  -412.445119392  -412.367723533  -412.314508622  -412.314508622  -412.256724292
   126.500  -412.445667473  -412.363648274  -412.311053047  -412.311053047  -412.256696335
   127.000  -412.449922801  -412.363331353  -412.310984012  -412.310984012  -412.256803456
   127.500  -412.456122120  -412.365158579  -412.312738445  -412.312738445  -412.256910646
   128.000  -412.462311168  -412.367316508  -412.314593207  -412.314593207  -412.256952765
   128.500  -412.467393547  -412.368833757  -412.315680986  -412.315680986  -412.256965889
   129.000  -412.470781670  -412.369222638  -412.315609850  -412.315609850  -412.256999997
   129.500  -412.471782530  -412.367864816  -412.313832051  -412.313832051  -412.257047954
   130.000  -412.469745439  -412.364161007  -412.309795159  -412.309795159  -412.257030606
   130.500  -412.465170463  -412.358642667  -412.304061898  -412.304061898  -412.256870015
   131.000  -412.460612202  -412.353881257  -412.299227574  -412.299227574  -412.256655118
   131.500  -412.459238293  -412.353050285  -412.298481612  -412.298481612  -412.256617915
   132.000  -412.461708688  -412.356803271  -412.302481619  -412.302481619  -412.256779296
   132.500  -412.465861658  -412.362954876  -412.309030578  -412.309030578  -412.256933035
   133.000  -412.469348736  -412.369113030  -412.315710006  -412.315710006  -412.257018348
   133.500  -412.470658745  -412.373704404  -412.320904861  -412.320904861  -412.257108686
   134.000  -412.468367120  -412.375220877  -412.323053416  -412.323053416  -412.257198585
   134.500  -412.461267884  -412.372346442  -412.320779569  -412.320779569  -412.257210262
   135.000  -412.449471449  -412.365049888  -412.313998060  -412.313998060  -412.257088452
   135.500  -412.435172691  -412.355358808  -412.304695357  -412.304695357  -412.256850295
   136.000  -412.422256164  -412.346981164  -412.296553686  -412.296553686  -412.256618828
   136.500  -412.414363301  -412.343391367  -412.293044452  -412.293044452  -412.256560708
   137.000  -412.412501050  -412.345455134  -412.295053348  -412.295053348  -412.256707555
   137.500  -412.414560979  -412.350949333  -412.300404937  -412.300404937  -412.256935017
   138.000  -412.417068712  -412.356306630  -412.305596205  -412.305596205  -412.257128595
   138.500  -412.416989366  -412.358415815  -412.307587955  -412.307587955  -412.257246237
   139.000  -412.412621173  -412.355517616  -412.304695797  -412.304695797  -412.257232270
   139.500  -412.404534451  -412.348149659  -412.297532295  -412.297532295  -412.257008565
   140.000  -412.396440509  -412.340018827  -412.289874306  -412.289874306  -412.256673541
   140.500  -412.393394890  -412.336202907  -412.286852202  -412.286852202  -412.256550169
   141.000  -412.397310279  -412.338659321  -412.290442435  -412.290442435  -412.256717220
   141.500  -412.405831221  -412.345098783  -412.298333102  -412.298333102  -412.256911222
   142.000  -412.415736897  -412.352393053  -412.307334590  -412.307334590  -412.257018334
   142.500  -412.424838723  -412.358476848  -412.315290104  -412.315290104  -412.257091254
   143.000  -412.431582653  -412.361945795  -412.320688241  -412.320688241  -412.257134563
   143.500  -412.434986626  -412.361980806  -412.322605436  -412.322605436  -412.257130035
   144.000  -412.434896355  -412.358588119  -412.320956076  -412.320956076  -412.257084396
   144.500  -412.431945994  -412.352547256  -412.316439267  -412.316439267  -412.256999126
   145.000  -412.427536447  -412.345381469  -412.310503969  -412.310503969  -412.256859364
   145.500  -412.423940657  -412.339460899  -412.305451180  -412.305451180  -412.256685175
   146.000  -412.423840213  -412.337543139  -412.303981316  -412.303981316  -412.256580314
   146.500  -412.428738916  -412.341193416  -412.307627338  -412.307627338  -412.256661599
   147.000  -412.437329251  -412.349155424  -412.315135755  -412.315135755  -412.256917354
   147.500  -412.445709660  -412.357565373  -412.322680569  -412.322680569  -412.257206415
   148.000  -412.449487239  -412.362043451  -412.325953679  -412.325953679  -412.257369402
   148.500  -412.446279351  -412.360186170  -412.322649045  -412.322649045  -412.257281770
   149.000  -412.437575514  -412.353421518  -412.314306180  -412.314306180  -412.256944750
   149.500  -412.428467286  -412.346743205  -412.306027474  -412.306027474  -412.256615415
   150.000  -412.423887455  -412.344965380  -412.302711001  -412.302711001  -412.256572167
   150.500  -412.424737647  -412.348870295  -412.305180483  -412.305180483  -412.256754032
   151.000  -412.428456572  -412.355795163  -412.310769582  -412.310769582  -412.256954987
   151.500  -412.431909441  -412.362522731  -412.316220168  -412.316220168  -412.257066857
   152.000  -412.433181012  -412.367063053  -412.319493039  -412.319493039  -412.257070181
   152.500  -412.432014804  -412.369084320  -412.320213440  -412.320213440  -412.257003537
   153.000  -412.429290865  -412.369385662  -412.319162536  -412.319162536  -412.256929794
   153.500  -412.426111215  -412.368989041  -412.317368807  -412.317368807  -412.256889775
   154.000  -412.423172806  -412.368519549  -412.315480702  -412.315480702  -412.256884311
   154.500  -412.420726638  -412.368169752  -412.313721793  -412.313721793  -412.256880028
   155.000  -412.419042749  -412.368164627  -412.312348130  -412.312348130  -412.256835258
   155.500  -412.418945465  -412.369294599  -412.312179683  -412.312179683  -412.256759171
   156.000  -412.421583456  -412.372682694  -412.314366552  -412.314366552  -412.256754620
   156.500  -412.426944033  -412.378296965  -412.318906413  -412.318906413  -412.256930012
   157.000  -412.432468372  -412.383562406  -412.323261705  -412.323261705  -412.257213929
   157.500  -412.434220475  -412.384522378  -412.323529039  -412.323529039  -412.257348214
   158.000  -412.430572146  -412.379517829  -412.318117749  -412.318117749  -412.257145070
   158.500  -412.424682290  -412.371666913  -412.310222065  -412.310222065  -412.256771846
   159.000  -412.421982625  -412.366358879  -412.305290208  -412.305290208  -412.256618992
   159.500  -412.424773346  -412.365864563  -412.305602021  -412.305602021  -412.256781484
   160.000  -412.430723017  -412.367856149  -412.308767973  -412.308767973  -412.257020700
   160.500  -412.436068849  -412.368623099  -412.310953878  -412.310953878  -412.257135019
   161.000  -412.438691145  -412.366149593  -412.309994713  -412.309994713  -412.257091978
   161.500  -412.438815164  -412.360807761  -412.306125229  -412.306125229  -412.256960159
   162.000  -412.438104113  -412.354436941  -412.301081446  -412.301081446  -412.256820785
   162.500  -412.438442571  -412.349114114  -412.296875466  -412.296875466  -412.256724497
   163.000  -412.441119715  -412.346326893  -412.294961767  -412.294961767  -412.256691245
   163.500  -412.446482168  -412.346617271  -412.295871826  -412.295871826  -412.256723050
   164.000  -412.453894232  -412.349534564  -412.299158654  -412.299158654  -412.256810208
   164.500  -412.461909027  -412.353797865  -412.303556351  -412.303556351  -412.256929531
   165.000  -412.468672084  -412.357689612  -412.307372321  -412.307372321  -412.257040718
   165.500  -412.472563914  -412.359690670  -412.309123201  -412.309123201  -412.257099051
   166.000  -412.472868979  -412.359142799  -412.308200631  -412.308200631  -412.257081936
   166.500  -412.470116448  -412.356586075  -412.305210146  -412.305210146  -412.256985070
   167.000  -412.466118406  -412.353796948  -412.302005789  -412.302005789  -412.256812554
   167.500  -412.463690745  -412.353511380  -412.301398144  -412.301398144  -412.256666866
   168.000  -412.464987873  -412.357768043  -412.305471860  -412.305471860  -412.256729022
   168.500  -412.469066300  -412.365485556  -412.313140911  -412.313140911  -412.256983843
   169.000  -412.472154550  -412.372744606  -412.320426756  -412.320426756  -412.257211511
   169.500  -412.470728471  -412.375865737  -412.323563351  -412.323563351  -412.257264136
   170.000  -412.463792412  -412.373684701  -412.321305290  -412.321305290  -412.257158346
   170.500  -412.452823814  -412.367495054  -412.314894992  -412.314894992  -412.256983828
   171.000  -412.440509758  -412.359792846  -412.306813768  -412.306813768  -412.256813785
   171.500  -412.429586669  -412.353132899  -412.299634606  -412.299634606  -412.256683687
   172.000  -412.422201014  -412.349509627  -412.295392426  -412.295392426  -412.256606483
   172.500  -412.419629227  -412.350092746  -412.295308848  -412.295308848  -412.256590393
   173.000  -412.422122674  -412.355079845  -412.299631939  -412.299631939  -412.256644538
   173.500  -412.428780797  -412.363567754  -412.307498155  -412.307498155  -412.256775541
   174.000  -412.437506770  -412.373495032  -412.316870532  -412.316870532  -412.256975487
   174.500  -412.445222256  -412.381839709  -412.324737368  -412.324737368  -412.257199693
   175.000  -412.448661484  -412.385390816  -412.327893979  -412.327893979  -412.257341964
   175.500  -412.446049130  -412.382408741  -412.324608542  -412.324608542  -412.257250361
   176.000  -412.439208224  -412.374727745  -412.316731947  -412.316731947  -412.256877498
   176.500  -412.433890722  -412.368100158  -412.310029001  -412.310029001  -412.256480795
   177.000  -412.435854213  -412.368295531  -412.310261639  -412.310261639  -412.256468714
   177.500  -412.445255842  -412.375513213  -412.317588137  -412.317588137  -412.256864499
   178.000  -412.456351113  -412.384078649  -412.326264203  -412.326264203  -412.257269590
   178.500  -412.462934623  -412.387866442  -412.330089547  -412.330089547  -412.257396108
   179.000  -412.462635765  -412.384579296  -412.326709918  -412.326709918  -412.257271970
   179.500  -412.456884415  -412.375707654  -412.317584690  -412.317584690  -412.257049018
   180.000  -412.448822236  -412.364442503  -412.305899407  -412.305899407  -412.256839071
   180.500  -412.441580844  -412.353957316  -412.294841210  -412.294841210  -412.256685794
   181.000  -412.437512116  -412.346642767  -412.286826613  -412.286826613  -412.256594213
   181.500  -412.438020471  -412.343942161  -412.283331886  -412.283331886  -412.256560749
   182.000  -412.443567547  -412.346358746  -412.284895449  -412.284895449  -412.256588982
   182.500  -412.453603206  -412.353388835  -412.291048583  -412.291048583  -412.256692078
   183.000  -412.466395317  -412.363353264  -412.300146015  -412.300146015  -412.256879268
   183.500  -412.478972414  -412.373339538  -412.309310783  -412.309310783  -412.257124479
   184.000  -412.487650911  -412.379724679  -412.314962953  -412.314962953  -412.257325196
   184.500  -412.489676006  -412.379809066  -412.314462126  -412.314462126  -412.257309818
   185.000  -412.485667130  -412.374252874  -412.308546337  -412.308546337  -412.257000751
   185.500  -412.480402722  -412.367857804  -412.302103518  -412.302103518  -412.256637622
   186.000  -412.479261074  -412.366015473  -412.300591405  -412.300591405  -412.256570365
   186.500  -412.483398980  -412.369904071  -412.305196267  -412.305196267  -412.256791716
   187.000  -412.489610081  -412.376356853  -412.312691059  -412.312691059  -412.257059291
   187.500  -412.493666030  -412.381193892  -412.318785303  -412.318785303  -412.257218463
   188.000  -412.492828934  -412.381707137  -412.320647338  -412.320647338  -412.257228425
   188.500  -412.486659338  -412.377441848  -412.317718568  -412.317718568  -412.257120460
   189.000  -412.476628230  -412.369793338  -412.311331566  -412.311331566  -412.256964105
   189.500  -412.465108652  -412.361005973  -412.303704261  -412.303704261  -412.256819450
   190.000  -412.454439618  -412.353252955  -412.297006373  -412.297006373  -412.256716572
   190.500  -412.446404484  -412.348137410  -412.292842282  -412.292842282  -412.256662227
   191.000  -412.442044601  -412.346516756  -412.292075912  -412.292075912  -412.256659580
   191.500  -412.441574862  -412.348436852  -412.294758588  -412.294758588  -412.256716819
   192.000  -412.444251552  -412.353008141  -412.300012378  -412.300012378  -412.256845228
   192.500  -412.448241182  -412.358277808  -412.305917822  -412.305917822  -412.257036190
   193.000  -412.450875085  -412.361489835  -412.309784881  -412.309784881  -412.257211280
   193.500  -412.449945758  -412.360381765  -412.309463000  -412.309463000  -412.257206695
   194.000  -412.446045500  -412.355526850  -412.305676058  -412.305676058  -412.256930235
   194.500  -412.443482272  -412.351263189  -412.302907556  -412.302907556  -412.256640285
   195.000  -412.446398616  -412.351832452  -412.305461946  -412.305461946  -412.256719408
   195.500  -412.453712195  -412.356331535  -412.312353044  -412.312353044  -412.257031844
   196.000  -412.460845895  -412.360420668  -412.319030678  -412.319030678  -412.257187313
   196.500  -412.464994711  -412.361543269  -412.322685012  -412.322685012  -412.257153025
   197.000  -412.466037162  -412.359799859  -412.323192580  -412.323192580  -412.257093009
   197.500  -412.464509826  -412.355905071  -412.321106955  -412.321106955  -412.257048731
   198.000  -412.460890217  -412.350471723  -412.316942542  -412.316942542  -412.256976615
   198.500  -412.456081767  -412.344503528  -412.311657146  -412.311657146  -412.256870354
   199.000  -412.451493157  -412.339477655  -412.306735039  -412.306735039  -412.256764754
   199.500  -412.448538343  -412.336849055  -412.303692497  -412.303692497  -412.256695214
   200.000  -412.448098261  -412.337512968  -412.303534401  -412.303534401  -412.256682089
   200.500  -412.450192233  -412.341478434  -412.306411161  -412.306411161  -412.256737128
   201.000  -412.453832377  -412.347726644  -412.311442997  -412.311442997  -412.256863643
   201.500  -412.457043804  -412.354235422  -412.316717434  -412.316717434  -412.257043085
   202.000  -412.457260153  -412.358374347  -412.319675184  -412.319675184  -412.257200711
   202.500  -412.452548824  -412.358119685  -412.318341577  -412.318341577  -412.257187126
   203.000  -412.443771742  -412.354217493  -412.313500096  -412.313500096  -412.256890634
   203.500  -412.435795770  -412.351401037  -412.309909085  -412.309909085  -412.256529309
   204.000  -412.433985855  -412.354897025  -412.312790335  -412.312790335  -412.256586333
   204.500  -412.437696345  -412.363927247  -412.321310643  -412.321310643  -412.257063606
   205.000  -412.440335337  -412.371775096  -412.328653432  -412.328653432  -412.257423215
   205.500  -412.436634767  -412.373053168  -412.329319569  -412.329319569  -412.257377246
   206.000  -412.426999919  -412.368051952  -412.323512916  -412.323512916  -412.257082721
   206.500  -412.415575914  -412.360814431  -412.315233308  -412.315233308  -412.256824720
   207.000  -412.406163981  -412.355059743  -412.308206690  -412.308206690  -412.256743734
   207.500  -412.400079125  -412.352042628  -412.303735678  -412.303735678  -412.256775973
   208.000  -412.396883541  -412.351281712  -412.301416250  -412.301416250  -412.256806463
   208.500  -412.395999624  -412.352164339  -412.300725318  -412.300725318  -412.256799503
   209.000  -412.397316367  -412.354550314  -412.301609396  -412.301609396  -412.256789122
   209.500  -412.400785493  -412.358367766  -412.304066735  -412.304066735  -412.256820110
   210.000  -412.405799010  -412.362991414  -412.307519083  -412.307519083  -412.256915693
   210.500  -412.410874355  -412.366928266  -412.310497796  -412.310497796  -412.257062786
   211.000  -412.413908502  -412.368071506  -412.310906741  -412.310906741  -412.257196018
   211.500  -412.413234548  -412.364758501  -412.307089274  -412.307089274  -412.257192032
   212.000  -412.409427526  -412.357580054  -412.299645234  -412.299645234  -412.256945796
   212.500  -412.406571905  -412.350655469  -412.292701522  -412.292701522  -412.256571191
   213.000  -412.410227825  -412.349611186  -412.291876047  -412.291876047  -412.256457525
   213.500  -412.421912724  -412.356075491  -412.298759996  -412.298759996  -412.256789944
   214.000  -412.436653364  -412.365235637  -412.308479750  -412.308479750  -412.257228603
   214.500  -412.447590872  -412.370433657  -412.314316596  -412.314316596  -412.257416370
   215.000  -412.451277506  -412.368440277  -412.313001345  -412.313001345  -412.257316583
   215.500  -412.448699441  -412.360451679  -412.305712634  -412.305712634  -412.257043749
   216.000  -412.443705466  -412.350497698  -412.296475078  -412.296475078  -412.256739065
   216.500  -412.440749732  -412.343173710  -412.289880444  -412.289880444  -412.256554645
   217.000  -412.442551067  -412.341300403  -412.288742524  -412.288742524  -412.256564610
   217.500  -412.448970664  -412.344809723  -412.292982777  -412.292982777  -412.256695482
   218.000  -412.457973671  -412.351715770  -412.300605826  -412.300605826  -412.256828940
   218.500  -412.467326476  -412.359818707  -412.309405397  -412.309405397  -412.256922537
   219.000  -412.475343759  -412.367453687  -412.317712536  -412.317712536  -412.257000026
   219.500  -412.480682106  -412.373276911  -412.324185016  -412.324185016  -412.257083189
   220.000  -412.482109370  -412.376024064  -412.327569411  -412.327569411  -412.257150355
   220.500  -412.478871833  -412.374867693  -412.327058181  -412.327058181  -412.257137130
   221.000  -412.471597387  -412.370320222  -412.323193175  -412.323193175  -412.256985124
   221.500  -412.462991682  -412.364944530  -412.318565347  -412.318565347  -412.256734990
   222.000  -412.457000193  -412.362535255  -412.316973982  -412.316973982  -412.256595213
   222.500  -412.455748715  -412.365076000  -412.320368250  -412.320368250  -412.256753260
   223.000  -412.457113024  -412.370308665  -412.326416123  -412.326416123  -412.257057981
   223.500  -412.456771482  -412.373779888  -412.330576614  -412.330576614  -412.257229440
   224.000  -412.452081386  -412.372718150  -412.330005723  -412.330005723  -412.257218216
   224.500  -412.443068393  -412.367031494  -412.324569944  -412.324569944  -412.257123581
   225.000  -412.431220721  -412.358108208  -412.315642382  -412.315642382  -412.257000739
   225.500  -412.418673276  -412.348000743  -412.305270939  -412.305270939  -412.256835899
   226.000  -412.408239752  -412.339453219  -412.296197612  -412.296197612  -412.256637529
   226.500  -412.403088660  -412.335577722  -412.291534006  -412.291534006  -412.256507250
   227.000  -412.405197461  -412.338314130  -412.293223260  -412.293223260  -412.256560292
   227.500  -412.413729184  -412.346815074  -412.300432912  -412.300432912  -412.256777071
   228.000  -412.425328014  -412.357738406  -412.309850263  -412.309850263  -412.257023163
   228.500  -412.436076935  -412.367193985  -412.317631871  -412.317631871  -412.257191339
   229.000  -412.443213805  -412.372449566  -412.321111679  -412.321111679  -412.257240726
   229.500  -412.445905647  -412.372703042  -412.319572478  -412.319572478  -412.257153495
   230.000  -412.445537165  -412.369376668  -412.314532538  -412.314532538  -412.256932106
   230.500  -412.445508642  -412.365924590  -412.309533459  -412.309533459  -412.256671636
   231.000  -412.449587817  -412.366193768  -412.308471349  -412.308471349  -412.256598974
   231.500  -412.458653296  -412.371171699  -412.312328964  -412.312328964  -412.256824485
   232.000  -412.469348823  -412.377636952  -412.317828042  -412.317828042  -412.257106258
   232.500  -412.477354994  -412.381422598  -412.320724932  -412.320724932  -412.257187796
   233.000  -412.481033085  -412.381045857  -412.319470465  -412.319470465  -412.257085040
   233.500  -412.481472633  -412.377743429  -412.315266568  -412.315266568  -412.256944290
   234.000  -412.480525693  -412.373499982  -412.310089413  -412.310089413  -412.256861230
   234.500  -412.479362151  -412.369598199  -412.305234838  -412.305234838  -412.256843532
   235.000  -412.478302075  -412.366448582  -412.301134714  -412.301134714  -412.256838247
   235.500  -412.477549898  -412.364322790  -412.298079354  -412.298079354  -412.256786567
   236.000  -412.477976405  -412.364135234  -412.296995550  -412.296995550  -412.256697229
   236.500  -412.480885993  -412.367212382  -412.299222573  -412.299222573  -412.256677287
   237.000  -412.486470989  -412.373748434  -412.304979537  -412.304979537  -412.256822800
   237.500  -412.492538301  -412.381527474  -412.312097694  -412.312097694  -412.257074447
   238.000  -412.495424815  -412.386831884  -412.316921635  -412.316921635  -412.257266048
   238.500  -412.492441695  -412.386883750  -412.316732109  -412.316732109  -412.257280515
   239.000  -412.483703056  -412.381678688  -412.311561615  -412.311561615  -412.257091386
   239.500  -412.472500152  -412.374372568  -412.304571462  -412.304571462  -412.256776686
   240.000  -412.463808694  -412.369804597  -412.300569052  -412.300569052  -412.256602551
   240.500  -412.460289099  -412.370505625  -412.302017736  -412.302017736  -412.256784509
   241.000  -412.459449561  -412.373859536  -412.306213092  -412.306213092  -412.257096030
   241.500  -412.456725556  -412.375179149  -412.308380283  -412.308380283  -412.257205240
   242.000  -412.450190529  -412.372415954  -412.306409184  -412.306409184  -412.257090131
   242.500  -412.441244103  -412.366854770  -412.301562014  -412.301562014  -412.256899462
   243.000  -412.432609357  -412.361120738  -412.296476745  -412.296476745  -412.256750602
   243.500  -412.426518588  -412.357377149  -412.293349086  -412.293349086  -412.256693202
   244.000  -412.423879378  -412.356496081  -412.293084820  -412.293084820  -412.256729682
   244.500  -412.424213691  -412.357995901  -412.295222671  -412.295222671  -412.256826636
   245.000  -412.426188762  -412.360564510  -412.298449168  -412.298449168  -412.256919372
   245.500  -412.428609536  -412.363039762  -412.301579803  -412.301579803  -412.256937195
   246.000  -412.431418172  -412.365396014  -412.304554449  -412.304554449  -412.256873462
   246.500  -412.435673310  -412.368714281  -412.308424979  -412.308424979  -412.256840789
   247.000  -412.441911827  -412.373543731  -412.313734093  -412.313734093  -412.256955997
   247.500  -412.448605784  -412.378365396  -412.318991656  -412.318991656  -412.257140322
   248.000  -412.453358427  -412.380800052  -412.321871167  -412.321871167  -412.257160745
   248.500  -412.456104603  -412.380817581  -412.322400632  -412.322400632  -412.256936030
   249.000  -412.459968565  -412.381602555  -412.323801830  -412.323801830  -412.256764871
   249.500  -412.467057521  -412.385348332  -412.328266038  -412.328266038  -412.256938454
   250.000  -412.474705977  -412.389496019  -412.333188387  -412.333188387  -412.257218318
   250.500  -412.478572657  -412.389823055  -412.334276773  -412.334276773  -412.257276591
   251.000  -412.477259586  -412.385053397  -412.330189439  -412.330189439  -412.257126235
   251.500  -412.472536872  -412.377074566  -412.322768617  -412.322768617  -412.256920821
   252.000  -412.467250922  -412.368839684  -412.314945716  -412.314945716  -412.256755048
   252.500  -412.463825997  -412.362867915  -412.309231265  -412.309231265  -412.256656573
   253.000  -412.463715757  -412.360695678  -412.307159891  -412.307159891  -412.256632063
   253.500  -412.467235519  -412.362710224  -412.309118151  -412.309118151  -412.256688416
   254.000  -412.473460229  -412.368047866  -412.314240553  -412.314240553  -412.256826338
   254.500  -412.480274396  -412.374639811  -412.320455109  -412.320455109  -412.257019149
   255.000  -412.484863341  -412.379692866  -412.324968705  -412.324968705  -412.257195054
   255.500  -412.484866141  -412.380829090  -412.325415139  -412.325415139  -412.257250830
   256.000  -412.479903614  -412.377609854  -412.321379876  -412.321379876  -412.257131368
   256.500  -412.472235312  -412.372200976  -412.315069385  -412.315069385  -412.256931542
   257.000  -412.465301809  -412.367938356  -412.309874363  -412.309874363  -412.256801613
   257.500  -412.461574286  -412.367202230  -412.308235520  -412.308235520  -412.256741022
   258.000  -412.462173146  -412.371038041  -412.311252046  -412.311252046  -412.256773702
   258.500  -412.466298513  -412.378571969  -412.318071148  -412.318071148  -412.257025747
   259.000  -412.469975272  -412.385734719  -412.324599517  -412.324599517  -412.257317379
   259.500  -412.468646409  -412.387845372  -412.326107589  -412.326107589  -412.257366204
   260.000  -412.461134117  -412.383578192  -412.321222958  -412.321222958  -412.257188767
   260.500  -412.449733914  -412.375071127  -412.312061080  -412.312061080  -412.256951718
   261.000  -412.437919688  -412.365648925  -412.301951677  -412.301951677  -412.256761940
   261.500  -412.428637874  -412.358132214  -412.293739561  -412.293739561  -412.256646696
   262.000  -412.423742284  -412.354282176  -412.289219186  -412.289219186  -412.256600512
   262.500  -412.423987338  -412.354799891  -412.289124137  -412.289124137  -412.256616874
   263.000  -412.429104577  -412.359406358  -412.293199451  -412.293199451  -412.256695667
   263.500  -412.437822318  -412.366862810  -412.300222173  -412.300222173  -412.256835716
   264.000  -412.447946317  -412.375050270  -412.308082083  -412.308082083  -412.257017752
   264.500  -412.456717590  -412.381321195  -412.314141004  -412.314141004  -412.257199471
   265.000  -412.461516174  -412.383193043  -412.315930299  -412.315930299  -412.257328743
   265.500  -412.460740682  -412.379216575  -412.312014204  -412.312014204  -412.257337242
   266.000  -412.454944456  -412.370101580  -412.303104358  -412.303104358  -412.257107041
   266.500  -412.448353326  -412.360224910  -412.293562787  -412.293562787  -412.256638034
   267.000  -412.448137030  -412.356894952  -412.290668364  -412.290668364  -412.256365172
   267.500  -412.458018412  -412.363956611  -412.298225249  -412.298225249  -412.256695310
   268.000  -412.473002328  -412.376516404  -412.311290099  -412.311290099  -412.257252971
   268.500  -412.484432334  -412.385993979  -412.321229202  -412.321229202  -412.257486303
   269.000  -412.487887650  -412.388017391  -412.323621396  -412.323621396  -412.257357599
   269.500  -412.484415183  -412.383656081  -412.319502166  -412.319502166  -412.257095026
   270.000  -412.477511439  -412.376410173  -412.312353866  -412.312353866  -412.256862820
   270.500  -412.470556516  -412.369648838  -412.305546968  -412.305546968  -412.256715171
   271.000  -412.465803421  -412.365604224  -412.301329078  -412.301329078  -412.256650189
   271.500  -412.464275008  -412.365267948  -412.300720110  -412.300720110  -412.256653250
   272.000  -412.465946548  -412.368574204  -412.303688277  -412.303688277  -412.256710510
   272.500  -412.469960600  -412.374612687  -412.309361255  -412.309361255  -412.256807906
   273.000  -412.474872772  -412.381873813  -412.316271342  -412.316271342  -412.256924242
   273.500  -412.479009917  -412.388607693  -412.322715591  -412.322715591  -412.257034300
   274.000  -412.480868134  -412.393228299  -412.327158281  -412.327158281  -412.257130829
   274.500  -412.479270772  -412.394482059  -412.328391881  -412.328391881  -412.257214745
   275.000  -412.473498208  -412.391588098  -412.325666996  -412.325666996  -412.257211361
   275.500  -412.464358799  -412.385315652  -412.319756215  -412.319756215  -412.257026174
   276.000  -412.455123460  -412.378911803  -412.313875363  -412.313875363  -412.256814383
   276.500  -412.449212009  -412.375777447  -412.311351461  -412.311351461  -412.256797076
   277.000  -412.447182247  -412.376446481  -412.312615427  -412.312615427  -412.256902468
   277.500  -412.447376920  -412.379230434  -412.315881362  -412.315881362  -412.257029191
   278.000  -412.447487781  -412.381786009  -412.318750582  -412.318750582  -412.257130980
   278.500  -412.445559401  -412.382118959  -412.319226971  -412.319226971  -412.257128763
   279.000  -412.441164578  -412.379757447  -412.316877949  -412.316877949  -412.257018620
   279.500  -412.435546701  -412.375893212  -412.312954685  -412.312954685  -412.256876862
   280.000  -412.430584686  -412.372349577  -412.309342021  -412.309342021  -412.256772891
   280.500  -412.427727000  -412.370518774  -412.307490047  -412.307490047  -412.256736204
   281.000  -412.427499284  -412.370872765  -412.307916895  -412.307916895  -412.256762670
   281.500  -412.429530803  -412.372991095  -412.310236831  -412.310236831  -412.256826902
   282.000  -412.432929913  -412.375936591  -412.313539617  -412.313539617  -412.256892072
   282.500  -412.436836728  -412.378809602  -412.316946405  -412.316946405  -412.256932533
   283.000  -412.440779890  -412.381111920  -412.319972568  -412.319972568  -412.256968264
   283.500  -412.444410671  -412.382491479  -412.322264930  -412.322264930  -412.257034630
   284.000  -412.447112697  -412.382365828  -412.323218555  -412.323218555  -412.257068912
   284.500  -412.448866388  -412.380793218  -412.322845120  -412.322845120  -412.256974666
   285.000  -412.451212714  -412.379427451  -412.322734588  -412.322734588  -412.256914772
   285.500  -412.454918985  -412.379163389  -412.323702879  -412.323702879  -412.257100039
   286.000  -412.457454628  -412.377590560  -412.323250177  -412.323250177  -412.257283977
   286.500  -412.456266920  -412.372260235  -412.318840748  -412.318840748  -412.257157084
   287.000  -412.452903869  -412.364813895  -412.312053889  -412.312053889  -412.256864299
   287.500  -412.451196299  -412.359182324  -412.306798519  -412.306798519  -412.256728628
   288.000  -412.452846041  -412.357184866  -412.304917401  -412.304917401  -412.256800927
   288.500  -412.456551395  -412.357652499  -412.305291522  -412.305291522  -412.256904055
   289.000  -412.460367068  -412.358772182  -412.306165889  -412.306165889  -412.256932640
   289.500  -412.463358883  -412.359725480  -412.306771758  -412.306771758  -412.256913594
   290.000  -412.465408502  -412.360483823  -412.307117757  -412.307117757  -412.256901382
   290.500  -412.466490108  -412.361076121  -412.307262572  -412.307262572  -412.256911374
   291.000  -412.466429683  -412.361342650  -412.307076049  -412.307076049  -412.256921931
   291.500  -412.465170823  -412.361195562  -412.306506637  -412.306506637  -412.256916843
   292.000  -412.462956477  -412.360802507  -412.305764638  -412.305764638  -412.256922638
   292.500  -412.459981962  -412.360249336  -412.304973857  -412.304973857  -412.256954349
   293.000  -412.456278154  -412.359436246  -412.304060721  -412.304060721  -412.256920433
   293.500  -412.452890751  -412.359266579  -412.303943071  -412.303943071  -412.256756500
   294.000  -412.452393133  -412.362166679  -412.307052101  -412.307052101  -412.256679990
   294.500  -412.455813255  -412.369023230  -412.314266669  -412.314266669  -412.256916003
   295.000  -412.459771420  -412.376335108  -412.322062638  -412.322062638  -412.257270085
   295.500  -412.459101885  -412.378844442  -412.325146346  -412.325146346  -412.257437694
   296.000  -412.451260547  -412.373944845  -412.320867244  -412.320867244  -412.257337244
   296.500  -412.437860554  -412.363206868  -412.310749662  -412.310749662  -412.257019298
   297.000  -412.423911685  -412.351607677  -412.299724992  -412.299724992  -412.256631902
   297.500  -412.415332282  -412.345038264  -412.293644397  -412.293644397  -412.256440874
   298.000  -412.415012014  -412.346366404  -412.295354792  -412.295354792  -412.256582889
   298.500  -412.420908720  -412.353534252  -412.302800683  -412.302800683  -412.256874288
   299.000  -412.428546174  -412.362052303  -412.311518073  -412.311518073  -412.257075448
   299.500  -412.434537873  -412.368519975  -412.318147620  -412.318147620  -412.257122545
   300.000  -412.437798986  -412.371838092  -412.321646313  -412.321646313  -412.257066150
   300.500  -412.438940079  -412.372607331  -412.322681028  -412.322681028  -412.256986769
   301.000  -412.439030469  -412.371897636  -412.322391691  -412.322391691  -412.256975896
   301.500  -412.438287955  -412.369944262  -412.321073377  -412.321073377  -412.257045333
   302.000  -412.436023307  -412.366095834  -412.318111593  -412.318111593  -412.257037926
   302.500  -412.432766908  -412.360940257  -412.314103943  -412.314103943  -412.256825031
   303.000  -412.431697744  -412.357732428  -412.312286233  -412.312286233  -412.256622255
   303.500  -412.435544897  -412.359295942  -412.315428600  -412.315428600  -412.256733214
   304.000  -412.442616100  -412.364047174  -412.321862506  -412.321862506  -412.257028669
   304.500  -412.448447289  -412.367634550  -412.327133083  -412.327133083  -412.257212044
   305.000  -412.449934746  -412.367057347  -412.328139987  -412.328139987  -412.257233812
   305.500  -412.446428391  -412.361746729  -412.324233595  -412.324233595  -412.257177405
   306.000  -412.438781478  -412.352609814  -412.316256806  -412.316256806  -412.257068624
   306.500  -412.428928509  -412.341604722  -412.306118365  -412.306118365  -412.256877506
   307.000  -412.420084902  -412.331941978  -412.296998461  -412.296998461  -412.256643321
   307.500  -412.415914728  -412.327268028  -412.292533825  -412.292533825  -412.256537615
   308.000  -412.418003778  -412.329154965  -412.294318793  -412.294318793  -412.256680153
   308.500  -412.424257506  -412.335511652  -412.300316204  -412.300316204  -412.256937368
   309.000  -412.430761085  -412.342440058  -412.306709788  -412.306709788  -412.257097541
   309.500  -412.434813000  -412.347257178  -412.310908545  -412.310908545  -412.257131864
   310.000  -412.435553133  -412.349113902  -412.312148434  -412.312148434  -412.257153708
   310.500  -412.432630605  -412.347661017  -412.310144121  -412.310144121  -412.257171601
   311.000  -412.426197273  -412.343043567  -412.305078396  -412.305078396  -412.257019632
   311.500  -412.418906328  -412.337892374  -412.299605857  -412.299605857  -412.256705474
   312.000  -412.415333379  -412.336738314  -412.298265491  -412.298265491  -412.256602864
   312.500  -412.416918523  -412.340950429  -412.302414364  -412.302414364  -412.256850186
   313.000  -412.420187943  -412.346964147  -412.308454992  -412.308454992  -412.257089780
   313.500  -412.421441657  -412.350980672  -412.312547415  -412.312547415  -412.257101404
   314.000  -412.420077778  -412.352301691  -412.313960919  -412.313960919  -412.256989096
   314.500  -412.417473829  -412.352217854  -412.313968553  -412.313968553  -412.256904088
   315.000  -412.414838197  -412.351867476  -412.313697651  -412.313697651  -412.256905503
   315.500  -412.412239860  -412.351266733  -412.313158404  -412.313158404  -412.256974793
   316.000  -412.408864869  -412.349566879  -412.311489883  -412.311489883  -412.257040509
   316.500  -412.404074514  -412.346105002  -412.308016824  -412.308016824  -412.257010308
   317.000  -412.398712774  -412.341704582  -412.303553555  -412.303553555  -412.256849115
   317.500  -412.395435433  -412.338997908  -412.300737026  -412.300737026  -412.256676914
   318.000  -412.396864729  -412.340578572  -412.302186299  -412.302186299  -412.256685082
   318.500  -412.402894451  -412.346308935  -412.307810593  -412.307810593  -412.256905526
   319.000  -412.410224250  -412.352858935  -412.314339158  -412.314339158  -412.257198720
   319.500  -412.414460652  -412.355812302  -412.317414832  -412.317414832  -412.257374052
   320.000  -412.413145427  -412.352700079  -412.314621835  -412.314621835  -412.257247597
   320.500  -412.408336676  -412.345587513  -412.308067935  -412.308067935  -412.256860781
   321.000  -412.405605686  -412.340077061  -412.303370839  -412.303370839  -412.256625939
   321.500  -412.408227848  -412.339504810  -412.303834076  -412.303834076  -412.256791041
   322.000  -412.413837741  -412.341598426  -412.307101980  -412.307101980  -412.257050159
   322.500  -412.418384583  -412.342427900  -412.309138184  -412.309138184  -412.257107224
   323.000  -412.420453353  -412.340714973  -412.308568779  -412.308568779  -412.256994915
   323.500  -412.421215642  -412.337775456  -412.306639163  -412.306639163  -412.256851794
   324.000  -412.422518313  -412.335596560  -412.305291113  -412.305291113  -412.256763713
   324.500  -412.425504211  -412.335458229  -412.305777619  -412.305777619  -412.256762581
   325.000  -412.430062732  -412.337378769  -412.308102002  -412.308102002  -412.256846249
   325.500  -412.434865497  -412.340145159  -412.311045459  -412.311045459  -412.256978167
   326.000  -412.437973830  -412.341908650  -412.312764008  -412.312764008  -412.257080291
   326.500  -412.438054436  -412.341386950  -412.311992455  -412.311992455  -412.257055458
   327.000  -412.435760429  -412.339236739  -412.309416795  -412.309416795  -412.256881464
   327.500  -412.433881245  -412.338208370  -412.307816850  -412.307816850  -412.256717590
   328.000  -412.434918059  -412.340741862  -412.309653546  -412.309653546  -412.256800231
   328.500  -412.437861820  -412.345767738  -412.313862499  -412.313862499  -412.257096299
   329.000  -412.438786384  -412.349308164  -412.316461691  -412.316461691  -412.257250930
   329.500  -412.435693682  -412.349311211  -412.315400188  -412.315400188  -412.257060842
   330.000  -412.431164016  -412.348283136  -412.313196056  -412.313196056  -412.256818524
   330.500  -412.428426118  -412.349347195  -412.312988487  -412.312988487  -412.256867869
   331.000  -412.426810833  -412.351697765  -412.313984419  -412.313984419  -412.257058102
   331.500  -412.423538068  -412.352401260  -412.313263642  -412.313263642  -412.257107844
   332.000  -412.417599018  -412.350296271  -412.309689789  -412.309689789  -412.257002976
   332.500  -412.410283216  -412.346535584  -412.304457803  -412.304457803  -412.256858948
   333.000  -412.403639132  -412.343054133  -412.299559745  -412.299559745  -412.256751575
   333.500  -412.399275782  -412.341373190  -412.296583893  -412.296583893  -412.256702608
   334.000  -412.397945790  -412.342183626  -412.296288883  -412.296288883  -412.256711427
   334.500  -412.399517943  -412.345317220  -412.298566791  -412.298566791  -412.256771556
   335.000  -412.403098008  -412.349865862  -412.302552907  -412.302552907  -412.256866636
   335.500  -412.407320154  -412.354470391  -412.306906765  -412.306906765  -412.256967110
   336.000  -412.410815021  -412.357785271  -412.310271724  -412.310271724  -412.257048269
   336.500  -412.412589498  -412.358854412  -412.311649381  -412.311649381  -412.257106737
   337.000  -412.412120277  -412.357201467  -412.310496918  -412.310496918  -412.257125890
   337.500  -412.409619270  -412.353091308  -412.307004023  -412.307004023  -412.257046340
   338.000  -412.406741868  -412.348235313  -412.302822457  -412.302822457  -412.256853340
   338.500  -412.406539370  -412.345741374  -412.301033264  -412.301033264  -412.256687787
   339.000  -412.411256237  -412.347906903  -412.303935562  -412.303935562  -412.256773297
   339.500  -412.419328619  -412.353214681  -412.310018985  -412.310018985  -412.257075551
   340.000  -412.426045912  -412.356998182  -412.314605824  -412.314605824  -412.257275156
   340.500  -412.427964136  -412.355862394  -412.314266921  -412.314266921  -412.257222193
   341.000  -412.425261656  -412.350043005  -412.309192978  -412.309192978  -412.257029331
   341.500  -412.420408669  -412.342074486  -412.301873781  -412.301873781  -412.256840389
   342.000  -412.416070488  -412.334689858  -412.295004245  -412.295004245  -412.256721133
   342.500  -412.414006418  -412.329715436  -412.290380786  -412.290380786  -412.256677557
   343.000  -412.414877882  -412.327874306  -412.288707179  -412.288707179  -412.256690856
   343.500  -412.418495057  -412.329029179  -412.289838869  -412.289838869  -412.256732899
   344.000  -412.424240429  -412.332603194  -412.293205924  -412.293205924  -412.256773002
   344.500  -412.431523617  -412.338033101  -412.298268989  -412.298268989  -412.256795392
   345.000  -412.439979524  -412.344970854  -412.304720804  -412.304720804  -412.256832331
   345.500  -412.448972732  -412.352794424  -412.311993062  -412.311993062  -412.256962792
   346.000  -412.456554364  -412.359574586  -412.318215952  -412.318215952  -412.257202412
   346.500  -412.459474883  -412.362089624  -412.320226560  -412.320226560  -412.257371861
   347.000  -412.455861974  -412.358496425  -412.316235390  -412.316235390  -412.257209738
   347.500  -412.448668638  -412.351769853  -412.309254899  -412.309254899  -412.256765201
   348.000  -412.444536055  -412.348561117  -412.305938623  -412.305938623  -412.256520254
   348.500  -412.447068818  -412.352471535  -412.309836645  -412.309836645  -412.256749421
   349.000  -412.453084933  -412.360295252  -412.317648450  -412.317648450  -412.257131383
   349.500  -412.456853190  -412.366245040  -412.323483092  -412.323483092  -412.257299063
   350.000  -412.455435286  -412.367286180  -412.324228852  -412.324228852  -412.257219432
   350.500  -412.449590908  -412.364046632  -412.320477202  -412.320477202  -412.257034726
   351.000  -412.441883686  -412.358937616  -412.314642713  -412.314642713  -412.256866876
   351.500  -412.434827005  -412.354317714  -412.309114565  -412.309114565  -412.256767495
   352.000  -412.429994246  -412.351616749  -412.305371734  -412.305371734  -412.256739118
   352.500  -412.427900965  -412.351226265  -412.303867415  -412.303867415  -412.256757318
   353.000  -412.428343339  -412.352841314  -412.304366939  -412.304366939  -412.256784207
   353.500  -412.430951279  -412.356016273  -412.306498491  -412.306498491  -412.256792399
   354.000  -412.435560873  -412.360541141  -412.310122553  -412.310122553  -412.256806761
   354.500  -412.441846154  -412.366080841  -412.314960354  -412.314960354  -412.256905029
   355.000  -412.448326479  -412.371192945  -412.319597360  -412.319597360  -412.257103375
   355.500  -412.452337222  -412.373301975  -412.321454792  -412.321454792  -412.257244717
   356.000  -412.452284218  -412.370945301  -412.319045743  -412.319045743  -412.257142906
   356.500  -412.449971749  -412.366079920  -412.314294525  -412.314294525  -412.256915143
   357.000  -412.448770272  -412.362225088  -412.310677973  -412.310677973  -412.256873641
   357.500  -412.449493346  -412.360321372  -412.309074811  -412.309074811  -412.256971983
   358.000  -412.450803826  -412.359135756  -412.308173290  -412.308173290  -412.256986726
   358.500  -412.452066510  -412.358123906  -412.307355587  -412.307355587  -412.256961085
   359.000  -412.453138224  -412.357228970  -412.306515422  -412.306515422  -412.256977038
   359.500  -412.453412706  -412.355926562  -412.305103550  -412.305103550  -412.256982667
   360.000  -412.452464821  -412.353863395  -412.302754583  -412.302754583  -412.256935648
   360.500  -412.450666395  -412.351466408  -412.299889247  -412.299889247  -412.256866186
   361.000  -412.448822170  -412.349577626  -412.297348732  -412.297348732  -412.256818545
   361.500  -412.447541815  -412.348827348  -412.295772088  -412.295772088  -412.256805276
   362.000  -412.447021998  -412.349412663  -412.295386104  -412.295386104  -412.256807330
   362.500  -412.447290322  -412.351336273  -412.296248332  -412.296248332  -412.256802097
   363.000  -412.448488638  -412.354683449  -412.298522001  -412.298522001  -412.256808866
   363.500  -412.450584151  -412.359337658  -412.302170727  -412.302170727  -412.256889119
   364.000  -412.452568230  -412.364186064  -412.306149269  -412.306149269  -412.257044145
   364.500  -412.452613603  -412.367288074  -412.308558554  -412.308558554  -412.257114480
   365.000  -412.450315074  -412.368124805  -412.308900072  -412.308900072  -412.256944826
   365.500  -412.448505053  -412.369424256  -412.309904333  -412.309904333  -412.256730282
   366.000  -412.450270030  -412.374187872  -412.314550055  -412.314550055  -412.256854326
   366.500  -412.453919491  -412.380665926  -412.321027553  -412.321027553  -412.257206228
   367.000  -412.454488389  -412.383854739  -412.324246771  -412.324246771  -412.257342761
   367.500  -412.449801392  -412.381552805  -412.321914086  -412.321914086  -412.257149416
   368.000  -412.442385537  -412.376262428  -412.316458797  -412.316458797  -412.256856342
   368.500  -412.436360508  -412.372072078  -412.311934001  -412.311934001  -412.256710638
   369.000  -412.433861351  -412.371079031  -412.310440855  -412.310440855  -412.256750218
   369.500  -412.434325310  -412.372676236  -412.311411927  -412.311411927  -412.256850788
   370.000  -412.436147675  -412.375210280  -412.313258891  -412.313258891  -412.256913104
   370.500  -412.438188163  -412.377492414  -412.314870382  -412.314870382  -412.256924691
   371.000  -412.440100234  -412.379133114  -412.315935736  -412.315935736  -412.256903958
   371.500  -412.442114325  -412.380329156  -412.316725964  -412.316725964  -412.256867714
   372.000  -412.444749212  -412.381580462  -412.317799402  -412.317799402  -412.256854113
   372.500  -412.448200282  -412.383081917  -412.319386924  -412.319386924  -412.256928063
   373.000  -412.451491357  -412.383884506  -412.320543295  -412.320543295  -412.257076849
   373.500  -412.452833054  -412.382257791  -412.319512927  -412.319512927  -412.257116715
   374.000  -412.452181413  -412.378246074  -412.316300551  -412.316300551  -412.256890875
   374.500  -412.453017086  -412.375441413  -412.314453786  -412.314453786  -412.256637457
   375.000  -412.458806254  -412.377436801  -412.317516305  -412.317516305  -412.256747799
   375.500  -412.467861312  -412.382685379  -412.323881042  -412.323881042  -412.257088523
   376.000  -412.475037866  -412.386194605  -412.328487936  -412.328487936  -412.257274504
   376.500  -412.477080545  -412.384865108  -412.328174325  -412.328174325  -412.257219129
   377.000  -412.474331296  -412.379184631  -412.323374595  -412.323374595  -412.257026488
   377.500  -412.469423630  -412.371906914  -412.316801389  -412.316801389  -412.256805943
   378.000  -412.465546253  -412.366303750  -412.311697612  -412.311697612  -412.256662658
   378.500  -412.464775671  -412.364498890  -412.310173730  -412.310173730  -412.256669579
   379.000  -412.467000380  -412.366399853  -412.312142389  -412.312142389  -412.256795285
   379.500  -412.470346855  -412.370131361  -412.315754308  -412.315754308  -412.256930379
   380.000  -412.472746791  -412.373605086  -412.318966860  -412.318966860  -412.256987892
   380.500  -412.473255821  -412.375838075  -412.320856336  -412.320856336  -412.256958583
   381.000  -412.472226006  -412.377125516  -412.321782504  -412.321782504  -412.256917508
   381.500  -412.470231109  -412.377971299  -412.322306742  -412.322306742  -412.256972399
   382.000  -412.466632737  -412.377661870  -412.321751069  -412.321751069  -412.257116182
   382.500  -412.459837285  -412.374524772  -412.318454643  -412.318454643  -412.257147838
   383.000  -412.450083745  -412.368710485  -412.312565854  -412.312565854  -412.256902794
   383.500  -412.441347801  -412.364088412  -412.307946786  -412.307946786  -412.256621638
   384.000  -412.437743957  -412.364643112  -412.308566729  -412.308566729  -412.256711924
   384.500  -412.438156491  -412.369108693  -412.313124942  -412.313124942  -412.257046052
   385.000  -412.437846970  -412.372582879  -412.316673255  -412.316673255  -412.257224313
   385.500  -412.433926132  -412.372014153  -412.316122279  -412.316122279  -412.257175599
   386.000  -412.426810697  -412.367673422  -412.311726017  -412.311726017  -412.257040324
   386.500  -412.418469705  -412.361410668  -412.305336135  -412.305336135  -412.256906390
   387.000  -412.411057766  -412.355292422  -412.299030091  -412.299030091  -412.256783874
   387.500  -412.406575207  -412.351260522  -412.294760089  -412.294760089  -412.256691712
   388.000  -412.406459819  -412.350721482  -412.293944009  -412.293944009  -412.256688296
   388.500  -412.410775747  -412.353731365  -412.296654126  -412.296654126  -412.256784447
   389.000  -412.418122757  -412.358899565  -412.301526636  -412.301526636  -412.256892672
   389.500  -412.426859896  -412.364607365  -412.306978043  -412.306978043  -412.256936463
   390.000  -412.436156962  -412.370061985  -412.312245536  -412.312245536  -412.256965175
   390.500  -412.445357437  -412.374672401  -412.316745979  -412.316745979  -412.257080963
   391.000  -412.452693685  -412.376780634  -412.318801702  -412.318801702  -412.257249303
   391.500  -412.455918624  -412.374300042  -412.316295831  -412.316295831  -412.257256471
   392.000  -412.455301029  -412.367701128  -412.309685096  -412.309685096  -412.256948347
   392.500  -412.455423296  -412.361790761  -412.303788046  -412.303788046  -412.256581603
   393.000  -412.461285973  -412.361799323  -412.303851448  -412.303851448  -412.256616437
   393.500  -412.472173995  -412.367234954  -412.309376504  -412.309376504  -412.256963378
   394.000  -412.482771369  -412.372991405  -412.315219920  -412.315219920  -412.257183068
   394.500  -412.489174941  -412.375349815  -412.317614994  -412.317614994  -412.257160012
   395.000  -412.491027499  -412.374103811  -412.316312427  -412.316312427  -412.257034013
   395.500  -412.489825969  -412.370862739  -412.312886513  -412.312886513  -412.256923981
   396.000  -412.487127780  -412.367253526  -412.308943225  -412.308943225  -412.256863295
   396.500  -412.483935688  -412.364306096  -412.305506147  -412.305506147  -412.256829260
   397.000  -412.480933978  -412.362688583  -412.303254324  -412.303254324  -412.256789500
   397.500  -412.478880834  -412.363098356  -412.302913682  -412.302913682  -412.256745683
   398.000  -412.478525733  -412.366178803  -412.305177255  -412.305177255  -412.256736123
   398.500  -412.480060405  -412.371977231  -412.310152145  -412.310152145  -412.256793022
   399.000  -412.482639812  -412.379476571  -412.316877153  -412.316877153  -412.256932120
   399.500  -412.484190615  -412.386418245  -412.323129789  -412.323129789  -412.257144358
   400.000  -412.481714486  -412.389617107  -412.325733491  -412.325733491  -412.257337648
   400.500  -412.472788894  -412.386466062  -412.322075548  -412.322075548  -412.257330431
   401.000  -412.458184306  -412.377554481  -412.312743884  -412.312743884  -412.257004339
   401.500  -412.443188988  -412.368000489  -412.302868068  -412.302868068  -412.256586216
   402.000  -412.434028762  -412.363880122  -412.298540146  -412.298540146  -412.256530786
   402.500  -412.431690031  -412.366062604  -412.300634045  -412.300634045  -412.256827282
   403.000  -412.431968786  -412.370262127  -412.304857733  -412.304857733  -412.257060768
   403.500  -412.431069739  -412.372632877  -412.307357323  -412.307357323  -412.257072479
   404.000  -412.428272483  -412.372425131  -412.307386765  -412.307386765  -412.256975640
   404.500  -412.424662216  -412.370709880  -412.306032812  -412.306032812  -412.256887627
   405.000  -412.421422044  -412.368667483  -412.304495180  -412.304495180  -412.256851035
   405.500  -412.419105737  -412.366859636  -412.303347814  -412.303347814  -412.256860012
   406.000  -412.417674062  -412.365265689  -412.302568341  -412.302568341  -412.256879681
   406.500  -412.417007664  -412.363794332  -412.302046953  -412.302046953  -412.256857359
   407.000  -412.417633368  -412.363007780  -412.302314569  -412.302314569  -412.256770809
   407.500  -412.420918380  -412.364315321  -412.304746469  -412.304746469  -412.256696352
   408.000  -412.427885497  -412.368791295  -412.310386333  -412.310386333  -412.256773914
   408.500  -412.437274953  -412.375242257  -412.318013248  -412.318013248  -412.257039886
   409.000  -412.445151941  -412.379816654  -412.323753064  -412.323753064  -412.257334642
   409.500  -412.447321475  -412.378414728  -412.323492349  -412.323492349  -412.257403394
   410.000  -412.443064207  -412.370415673  -412.316613321  -412.316613321  -412.257103463
   410.500  -412.436931232  -412.360466169  -412.307784703  -412.307784703  -412.256663578
   411.000  -412.435156020  -412.354893902  -412.303358286  -412.303358286  -412.256567279
   411.500  -412.439066434  -412.355122126  -412.304762448  -412.304762448  -412.256840241
   412.000  -412.444670862  -412.357255168  -412.308075964  -412.308075964  -412.257060769
   412.500  -412.448291128  -412.357707170  -412.309668457  -412.309668457  -412.257056260
   413.000  -412.449393923  -412.356028771  -412.309041924  -412.309041924  -412.256944973
   413.500  -412.449252369  -412.353563921  -412.307498301  -412.307498301  -412.256851642
   414.000  -412.449132814  -412.351630652  -412.306322029  -412.306322029  -412.256815011
   414.500  -412.449607988  -412.350827399  -412.306090094  -412.306090094  -412.256820550
   415.000  -412.450707364  -412.351178781  -412.306818341  -412.306818341  -412.256835518
   415.500  -412.452370575  -412.352588690  -412.308416789  -412.308416789  -412.256830627
   416.000  -412.454841137  -412.355241946  -412.311089608  -412.311089608  -412.256802486
   416.500  -412.458663348  -412.359614767  -412.315334374  -412.315334374  -412.256794575
   417.000  -412.464012565  -412.365820783  -412.321273818  -412.321273818  -412.256878778
   417.500  -412.469696069  -412.372619309  -412.327659137  -412.327659137  -412.257078512
   418.000  -412.472930085  -412.377187027  -412.331656349  -412.331656349  -412.257297732
   418.500  -412.470892585  -412.376652924  -412.330409471  -412.330409471  -412.257323185
   419.000  -412.463781120  -412.371138857  -412.324104651  -412.324104651  -412.257019681
   419.500  -412.456305599  -412.365245650  -412.317447189  -412.317447189  -412.256670115
   420.000  -412.453465759  -412.363841846  -412.315398871  -412.315398871  -412.256716972
   420.500  -412.454724573  -412.366258125  -412.317319059  -412.317319059  -412.257014283
   421.000  -412.455828636  -412.368127217  -412.318794507  -412.318794507  -412.257143179
   421.500  -412.454525273  -412.367110309  -412.317399673  -412.317399673  -412.257049428
   422.000  -412.451794504  -412.364131127  -412.313965228  -412.313965228  -412.256897098
   422.500  -412.449700004  -412.361224636  -412.310451544  -412.310451544  -412.256803231
   423.000  -412.449606868  -412.359755250  -412.308167280  -412.308167280  -412.256792329
   423.500  -412.451707276  -412.359938783  -412.307294861  -412.307294861  -412.256834466
   424.000  -412.455426597  -412.361245854  -412.307292605  -412.307292605  -412.256873013
   424.500  -412.460242100  -412.363216465  -412.307712606  -412.307712606  -412.256858733
   425.000  -412.466373983  -412.366153180  -412.308885236  -412.308885236  -412.256800445
   425.500  -412.474585332  -412.370926636  -412.311716784  -412.311716784  -412.256788944
   426.000  -412.484879300  -412.377681426  -412.316382132  -412.316382132  -412.256907824
   426.500  -412.495377379  -412.384712762  -412.321199396  -412.321199396  -412.257118538
   427.000  -412.502921258  -412.389048889  -412.323230226  -412.323230226  -412.257284526
   427.500  -412.505134047  -412.388480966  -412.320338985  -412.320338985  -412.257256441
   428.000  -412.502670197  -412.383788308  -412.313432644  -412.313432644  -412.256960789
   428.500  -412.499973328  -412.379494246  -412.307191196  -412.307191196  -412.256622270
   429.000  -412.501736769  -412.380346263  -412.306484423  -412.306484423  -412.256655743
   429.500  -412.507349422  -412.385777508  -412.310787728  -412.310787728  -412.256986824
   430.000  -412.511873376  -412.390888027  -412.315164822  -412.315164822  -412.257179753
   430.500  -412.511956679  -412.392344461  -412.316216012  -412.316216012  -412.257118320
   431.000  -412.507930224  -412.390466569  -412.314203400  -412.314203400  -412.256958939
   431.500  -412.501869549  -412.387285228  -412.311122486  -412.311122486  -412.256838714
   432.000  -412.495557360  -412.384510748  -412.308656397  -412.308656397  -412.256798451
   432.500  -412.489751571  -412.382800809  -412.307437640  -412.307437640  -412.256818121
   433.000  -412.484435804  -412.382014691  -412.307289754  -412.307289754  -412.256844714
   433.500  -412.479553770  -412.381943931  -412.307969183  -412.307969183  -412.256830410
   434.000  -412.475659264  -412.382970758  -412.309820120  -412.309820120  -412.256783838
   434.500  -412.473678940  -412.385844598  -412.313556964  -412.313556964  -412.256798840
   435.000  -412.473553459  -412.390345792  -412.318918522  -412.318918522  -412.256959234
   435.500  -412.473104697  -412.394169301  -412.323553605  -412.323553605  -412.257217179
   436.000  -412.468809852  -412.393703912  -412.323811062  -412.323811062  -412.257405777
   436.500  -412.458361576  -412.386587465  -412.317309127  -412.317309127  -412.257328754
   437.000  -412.443546704  -412.374576191  -412.305816364  -412.305816364  -412.256914968
   437.500  -412.430834410  -412.364124722  -412.295832337  -412.295832337  -412.256485183
   438.000  -412.426418909  -412.361424715  -412.293604247  -412.293604247  -412.256540145
   438.500  -412.429471220  -412.365649810  -412.298347465  -412.298347465  -412.256964910
   439.000  -412.433653587  -412.370462741  -412.303742810  -412.303742810  -412.257233810
   439.500  -412.434350808  -412.371242459  -412.305172149  -412.305172149  -412.257196706
   440.000  -412.431370101  -412.367784483  -412.302429549  -412.302429549  -412.257023417
   440.500  -412.426871262  -412.362234166  -412.297658640  -412.297658640  -412.256870899
   441.000  -412.423016235  -412.356740891  -412.293006514  -412.293006514  -412.256792864
   441.500  -412.421026108  -412.352520407  -412.289684453  -412.289684453  -412.256771975
   442.000  -412.421347149  -412.350020856  -412.288136663  -412.288136663  -412.256758928
   442.500  -412.424317176  -412.349592610  -412.288710031  -412.288710031  -412.256717183
   443.000  -412.430613047  -412.351937938  -412.292102871  -412.292102871  -412.256680992
   443.500  -412.440695411  -412.357563665  -412.298806582  -412.298806582  -412.256750196
   444.000  -412.453422277  -412.365404589  -412.307718427  -412.307718427  -412.256968882
   444.500  -412.465505802  -412.372281180  -412.315604264  -412.315604264  -412.257241642
   445.000  -412.472949971  -412.374328082  -412.318547106  -412.318547106  -412.257403120
   445.500  -412.473571185  -412.369497359  -412.314480965  -412.314480965  -412.257302681
   446.000  -412.469212243  -412.359753204  -412.305411788  -412.305411788  -412.256907380
   446.500  -412.465840799  -412.351152830  -412.297505719  -412.297505719  -412.256505513
   447.000  -412.469177963  -412.349480191  -412.296673542  -412.296673542  -412.256510181
   447.500  -412.479099964  -412.354661124  -412.302922885  -412.302922885  -412.256849046
   448.000  -412.490526160  -412.361676306  -412.311215436  -412.311215436  -412.257127540
   448.500  -412.498854795  -412.365997226  -412.316910677  -412.316910677  -412.257195092
   449.000  -412.502557369  -412.366170292  -412.318384899  -412.318384899  -412.257125307
   449.500  -412.502344377  -412.362932104  -412.316247472  -412.316247472  -412.257020971
   450.000  -412.499662532  -412.357701262  -412.311865414  -412.311865414  -412.256935259
   450.500  -412.495872191  -412.351778527  -412.306540084  -412.306540084  -412.256863862
   451.000  -412.492223452  -412.346332819  -412.301482839  -412.301482839  -412.256776129
   451.500  -412.490239910  -412.342806064  -412.298188119  -412.298188119  -412.256661832
   452.000  -412.491724338  -412.342919052  -412.298440610  -412.298440610  -412.256590077
   452.500  -412.497706497  -412.347633173  -412.303259663  -412.303259663  -412.256664687
   453.000  -412.507008843  -412.355725201  -412.311464227  -412.311464227  -412.256895105
   453.500  -412.516162502  -412.363701886  -412.319589610  -412.319589610  -412.257174043
   454.000  -412.521007633  -412.367391548  -412.323492413  -412.323492413  -412.257373524
   454.500  -412.518732231  -412.363974280  -412.320398370  -412.320398370  -412.257376047
   455.000  -412.509716390  -412.353824502  -412.310755336  -412.310755336  -412.257094967
   455.500  -412.498553114  -412.341541760  -412.299241143  -412.299241143  -412.256661387
   456.000  -412.491754804  -412.333668997  -412.292423364  -412.292423364  -412.256479084
   456.500  -412.492116863  -412.333056154  -412.293072192  -412.293072192  -412.256691816
   457.000  -412.496751762  -412.336885114  -412.298193640  -412.298193640  -412.256968286
   457.500  -412.501392770  -412.340960823  -412.303391096  -412.303391096  -412.257080913
   458.000  -412.503817372  -412.343115259  -412.306346227  -412.306346227  -412.257087275
   458.500  -412.503475962  -412.342823363  -412.306459734  -412.306459734  -412.257071214
   459.000  -412.500399234  -412.340105623  -412.303745107  -412.303745107  -412.257036470
   459.500  -412.495089418  -412.335422656  -412.298705940  -412.298705940  -412.256948416
   460.000  -412.488978281  -412.330145790  -412.292782203  -412.292782203  -412.256788246
   460.500  -412.484585482  -412.326734639  -412.288506793  -412.288506793  -412.256611556
   461.000  -412.484564394  -412.327803915  -412.288554179  -412.288554179  -412.256546309
   461.500  -412.489827580  -412.334267375  -412.293869730  -412.293869730  -412.256661382
   462.000  -412.498583334  -412.344377232  -412.302709034  -412.302709034  -412.256882310
   462.500  -412.507372385  -412.354749552  -412.311681230  -412.311681230  -412.257099403
   463.000  -412.512731341  -412.362003624  -412.317419511  -412.317419511  -412.257257355
   463.500  -412.512235940  -412.363784064  -412.317631342  -412.317631342  -412.257295922
   464.000  -412.505525523  -412.359759412  -412.312130462  -412.312130462  -412.257116426
   464.500  -412.495574723  -412.352877409  -412.304085572  -412.304085572  -412.256750183
   465.000  -412.487849064  -412.348542854  -412.299110350  -412.299110350  -412.256525250
   465.500  -412.485688711  -412.350065647  -412.300562753  -412.300562753  -412.256674401
   466.000  -412.487205915  -412.355606780  -412.306442585  -412.306442585  -412.256950430
   466.500  -412.488399657  -412.361247519  -412.312584620  -412.312584620  -412.257076268
   467.000  -412.487090617  -412.364882236  -412.316658673  -412.316658673  -412.257070764
   467.500  -412.483032717  -412.366290957  -412.318303382  -412.318303382  -412.257052136
   468.000  -412.476430031  -412.365644512  -412.317623960  -412.317623960  -412.257043345
   468.500  -412.467586360  -412.363156811  -412.314821793  -412.314821793  -412.256982143
   469.000  -412.457682176  -412.359866761  -412.310959494  -412.310959494  -412.256838794
   469.500  -412.449065803  -412.357946373  -412.308247744  -412.308247744  -412.256698766
   470.000  -412.443950739  -412.359421729  -412.308749759  -412.308749759  -412.256689430
   470.500  -412.442616927  -412.364393489  -412.312593265  -412.312593265  -412.256819218
   471.000  -412.443254217  -412.370893150  -412.317830725  -412.317830725  -412.256988125
   471.500  -412.443343739  -412.376265265  -412.321840976  -412.321840976  -412.257130361
   472.000  -412.440721640  -412.378231698  -412.322412101  -412.322412101  -412.257235388
   472.500  -412.433963163  -412.375278873  -412.318133241  -412.318133241  -412.257250698
   473.000  -412.423294731  -412.367572416  -412.309298180  -412.309298180  -412.257055713
   473.500  -412.412138077  -412.358502749  -412.299424843  -412.299424843  -412.256675668
   474.000  -412.406247741  -412.353815392  -412.294349775  -412.294349775  -412.256486593
   474.500  -412.408384309  -412.356277943  -412.296859352  -412.296859352  -412.256730824
   475.000  -412.415160921  -412.362518748  -412.303522704  -412.303522704  -412.257070448
   475.500  -412.421477829  -412.367463233  -412.309148856  -412.309148856  -412.257177154
   476.000  -412.425292845  -412.369109583  -412.311594670  -412.311594670  -412.257101832
   476.500  -412.427364631  -412.368279564  -412.311540586  -412.311540586  -412.257004786
   477.000  -412.429040025  -412.366410182  -412.310304614  -412.310304614  -412.256949276
   477.500  -412.431205398  -412.364505383  -412.308810298  -412.308810298  -412.256901589
   478.000  -412.434605929  -412.363450246  -412.307909604  -412.307909604  -412.256828258
   478.500  -412.440182555  -412.364342659  -412.308706751  -412.308706751  -412.256781972
   479.000  -412.448311996  -412.367729877  -412.311775229  -412.311775229  -412.256836228
   479.500  -412.457857868  -412.372654464  -412.316187009  -412.316187009  -412.256960118
   480.000  -412.466627144  -412.377096898  -412.319954547  -412.319954547  -412.257068687
   480.500  -412.472613883  -412.379200133  -412.321265277  -412.321265277  -412.257136253
   481.000  -412.474537327  -412.377792857  -412.319011661  -412.319011661  -412.257171070
   481.500  -412.471920972  -412.372463220  -412.312865931  -412.312865931  -412.257120768
   482.000  -412.465919727  -412.364392290  -412.304103517  -412.304103517  -412.256881723
   482.500  -412.460513939  -412.357557508  -412.296795619  -412.296795619  -412.256531841
   483.000  -412.460903854  -412.357142306  -412.296195735  -412.296195735  -412.256451395
   483.500  -412.468199255  -412.364239538  -412.303418744  -412.303418744  -412.256790259
   484.000  -412.477507770  -412.373942897  -412.313525056  -412.313525056  -412.257175006
   484.500  -412.482952348  -412.380360997  -412.320545434  -412.320545434  -412.257310953
   485.000  -412.482082159  -412.381015385  -412.321908801  -412.321908801  -412.257245655
   485.500  -412.475626837  -412.376588702  -412.318219598  -412.318219598  -412.257113630
   486.000  -412.465666292  -412.369100840  -412.311437347  -412.311437347  -412.256963464
   486.500  -412.454741246  -412.361019833  -412.304002563  -412.304002563  -412.256792314
   487.000  -412.445678234  -412.355096054  -412.298655754  -412.298655754  -412.256643970
   487.500  -412.440801709  -412.353576368  -412.297639123  -412.297639123  -412.256623968
   488.000  -412.440447756  -412.356719642  -412.301194073  -412.301194073  -412.256763972
   488.500  -412.442570250  -412.362399222  -412.307158232  -412.307158232  -412.256957879
   489.000  -412.444240723  -412.367594338  -412.312468583  -412.312468583  -412.257095908
   489.500  -412.443289103  -412.370024760  -412.314816490  -412.314816490  -412.257166169
   490.000  -412.438650150  -412.368498980  -412.313014307  -412.313014307  -412.257195090
   490.500  -412.430138841  -412.362697355  -412.306791599  -412.306791599  -412.257144621
   491.000  -412.419054328  -412.353791187  -412.297411106  -412.297411106  -412.256908979
   491.500  -412.409453640  -412.345728315  -412.288939313  -412.288939313  -412.256526232
   492.000  -412.407113686  -412.344205888  -412.287184003  -412.287184003  -412.256358088
   492.500  -412.414410407  -412.351554241  -412.294533621  -412.294533621  -412.256638654
   493.000  -412.427283106  -412.363701792  -412.306899691  -412.306899691  -412.257057090
   493.500  -412.439343668  -412.374277120  -412.317848366  -412.317848366  -412.257276805
   494.000  -412.446792841  -412.379518285  -412.323550807  -412.323550807  -412.257284476
   494.500  -412.449103825  -412.378950890  -412.323486718  -412.323486718  -412.257176539
   495.000  -412.447770116  -412.374135309  -412.319198209  -412.319198209  -412.257002755
   495.500  -412.445429788  -412.367796978  -412.313413103  -412.313413103  -412.256797615
   496.000  -412.445154211  -412.363125526  -412.309328427  -412.309328427  -412.256642863
   496.500  -412.449136964  -412.362473872  -412.309291886  -412.309291886  -412.256636619
   497.000  -412.457291645  -412.365959139  -412.313388595  -412.313388595  -412.256780031
   497.500  -412.467255695  -412.371454009  -412.319435011  -412.319435011  -412.256966877
   498.000  -412.475912350  -412.376083391  -412.324493843  -412.324493843  -412.257107238
   498.500  -412.480794565  -412.377597808  -412.326265361  -412.326265361  -412.257190227
   499.000  -412.480422194  -412.374686608  -412.323415710  -412.323415710  -412.257229868
   499.500  -412.474288415  -412.366953562  -412.315552161  -412.315552161  -412.257177584
   500.000  -412.463636296  -412.355694560  -412.303998586  -412.303998586  -412.256927183
