     0.000  -412.496689643  -412.309901345  -412.264630843  -412.264630843  -412.219573304
     0.500  -412.498558291  -412.307040351  -412.267907148  -412.267907148  -412.219557645
     1.000  -412.502634099  -412.307808228  -412.273992480  -412.273992480  -412.219561855
     1.500  -412.508727095  -412.311988778  -412.282760713  -412.282760713  -412.219621526
     2.000  -412.515849074  -412.318618051  -412.293213202  -412.293213202  -412.219790905
     2.500  -412.521472546  -412.325174604  -412.302783992  -412.302783992  -412.220058579
     3.000  -412.521838819  -412.327863684  -412.307661780  -412.307661780  -412.220295816
     3.500  -412.514053031  -412.323696467  -412.304887518  -412.304887518  -412.220252757
     4.000  -412.499699203  -412.314101668  -412.295965730  -412.295965730  -412.219776701
     4.500  -412.486305886  -412.306415414  -412.288327594  -412.288327594  -412.219302086
     5.000  -412.480727323  -412.307312986  -412.288721321  -412.288721321  -412.219470985
     5.500  -412.480710520  -412.314416947  -412.294798281  -412.294798281  -412.219973804
     6.000  -412.478775657  -412.320172500  -412.299009052  -412.299009052  -412.220180943
     6.500  -412.470996181  -412.320585127  -412.297388516  -412.297388516  -412.220062847
     7.000  -412.458321078  -412.316495990  -412.290876234  -412.290876234  -412.219844751
     7.500  -412.443632576  -412.310594184  -412.282365293  -412.282365293  -412.219655867
     8.000  -412.429702409  -412.305378113  -412.274626529  -412.274626529  -412.219527927
     8.500  -412.418570390  -412.302617568  -412.269643479  -412.269643479  -412.219462655
     9.000  -412.411421163  -412.303318404  -412.268479347  -412.268479347  -412.219460707
     9.500  -412.408511780  -412.307663542  -412.271235565  -412.271235565  -412.219514098
    10.000  -412.409241797  -412.315036942  -412.277159677  -412.277159677  -412.219598823
    10.500  -412.412494249  -412.324325680  -412.285000180  -412.285000180  -412.219690100
    11.000  -412.416990669  -412.334249622  -412.293363790  -412.293363790  -412.219796511
    11.500  -412.421205283  -412.343262550  -412.300631630  -412.300631630  -412.219954091
    12.000  -412.422997062  -412.349180878  -412.304597645  -412.304597645  -412.220134527
    12.500  -412.420248282  -412.349818565  -412.303123853  -412.303123853  -412.220145893
    13.000  -412.413653234  -412.345784829  -412.296937643  -412.296937643  -412.219784278
    13.500  -412.408925705  -412.342700067  -412.291845525  -412.291845525  -412.219358746
    14.000  -412.411957755  -412.346390702  -412.293858579  -412.293858579  -412.219495711
    14.500  -412.420733461  -412.354832066  -412.301057931  -412.301057931  -412.219991551
    15.000  -412.427941380  -412.360758033  -412.306179991  -412.306179991  -412.220217603
    15.500  -412.429532621  -412.360190833  -412.305182844  -412.305182844  -412.220101371
    16.000  -412.426510877  -412.354209237  -412.299058749  -412.299058749  -412.219874503
    16.500  -412.421949234  -412.345966931  -412.290864008  -412.290864008  -412.219684677
    17.000  -412.418651967  -412.338361811  -412.283396467  -412.283396467  -412.219568403
    17.500  -412.418413173  -412.333305114  -412.278463850  -412.278463850  -412.219515350
    18.000  -412.422061347  -412.331770461  -412.276936452  -412.276936452  -412.219507036
    18.500  -412.429686314  -412.334021142  -412.278978211  -412.278978211  -412.219533110
    19.000  -412.440773290  -412.339741211  -412.284182420  -412.284182420  -412.219596188
    19.500  -412.454173694  -412.347999697  -412.291541490  -412.291541490  -412.219702444
    20.000  -412.468045150  -412.357176253  -412.299383170  -412.299383170  -412.219848849
    20.500  -412.479945861  -412.365032770  -412.305456328  -412.305456328  -412.220022658
    21.000  -412.487124997  -412.368973614  -412.307209529  -412.307209529  -412.220191052
    21.500  -412.487212052  -412.366705016  -412.302473376  -412.302473376  -412.220241411
    22.000  -412.480066075  -412.358068701  -412.291306855  -412.291306855  -412.219969592
    22.500  -412.470409286  -412.347693852  -412.278631749  -412.278631749  -412.219415392
    23.000  -412.466386738  -412.343617873  -412.272779446  -412.272779446  -412.219190206
    23.500  -412.471058122  -412.348856215  -412.276945157  -412.276945157  -412.219593003
    24.000  -412.478627782  -412.357657925  -412.285387041  -412.285387041  -412.220021779
    24.500  -412.482312584  -412.363323224  -412.291296267  -412.291296267  -412.220077556
    25.000  -412.480409405  -412.364201166  -412.292886125  -412.292886125  -412.219912106
    25.500  -412.474837938  -412.362201771  -412.291948381  -412.291948381  -412.219740870
    26.000  -412.468060580  -412.359720269  -412.290775458  -412.290775458  -412.219643932
    26.500  -412.461685944  -412.358257174  -412.290767892  -412.290767892  -412.219614639
    27.000  -412.456417201  -412.358376986  -412.292385116  -412.292385116  -412.219620384
    27.500  -412.452465977  -412.360125695  -412.295567411  -412.295567411  -412.219633571
    28.000  -412.449920363  -412.363397893  -412.300119432  -412.300119432  -412.219647642
    28.500  -412.448810305  -412.368009191  -412.305799593  -412.305799593  -412.219680817
    29.000  -412.448822068  -412.373426805  -412.312061318  -412.312061318  -412.219763020
    29.500  -412.448859064  -412.378351888  -412.317637115  -412.317637115  -412.219914640
    30.000  -412.446793465  -412.380491030  -412.320299341  -412.320299341  -412.220124611
    30.500  -412.439785941  -412.376884702  -412.317173453  -412.317173453  -412.220306239
    31.000  -412.425831979  -412.365445048  -412.306270443  -412.306270443  -412.220236003
    31.500  -412.407103950  -412.348286347  -412.289803283  -412.289803283  -412.219709354
    32.000  -412.392086757  -412.333850606  -412.276293687  -412.276293687  -412.219134192
    32.500  -412.389082640  -412.330425408  -412.274039909  -412.274039909  -412.219291940
    33.000  -412.395990145  -412.335937439  -412.280880498  -412.280880498  -412.219893469
    33.500  -412.403931774  -412.341567287  -412.287855759  -412.287855759  -412.220164586
    34.000  -412.407882996  -412.342347467  -412.289887811  -412.289887811  -412.220051723
    34.500  -412.408492110  -412.338968489  -412.287622790  -412.287622790  -412.219835698
    35.000  -412.408434051  -412.334138843  -412.283781614  -412.283781614  -412.219675523
    35.500  -412.409866552  -412.330050332  -412.280610121  -412.280610121  -412.219597232
    36.000  -412.413819859  -412.327775970  -412.279264726  -412.279264726  -412.219575845
    36.500  -412.420454859  -412.327527222  -412.280072378  -412.280072378  -412.219579289
    37.000  -412.429484763  -412.329060149  -412.282959193  -412.282959193  -412.219584311
    37.500  -412.440464917  -412.331921338  -412.287759243  -412.287759243  -412.219588122
    38.000  -412.452798510  -412.335427241  -412.294245980  -412.294245980  -412.219616789
    38.500  -412.465396810  -412.338493431  -412.301732473  -412.301732473  -412.219749034
    39.000  -412.476204663  -412.339608605  -412.308225038  -412.308225038  -412.219990746
    39.500  -412.482179751  -412.336423599  -412.310383403  -412.310383403  -412.220246130
    40.000  -412.480193554  -412.326080309  -412.304886347  -412.304886347  -412.220348351
    40.500  -412.469727226  -412.308111903  -412.291194751  -412.291194751  -412.220026826
    41.000  -412.456464363  -412.288206769  -412.275050723  -412.275050723  -412.219364473
    41.500  -412.450147207  -412.276130309  -412.266271432  -412.266271432  -412.219147357
    42.000  -412.453851143  -412.275057422  -412.267982786  -412.267982786  -412.219638231
    42.500  -412.460619348  -412.278222448  -412.273240423  -412.273240423  -412.220069520
    43.000  -412.463434910  -412.278833592  -412.275019232  -412.275019232  -412.220074402
    43.500  -412.461152585  -412.275922841  -412.272145734  -412.272145734  -412.219875248
    44.000  -412.456138674  -412.271946059  -412.266915407  -412.266915407  -412.219685718
    44.500  -412.451059063  -412.269556617  -412.261920665  -412.261920665  -412.219571202
    45.000  -412.447650549  -412.270401633  -412.258849031  -412.258849031  -412.219522732
    45.500  -412.446696158  -412.275169856  -412.258463074  -412.258463074  -412.219517633
    46.000  -412.448307950  -412.284160984  -412.260840417  -412.260840417  -412.219584662
    46.500  -412.450188853  -412.304665719  -412.262533287  -412.262533287  -412.214621838
    47.000  -412.456374327  -412.320692643  -412.274625435  -412.274625435  -412.214914980
    47.500  -412.463524914  -412.338945868  -412.289682439  -412.289682439  -412.215049091
    48.000  -412.470150362  -412.357648692  -412.305584617  -412.305584617  -412.215243285
    48.500  -412.473878748  -412.373966958  -412.319448642  -412.319448642  -412.215497291
    49.000  -412.471734959  -412.384438780  -412.327661602  -412.327661602  -412.215720332
    49.500  -412.461511415  -412.386363566  -412.327351993  -412.327351993  -412.215721346
    50.000  -412.444374553  -412.380440838  -412.319119723  -412.319119723  -412.215373600
    50.500  -412.426119447  -412.372078910  -412.308385362  -412.308385362  -412.214960409
    51.000  -412.412846732  -412.367128493  -412.301108056  -412.301108056  -412.214962619
    51.500  -412.404628380  -412.365572715  -412.297429563  -412.297429563  -412.215262636
    52.000  -412.396959442  -412.362950160  -412.293070615  -412.293070615  -412.215407055
    52.500  -412.386969106  -412.356507417  -412.285474007  -412.285474007  -412.215305273
    53.000  -412.375334300  -412.347059944  -412.275629139  -412.275629139  -412.215112612
    53.500  -412.364428912  -412.337105956  -412.266140433  -412.266140433  -412.214951058
    54.000  -412.356532160  -412.329012630  -412.259374275  -412.259374275  -412.214859169
    54.500  -412.353124483  -412.324308027  -412.256740255  -412.256740255  -412.214834389
    55.000  -412.354815856  -412.323614390  -412.258641251  -412.258641251  -412.214862630
    55.500  -412.361463141  -412.326784766  -412.264647822  -412.264647822  -412.214929252
    56.000  -412.372309441  -412.333069304  -412.273714176  -412.273714176  -412.215022077
    56.500  -412.386113523  -412.341273866  -412.284381584  -412.284381584  -412.215130877
    57.000  -412.401253903  -412.349885211  -412.294944185  -412.294944185  -412.215252284
    57.500  -412.415800087  -412.357144492  -412.303539387  -412.303539387  -412.215382113
    58.000  -412.427653699  -412.361170426  -412.308275454  -412.308275454  -412.215487266
    58.500  -412.435155909  -412.360535621  -412.307798740  -412.307798740  -412.215474598
    59.000  -412.438434245  -412.355580912  -412.302593478  -412.302593478  -412.215272114
    59.500  -412.440192128  -412.349187961  -412.295727160  -412.295727160  -412.215033428
    60.000  -412.443451341  -412.344533102  -412.290562215  -412.290562215  -412.215033514
    60.500  -412.447971037  -412.341532473  -412.287171262  -412.287171262  -412.215217931
    61.000  -412.450899837  -412.337512902  -412.282996850  -412.282996850  -412.215306375
    61.500  -412.450493732  -412.330926910  -412.276571645  -412.276571645  -412.215221249
    62.000  -412.447490316  -412.322717313  -412.268872881  -412.268872881  -412.215063408
    62.500  -412.443899153  -412.315100420  -412.262093605  -412.262093605  -412.214925631
    63.000  -412.441641481  -412.310193638  -412.258271812  -412.258271812  -412.214841576
    63.500  -412.441953758  -412.309398379  -412.258696552  -412.258696552  -412.214812444
    64.000  -412.445288604  -412.313277951  -412.263814872  -412.263814872  -412.214834358
    64.500  -412.451355712  -412.321599040  -412.273267609  -412.273267609  -412.214904278
    65.000  -412.459172055  -412.333382568  -412.285936674  -412.285936674  -412.215017760
    65.500  -412.467136034  -412.346949154  -412.300027299  -412.300027299  -412.215166362
    66.000  -412.473175197  -412.360038432  -412.313225201  -412.313225201  -412.215331837
    66.500  -412.475078676  -412.370148300  -412.323025772  -412.323025772  -412.215470602
    67.000  -412.471195120  -412.375256772  -412.327429819  -412.327429819  -412.215508474
    67.500  -412.461482184  -412.374897052  -412.326007758  -412.326007758  -412.215389261
    68.000  -412.448138215  -412.370823125  -412.320568825  -412.320568825  -412.215183501
    68.500  -412.434441053  -412.365894029  -412.314047948  -412.314047948  -412.215083471
    69.000  -412.422120992  -412.361495850  -412.307918065  -412.307918065  -412.215157738
    69.500  -412.410416651  -412.356618887  -412.301272495  -412.301272495  -412.215254473
    70.000  -412.398047945  -412.349832919  -412.292797138  -412.292797138  -412.215232498
    70.500  -412.385198720  -412.341247687  -412.282742445  -412.282742445  -412.215104639
    71.000  -412.373540252  -412.332513409  -412.272902248  -412.272902248  -412.214952302
    71.500  -412.365167142  -412.325732339  -412.265500098  -412.265500098  -412.214840637
    72.000  -412.361672973  -412.322511040  -412.262211726  -412.262211726  -412.214797138
    72.500  -412.363736535  -412.323535833  -412.263716444  -412.263716444  -412.214819262
    73.000  -412.371114442  -412.328563453  -412.269688606  -412.269688606  -412.214891051
    73.500  -412.382838509  -412.336634539  -412.279020923  -412.279020923  -412.214993228
    74.000  -412.397442615  -412.346324984  -412.290107493  -412.290107493  -412.215112050
    74.500  -412.413122290  -412.355933780  -412.301068920  -412.301068920  -412.215238866
    75.000  -412.427860969  -412.363622863  -412.309929292  -412.309929292  -412.215358298
    75.500  -412.439715567  -412.367700446  -412.314918641  -412.314918641  -412.215425723
    76.000  -412.447526745  -412.367302054  -412.315167918  -412.315167918  -412.215372949
    76.500  -412.451905005  -412.363346627  -412.311646096  -412.311646096  -412.215185275
    77.000  -412.455286527  -412.358565500  -412.307165532  -412.307165532  -412.215008816
    77.500  -412.459860907  -412.355424605  -412.304259813  -412.304259813  -412.215020615
    78.000  -412.465261505  -412.353817529  -412.302846569  -412.302846569  -412.215163335
    78.500  -412.469297853  -412.351792545  -412.300954845  -412.300954845  -412.215251336
    79.000  -412.470424757  -412.348005724  -412.297206237  -412.297206237  -412.215231897
    79.500  -412.468627633  -412.342593584  -412.291708933  -412.291708933  -412.215160303
    80.000  -412.464768857  -412.336513385  -412.285409992  -412.285409992  -412.215081663
    80.500  -412.459942779  -412.330895462  -412.279449739  -412.279449739  -412.215006764
    81.000  -412.455258689  -412.326823766  -412.274948036  -412.274948036  -412.214940783
    81.500  -412.451734053  -412.325237178  -412.272894759  -412.272894759  -412.214896700
    82.000  -412.450086925  -412.326739197  -412.273940287  -412.273940287  -412.214891971
    82.500  -412.450470444  -412.331349298  -412.278130356  -412.278130356  -412.214939262
    83.000  -412.452277388  -412.338317140  -412.284717222  -412.284717222  -412.215041665
    83.500  -412.454099924  -412.346084645  -412.292127705  -412.292127705  -412.215191861
    84.000  -412.453877056  -412.352430223  -412.298118157  -412.298118157  -412.215365541
    84.500  -412.449352459  -412.354920619  -412.300237466  -412.300237466  -412.215496437
    85.000  -412.439171007  -412.352004656  -412.296929731  -412.296929731  -412.215461260
    85.500  -412.424636170  -412.344777968  -412.289301578  -412.289301578  -412.215187740
    86.000  -412.410365419  -412.337661712  -412.281787078  -412.281787078  -412.214888256
    86.500  -412.400965560  -412.335105095  -412.278825410  -412.278825410  -412.214920663
    87.000  -412.396238326  -412.336801920  -412.280054690  -412.280054690  -412.215208093
    87.500  -412.392197655  -412.338684221  -412.281326708  -412.281326708  -412.215374199
    88.000  -412.386208946  -412.338032114  -412.279862017  -412.279862017  -412.215310798
    88.500  -412.378847148  -412.335324876  -412.276144165  -412.276144165  -412.215157249
    89.000  -412.372135479  -412.332497533  -412.272187534  -412.272187534  -412.215043015
    89.500  -412.367628327  -412.331045046  -412.269622358  -412.269622358  -412.215001361
    90.000  -412.365820527  -412.331434830  -412.269075642  -412.269075642  -412.215005264
    90.500  -412.366510760  -412.333460161  -412.270484848  -412.270484848  -412.215018097
    91.000  -412.369365970  -412.336786458  -412.273614034  -412.273614034  -412.215021236
    91.500  -412.374245396  -412.341261141  -412.278342608  -412.278342608  -412.215017599
    92.000  -412.381176852  -412.346881065  -412.284630483  -412.284630483  -412.215030380
    92.500  -412.390015811  -412.353451857  -412.292187002  -412.292187002  -412.215094069
    93.000  -412.399937525  -412.360083266  -412.299994853  -412.299994853  -412.215229907
    93.500  -412.409195833  -412.364957896  -412.306106240  -412.306106240  -412.215394345
    94.000  -412.415864073  -412.366079170  -412.308424087  -412.308424087  -412.215445200
    94.500  -412.419899615  -412.363344258  -412.306796447  -412.306796447  -412.215239553
    95.000  -412.424831813  -412.360247460  -412.304718927  -412.304718927  -412.214926894
    95.500  -412.435204914  -412.361356312  -412.306779984  -412.306779984  -412.214935952
    96.000  -412.450736248  -412.366510585  -412.312826800  -412.312826800  -412.215296405
    96.500  -412.465924833  -412.370442174  -412.317593602  -412.317593602  -412.215577088
    97.000  -412.475888407  -412.368574312  -412.316554283  -412.316554283  -412.215567853
    97.500  -412.479770937  -412.360367769  -412.309318640  -412.309318640  -412.215365949
    98.000  -412.479736076  -412.348242010  -412.298599751  -412.298599751  -412.215107001
    98.500  -412.478937701  -412.335425869  -412.288176905  -412.288176905  -412.214864887
    99.000  -412.480102455  -412.324307150  -412.281556283  -412.281556283  -412.214686211
    99.500  -412.484412659  -412.316033431  -412.280694108  -412.280694108  -412.214863168
   100.000  -412.490815355  -412.311764398  -412.283902453  -412.283902453  -412.215032664
   100.500  -412.497765857  -412.310566332  -412.288688969  -412.288688969  -412.215140252
   101.000  -412.503799658  -412.310697382  -412.293342632  -412.293342632  -412.215222123
   101.500  -412.507643542  -412.310882340  -412.296620498  -412.296620498  -412.215279632
   102.000  -412.508266816  -412.310027676  -412.297709998  -412.297709998  -412.215330505
   102.500  -412.504820198  -412.307086820  -412.296029221  -412.296029221  -412.215373525
   103.000  -412.497136964  -412.301839092  -412.291388157  -412.291388157  -412.215318918
   103.500  -412.487206990  -412.296546243  -412.285294414  -412.285294414  -412.215053709
   104.000  -412.479833059  -412.296212094  -412.282072853  -412.282072853  -412.214774950
   104.500  -412.478881387  -412.304489854  -412.285615599  -412.285615599  -412.214908957
   105.000  -412.482040344  -412.318768242  -412.293900975  -412.293900975  -412.215314921
   105.500  -412.482877491  -412.332373889  -412.300836366  -412.300836366  -412.215526902
   106.000  -412.477255171  -412.340694356  -412.302633110  -412.302633110  -412.215461952
   106.500  -412.465336949  -412.342966414  -412.299512948  -412.299512948  -412.215328012
   107.000  -412.449539683  -412.340810309  -412.293331488  -412.293331488  -412.215212581
   107.500  -412.432633311  -412.336590851  -412.286017376  -412.286017376  -412.215104693
   108.000  -412.417191036  -412.332579672  -412.279418183  -412.279418183  -412.214996738
   108.500  -412.405459970  -412.330750181  -412.275305425  -412.275305425  -412.214908334
   109.000  -412.399006679  -412.332491781  -412.275050719  -412.275050719  -412.214879555
   109.500  -412.398164081  -412.338102571  -412.279046961  -412.279046961  -412.214939927
   110.000  -412.401714014  -412.346456753  -412.286302779  -412.286302779  -412.215086231
   110.500  -412.407071262  -412.355144198  -412.294517344  -412.294517344  -412.215291834
   111.000  -412.410847814  -412.360981044  -412.300550924  -412.300550924  -412.215510269
   111.500  -412.409764960  -412.360884550  -412.301285954  -412.301285954  -412.215638492
   112.000  -412.402362743  -412.353563175  -412.295326516  -412.295326516  -412.215503077
   112.500  -412.391368232  -412.341876319  -412.285392635  -412.285392635  -412.215059532
   113.000  -412.383709888  -412.332865016  -412.278367062  -412.278367062  -412.214696712
   113.500  -412.384672487  -412.331924745  -412.279486516  -412.279486516  -412.214856599
   114.000  -412.391989306  -412.336914114  -412.286454503  -412.286454503  -412.215292886
   114.500  -412.399012182  -412.341308482  -412.292629930  -412.292629930  -412.215532606
   115.000  -412.401429405  -412.340896854  -412.293737546  -412.293737546  -412.215497600
   115.500  -412.398995296  -412.335496130  -412.289581612  -412.289581612  -412.215336798
   116.000  -412.393684998  -412.327108833  -412.282171622  -412.282171622  -412.215168999
   116.500  -412.387880132  -412.318113906  -412.273893924  -412.273893924  -412.215040871
   117.000  -412.383567279  -412.310472491  -412.266697270  -412.266697270  -412.214951999
   117.500  -412.382232261  -412.305630903  -412.261996766  -412.261996766  -412.214888455
   118.000  -412.384987283  -412.304660583  -412.260818207  -412.260818207  -412.214848847
   118.500  -412.392499333  -412.308206513  -412.263763910  -412.263763910  -412.214861918
   119.000  -412.404524234  -412.316040730  -412.270583716  -412.270583716  -412.214967398
   119.500  -412.419333078  -412.326500190  -412.279633394  -412.279633394  -412.215173912
   120.000  -412.433660588  -412.336428605  -412.287830833  -412.287830833  -412.215428491
   120.500  -412.443611990  -412.342062042  -412.291552943  -412.291552943  -412.215609114
   121.000  -412.446638942  -412.340976970  -412.288577930  -412.288577930  -412.215542661
   121.500  -412.444018136  -412.334551907  -412.280525612  -412.280525612  -412.215181652
   122.000  -412.441107821  -412.328229055  -412.273062775  -412.273062775  -412.214856828
   122.500  -412.442496846  -412.326690069  -412.271002663  -412.271002663  -412.214930576
   123.000  -412.447201615  -412.329073795  -412.273469329  -412.273469329  -412.215184674
   123.500  -412.451409672  -412.331711434  -412.276654522  -412.276654522  -412.215262730
   124.000  -412.453427989  -412.333048696  -412.278812918  -412.278812918  -412.215183675
   124.500  -412.453919497  -412.333862322  -412.280534248  -412.280534248  -412.215104147
   125.000  -412.453818151  -412.335170781  -412.282686212  -412.282686212  -412.215083988
   125.500  -412.453366744  -412.337269407  -412.285440891  -412.285440891  -412.215100346
   126.000  -412.452318344  -412.339929290  -412.288472887  -412.288472887  -412.215125164
   126.500  -412.450359522  -412.342806565  -412.291358129  -412.291358129  -412.215141368
   127.000  -412.447375064  -412.345694774  -412.293829392  -412.293829392  -412.215141085
   127.500  -412.443586820  -412.348651430  -412.295900536  -412.295900536  -412.215124882
   128.000  -412.439525138  -412.351964598  -412.297837084  -412.297837084  -412.215114378
   128.500  -412.435683349  -412.355814950  -412.299822184  -412.299822184  -412.215153953
   129.000  -412.431861397  -412.359640106  -412.301333129  -412.301333129  -412.215276856
   129.500  -412.426728159  -412.361728406  -412.300759314  -412.300759314  -412.215436006
   130.000  -412.418593081  -412.360028137  -412.296240901  -412.296240901  -412.215464246
   130.500  -412.407789543  -412.354570752  -412.288100760  -412.288100760  -412.215205264
   131.000  -412.398481325  -412.349308296  -412.280654547  -412.280654547  -412.214855566
   131.500  -412.395554346  -412.349029291  -412.279016453  -412.279016453  -412.214879614
   132.000  -412.398499823  -412.353234907  -412.282863419  -412.282863419  -412.215240106
   132.500  -412.402012464  -412.356700508  -412.286955026  -412.286955026  -412.215454300
   133.000  -412.402539171  -412.355971507  -412.287694669  -412.287694669  -412.215358035
   133.500  -412.401027559  -412.352083955  -412.285913670  -412.285913670  -412.215129020
   134.000  -412.400615824  -412.348248470  -412.284614595  -412.284614595  -412.214975909
   134.500  -412.403574450  -412.346815213  -412.285938824  -412.285938824  -412.214971554
   135.000  -412.410049340  -412.348037627  -412.289951517  -412.289951517  -412.215060929
   135.500  -412.418708435  -412.350734963  -412.295312312  -412.295312312  -412.215156406
   136.000  -412.427959779  -412.353514497  -412.300506738  -412.300506738  -412.215218858
   136.500  -412.436585078  -412.355395723  -412.304471711  -412.304471711  -412.215258815
   137.000  -412.443684723  -412.355742193  -412.306516508  -412.306516508  -412.215299585
   137.500  -412.448396548  -412.353955651  -412.306014213  -412.306014213  -412.215355717
   138.000  -412.449752575  -412.349312926  -412.302229276  -412.302229276  -412.215418697
   138.500  -412.446881393  -412.341143596  -412.294506430  -412.294506430  -412.215438924
   139.000  -412.439858839  -412.329670709  -412.283114412  -412.283114412  -412.215299852
   139.500  -412.431324139  -412.317612889  -412.270869643  -412.270869643  -412.214934346
   140.000  -412.426968626  -412.310698498  -412.263618754  -412.263618754  -412.214611817
   140.500  -412.431320448  -412.313469752  -412.266015698  -412.266015698  -412.214761578
   141.000  -412.442120948  -412.323695432  -412.275874150  -412.275874150  -412.215215574
   141.500  -412.452566544  -412.334597847  -412.286405672  -412.286405672  -412.215487692
   142.000  -412.458066499  -412.341589453  -412.292976920  -412.292976920  -412.215474440
   142.500  -412.458281972  -412.344289117  -412.295162844  -412.295162844  -412.215328771
   143.000  -412.455238805  -412.344640479  -412.294866331  -412.294866331  -412.215166193
   143.500  -412.451495893  -412.345095851  -412.294499375  -412.294499375  -412.215040963
   144.000  -412.449127667  -412.347611229  -412.295976020  -412.295976020  -412.214997428
   144.500  -412.448968483  -412.352894393  -412.299967418  -412.299967418  -412.215056368
   145.000  -412.450307712  -412.360095371  -412.305596148  -412.305596148  -412.215178632
   145.500  -412.451445511  -412.367353842  -412.310987452  -412.310987452  -412.215299612
   146.000  -412.450645130  -412.372744128  -412.314213481  -412.314213481  -412.215389571
   146.500  -412.446626827  -412.374769311  -412.313794550  -412.313794550  -412.215461204
   147.000  -412.438471634  -412.372272918  -412.308628870  -412.308628870  -412.215524398
   147.500  -412.425580838  -412.364412298  -412.297989081  -412.297989081  -412.215526786
   148.000  -412.408522529  -412.351520871  -412.282405723  -412.282405723  -412.215336445
   148.500  -412.390855761  -412.336948198  -412.265498702  -412.265498702  -412.214887165
   149.000  -412.379602620  -412.327550476  -412.254412285  -412.254412285  -412.214475308
   149.500  -412.380712791  -412.329173838  -412.255203487  -412.255203487  -412.214563003
   150.000  -412.392914703  -412.340517931  -412.266621216  -412.266621216  -412.215034355
   150.500  -412.409245073  -412.354660212  -412.281625281  -412.281625281  -412.215399897
   151.000  -412.423749703  -412.365736193  -412.294141398  -412.294141398  -412.215505473
   151.500  -412.434175876  -412.371619898  -412.301814814  -412.301814814  -412.215473270
   152.000  -412.440569709  -412.372517085  -412.304648909  -412.304648909  -412.215405754
   152.500  -412.443762232  -412.369451296  -412.303505212  -412.303505212  -412.215316191
   153.000  -412.445025972  -412.363914896  -412.299758073  -412.299758073  -412.215189104
   153.500  -412.446171732  -412.357954243  -412.295380532  -412.295380532  -412.215044977
   154.000  -412.449175606  -412.353787268  -412.292557271  -412.292557271  -412.214949594
   154.500  -412.455202975  -412.352813897  -412.292697058  -412.292697058  -412.214958664
   155.000  -412.463834707  -412.354837831  -412.295639118  -412.295639118  -412.215061461
   155.500  -412.473226923  -412.358219627  -412.299788785  -412.299788785  -412.215209794
   156.000  -412.480842265  -412.360604447  -412.302828035  -412.302828035  -412.215373988
   156.500  -412.484057346  -412.359525727  -412.302296278  -412.302296278  -412.215518852
   157.000  -412.480884174  -412.353110163  -412.296308388  -412.296308388  -412.215537021
   157.500  -412.471706025  -412.341805279  -412.285278950  -412.285278950  -412.215261809
   158.000  -412.461313528  -412.330400954  -412.273985706  -412.273985706  -412.214775416
   158.500  -412.457067026  -412.326208491  -412.269762157  -412.269762157  -412.214579963
   159.000  -412.461828653  -412.332025253  -412.275465410  -412.275465410  -412.214894197
   159.500  -412.471062871  -412.343268558  -412.286579670  -412.286579670  -412.215283139
   160.000  -412.478584163  -412.353728157  -412.296942946  -412.296942946  -412.215433207
   160.500  -412.481392763  -412.360386264  -412.303549703  -412.303549703  -412.215406654
   161.000  -412.479355602  -412.363069399  -412.306206432  -412.306206432  -412.215332953
   161.500  -412.473436653  -412.362665947  -412.305747668  -412.305747668  -412.215268417
   162.000  -412.464767599  -412.360191062  -412.303103704  -412.303103704  -412.215214623
   162.500  -412.454499474  -412.356638774  -412.299169657  -412.299169657  -412.215153600
   163.000  -412.444006089  -412.353192040  -412.295022669  -412.295022669  -412.215067581
   163.500  -412.435049162  -412.351399043  -412.292112976  -412.292112976  -412.214972343
   164.000  -412.429432314  -412.352833112  -412.291946603  -412.291946603  -412.214936966
   164.500  -412.427927015  -412.358036308  -412.295048815  -412.295048815  -412.215036733
   165.000  -412.429176954  -412.365434417  -412.299910044  -412.299910044  -412.215272244
   165.500  -412.429754817  -412.371413647  -412.303068017  -412.303068017  -412.215541526
   166.000  -412.425744484  -412.371899677  -412.300702660  -412.300702660  -412.215676065
   166.500  -412.415392576  -412.365009946  -412.291267194  -412.291267194  -412.215487724
   167.000  -412.401746258  -412.353684585  -412.278077354  -412.278077354  -412.214996189
   167.500  -412.391918373  -412.344954151  -412.268483895  -412.268483895  -412.214663578
   168.000  -412.390650822  -412.343512485  -412.267319854  -412.267319854  -412.214837081
   168.500  -412.395797682  -412.347206443  -412.272312771  -412.272312771  -412.215176076
   169.000  -412.402571105  -412.351277987  -412.278372666  -412.278372666  -412.215319035
   169.500  -412.408594547  -412.353419583  -412.282771667  -412.282771667  -412.215304509
   170.000  -412.413787975  -412.353676359  -412.285163357  -412.285163357  -412.215269074
   170.500  -412.418466351  -412.352560603  -412.285773874  -412.285773874  -412.215257247
   171.000  -412.422561443  -412.350268694  -412.284647405  -412.284647405  -412.215252036
   171.500  -412.425814313  -412.346840904  -412.281799850  -412.281799850  -412.215233149
   172.000  -412.428150535  -412.342494546  -412.277510017  -412.277510017  -412.215189398
   172.500  -412.429929061  -412.337837600  -412.272487188  -412.272487188  -412.215116962
   173.000  -412.432036391  -412.333950120  -412.267907706  -412.267907706  -412.215025417
   173.500  -412.435692731  -412.332194263  -412.265210618  -412.265210618  -412.214960093
   174.000  -412.441752308  -412.333539276  -412.265412726  -412.265412726  -412.214988586
   174.500  -412.449677000  -412.337549458  -412.268134084  -412.268134084  -412.215143325
   175.000  -412.457156405  -412.342016610  -412.271260484  -412.271260484  -412.215335229
   175.500  -412.461532483  -412.344372788  -412.272387434  -412.272387434  -412.215354539
   176.000  -412.462790515  -412.344671501  -412.271799446  -412.271799446  -412.215078710
   176.500  -412.464956560  -412.346975117  -412.273794728  -412.273794728  -412.214790767
   177.000  -412.471926975  -412.355199174  -412.282418611  -412.282418611  -412.214924909
   177.500  -412.481780348  -412.367428628  -412.295699529  -412.295699529  -412.215334443
   178.000  -412.488650489  -412.377777557  -412.307532593  -412.307532593  -412.215570796
   178.500  -412.488854278  -412.382479029  -412.313878760  -412.313878760  -412.215530820
   179.000  -412.482779100  -412.381756415  -412.314726211  -412.314726211  -412.215365568
   179.500  -412.472922002  -412.377872482  -412.312182046  -412.312182046  -412.215217545
   180.000  -412.461713561  -412.372983803  -412.308332399  -412.308332399  -412.215141854
   180.500  -412.450568656  -412.368224859  -412.304309402  -412.304309402  -412.215122604
   181.000  -412.440000316  -412.363842575  -412.300414401  -412.300414401  -412.215124608
   181.500  -412.430114858  -412.359712683  -412.296605964  -412.296605964  -412.215126117
   182.000  -412.420939300  -412.355674707  -412.292821461  -412.292821461  -412.215127836
   182.500  -412.412467318  -412.351588453  -412.289005045  -412.289005045  -412.215137679
   183.000  -412.404574340  -412.347246688  -412.285008831  -412.285008831  -412.215165482
   183.500  -412.396929613  -412.342283112  -412.280487887  -412.280487887  -412.215213944
   184.000  -412.389004091  -412.336158199  -412.274911570  -412.274911570  -412.215260738
   184.500  -412.380529437  -412.328603486  -412.268022950  -412.268022950  -412.215209679
   185.000  -412.372886835  -412.320987359  -412.261234584  -412.261234584  -412.214953442
   185.500  -412.370307276  -412.317513875  -412.258803408  -412.258803408  -412.214641133
   186.000  -412.377290291  -412.322646692  -412.265228726  -412.265228726  -412.214698986
   186.500  -412.392918746  -412.335458874  -412.279533541  -412.279533541  -412.215146775
   187.000  -412.410631070  -412.349411078  -412.295067666  -412.295067666  -412.215532298
   187.500  -412.424358938  -412.358492745  -412.305680909  -412.305680909  -412.215619387
   188.000  -412.432234243  -412.360910652  -412.309469590  -412.309469590  -412.215498356
   188.500  -412.435687697  -412.358182023  -412.307883630  -412.307883630  -412.215309400
   189.000  -412.437397627  -412.353087736  -412.303671995  -412.303671995  -412.215139270
   189.500  -412.439842838  -412.348229735  -412.299434455  -412.299434455  -412.215036877
   190.000  -412.444483485  -412.345225363  -412.296799463  -412.296799463  -412.215012188
   190.500  -412.451550407  -412.344484098  -412.296213199  -412.296213199  -412.215040553
   191.000  -412.460405186  -412.345562644  -412.297283509  -412.297283509  -412.215083521
   191.500  -412.470066837  -412.347631051  -412.299295430  -412.299295430  -412.215134689
   192.000  -412.479395804  -412.349633965  -412.301374067  -412.301374067  -412.215206763
   192.500  -412.486927371  -412.350058465  -412.302326826  -412.302326826  -412.215317188
   193.000  -412.490786705  -412.346967740  -412.300540780  -412.300540780  -412.215438316
   193.500  -412.489458636  -412.339058512  -412.294628972  -412.294628972  -412.215430392
   194.000  -412.483894704  -412.327642767  -412.285481191  -412.285481191  -412.215127957
   194.500  -412.479119765  -412.317834866  -412.278061589  -412.278061589  -412.214724175
   195.000  -412.480966124  -412.315398971  -412.278207001  -412.278207001  -412.214732501
   195.500  -412.489177842  -412.320052577  -412.285690833  -412.285690833  -412.215173209
   196.000  -412.497177483  -412.325283019  -412.293971139  -412.293971139  -412.215525909
   196.500  -412.499080456  -412.325327111  -412.297218443  -412.297218443  -412.215555435
   197.000  -412.493507906  -412.318935788  -412.294156928  -412.294156928  -412.215387150
   197.500  -412.482251821  -412.308021017  -412.286731648  -412.286731648  -412.215178034
   198.000  -412.468132698  -412.295497308  -412.277839942  -412.277839942  -412.215009383
   198.500  -412.453975085  -412.284214213  -412.270072066  -412.270072066  -412.214892291
   199.000  -412.442209924  -412.276563057  -412.265378309  -412.265378309  -412.214819537
   199.500  -412.434485944  -412.274109451  -412.264993118  -412.264993118  -412.214807054
   200.000  -412.431249648  -412.277104479  -412.269168639  -412.269168639  -412.214872740
   200.500  -412.431482686  -412.284245460  -412.276858750  -412.276858750  -412.215032813
   201.000  -412.432846605  -412.293019935  -412.285570533  -412.285570533  -412.215262825
   201.500  -412.432192158  -412.300246298  -412.291810646  -412.291810646  -412.215495244
   202.000  -412.426389857  -412.302628413  -412.292187443  -412.292187443  -412.215640274
   202.500  -412.413736183  -412.298092380  -412.284935922  -412.284935922  -412.215558976
   203.000  -412.396174539  -412.288162693  -412.272011755  -412.272011755  -412.215143792
   203.500  -412.380376205  -412.279133361  -412.260112222  -412.260112222  -412.214665681
   204.000  -412.373371241  -412.277741013  -412.256291693  -412.256291693  -412.214663624
   204.500  -412.375283813  -412.283924437  -412.260668429  -412.283924437  -412.215078188
   205.000  -412.376198985  -412.295627134  -412.260475745  -412.295627134  -412.215268539
   205.500  -412.382041134  -412.319879438  -412.251508424  -412.319879438  -412.229412474
   206.000  -412.378973643  -412.325051226  -412.254713962  -412.325051226  -412.229361178
   206.500  -412.373627351  -412.326737897  -412.254062091  -412.326737897  -412.229233462
   207.000  -412.367868570  -412.326697058  -412.251468409  -412.326697058  -412.229110199
   207.500  -412.363568321  -412.326798328  -412.249013471  -412.326798328  -412.229022602
   208.000  -412.362074729  -412.328462904  -412.248338468  -412.328462904  -412.228973860
   208.500  -412.364129551  -412.332541921  -412.250489836  -412.332541921  -412.228962625
   209.000  -412.369863496  -412.339285134  -412.255859509  -412.339285134  -412.229000683
   209.500  -412.378615929  -412.348147874  -412.263970168  -412.348147874  -412.229112475
   210.000  -412.388606138  -412.357460153  -412.273134407  -412.357460153  -412.229308677
   210.500  -412.396847214  -412.364343951  -412.280379230  -412.364343951  -412.229552028
   211.000  -412.399794737  -412.365364135  -412.282123550  -412.365364135  -412.229743400
   211.500  -412.394910862  -412.358089722  -412.275774289  -412.358089722  -412.229742020
   212.000  -412.382735041  -412.343158078  -412.261816571  -412.343158078  -412.229458310
   212.500  -412.367952677  -412.325336006  -412.244886729  -412.325336006  -412.229023253
   213.000  -412.357199337  -412.311331808  -412.231565708  -412.311331808  -412.228762446
   213.500  -412.354460828  -412.305200560  -412.225782269  -412.305200560  -412.228796247
   214.000  -412.359306486  -412.306583188  -412.227059556  -412.306583188  -412.228946896
   214.500  -412.369228514  -412.313039326  -412.232873493  -412.313039326  -412.229077946
   215.000  -412.381788384  -412.322184570  -412.240809302  -412.322184570  -412.229182568
   215.500  -412.394977703  -412.332048640  -412.248920216  -412.332048640  -412.229265592
   216.000  -412.407193058  -412.341051404  -412.255695237  -412.341051404  -412.229312311
   216.500  -412.417407696  -412.348178592  -412.260221453  -412.348178592  -412.229317390
   217.000  -412.425235456  -412.353050681  -412.262238734  -412.353050681  -412.229293836
   217.500  -412.430747709  -412.355745392  -412.261949399  -412.355745392  -412.229260781
   218.000  -412.434195341  -412.356525467  -412.259736825  -412.356525467  -412.229231175
   218.500  -412.435799772  -412.355643565  -412.255961762  -412.355643565  -412.229208995
   219.000  -412.435604340  -412.353290245  -412.250876167  -412.353290245  -412.229166682
   219.500  -412.432366385  -412.350357880  -412.245152935  -412.350357880  -412.230122912
   220.000  -412.428275753  -412.344292111  -412.238347732  -412.344292111  -412.230096902
   220.500  -412.421824086  -412.335806445  -412.229603950  -412.335806445  -412.230073098
   221.000  -412.413656862  -412.325701764  -412.219684424  -412.325701764  -412.229901969
   221.500  -412.406661676  -412.316850361  -412.211488673  -412.316850361  -412.229662465
   222.000  -412.404392337  -412.312790784  -412.208559441  -412.312790784  -412.229639009
   222.500  -412.407188068  -412.313883765  -412.211222303  -412.313883765  -412.229880937
   223.000  -412.411575114  -412.316719696  -412.215992651  -412.316719696  -412.230096036
   223.500  -412.414170004  -412.318002965  -412.219473773  -412.318002965  -412.230117043
   224.000  -412.414233368  -412.317082924  -412.220903733  -412.317082924  -412.230017491
   224.500  -412.412909226  -412.315184219  -412.221397235  -412.315184219  -412.229904981
   225.000  -412.411701677  -412.313882564  -412.222427291  -412.313882564  -412.229826331
   225.500  -412.411708505  -412.314332274  -412.225057175  -412.314332274  -412.229788516
   226.000  -412.413461113  -412.317094996  -412.229780400  -412.317094996  -412.229789394
   226.500  -412.416958947  -412.322144785  -412.236561712  -412.322144785  -412.229830238
   227.000  -412.421778613  -412.328841789  -412.244963377  -412.328841789  -412.229924502
   227.500  -412.427164908  -412.336102884  -412.254343621  -412.336102884  -412.229901279
   228.000  -412.431293362  -412.343183283  -412.263401758  -412.343183283  -412.230039466
   228.500  -412.432661138  -412.348373409  -412.270281780  -412.348373409  -412.230160910
   229.000  -412.429880381  -412.349950123  -412.273189016  -412.349950123  -412.230270430
   229.500  -412.421753896  -412.346510208  -412.270658904  -412.346510208  -412.230339702
   230.000  -412.407916388  -412.337497258  -412.262106178  -412.337497258  -412.230289946
   230.500  -412.390034797  -412.324387432  -412.249018834  -412.324387432  -412.230034216
   231.000  -412.372755371  -412.311649063  -412.235919915  -412.311649063  -412.229684662
   231.500  -412.361627334  -412.304686812  -412.228298988  -412.304686812  -412.229599889
   232.000  -412.358125279  -412.304881430  -412.227623186  -412.304881430  -412.229854427
   232.500  -412.358736385  -412.308677909  -412.230403409  -412.308677909  -412.230087635
   233.000  -412.359802071  -412.312410706  -412.233021091  -412.312410706  -412.230105982
   233.500  -412.360523826  -412.315286463  -412.234731541  -412.315286463  -412.230022060
   234.000  -412.361733954  -412.318140176  -412.236436167  -412.318140176  -412.229967455
   234.500  -412.364032970  -412.321566395  -412.238815507  -412.321566395  -412.229968448
   235.000  -412.367287147  -412.325416600  -412.241812262  -412.325416600  -412.229992392
   235.500  -412.371027457  -412.329200259  -412.245009970  -412.329200259  -412.230008309
   236.000  -412.374894172  -412.332533124  -412.248060039  -412.332533124  -412.230007506
   236.500  -412.378778765  -412.335285024  -412.250815762  -412.335285024  -412.229998113
   237.000  -412.382708437  -412.337472962  -412.253222043  -412.337472962  -412.229995914
   237.500  -412.386608930  -412.339032295  -412.255095397  -412.339032295  -412.230018973
   238.000  -412.390035164  -412.339553937  -412.255878420  -412.339553937  -412.230083431
   238.500  -412.391950808  -412.338065945  -412.254442358  -412.338065945  -412.230193299
   239.000  -412.390743882  -412.333040287  -412.249117536  -412.333040287  -412.230314030
   239.500  -412.384875642  -412.323022307  -412.238345283  -412.323022307  -412.230334767
   240.000  -412.374632948  -412.308356891  -412.222425720  -412.308356891  -412.230087534
   240.500  -412.364384927  -412.293429308  -412.205773913  -412.293429308  -412.229585977
   241.000  -412.361773442  -412.285873560  -412.196127454  -412.285873560  -412.229295376
   241.500  -412.370976216  -412.289887878  -412.197836222  -412.289887878  -412.229586884
   242.000  -412.387800205  -412.301373150  -412.206957936  -412.301373150  -412.230065515
   242.500  -412.404851850  -412.313097419  -412.216387274  -412.313097419  -412.230258383
   243.000  -412.418396044  -412.321500557  -412.222662707  -412.321500557  -412.230178504
   243.500  -412.428872097  -412.327147602  -412.226436547  -412.327147602  -412.230027670
   244.000  -412.438187499  -412.331999482  -412.229739953  -412.331999482  -412.229926729
   244.500  -412.447777195  -412.337500800  -412.234047624  -412.337500800  -412.229898341
   245.000  -412.458078349  -412.344097654  -412.239816451  -412.344097654  -412.229921978
   245.500  -412.468737221  -412.351472321  -412.246766006  -412.351472321  -412.229973693
   246.000  -412.478947491  -412.358885984  -412.254229032  -412.358885984  -412.230040368
   246.500  -412.487670325  -412.365391468  -412.261345471  -412.365391468  -412.230114017
   247.000  -412.493761662  -412.369948579  -412.267121136  -412.369948579  -412.230190652
   247.500  -412.496080410  -412.371512788  -412.270496982  -412.371512788  -412.230260269
   248.000  -412.493645283  -412.369181653  -412.270481439  -412.369181653  -412.230307122
   248.500  -412.485908178  -412.362450132  -412.266432652  -412.362450132  -412.230296724
   249.000  -412.473301591  -412.351745317  -412.258634627  -412.351745317  -412.230164893
   249.500  -412.458145122  -412.339328089  -412.249234773  -412.339328089  -412.229866011
   250.000  -412.445079123  -412.329739801  -412.242692906  -412.329739801  -412.229526448
   250.500  -412.439037735  -412.327797256  -412.243754862  -412.327797256  -412.229446575
   251.000  -412.441097762  -412.334469269  -412.253288759  -412.334469269  -412.229723901
   251.500  -412.447197127  -412.345592136  -412.267013236  -412.345592136  -412.230094965
   252.000  -412.451675636  -412.355400668  -412.279055971  -412.355400668  -412.230309031
   252.500  -412.450985277  -412.360227864  -412.285679800  -412.360227864  -412.230327649
   253.000  -412.444534144  -412.359346901  -412.286132281  -412.359346901  -412.230225127
   253.500  -412.433702015  -412.353993641  -412.281659345  -412.353993641  -412.230086264
   254.000  -412.420563868  -412.346099352  -412.274234527  -412.346099352  -412.229965300
   254.500  -412.407010993  -412.337425827  -412.265687318  -412.337425827  -412.229880855
   255.000  -412.394405392  -412.329231319  -412.257363901  -412.329231319  -412.229828369
   255.500  -412.383601457  -412.322299935  -412.250151279  -412.322299935  -412.229798631
   256.000  -412.375063924  -412.317061396  -412.244588212  -412.317061396  -412.229789932
   256.500  -412.368897642  -412.313617439  -412.240881765  -412.313617439  -412.229808707
   257.000  -412.364780796  -412.311666570  -412.238827007  -412.311666570  -412.229859030
   257.500  -412.361952086  -412.310480876  -412.237782999  -412.310480876  -412.229924462
   258.000  -412.359507733  -412.309194836  -412.236960130  -412.309194836  -412.229953441
   258.500  -412.357173143  -412.307571785  -412.236183038  -412.307571785  -412.229884470
   259.000  -412.356078572  -412.306781691  -412.236654859  -412.306781691  -412.229746965
   259.500  -412.358173965  -412.308822588  -412.240364015  -412.308822588  -412.229707515
   260.000  -412.363920330  -412.314220660  -412.247772469  -412.314220660  -412.229860843
   260.500  -412.371102684  -412.320843379  -412.256633729  -412.320843379  -412.230052460
   261.000  -412.376922188  -412.325978856  -412.264098254  -412.325978856  -412.230098108
   261.500  -412.380565310  -412.328889601  -412.269298214  -412.328889601  -412.230007006
   262.000  -412.383201114  -412.330804539  -412.273361698  -412.330804539  -412.229909957
   262.500  -412.386175354  -412.333120663  -412.277620418  -412.333120663  -412.229898344
   263.000  -412.389649663  -412.336052238  -412.282253980  -412.336052238  -412.229963620
   263.500  -412.392645041  -412.338675285  -412.286325350  -412.338675285  -412.230050241
   264.000  -412.393826197  -412.339704571  -412.288547189  -412.339704571  -412.230121935
   264.500  -412.392088410  -412.338070694  -412.287851354  -412.338070694  -412.230170481
   265.000  -412.386744627  -412.333102065  -412.283564589  -412.333102065  -412.230193767
   265.500  -412.377589339  -412.324588324  -412.275469239  -412.324588324  -412.230182867
   266.000  -412.365038663  -412.312922482  -412.263944912  -412.312922482  -412.230122661
   266.500  -412.350372413  -412.299342974  -412.250219242  -412.299342974  -412.229990415
   267.000  -412.336071492  -412.286271286  -412.236713864  -412.286271286  -412.229764612
   267.500  -412.326040525  -412.277536249  -412.227281793  -412.277536249  -412.229484834
   268.000  -412.324769619  -412.277545830  -412.226376302  -412.277545830  -412.229335844
   268.500  -412.334504424  -412.288474833  -412.236222400  -412.288474833  -412.229512757
   269.000  -412.352566898  -412.307598161  -412.254126163  -412.307598161  -412.229918689
   269.500  -412.372730944  -412.328665235  -412.273841962  -412.328665235  -412.230262425
   270.000  -412.389374831  -412.346035548  -412.289726556  -412.346035548  -412.230401776
   270.500  -412.399798996  -412.356984641  -412.299058045  -412.356984641  -412.230379811
   271.000  -412.403858258  -412.361333229  -412.301668311  -412.361333229  -412.230276145
   271.500  -412.402830427  -412.360319836  -412.298806062  -412.360319836  -412.230136816
   272.000  -412.398653669  -412.355844043  -412.292371558  -412.355844043  -412.229987082
   272.500  -412.393464317  -412.350009789  -412.284455245  -412.350009789  -412.229859112
   273.000  -412.389092978  -412.344622588  -412.276841404  -412.344622588  -412.229789786
   273.500  -412.386528839  -412.340653117  -412.270479362  -412.340653117  -412.229796892
   274.000  -412.385673586  -412.337983955  -412.265248397  -412.337983955  -412.229866451
   274.500  -412.385543299  -412.335604291  -412.260167684  -412.335604291  -412.229966440
   275.000  -412.384772618  -412.332107441  -412.253900370  -412.332107441  -412.230051397
   275.500  -412.382356795  -412.326431291  -412.245483345  -412.326431291  -412.230051432
   276.000  -412.378702785  -412.318913015  -412.235371289  -412.318913015  -412.229902897
   276.500  -412.376402608  -412.312070414  -412.226208714  -412.312070414  -412.229668048
   277.000  -412.379087432  -412.309474053  -412.221678861  -412.309474053  -412.229570119
   277.500  -412.388221788  -412.312639258  -412.223244187  -412.312639258  -412.229813142
   278.000  -412.401625029  -412.319209453  -412.228987571  -412.319209453  -412.230034657
   278.500  -412.415814832  -412.325892252  -412.235334682  -412.325892252  -412.230144499
   279.000  -412.428781811  -412.330707014  -412.240581821  -412.330707014  -412.230088002
   279.500  -412.440209095  -412.333564307  -412.244824262  -412.333564307  -412.230106897
   280.000  -412.446223883  -412.323229911  -412.273727509  -412.323229911  -412.217678111
   280.500  -412.457072214  -412.325862365  -412.277776790  -412.325862365  -412.217668963
   281.000  -412.467448890  -412.328838829  -412.280269651  -412.328838829  -412.217670798
   281.500  -412.476943129  -412.332180826  -412.281010495  -412.332180826  -412.217653948
   282.000  -412.485133880  -412.336250947  -412.279670823  -412.336250947  -412.217503664
   282.500  -412.491508414  -412.344186439  -412.274702610  -412.344186439  -412.218905040
   283.000  -412.494613238  -412.349042693  -412.276161982  -412.349042693  -412.217714741
   283.500  -412.493698275  -412.350277089  -412.277389239  -412.350277089  -412.217824948
   284.000  -412.486738434  -412.347113226  -412.274413302  -412.347113226  -412.217986569
   284.500  -412.471939989  -412.337723339  -412.265226848  -412.337723339  -412.218032316
   285.000  -412.449640697  -412.322216124  -412.250075363  -412.322216124  -412.217836070
   285.500  -412.423773213  -412.304242858  -412.232730477  -412.304242858  -412.217461465
   286.000  -412.400621829  -412.289817276  -412.219188651  -412.289817276  -412.217168633
   286.500  -412.385079987  -412.283590376  -412.213939447  -412.283590376  -412.217107794
   287.000  -412.378466846  -412.286651979  -412.217827850  -412.286651979  -412.217203417
   287.500  -412.379463364  -412.297439788  -412.229041008  -412.297439788  -412.217371451
   288.000  -412.385457737  -412.313072250  -412.244493677  -412.313072250  -412.217579100
   288.500  -412.393209265  -412.330025566  -412.260524558  -412.330025566  -412.217776042
   289.000  -412.399606440  -412.344920422  -412.273689204  -412.344920422  -412.217905643
   289.500  -412.402473849  -412.355363780  -412.281604195  -412.355363780  -412.217946872
   290.000  -412.400909844  -412.360312059  -412.283317426  -412.360312059  -412.217915597
   290.500  -412.395088730  -412.359886329  -412.279121606  -412.359886329  -412.217844296
   291.000  -412.385815800  -412.354918252  -412.270090376  -412.354918252  -412.217762334
   291.500  -412.374104160  -412.346505584  -412.257604719  -412.346505584  -412.217689198
   292.000  -412.360896787  -412.335705631  -412.243007670  -412.335705631  -412.217633528
   292.500  -412.346952627  -412.323396384  -412.227423939  -412.323396384  -412.217592969
   293.000  -412.332913335  -412.310324165  -412.211801993  -412.310324165  -412.217547765
   293.500  -412.319672264  -412.297452776  -412.197370490  -412.297452776  -412.217444777
   294.000  -412.309183250  -412.286759370  -412.186447464  -412.286759370  -412.217237015
   294.500  -412.304830659  -412.281620268  -412.182560985  -412.281620268  -412.217056613
   295.000  -412.309273599  -412.284671529  -412.188245006  -412.284671529  -412.217150496
   295.500  -412.321110784  -412.294478059  -412.201798668  -412.294478059  -412.217468208
   296.000  -412.335607596  -412.306262716  -412.218071806  -412.306262716  -412.217706215
   296.500  -412.348897433  -412.316106686  -412.232733648  -412.316106686  -412.217742425
   297.000  -412.359996441  -412.322969590  -412.244346102  -412.322969590  -412.217667671
   297.500  -412.369745933  -412.327647908  -412.253365368  -412.327647908  -412.217581875
   298.000  -412.379330809  -412.331315155  -412.260717389  -412.331315155  -412.217520444
   298.500  -412.389626389  -412.334886622  -412.267178971  -412.334886622  -412.217484857
   299.000  -412.401085432  -412.338913287  -412.273263461  -412.338913287  -412.217474862
   299.500  -412.413711397  -412.343551191  -412.279167895  -412.343551191  -412.217496428
   300.000  -412.426974377  -412.348466831  -412.284654215  -412.348466831  -412.217557635
   300.500  -412.439713048  -412.352726420  -412.288917907  -412.352726420  -412.217662526
   301.000  -412.450113032  -412.354761784  -412.290536070  -412.354761784  -412.217804380
   301.500  -412.455883769  -412.352531709  -412.287622564  -412.352531709  -412.217951074
   302.000  -412.454832782  -412.344080233  -412.278380808  -412.344080233  -412.218029047
   302.500  -412.446055859  -412.328708698  -412.262279591  -412.328708698  -412.217926029
   303.000  -412.431562452  -412.308592792  -412.241663028  -412.308592792  -412.217579041
   303.500  -412.416911124  -412.289438277  -412.222361418  -412.289438277  -412.217141592
   304.000  -412.408647129  -412.277990363  -412.211081934  -412.277990363  -412.216942199
   304.500  -412.409570780  -412.277390380  -412.210624131  -412.277390380  -412.217085571
   305.000  -412.417268031  -412.285644612  -412.218435030  -412.285644612  -412.217359048
   305.500  -412.427287133  -412.298463017  -412.229972574  -412.298463017  -412.217582534
   306.000  -412.436126931  -412.312044614  -412.241795730  -412.312044614  -412.217721328
   306.500  -412.441711704  -412.323832638  -412.251850858  -412.323832638  -412.217793905
   307.000  -412.442975367  -412.332353904  -412.258921719  -412.332353904  -412.217809752
   307.500  -412.439733044  -412.337087289  -412.262521310  -412.337087289  -412.217772507
   308.000  -412.432641388  -412.338377542  -412.262910240  -412.338377542  -412.217698858
   308.500  -412.422946200  -412.337170123  -412.260904008  -412.337170123  -412.217615584
   309.000  -412.412061708  -412.334596934  -412.257505146  -412.334596934  -412.217549009
   309.500  -412.401135975  -412.331557492  -412.253511236  -412.331557492  -412.217521728
   310.000  -412.390697087  -412.328374424  -412.249192526  -412.328374424  -412.217548093
   310.500  -412.380430864  -412.324582201  -412.244086238  -412.324582201  -412.217629341
   311.000  -412.369221440  -412.318967191  -412.237043866  -412.318967191  -412.217732066
   311.500  -412.355737262  -412.310151261  -412.226806075  -412.310151261  -412.217769034
   312.000  -412.339791105  -412.297938522  -412.213338021  -412.297938522  -412.217630511
   312.500  -412.323800769  -412.284769242  -412.199249099  -412.284769242  -412.217337429
   313.000  -412.312227849  -412.275151167  -412.189184103  -412.275151167  -412.217127131
   313.500  -412.308185921  -412.272263017  -412.186391114  -412.272263017  -412.217165655
   314.000  -412.311150024  -412.275656081  -412.190413027  -412.275656081  -412.217318047
   314.500  -412.318679067  -412.282963683  -412.198819604  -412.282963683  -412.217425442
   315.000  -412.328748765  -412.292223277  -412.209558793  -412.292223277  -412.217485281
   315.500  -412.340081415  -412.302201118  -412.221302133  -412.302201118  -412.217528130
   316.000  -412.351802915  -412.312050138  -412.233110686  -412.312050138  -412.217548456
   316.500  -412.363476745  -412.321348333  -412.244475187  -412.321348333  -412.217539495
   317.000  -412.375167637  -412.330167726  -412.255385909  -412.330167726  -412.217516377
   317.500  -412.387202258  -412.338842843  -412.266100040  -412.338842843  -412.217506599
   318.000  -412.399751135  -412.347557533  -412.276732991  -412.347557533  -412.217533337
   318.500  -412.412456516  -412.355979752  -412.286892647  -412.355979752  -412.217610425
   319.000  -412.424222542  -412.363054984  -412.295479182  -412.363054984  -412.217738215
   319.500  -412.433233438  -412.367026040  -412.300707441  -412.367026040  -412.217895818
   320.000  -412.437334822  -412.365811833  -412.300491894  -412.365811833  -412.218022764
   320.500  -412.435023423  -412.357990287  -412.293435478  -412.357990287  -412.218008861
   321.000  -412.427080123  -412.344423333  -412.280456012  -412.344423333  -412.217757760
   321.500  -412.417759101  -412.329441346  -412.265963711  -412.329441346  -412.217361017
   322.000  -412.413158169  -412.319220803  -412.256211590  -412.319220803  -412.217132834
   322.500  -412.416752990  -412.317331520  -412.254806314  -412.317331520  -412.217231129
   323.000  -412.427196246  -412.322537866  -412.260495542  -412.322537866  -412.217459850
   323.500  -412.440886611  -412.331354530  -412.269740052  -412.331354530  -412.217623018
   324.000  -412.454857460  -412.340924455  -412.279624011  -412.340924455  -412.217713853
   324.500  -412.467156256  -412.349399041  -412.288252277  -412.349399041  -412.217784409
   325.000  -412.476208579  -412.355315172  -412.294136825  -412.355315172  -412.217841853
   325.500  -412.480705270  -412.357488467  -412.296073004  -412.357488467  -412.217856791
   326.000  -412.480033708  -412.355436842  -412.293566275  -412.355436842  -412.217804734
   326.500  -412.474640897  -412.349724025  -412.287166506  -412.349724025  -412.217698180
   327.000  -412.465878201  -412.341779285  -412.278294387  -412.341779285  -412.217580373
   327.500  -412.455380389  -412.333252850  -412.268605669  -412.333252850  -412.217502018
   328.000  -412.444318772  -412.325250399  -412.259243244  -412.325250399  -412.217499233
   328.500  -412.432886472  -412.317814557  -412.250354243  -412.317814557  -412.217570350
   329.000  -412.420400575  -412.310025151  -412.241193114  -412.310025151  -412.217647453
   329.500  -412.406392171  -412.301085227  -412.231142108  -412.301085227  -412.217605173
   330.000  -412.392283138  -412.292055275  -412.221383312  -412.292055275  -412.217396761
   330.500  -412.381710307  -412.286245797  -412.215285891  -412.286245797  -412.217206202
   331.000  -412.377737909  -412.286466996  -412.215671903  -412.286466996  -412.217261066
   331.500  -412.379778989  -412.291944957  -412.221794786  -412.291944957  -412.217464449
   332.000  -412.384772473  -412.299553426  -412.230395310  -412.299553426  -412.217616500
   332.500  -412.390123349  -412.306699517  -412.238710241  -412.306699517  -412.217661038
   333.000  -412.394794875  -412.312373018  -412.245623498  -412.312373018  -412.217620688
   333.500  -412.399116806  -412.316979593  -412.251422315  -412.316979593  -412.217515903
   334.000  -412.404398446  -412.321970824  -412.257367153  -412.321970824  -412.217395585
   334.500  -412.412155614  -412.329046876  -412.264915751  -412.329046876  -412.217343603
   335.000  -412.422994496  -412.338955951  -412.274733713  -412.338955951  -412.217395997
   335.500  -412.436029516  -412.350911477  -412.286125416  -412.350911477  -412.217515946
   336.000  -412.449289866  -412.363044832  -412.297320899  -412.363044832  -412.217650040
   336.500  -412.460513653  -412.373193201  -412.306224315  -412.373193201  -412.217773980
   337.000  -412.467601307  -412.379333926  -412.310870169  -412.379333926  -412.217890342
   337.500  -412.468715086  -412.379674107  -412.309529738  -412.379674107  -412.217983307
   338.000  -412.462637600  -412.373009261  -412.301072060  -412.373009261  -412.217978685
   338.500  -412.449889246  -412.359843332  -412.286085634  -412.359843332  -412.217784213
   339.000  -412.433845142  -412.343517597  -412.268000002  -412.343517597  -412.217458777
   339.500  -412.419576900  -412.329072324  -412.251936134  -412.329072324  -412.217260084
   340.000  -412.410178898  -412.319595136  -412.241036880  -412.319595136  -412.217310945
   340.500  -412.405034351  -412.314491359  -412.234732876  -412.314491359  -412.217444946
   341.000  -412.401987631  -412.311640136  -412.230905990  -412.311640136  -412.217523267
   341.500  -412.399488454  -412.309516096  -412.228026731  -412.309516096  -412.217556553
   342.000  -412.396729601  -412.307315868  -412.225285208  -412.307315868  -412.217580361
   342.500  -412.393215639  -412.304526865  -412.222158543  -412.304526865  -412.217592867
   343.000  -412.388743513  -412.300916925  -412.218394063  -412.300916925  -412.217571713
   343.500  -412.383666894  -412.296805735  -412.214277346  -412.296805735  -412.217505168
   344.000  -412.378991743  -412.293171601  -412.210740507  -412.293171601  -412.217418090
   344.500  -412.375967659  -412.291244873  -412.208964984  -412.291244873  -412.217367022
   345.000  -412.375246195  -412.291669517  -412.209555164  -412.291669517  -412.217401573
   345.500  -412.376181809  -412.293798911  -412.211846507  -412.293798911  -412.217523885
   346.000  -412.376835253  -412.295692190  -412.213906111  -412.295692190  -412.217688538
   346.500  -412.374716250  -412.294848574  -412.213267666  -412.294848574  -412.217819989
   347.000  -412.368023089  -412.289439621  -412.208156431  -412.289439621  -412.217817136
   347.500  -412.357190626  -412.279856598  -412.199029556  -412.279856598  -412.217599262
   348.000  -412.345867386  -412.269697143  -412.189544384  -412.269697143  -412.217257836
   348.500  -412.339292051  -412.264160497  -412.184931954  -412.264160497  -412.217075947
   349.000  -412.340241750  -412.266012771  -412.187940813  -412.266012771  -412.217182760
   349.500  -412.347189998  -412.273745665  -412.196996574  -412.273745665  -412.217405116
   350.000  -412.356618704  -412.283872784  -412.208518427  -412.283872784  -412.217565317
   350.500  -412.365737178  -412.293629902  -412.219648036  -412.293629902  -412.217621530
   351.000  -412.373347737  -412.301831336  -412.229124278  -412.301831336  -412.217602485
   351.500  -412.379515830  -412.308540254  -412.236960158  -412.308540254  -412.217553559
   352.000  -412.384897183  -412.314398967  -412.243771430  -412.314398967  -412.217508148
   352.500  -412.390203329  -412.320097884  -412.250238754  -412.320097884  -412.217476449
   353.000  -412.396007595  -412.326180574  -412.256912860  -412.326180574  -412.217451450
   353.500  -412.402791324  -412.333091030  -412.264257254  -412.333091030  -412.217431354
   354.000  -412.410932490  -412.341161264  -412.272642309  -412.341161264  -412.217437230
   354.500  -412.420369748  -412.350278959  -412.282014860  -412.350278959  -412.217512125
   355.000  -412.429999188  -412.359288495  -412.291303012  -412.359288495  -412.217683681
   355.500  -412.437353685  -412.365675823  -412.298097472  -412.365675823  -412.217910635
   356.000  -412.439321933  -412.366293780  -412.299362594  -412.366293780  -412.218059051
   356.500  -412.434172892  -412.359394643  -412.293438876  -412.359394643  -412.217967498
   357.000  -412.423768288  -412.346852068  -412.282229924  -412.346852068  -412.217637009
   357.500  -412.413219084  -412.333836153  -412.270832525  -412.333836153  -412.217346786
   358.000  -412.406892131  -412.324814073  -412.263557147  -412.324814073  -412.217317551
   358.500  -412.405282384  -412.320417841  -412.260823039  -412.320417841  -412.217437448
   359.000  -412.406393791  -412.318799204  -412.260573201  -412.318799204  -412.217532462
   359.500  -412.408304481  -412.318183294  -412.260845504  -412.318183294  -412.217562181
   360.000  -412.410071732  -412.317756165  -412.260685666  -412.317756165  -412.217540175
   360.500  -412.411653676  -412.317574015  -412.260074328  -412.317574015  -412.217493079
   361.000  -412.413549102  -412.318184789  -412.259583178  -412.318184789  -412.217449998
   361.500  -412.416359475  -412.320174095  -412.259944645  -412.320174095  -412.217430071
   362.000  -412.420485088  -412.323852054  -412.261740683  -412.323852054  -412.217435816
   362.500  -412.426051320  -412.329195267  -412.265281229  -412.329195267  -412.217453477
   363.000  -412.432971949  -412.335987663  -412.270595893  -412.335987663  -412.217477766
   363.500  -412.440982754  -412.343899164  -412.277441219  -412.343899164  -412.217519768
   364.000  -412.449436713  -412.352296433  -412.285123714  -412.352296433  -412.217615871
   364.500  -412.456861904  -412.359764457  -412.292108563  -412.359764457  -412.217785958
   365.000  -412.460802432  -412.363924006  -412.295899383  -412.363924006  -412.217963603
   365.500  -412.458952839  -412.362535388  -412.294189614  -412.362535388  -412.217971346
   366.000  -412.451638469  -412.355964764  -412.287346573  -412.355964764  -412.217714431
   366.500  -412.442802399  -412.348166190  -412.279378233  -412.348166190  -412.217443865
   367.000  -412.436360186  -412.343056119  -412.274255143  -412.343056119  -412.217468952
   367.500  -412.432035126  -412.340372699  -412.271705527  -412.340372699  -412.217659412
   368.000  -412.426942905  -412.337250293  -412.268781485  -412.337250293  -412.217743961
   368.500  -412.419424650  -412.332029468  -412.263699710  -412.332029468  -412.217681279
   369.000  -412.410044593  -412.325229564  -412.256863145  -412.325229564  -412.217548977
   369.500  -412.400613287  -412.318573379  -412.249914862  -412.318573379  -412.217418241
   370.000  -412.393081832  -412.313895859  -412.244657479  -412.313895859  -412.217333830
   370.500  -412.388786196  -412.312408892  -412.242314359  -412.312408892  -412.217315920
   371.000  -412.388074146  -412.314343476  -412.243159334  -412.314343476  -412.217363654
   371.500  -412.390272814  -412.318926265  -412.246478765  -412.318926265  -412.217462765
   372.000  -412.393894974  -412.324586976  -412.250766396  -412.324586976  -412.217592115
   372.500  -412.396976217  -412.329293974  -412.254048343  -412.329293974  -412.217727231
   373.000  -412.397493243  -412.330967689  -412.254293609  -412.330967689  -412.217838086
   373.500  -412.393883559  -412.327995285  -412.249934930  -412.327995285  -412.217881983
   374.000  -412.385746095  -412.319929169  -412.240580269  -412.319929169  -412.217798716
   374.500  -412.374724592  -412.308372771  -412.227911676  -412.308372771  -412.217545409
   375.000  -412.364938027  -412.297419757  -412.216125755  -412.297419757  -412.217215649
   375.500  -412.361326025  -412.292014186  -412.210262129  -412.292014186  -412.217081413
   376.000  -412.365770947  -412.294089013  -412.212292884  -412.294089013  -412.217279341
   376.500  -412.375294836  -412.300763523  -412.219302792  -412.300763523  -412.217585627
   377.000  -412.385072482  -412.307346299  -412.226503696  -412.307346299  -412.217750453
   377.500  -412.392112271  -412.310987818  -412.230943844  -412.310987818  -412.217740163
   378.000  -412.396041047  -412.311454514  -412.232297289  -412.311454514  -412.217638712
   378.500  -412.398042196  -412.310057391  -412.231806767  -412.310057391  -412.217518445
   379.000  -412.399725847  -412.308533845  -412.231142476  -412.308533845  -412.217418435
   379.500  -412.402465807  -412.308394863  -412.231734478  -412.308394863  -412.217353244
   380.000  -412.407094110  -412.310637650  -412.234459396  -412.310637650  -412.217328267
   380.500  -412.413780753  -412.315626186  -412.239519353  -412.315626186  -412.217346519
   381.000  -412.421995989  -412.323015550  -412.246421494  -412.323015550  -412.217414930
   381.500  -412.430522601  -412.331656011  -412.254038699  -412.331656011  -412.217539557
   382.000  -412.437533361  -412.339582621  -412.260710062  -412.339582621  -412.217698283
   382.500  -412.440812909  -412.344404465  -412.264381333  -412.344404465  -412.217818413
   383.000  -412.437165096  -412.345559272  -412.263545287  -412.345559272  -412.219529435
   383.500  -412.429530263  -412.339428816  -412.257192809  -412.339428816  -412.219364447
   384.000  -412.419151453  -412.330762822  -412.248226446  -412.330762822  -412.219030052
   384.500  -412.411431837  -412.324525789  -412.241866080  -412.324525789  -412.219226026
   385.000  -412.410622078  -412.323176610  -412.241534510  -412.323176610  -412.218630051
   385.500  -412.413768097  -412.327979966  -412.246227782  -412.327979966  -412.218900722
   386.000  -412.417733700  -412.333779506  -412.251883292  -412.333779506  -412.219104889
   386.500  -412.419147995  -412.337203191  -412.255091922  -412.337203191  -412.219154163
   387.000  -412.416946787  -412.337172176  -412.254770276  -412.337172176  -412.219097656
   387.500  -412.411821162  -412.334348239  -412.251624063  -412.334348239  -412.219001769
   388.000  -412.405209542  -412.330131995  -412.247137781  -412.330131995  -412.218911566
   388.500  -412.398546401  -412.325920749  -412.242803041  -412.325920749  -412.218850743
   389.000  -412.392840181  -412.322693618  -412.239674420  -412.322693618  -412.218828357
   389.500  -412.388489534  -412.320833776  -412.238175121  -412.320833776  -412.218846425
   390.000  -412.385237513  -412.320084002  -412.238051074  -412.320084002  -412.218903405
   390.500  -412.382195949  -412.319574116  -412.238401210  -412.319574116  -412.218995393
   391.000  -412.377947467  -412.317919465  -412.237785816  -412.317919465  -412.219108089
   391.500  -412.370832609  -412.313503958  -412.234517866  -412.313503958  -412.219201894
   392.000  -412.359650719  -412.305169350  -412.227364981  -412.305169350  -412.219195578
   392.500  -412.344907320  -412.293451463  -412.216791885  -412.293451463  -412.219004571
   393.000  -412.329887633  -412.281644310  -412.206022971  -412.281644310  -412.218688196
   393.500  -412.319485598  -412.274627189  -412.199854388  -412.274627189  -412.218523287
   394.000  -412.316232658  -412.274893841  -412.200664356  -412.274893841  -412.218672922
   394.500  -412.318102524  -412.280356105  -412.206216664  -412.280356105  -412.218924093
   395.000  -412.321359857  -412.287187776  -412.212539345  -412.287187776  -412.219039150
   395.500  -412.323985589  -412.293260145  -412.217402124  -412.293260145  -412.219029907
   396.000  -412.325815009  -412.298300369  -412.220501751  -412.298300369  -412.219003494
   396.500  -412.327112124  -412.302487125  -412.222055606  -412.302487125  -412.218997105
   397.000  -412.327956910  -412.305843868  -412.222188938  -412.305843868  -412.218983215
   397.500  -412.328536325  -412.308528639  -412.221205827  -412.308528639  -412.218943653
   398.000  -412.329402784  -412.311082580  -412.219845434  -412.311082580  -412.218890111
   398.500  -412.331302561  -412.314253956  -412.219093497  -412.314253956  -412.218852246
   399.000  -412.334760957  -412.318575055  -412.219767504  -412.318575055  -412.218853693
   399.500  -412.339712760  -412.323989202  -412.222114389  -412.323989202  -412.218909454
   400.000  -412.345317657  -412.329656837  -412.225608305  -412.329656837  -412.219012903
   400.500  -412.350107241  -412.334095598  -412.229050198  -412.334095598  -412.219124323
   401.000  -412.352678817  -412.335862969  -412.231226612  -412.335862969  -412.219154523
   401.500  -412.353038216  -412.334889121  -412.232202164  -412.334889121  -412.219016687
   402.000  -412.353684639  -412.333552817  -412.234355517  -412.333552817  -412.218786837
   402.500  -412.358241056  -412.335309493  -412.240956705  -412.335309493  -412.218739105
   403.000  -412.367623831  -412.340869007  -412.252319557  -412.340869007  -412.218965556
   403.500  -412.378822073  -412.346996940  -412.264644612  -412.346996940  -412.219202729
   404.000  -412.388397069  -412.350054234  -412.273678015  -412.350054234  -412.219246284
   404.500  -412.395471347  -412.349039133  -412.277894974  -412.349039133  -412.219140127
   405.000  -412.401336496  -412.345249411  -412.278248694  -412.345249411  -412.219000466
   405.500  -412.407820804  -412.340664329  -412.276590798  -412.340664329  -412.218893986
   406.000  -412.416218358  -412.336856555  -412.274549659  -412.336856555  -412.218851144
   406.500  -412.426892645  -412.334519775  -412.273068817  -412.334519775  -412.218871311
   407.000  -412.439355118  -412.333441865  -412.272452358  -412.333441865  -412.218949005
   407.500  -412.452673257  -412.332651493  -412.272956464  -412.332651493  -412.219089121
   408.000  -412.465658193  -412.331096978  -412.275274874  -412.331096978  -412.218899336
   408.500  -412.476546453  -412.330206476  -412.277628535  -412.330206476  -412.218929220
   409.000  -412.484275249  -412.329656884  -412.277571081  -412.329656884  -412.219039623
   409.500  -412.488051976  -412.327932371  -412.273981497  -412.327932371  -412.219097508
   410.000  -412.487538193  -412.324385535  -412.266472084  -412.324385535  -412.219052110
   410.500  -412.483858753  -412.320081317  -412.256172835  -412.320081317  -412.218847822
   411.000  -412.480157292  -412.318531345  -412.246082947  -412.318531345  -412.218394302
   411.500  -412.476603325  -412.332333292  -412.238652032  -412.332333292  -412.227576552
   412.000  -412.480393610  -412.341148753  -412.244173837  -412.341148753  -412.227783480
   412.500  -412.484632911  -412.351035426  -412.251100647  -412.351035426  -412.228060063
   413.000  -412.485213393  -412.357798241  -412.255192366  -412.357798241  -412.228172705
   413.500  -412.480855753  -412.359536047  -412.254859914  -412.359536047  -412.228054883
   414.000  -412.472214754  -412.357462012  -412.251113988  -412.357462012  -412.227920623
   414.500  -412.460972970  -412.353583607  -412.245772319  -412.353583607  -412.227847392
   415.000  -412.448734313  -412.349026577  -412.240038688  -412.349026577  -412.227817870
   415.500  -412.436242163  -412.344213175  -412.234387820  -412.344213175  -412.227804310
   416.000  -412.423831150  -412.339263627  -412.228989295  -412.339263627  -412.227788070
   416.500  -412.411761796  -412.334282481  -412.224003144  -412.334282481  -412.227784335
   417.000  -412.400079858  -412.329200977  -412.219418241  -412.329200977  -412.227813048
   417.500  -412.388376790  -412.323531388  -412.214789112  -412.323531388  -412.227871168
   418.000  -412.375862237  -412.316433524  -412.209293712  -412.316433524  -412.227930769
   418.500  -412.361823376  -412.307167524  -412.202184516  -412.307167524  -412.227940225
   419.000  -412.346450476  -412.295912654  -412.193602142  -412.295912654  -412.227827304
   419.500  -412.331865342  -412.284790332  -412.185601048  -412.284790332  -412.227564827
   420.000  -412.322263377  -412.278006218  -412.182297485  -412.278006218  -412.227307506
   420.500  -412.321447575  -412.279389098  -412.187414178  -412.279389098  -412.227323703
   421.000  -412.329092629  -412.288662235  -412.200552613  -412.288662235  -412.227620304
   421.500  -412.340683691  -412.301378033  -412.217138634  -412.301378033  -412.227916235
   422.000  -412.351432756  -412.312821916  -412.232342706  -412.312821916  -412.228032320
   422.500  -412.359095629  -412.320815551  -412.243895540  -412.320815551  -412.227995289
   423.000  -412.363867137  -412.325604586  -412.251978285  -412.325604586  -412.227890661
   423.500  -412.367159247  -412.328634346  -412.257995797  -412.328634346  -412.227784308
   424.000  -412.370528948  -412.331478595  -412.263501824  -412.331478595  -412.227720392
   424.500  -412.374933425  -412.335102706  -412.269443111  -412.335102706  -412.227719322
   425.000  -412.380400217  -412.339533569  -412.275836919  -412.339533569  -412.227765846
   425.500  -412.386223033  -412.344052739  -412.281975264  -412.344052739  -412.227828683
   426.000  -412.391397296  -412.347638711  -412.286854942  -412.347638711  -412.227894334
   426.500  -412.394850306  -412.349202863  -412.289407526  -412.349202863  -412.227966300
   427.000  -412.395467491  -412.347619855  -412.288528932  -412.347619855  -412.228031390
   427.500  -412.392371800  -412.342007997  -412.283362705  -412.342007997  -412.228032476
   428.000  -412.385801138  -412.332604537  -412.274181818  -412.332604537  -412.227893018
   428.500  -412.378123230  -412.321780130  -412.263408836  -412.321780130  -412.227627207
   429.000  -412.373392701  -412.313601752  -412.255181807  -412.313601752  -412.227433423
   429.500  -412.374428999  -412.310921848  -412.252445846  -412.310921848  -412.227504863
   430.000  -412.380191820  -412.312754249  -412.254349718  -412.312754249  -412.227742502
   430.500  -412.387134163  -412.315590626  -412.257648518  -412.315590626  -412.227920495
   431.000  -412.392531932  -412.316555630  -412.260272464  -412.316555630  -412.228046352
   431.500  -412.395617262  -412.313298666  -412.264654465  -412.313298666  -412.227323395
   432.000  -412.397615232  -412.312935063  -412.266598188  -412.312935063  -412.227576866
   432.500  -412.399599210  -412.316605976  -412.265522706  -412.316605976  -412.227574986
   433.000  -412.402038633  -412.323063062  -412.265528089  -412.323063062  -412.227523855
   433.500  -412.405263234  -412.329759595  -412.268968201  -412.329759595  -412.227441530
   434.000  -412.409582165  -412.337743466  -412.274409125  -412.337743466  -412.227450278
   434.500  -412.414691579  -412.346781402  -412.280996133  -412.346781402  -412.227523222
   435.000  -412.419511558  -412.355689705  -412.287336070  -412.355689705  -412.227642395
   435.500  -412.422340688  -412.362609477  -412.291496923  -412.362609477  -412.227768339
   436.000  -412.421433076  -412.365622694  -412.291570194  -412.365622694  -412.227854167
   436.500  -412.415734641  -412.363513824  -412.286414918  -412.363513824  -412.227850318
   437.000  -412.405663205  -412.356565348  -412.276439085  -412.356565348  -412.227708474
   437.500  -412.393721112  -412.347179883  -412.264201672  -412.347179883  -412.227461287
   438.000  -412.383768667  -412.339157670  -412.253653769  -412.339157670  -412.227304491
   438.500  -412.378153209  -412.334828660  -412.247222865  -412.334828660  -412.227397443
   439.000  -412.375585266  -412.332923082  -412.243654309  -412.332923082  -412.227601509
   439.500  -412.373011036  -412.330432816  -412.239873074  -412.330432816  -412.227691173
   440.000  -412.368823205  -412.325806877  -412.234211680  -412.325806877  -412.227629588
   440.500  -412.363628736  -412.319711620  -412.227201796  -412.319711620  -412.227507969
   441.000  -412.359062784  -412.313843938  -412.220410081  -412.313843938  -412.227407354
   441.500  -412.356575081  -412.309717276  -412.215243783  -412.309717276  -412.227356826
   442.000  -412.356913753  -412.308148174  -412.212439797  -412.308148174  -412.227352209
   442.500  -412.360158188  -412.309282301  -412.212106245  -412.309282301  -412.227372453
   443.000  -412.365992806  -412.312867628  -412.213987696  -412.312867628  -412.227402049
   443.500  -412.373933696  -412.318474400  -412.217688209  -412.318474400  -412.227443081
   444.000  -412.383287991  -412.325455329  -412.222622613  -412.325455329  -412.227516616
   444.500  -412.392873933  -412.332666136  -412.227736145  -412.332666136  -412.227633047
   445.000  -412.400912967  -412.338363342  -412.231397010  -412.338363342  -412.227759635
   445.500  -412.405573064  -412.340746869  -412.231944022  -412.340746869  -412.227815836
   446.000  -412.406165375  -412.339161922  -412.228877073  -412.339161922  -412.227718027
   446.500  -412.404341126  -412.335291680  -412.224043746  -412.335291680  -412.227460519
   447.000  -412.403983434  -412.333056500  -412.221506919  -412.333056500  -412.227213911
   447.500  -412.408628825  -412.336040072  -412.224939948  -412.336040072  -412.227219118
   448.000  -412.418127542  -412.344159784  -412.234270504  -412.344159784  -412.227470330
   448.500  -412.428719227  -412.353734361  -412.245755201  -412.353734361  -412.227721084
   449.000  -412.436461796  -412.360848022  -412.255381798  -412.360848022  -412.227825888
   449.500  -412.439731910  -412.363639854  -412.261238314  -412.363639854  -412.227806227
   450.000  -412.438955962  -412.362222742  -412.263376557  -412.362222742  -412.227720633
   450.500  -412.435267664  -412.357729399  -412.262744176  -412.357729399  -412.227637253
   451.000  -412.429793894  -412.351369468  -412.260352388  -412.351369468  -412.227579225
   451.500  -412.423358475  -412.344027993  -412.256925566  -412.344027993  -412.227545553
   452.000  -412.416443878  -412.336246174  -412.252876932  -412.336246174  -412.227525885
   452.500  -412.409330046  -412.328368910  -412.248456594  -412.328368910  -412.227506910
   453.000  -412.402288251  -412.320738221  -412.243945155  -412.320738221  -412.227481843
   453.500  -412.395662306  -412.313776734  -412.239729218  -412.313776734  -412.227464378
   454.000  -412.389677844  -412.307786687  -412.236111079  -412.307786687  -412.227484613
   454.500  -412.384058153  -412.302548363  -412.232929667  -412.302548363  -412.227553846
   455.000  -412.377948657  -412.297237527  -412.229487876  -412.297237527  -412.227617142
   455.500  -412.370734947  -412.291302259  -412.225324433  -412.291302259  -412.227552056
   456.000  -412.363440769  -412.286091018  -412.221388586  -412.286091018  -412.227330308
   456.500  -412.358964067  -412.284862477  -412.220253509  -412.284862477  -412.227194381
   457.000  -412.359702090  -412.289617004  -412.224318197  -412.289617004  -412.227284611
   457.500  -412.364861922  -412.298964539  -412.232902263  -412.298964539  -412.227508729
   458.000  -412.371232462  -412.309422314  -412.242683778  -412.309422314  -412.227686302
   458.500  -412.375967543  -412.318052602  -412.250623164  -412.318052602  -412.227742588
   459.000  -412.377968280  -412.323699344  -412.255476606  -412.323699344  -412.227710763
   459.500  -412.377545762  -412.326620938  -412.257478239  -412.326620938  -412.227648026
   460.000  -412.375583363  -412.327651053  -412.257490960  -412.327651053  -412.227594519
   460.500  -412.372898522  -412.327562611  -412.256354235  -412.327562611  -412.227568031
   461.000  -412.369936538  -412.326764208  -412.254562170  -412.326764208  -412.227569263
   461.500  -412.366740183  -412.325270554  -412.252215788  -412.325270554  -412.227586960
   462.000  -412.363115935  -412.322867921  -412.249171506  -412.322867921  -412.227602980
   462.500  -412.358908225  -412.319386684  -412.245301004  -412.319386684  -412.227601051
   463.000  -412.354238674  -412.314938201  -412.240722466  -412.314938201  -412.227580019
   463.500  -412.349516650  -412.309923366  -412.235811849  -412.309923366  -412.227559122
   464.000  -412.345177428  -412.304767642  -412.230949931  -412.304767642  -412.227550522
   464.500  -412.341546155  -412.299784955  -412.226399585  -412.299784955  -412.227516641
   465.000  -412.339359003  -412.295698186  -412.222840578  -412.295698186  -412.227407055
   465.500  -412.340309613  -412.294191158  -412.221919636  -412.294191158  -412.227295297
   466.000  -412.345940700  -412.296809103  -412.225139851  -412.296809103  -412.227332210
   466.500  -412.355686215  -412.303016611  -412.231901207  -412.303016611  -412.227483163
   467.000  -412.367339350  -412.310674308  -412.239995500  -412.310674308  -412.227573166
   467.500  -412.379355698  -412.318345384  -412.247941855  -412.318345384  -412.227562185
   468.000  -412.391545500  -412.325978479  -412.255696488  -412.325978479  -412.227533004
   468.500  -412.404061719  -412.333879980  -412.263619809  -412.333879980  -412.227536051
   469.000  -412.416676291  -412.341972675  -412.271702983  -412.341972675  -412.227558668
   469.500  -412.428900869  -412.349901579  -412.279637821  -412.349901579  -412.227578284
   470.000  -412.440300489  -412.357337986  -412.287105174  -412.357337986  -412.227590104
   470.500  -412.450573213  -412.364057942  -412.293856087  -412.364057942  -412.227601090
   471.000  -412.459456544  -412.369851958  -412.299640457  -412.369851958  -412.227618928
   471.500  -412.466614287  -412.374415793  -412.304118366  -412.374415793  -412.227649732
   472.000  -412.471545296  -412.377264017  -412.306784369  -412.377264017  -412.227697544
   472.500  -412.473554697  -412.377702074  -412.306944359  -412.377702074  -412.227750099
   473.000  -412.471979403  -412.375052884  -412.303938471  -412.375052884  -412.227761267
   473.500  -412.466880915  -412.369350268  -412.297835166  -412.369350268  -412.227666243
   474.000  -412.459887437  -412.362187299  -412.290279324  -412.362187299  -412.227470212
   474.500  -412.453938496  -412.356469102  -412.284243539  -412.356469102  -412.227328391
   475.000  -412.451028322  -412.354170693  -412.281770207  -412.354170693  -412.227405511
   475.500  -412.450019554  -412.354156941  -412.281765176  -412.354156941  -412.227622532
   476.000  -412.447722401  -412.353256356  -412.281059269  -412.353256356  -412.227755254
   476.500  -412.441987971  -412.349342007  -412.277484795  -412.349342007  -412.227712440
   477.000  -412.433178473  -412.342788509  -412.271345615  -412.342788509  -412.227555755
   477.500  -412.423412913  -412.335717166  -412.264663656  -412.335717166  -412.227391459
   478.000  -412.415036905  -412.330462167  -412.259660641  -412.330462167  -412.227301365
   478.500  -412.409390868  -412.328338242  -412.257541392  -412.328338242  -412.227312518
   479.000  -412.406408060  -412.329228530  -412.258115140  -412.329228530  -412.227386884
   479.500  -412.405098543  -412.332075196  -412.260287661  -412.332075196  -412.227467629
   480.000  -412.404373654  -412.335697597  -412.262891470  -412.335697597  -412.227520980
   480.500  -412.403512250  -412.339270743  -412.265139317  -412.339270743  -412.227558029
   481.000  -412.402034772  -412.342200652  -412.266493284  -412.342200652  -412.227610634
   481.500  -412.399268174  -412.343697390  -412.266233396  -412.343697390  -412.227695571
   482.000  -412.394153665  -412.342588050  -412.263282518  -412.342588050  -412.227780047
   482.500  -412.385787090  -412.337861300  -412.256767433  -412.337861300  -412.227773868
   483.000  -412.374711973  -412.329972067  -412.247309827  -412.329972067  -412.227592160
   483.500  -412.363970764  -412.321906182  -412.238050584  -412.321906182  -412.227296077
   484.000  -412.357976476  -412.318065001  -412.233485587  -412.318065001  -412.227139636
   484.500  -412.358936293  -412.320683552  -412.235878106  -412.320683552  -412.227286500
   485.000  -412.364668137  -412.327628830  -412.243073933  -412.327628830  -412.227582972
   485.500  -412.370660329  -412.334441396  -412.250559480  -412.334441396  -412.227797680
   486.000  -412.373373811  -412.337627729  -412.254766905  -412.337627729  -412.227863747
   486.500  -412.371447773  -412.335859318  -412.254288402  -412.335859318  -412.227827172
   487.000  -412.365195690  -412.329467777  -412.249376629  -412.329467777  -412.227737676
   487.500  -412.355889813  -412.319730075  -412.241231369  -412.319730075  -412.227617813
   488.000  -412.345363555  -412.308474376  -412.231603453  -412.308474376  -412.227483512
   488.500  -412.335704866  -412.297779147  -412.222494912  -412.297779147  -412.227363925
   489.000  -412.328774709  -412.289501285  -412.215690005  -412.289501285  -412.227294978
   489.500  -412.325646573  -412.284725789  -412.212212110  -412.284725789  -412.227296150
   490.000  -412.326287666  -412.283454791  -412.212019238  -412.283454791  -412.227363126
   490.500  -412.329611863  -412.284662543  -412.214063470  -412.284662543  -412.227478346
   491.000  -412.333784975  -412.286598177  -412.216592707  -412.286598177  -412.227614339
   491.500  -412.336744377  -412.287299456  -412.217660339  -412.287299456  -412.227715265
   492.000  -412.337157801  -412.285541789  -412.216068163  -412.285541789  -412.227682874
   492.500  -412.335875009  -412.282274652  -412.212795986  -412.282274652  -412.227451631
   493.000  -412.336615172  -412.281290809  -412.211662616  -412.281290809  -412.227168302
   493.500  -412.343601209  -412.286845742  -412.216935545  -412.286845742  -412.227135303
   494.000  -412.357377974  -412.299472172  -412.229138103  -412.299472172  -412.227384440
   494.500  -412.374328514  -412.315505906  -412.244578660  -412.315505906  -412.227656049
   495.000  -412.390173270  -412.330604517  -412.258881638  -412.330604517  -412.227799130
   495.500  -412.402354986  -412.342144210  -412.269398419  -412.342144210  -412.227833978
   496.000  -412.410019284  -412.349203327  -412.275197789  -412.349203327  -412.227807520
   496.500  -412.413388568  -412.351934605  -412.276439065  -412.351934605  -412.227742416
   497.000  -412.413391085  -412.351194185  -412.274001317  -412.351194185  -412.227648670
   497.500  -412.411464314  -412.348346052  -412.269292469  -412.348346052  -412.227538078
   498.000  -412.409325023  -412.345036118  -412.264035047  -412.345036118  -412.227434696
   498.500  -412.408570344  -412.342796372  -412.259890433  -412.342796372  -412.227374453
   499.000  -412.410140598  -412.342504628  -412.257948736  -412.342504628  -412.227388403
   499.500  -412.413898198  -412.343945402  -412.258324723  -412.343945402  -412.227482772
   500.000  -412.418587841  -412.345748286  -412.260100297  -412.345748286  -412.227633624
