     0.000  -412.339578874  -412.314799598  -412.203714916  -412.203714916  -412.203714916
     0.000  -412.313745602  -412.216828808  -412.177487487  -412.177487487  -412.177487487
     0.000  -412.370320073  -412.336818627  -412.261823099  -412.261823099  -412.261823099
     0.000  -412.300050122  -412.214179762  -412.175061062  -412.175061062  -412.175061062
     0.000  -412.333784403  -412.320076015  -412.232530586  -412.232530586  -412.232530586
     0.000  -412.345891988  -412.250104933  -412.160859957  -412.160859957  -412.160859957
     0.000  -412.411111072  -412.334184170  -412.264610127  -412.264610127  -412.264610127
     0.000  -412.345630895  -412.327240719  -412.242167250  -412.242167250  -412.242167250
     0.000  -412.351690908  -412.330520442  -412.249363903  -412.249363903  -412.249363903
     0.000  -412.364060919  -412.270161284  -412.178972017  -412.178972017  -412.178972017
     0.000  -412.352321329  -412.185135205  -412.159774009  -412.159774009  -412.159774009
     0.000  -412.311648458  -412.289315406  -412.173584015  -412.173584015  -412.173584015
     0.000  -412.334952559  -412.294703694  -412.158341605  -412.158341605  -412.158341605
     0.000  -412.340022605  -412.305549693  -412.205482884  -412.205482884  -412.205482884
     0.000  -412.366721590  -412.296974035  -412.242074615  -412.242074615  -412.242074615
     0.000  -412.363565387  -412.327024464  -412.212557977  -412.212557977  -412.212557977
     0.000  -412.367888180  -412.336135798  -412.225864345  -412.225864345  -412.225864345
     0.000  -412.352834021  -412.324901815  -412.229824623  -412.229824623  -412.229824623
     0.000  -412.371678417  -412.329048271  -412.284539288  -412.284539288  -412.284539288
     0.000  -412.306665037  -412.223421753  -412.171472522  -412.171472522  -412.171472522
     0.000  -412.374770721  -412.314241974  -412.249028141  -412.249028141  -412.249028141
     0.000  -412.360463779  -412.325268655  -412.223996866  -412.223996866  -412.223996866
     0.000  -412.315955943  -412.301635726  -412.222239488  -412.222239488  -412.222239488
     0.000  -412.373663901  -412.342653973  -412.251813899  -412.251813899  -412.251813899
     0.000  -412.332747431  -412.215214042  -412.156829737  -412.156829737  -412.156829737
     0.000  -412.359938118  -412.319313000  -412.277495197  -412.277495197  -412.277495197
     0.000  -412.279964619  -412.166352484  -412.136045551  -412.136045551  -412.136045551
     0.000  -412.356578256  -412.305892843  -412.291039119  -412.291039119  -412.291039119
     0.000  -412.328611291  -412.310574072  -412.172346771  -412.172346771  -412.172346771
     0.000  -412.355289309  -412.332657278  -412.248708614  -412.248708614  -412.248708614
     0.000  -412.330779459  -412.276463730  -412.181890643  -412.181890643  -412.181890643
     0.000  -412.339105597  -412.219582465  -412.169600830  -412.169600830  -412.169600830
     0.000  -412.326629667  -412.261833176  -412.192818521  -412.192818521  -412.192818521
     0.000  -412.380039006  -412.311176894  -412.249778717  -412.249778717  -412.249778717
     0.000  -412.332690199  -412.217711342  -412.148362960  -412.148362960  -412.148362960
     0.000  -412.343916415  -412.326534852  -412.240865839  -412.240865839  -412.240865839
     0.000  -412.366487671  -412.329748464  -412.252656258  -412.252656258  -412.252656258
     0.000  -412.391096988  -412.332200439  -412.279928701  -412.279928701  -412.279928701
     0.000  -412.329119432  -412.303125401  -412.166954711  -412.166954711  -412.166954711
     0.000  -412.361131934  -412.304497059  -412.244885576  -412.244885576  -412.244885576
     0.000  -412.399967044  -412.331080054  -412.271806948  -412.271806948  -412.271806948
     0.000  -412.393471137  -412.334052987  -412.278741889  -412.278741889  -412.278741889
     0.000  -412.358914348  -412.343162022  -412.263574791  -412.263574791  -412.263574791
     0.000  -412.327822190  -412.222807059  -412.179136783  -412.179136783  -412.179136783
     0.000  -412.340772946  -412.287644725  -412.178764921  -412.178764921  -412.178764921
     0.000  -412.313210910  -412.296558520  -412.207167212  -412.207167212  -412.207167212
     0.000  -412.398247191  -412.334577758  -412.265938727  -412.265938727  -412.265938727
     0.000  -412.347821923  -412.198462296  -412.189016231  -412.189016231  -412.189016231
     0.000  -412.360682872  -412.346983415  -412.258557819  -412.258557819  -412.258557819
     0.000  -412.349177794  -412.316049712  -412.211653946  -412.211653946  -412.211653946
     0.000  -412.329855758  -412.306570831  -412.235544841  -412.235544841  -412.235544841
     0.000  -412.365996129  -412.319889110  -412.249904637  -412.249904637  -412.249904637
     0.000  -412.347403232  -412.199027016  -412.172781152  -412.172781152  -412.172781152
     0.000  -412.345791442  -412.184046509  -412.151197161  -412.151197161  -412.151197161
     0.000  -412.324103048  -412.210365334  -412.164219665  -412.164219665  -412.164219665
     0.000  -412.377737846  -412.336191513  -412.289553867  -412.289553867  -412.289553867
     0.000  -412.332231465  -412.233350297  -412.167380504  -412.167380504  -412.167380504
     0.000  -412.354889704  -412.347884088  -412.256376054  -412.256376054  -412.256376054
     0.000  -412.361565298  -412.273773551  -412.189711495  -412.189711495  -412.189711495
     0.000  -412.323508477  -412.244981461  -412.182775197  -412.182775197  -412.182775197
     0.000  -412.350291331  -412.318088585  -412.241369939  -412.241369939  -412.241369939
     0.000  -412.339192260  -412.321688282  -412.236918476  -412.236918476  -412.236918476
     0.000  -412.386202471  -412.301950945  -412.240286032  -412.240286032  -412.240286032
     0.000  -412.337014479  -412.200281483  -412.183528874  -412.183528874  -412.183528874
     0.000  -412.352632900  -412.191783806  -412.161926699  -412.161926699  -412.161926699
     0.000  -412.354525405  -412.190512082  -412.164456331  -412.164456331  -412.164456331
     0.000  -412.381833726  -412.287859120  -412.237076559  -412.237076559  -412.237076559
     0.000  -412.334702226  -412.273024647  -412.200791131  -412.200791131  -412.200791131
     0.000  -412.358625577  -412.320922415  -412.250209108  -412.250209108  -412.250209108
     0.000  -412.376132582  -412.315056818  -412.297530369  -412.297530369  -412.297530369
     0.000  -412.345955430  -412.321126565  -412.224159800  -412.224159800  -412.224159800
     0.000  -412.391263824  -412.347993826  -412.270975050  -412.270975050  -412.270975050
     0.000  -412.399453609  -412.301608438  -412.253243453  -412.253243453  -412.253243453
     0.000  -412.306404498  -412.293134571  -412.209037208  -412.209037208  -412.209037208
     0.000  -412.377439219  -412.312050417  -412.264094037  -412.264094037  -412.264094037
     0.000  -412.390202491  -412.322935050  -412.267672694  -412.267672694  -412.267672694
     0.000  -412.360587563  -412.291759305  -412.229244937  -412.229244937  -412.229244937
     0.000  -412.329439388  -412.200947940  -412.119669447  -412.119669447  -412.119669447
     0.000  -412.339897356  -412.317437673  -412.229437088  -412.229437088  -412.229437088
     0.000  -412.340818291  -412.231950048  -412.157038345  -412.157038345  -412.157038345
     0.000  -412.321336289  -412.309743778  -412.219178249  -412.219178249  -412.219178249
     0.000  -412.356852934  -412.316390183  -412.213184467  -412.213184467  -412.213184467
     0.000  -412.328926796  -412.304860085  -412.202378526  -412.202378526  -412.202378526
     0.000  -412.387616699  -412.328713982  -412.277468542  -412.277468542  -412.277468542
     0.000  -412.349770602  -412.297497778  -412.283503599  -412.283503599  -412.283503599
     0.000  -412.341615190  -412.200725030  -412.161580243  -412.161580243  -412.161580243
     0.000  -412.383659028  -412.271269026  -412.224210392  -412.224210392  -412.224210392
     0.000  -412.371046635  -412.310102485  -412.262368498  -412.262368498  -412.262368498
     0.000  -412.376792317  -412.311137959  -412.254533618  -412.254533618  -412.254533618
     0.000  -412.397649031  -412.345964410  -412.290682761  -412.290682761  -412.290682761
     0.000  -412.384081337  -412.311911554  -412.274217105  -412.274217105  -412.274217105
     0.000  -412.380526258  -412.310696272  -412.261188337  -412.261188337  -412.261188337
     0.000  -412.378377004  -412.339366690  -412.237538592  -412.237538592  -412.237538592
     0.000  -412.355133062  -412.332029261  -412.250637092  -412.250637092  -412.250637092
     0.000  -412.369567406  -412.331862220  -412.233671061  -412.233671061  -412.233671061
     0.000  -412.333645800  -412.318118180  -412.225613937  -412.225613937  -412.225613937
     0.000  -412.368699177  -412.323471724  -412.250077061  -412.250077061  -412.250077061
     0.000  -412.328796852  -412.308407308  -412.206602212  -412.206602212  -412.206602212
     0.000  -412.376985099  -412.352858411  -412.263571593  -412.263571593  -412.263571593
     0.000  -412.328707723  -412.305293933  -412.170874173  -412.170874173  -412.170874173
     0.000  -412.369683652  -412.322215502  -412.252276458  -412.252276458  -412.252276458
     0.000  -412.381490170  -412.334753433  -412.246451063  -412.246451063  -412.246451063
     0.000  -412.382572720  -412.337902214  -412.243933842  -412.243933842  -412.243933842
     0.000  -412.327952129  -412.221363002  -412.176659943  -412.176659943  -412.176659943
     0.000  -412.322570136  -412.292627386  -412.171914809  -412.171914809  -412.171914809
     0.000  -412.389508118  -412.285886269  -412.224638634  -412.224638634  -412.224638634
     0.000  -412.335157274  -412.303474941  -412.204121686  -412.204121686  -412.204121686
     0.000  -412.345925610  -412.315503705  -412.209435591  -412.209435591  -412.209435591
     0.000  -412.282863066  -412.182793269  -412.130270474  -412.130270474  -412.130270474
     0.000  -412.293386671  -412.209708484  -412.168103607  -412.168103607  -412.168103607
     0.000  -412.339381064  -412.256045063  -412.215422823  -412.215422823  -412.215422823
     0.000  -412.349779994  -412.287987119  -412.216140460  -412.216140460  -412.216140460
     0.000  -412.391003301  -412.332318394  -412.267025820  -412.267025820  -412.267025820
     0.000  -412.352591278  -412.203225050  -412.174601142  -412.174601142  -412.174601142
     0.000  -412.344156931  -412.299213796  -412.236420661  -412.236420661  -412.236420661
     0.000  -412.388867053  -412.334520042  -412.261917432  -412.261917432  -412.261917432
     0.000  -412.352772292  -412.301162969  -412.287801750  -412.287801750  -412.287801750
     0.000  -412.345584876  -412.201005589  -412.188073257  -412.188073257  -412.188073257
     0.000  -412.308479525  -412.295245165  -412.211916985  -412.211916985  -412.211916985
     0.000  -412.344038091  -412.321514096  -412.198988287  -412.198988287  -412.198988287
     0.000  -412.379148967  -412.316582280  -412.264463524  -412.264463524  -412.264463524
     0.000  -412.366030414  -412.322713031  -412.262971982  -412.262971982  -412.262971982
     0.000  -412.388062637  -412.336341640  -412.251038342  -412.251038342  -412.251038342
     0.000  -412.304141503  -412.224056787  -412.173168900  -412.173168900  -412.173168900
     0.000  -412.311587539  -412.214174631  -412.173752974  -412.173752974  -412.173752974
     0.000  -412.328342002  -412.305130146  -412.234171645  -412.234171645  -412.234171645
     0.000  -412.338763714  -412.302935512  -412.224901101  -412.224901101  -412.224901101
     0.000  -412.340547082  -412.304504949  -412.190818944  -412.190818944  -412.190818944
     0.000  -412.368099119  -412.336220683  -412.225484017  -412.225484017  -412.225484017
     0.000  -412.392440933  -412.323886984  -412.245753369  -412.245753369  -412.245753369
     0.000  -412.350705006  -412.257933334  -412.163887899  -412.163887899  -412.163887899
     0.000  -412.391849445  -412.336055375  -412.283296365  -412.283296365  -412.283296365
     0.000  -412.360787652  -412.306148094  -412.215115725  -412.215115725  -412.215115725
     0.000  -412.327849829  -412.230505539  -412.222942372  -412.222942372  -412.222942372
     0.000  -412.346500138  -412.300081466  -412.205293806  -412.205293806  -412.205293806
     0.000  -412.367366011  -412.306727536  -412.257740843  -412.257740843  -412.257740843
     0.000  -412.331564863  -412.229050786  -412.163036403  -412.163036403  -412.163036403
     0.000  -412.317713152  -412.236300871  -412.141800867  -412.141800867  -412.141800867
     0.000  -412.351708397  -412.311311019  -412.208835569  -412.208835569  -412.208835569
     0.000  -412.380500156  -412.274983659  -412.213495194  -412.213495194  -412.213495194
     0.000  -412.427195343  -412.363595141  -412.290279793  -412.290279793  -412.290279793
     0.000  -412.382710888  -412.310892530  -412.236502548  -412.236502548  -412.236502548
     0.000  -412.406638441  -412.336511658  -412.269277361  -412.269277361  -412.269277361
     0.000  -412.351429806  -412.308156123  -412.256562770  -412.256562770  -412.256562770
     0.000  -412.323938175  -412.242154390  -412.182571264  -412.182571264  -412.182571264
     0.000  -412.311911435  -412.298276081  -412.216788073  -412.216788073  -412.216788073
     0.000  -412.335329613  -412.308262584  -412.232684281  -412.232684281  -412.232684281
     0.000  -412.357996355  -412.316919650  -412.267750391  -412.267750391  -412.267750391
     0.000  -412.332226274  -412.312073679  -412.235394014  -412.235394014  -412.235394014
     0.000  -412.284942475  -412.197049810  -412.170989751  -412.170989751  -412.170989751
     0.000  -412.339613339  -412.233059885  -412.157046508  -412.157046508  -412.157046508
     0.000  -412.333983782  -412.318177474  -412.224498698  -412.224498698  -412.224498698
     0.000  -412.397252892  -412.322187431  -412.255868687  -412.255868687  -412.255868687
     0.000  -412.332752497  -412.300947830  -412.246393376  -412.246393376  -412.246393376
     0.000  -412.345826011  -412.327198928  -412.241355732  -412.241355732  -412.241355732
     0.000  -412.426161026  -412.352846585  -412.281180819  -412.281180819  -412.281180819
     0.000  -412.339609317  -412.314607962  -412.208528776  -412.208528776  -412.208528776
     0.000  -412.378279687  -412.311977505  -412.279628638  -412.279628638  -412.279628638
     0.000  -412.365264264  -412.335543287  -412.224677964  -412.224677964  -412.224677964
     0.000  -412.353433910  -412.321945378  -412.255069193  -412.255069193  -412.255069193
     0.000  -412.347953040  -412.318709475  -412.226107379  -412.226107379  -412.226107379
     0.000  -412.372075808  -412.318063441  -412.260196261  -412.260196261  -412.260196261
     0.000  -412.327369880  -412.307804741  -412.222951051  -412.222951051  -412.222951051
     0.000  -412.351587339  -412.242563441  -412.173401034  -412.173401034  -412.173401034
     0.000  -412.328798106  -412.322069451  -412.226297534  -412.226297534  -412.226297534
     0.000  -412.336715707  -412.322419819  -412.247358460  -412.247358460  -412.247358460
     0.000  -412.318508345  -412.284360936  -412.159421780  -412.159421780  -412.159421780
     0.000  -412.348962009  -412.323385114  -412.227731852  -412.227731852  -412.227731852
     0.000  -412.327826289  -412.222074447  -412.155248073  -412.155248073  -412.155248073
     0.000  -412.350215104  -412.304685487  -412.244079716  -412.244079716  -412.244079716
     0.000  -412.385351250  -412.350372635  -412.268683782  -412.268683782  -412.268683782
     0.000  -412.368026096  -412.337349597  -412.254030853  -412.254030853  -412.254030853
     0.000  -412.323602129  -412.313082535  -412.224561734  -412.224561734  -412.224561734
     0.000  -412.319476540  -412.265427440  -412.189308271  -412.189308271  -412.189308271
     0.000  -412.327639730  -412.304271043  -412.235687144  -412.235687144  -412.235687144
     0.000  -412.313313101  -412.201814995  -412.197095286  -412.197095286  -412.197095286
     0.000  -412.379861455  -412.311735887  -412.253029634  -412.253029634  -412.253029634
     0.000  -412.338458916  -412.301827189  -412.238077255  -412.238077255  -412.238077255
     0.000  -412.315850099  -412.288959728  -412.157111314  -412.157111314  -412.157111314
     0.000  -412.362981251  -412.310917616  -412.239991768  -412.239991768  -412.239991768
     0.000  -412.374327713  -412.327297404  -412.241320894  -412.241320894  -412.241320894
     0.000  -412.411769425  -412.338629536  -412.317679596  -412.317679596  -412.317679596
     0.000  -412.356212368  -412.287559622  -412.224116227  -412.224116227  -412.224116227
     0.000  -412.309384207  -412.303652245  -412.198536918  -412.198536918  -412.198536918
     0.000  -412.345516851  -412.325787395  -412.195981936  -412.195981936  -412.195981936
     0.000  -412.367012779  -412.318212592  -412.255993183  -412.255993183  -412.255993183
     0.000  -412.371328906  -412.341495588  -412.233411304  -412.233411304  -412.233411304
     0.000  -412.315342382  -412.220844129  -412.145887335  -412.145887335  -412.145887335
     0.000  -412.347388721  -412.327775374  -412.243607779  -412.243607779  -412.243607779
     0.000  -412.336067951  -412.311911598  -412.219425367  -412.219425367  -412.219425367
     0.000  -412.399542424  -412.330402331  -412.267700579  -412.267700579  -412.267700579
     0.000  -412.359302899  -412.246222152  -412.176332146  -412.176332146  -412.176332146
     0.000  -412.328171798  -412.310676717  -412.218844089  -412.218844089  -412.218844089
     0.000  -412.354935535  -412.295883794  -412.211440510  -412.211440510  -412.211440510
     0.000  -412.359791058  -412.343078115  -412.254394340  -412.254394340  -412.254394340
     0.000  -412.301159503  -412.194801366  -412.184181380  -412.184181380  -412.184181380
     0.000  -412.350800476  -412.313491750  -412.205336978  -412.205336978  -412.205336978
     0.000  -412.347325600  -412.281883967  -412.204267059  -412.204267059  -412.204267059
     0.000  -412.300766900  -412.280827917  -412.158874996  -412.158874996  -412.158874996
     0.000  -412.349801704  -412.314635274  -412.210766256  -412.210766256  -412.210766256
     0.000  -412.324061636  -412.220023195  -412.129913516  -412.129913516  -412.129913516
     0.000  -412.351571929  -412.197146372  -412.189419276  -412.189419276  -412.189419276
     0.000  -412.312907248  -412.187981981  -412.149763428  -412.149763428  -412.149763428
     0.000  -412.342094000  -412.329195521  -412.211222032  -412.211222032  -412.211222032
     0.000  -412.319202712  -412.187383108  -412.103487532  -412.103487532  -412.103487532
     0.000  -412.357336043  -412.316434099  -412.267537261  -412.267537261  -412.267537261
     0.000  -412.375851312  -412.325302539  -412.230444592  -412.230444592  -412.230444592
     0.000  -412.372475524  -412.296576334  -412.255872536  -412.255872536  -412.255872536
     0.000  -412.379127870  -412.316140754  -412.233140831  -412.233140831  -412.233140831
     0.000  -412.348053406  -412.255603904  -412.160462522  -412.160462522  -412.160462522
     0.000  -412.359697665  -412.299378218  -412.237872595  -412.237872595  -412.237872595
     0.000  -412.345011066  -412.325305588  -412.204005629  -412.204005629  -412.204005629
     0.000  -412.335744857  -412.254261884  -412.157314701  -412.157314701  -412.157314701
     0.000  -412.343786453  -412.312062607  -412.214992771  -412.214992771  -412.214992771
     0.000  -412.380101071  -412.327536052  -412.271223611  -412.271223611  -412.271223611
     0.000  -412.371369476  -412.292747690  -412.227318746  -412.227318746  -412.227318746
     0.000  -412.333518883  -412.204684623  -412.141266022  -412.141266022  -412.141266022
     0.000  -412.319513274  -412.307740072  -412.214913988  -412.214913988  -412.214913988
     0.000  -412.332381305  -412.195820471  -412.184416723  -412.184416723  -412.184416723
     0.000  -412.380369016  -412.322052853  -412.310655840  -412.310655840  -412.310655840
     0.000  -412.324324148  -412.259346240  -412.167384143  -412.167384143  -412.167384143
     0.000  -412.326871927  -412.296091564  -412.238493464  -412.238493464  -412.238493464
     0.000  -412.330792798  -412.195945945  -412.184730132  -412.184730132  -412.184730132
     0.000  -412.342910042  -412.318673407  -412.228518340  -412.228518340  -412.228518340
     0.000  -412.302221838  -412.224264811  -412.172162924  -412.172162924  -412.172162924
     0.000  -412.345302181  -412.295718196  -412.195156030  -412.195156030  -412.195156030
     0.000  -412.379776437  -412.316105301  -412.241494204  -412.241494204  -412.241494204
     0.000  -412.315540099  -412.213931500  -412.143887229  -412.143887229  -412.143887229
     0.000  -412.360711274  -412.236051184  -412.215934720  -412.215934720  -412.215934720
     0.000  -412.410567463  -412.338301075  -412.318681614  -412.318681614  -412.318681614
     0.000  -412.428456291  -412.355414600  -412.285799708  -412.285799708  -412.285799708
     0.000  -412.374663897  -412.351921737  -412.260946177  -412.260946177  -412.260946177
     0.000  -412.343804609  -412.320840341  -412.216890600  -412.216890600  -412.216890600
     0.000  -412.343607754  -412.275904609  -412.159468450  -412.159468450  -412.159468450
     0.000  -412.328846782  -412.312383241  -412.238787430  -412.238787430  -412.238787430
     0.000  -412.350355847  -412.315741264  -412.217136611  -412.217136611  -412.217136611
     0.000  -412.347281744  -412.333928695  -412.188982423  -412.188982423  -412.188982423
     0.000  -412.327338253  -412.209386763  -412.148607573  -412.148607573  -412.148607573
     0.000  -412.357719042  -412.189359410  -412.183100592  -412.183100592  -412.183100592
     0.000  -412.326300230  -412.183365308  -412.173666330  -412.173666330  -412.173666330
     0.000  -412.346934957  -412.312461141  -412.242402732  -412.242402732  -412.242402732
     0.000  -412.350621175  -412.308310863  -412.202374794  -412.202374794  -412.202374794
     0.000  -412.354087172  -412.313681969  -412.255144403  -412.255144403  -412.255144403
     0.000  -412.378927903  -412.323563592  -412.236725811  -412.236725811  -412.236725811
     0.000  -412.343814189  -412.201869907  -412.168747320  -412.168747320  -412.168747320
     0.000  -412.306218568  -412.209773502  -412.166440132  -412.166440132  -412.166440132
     0.000  -412.345866272  -412.256718475  -412.187820470  -412.187820470  -412.187820470
     0.000  -412.348429643  -412.311520328  -412.205035496  -412.205035496  -412.205035496
     0.000  -412.347041044  -412.255567719  -412.164010114  -412.164010114  -412.164010114
     0.000  -412.372331388  -412.328832825  -412.252497532  -412.252497532  -412.252497532
     0.000  -412.358817239  -412.326263206  -412.233247364  -412.233247364  -412.233247364
     0.000  -412.355581147  -412.302000969  -412.289100308  -412.289100308  -412.289100308
     0.000  -412.339952185  -412.281580827  -412.165628926  -412.165628926  -412.165628926
     0.000  -412.332251668  -412.295145721  -412.189961805  -412.189961805  -412.189961805
     0.000  -412.324176560  -412.296411057  -412.206774238  -412.206774238  -412.206774238
     0.000  -412.351034672  -412.302384215  -412.286398756  -412.286398756  -412.286398756
     0.000  -412.319497610  -412.180914653  -412.164206470  -412.164206470  -412.164206470
     0.000  -412.327129950  -412.212467801  -412.209935805  -412.209935805  -412.209935805
     0.000  -412.326994639  -412.267662911  -412.141824127  -412.141824127  -412.141824127
     0.000  -412.330708209  -412.308072610  -412.174058814  -412.174058814  -412.174058814
     0.000  -412.386174278  -412.329696533  -412.279649373  -412.279649373  -412.279649373
     0.000  -412.377734120  -412.338945722  -412.259849407  -412.259849407  -412.259849407
     0.000  -412.367692946  -412.327337690  -412.241598937  -412.241598937  -412.241598937
     0.000  -412.389657457  -412.325246925  -412.286489561  -412.286489561  -412.286489561
     0.000  -412.351670577  -412.307515591  -412.207521348  -412.207521348  -412.207521348
     0.000  -412.327432306  -412.272517745  -412.174747588  -412.174747588  -412.174747588
     0.000  -412.358886239  -412.236330419  -412.220516297  -412.220516297  -412.220516297
     0.000  -412.377570958  -412.325945780  -412.274675199  -412.274675199  -412.274675199
     0.000  -412.344754790  -412.330018080  -412.206010466  -412.206010466  -412.206010466
     0.000  -412.332872538  -412.265820772  -412.202574707  -412.202574707  -412.202574707
     0.000  -412.324018857  -412.207923241  -412.199581433  -412.199581433  -412.199581433
     0.000  -412.339394796  -412.220206254  -412.154898398  -412.154898398  -412.154898398
     0.000  -412.372400947  -412.330040298  -412.254343783  -412.254343783  -412.254343783
     0.000  -412.342755627  -412.321072117  -412.235331336  -412.235331336  -412.235331336
     0.000  -412.371763486  -412.329710318  -412.249091757  -412.249091757  -412.249091757
     0.000  -412.337360740  -412.217884881  -412.206015091  -412.206015091  -412.206015091
     0.000  -412.342865131  -412.297427063  -412.201129314  -412.201129314  -412.201129314
     0.000  -412.349640325  -412.311568533  -412.253033900  -412.253033900  -412.253033900
     0.000  -412.349893551  -412.317112186  -412.198795962  -412.198795962  -412.198795962
     0.000  -412.320085450  -412.186618186  -412.166107114  -412.166107114  -412.166107114
     0.000  -412.315703765  -412.312026686  -412.183397358  -412.183397358  -412.183397358
     0.000  -412.354182604  -412.333984111  -412.262406568  -412.262406568  -412.262406568
     0.000  -412.362600618  -412.324827516  -412.218743061  -412.218743061  -412.218743061
     0.000  -412.311739418  -412.236949908  -412.186941184  -412.186941184  -412.186941184
     0.000  -412.380393910  -412.282718775  -412.236498065  -412.236498065  -412.236498065
     0.000  -412.355259767  -412.319358584  -412.228358478  -412.228358478  -412.228358478
     0.000  -412.300360867  -412.198217073  -412.170290237  -412.170290237  -412.170290237
     0.000  -412.321120313  -412.232153951  -412.173638945  -412.173638945  -412.173638945
     0.000  -412.372118410  -412.310115711  -412.227013380  -412.227013380  -412.227013380
     0.000  -412.386232735  -412.320373961  -412.309582539  -412.309582539  -412.309582539
     0.000  -412.392104744  -412.329239873  -412.262885047  -412.262885047  -412.262885047
     0.000  -412.300415281  -412.215036757  -412.180349781  -412.180349781  -412.180349781
     0.000  -412.360472548  -412.221917298  -412.191481188  -412.191481188  -412.191481188
     0.000  -412.369746763  -412.329001822  -412.216589829  -412.216589829  -412.216589829
     0.000  -412.343198618  -412.273509429  -412.237142532  -412.237142532  -412.237142532
     0.000  -412.317803180  -412.292151442  -412.162705947  -412.162705947  -412.162705947
     0.000  -412.323421434  -412.223826936  -412.151576311  -412.151576311  -412.151576311
     0.000  -412.353759282  -412.322525927  -412.204156680  -412.204156680  -412.204156680
     0.000  -412.354245670  -412.306783496  -412.209742712  -412.209742712  -412.209742712
     0.000  -412.348490845  -412.199677946  -412.167843559  -412.167843559  -412.167843559
     0.000  -412.327961884  -412.210129593  -412.148077164  -412.148077164  -412.148077164
     0.000  -412.389225352  -412.307281150  -412.245157693  -412.245157693  -412.245157693
     0.000  -412.314881297  -412.198331586  -412.147805324  -412.147805324  -412.147805324
     0.000  -412.311814159  -412.227995186  -412.174687184  -412.174687184  -412.174687184
     0.000  -412.362465230  -412.302073246  -412.292771641  -412.292771641  -412.292771641
     0.000  -412.344881370  -412.308259146  -412.239436256  -412.239436256  -412.239436256
     0.000  -412.375769319  -412.302231947  -412.241416634  -412.241416634  -412.241416634
     0.000  -412.331553139  -412.312415308  -412.237845858  -412.237845858  -412.237845858
     0.000  -412.403728116  -412.308513720  -412.260142939  -412.260142939  -412.260142939
     0.000  -412.294018571  -412.210859923  -412.166771332  -412.166771332  -412.166771332
     0.000  -412.316322205  -412.184563958  -412.159424403  -412.159424403  -412.159424403
     0.000  -412.320073142  -412.248260675  -412.172750556  -412.172750556  -412.172750556
     0.000  -412.346650590  -412.295243666  -412.275797200  -412.275797200  -412.275797200
     0.000  -412.344890001  -412.320204910  -412.241665780  -412.241665780  -412.241665780
     0.000  -412.331255098  -412.307985652  -412.237667629  -412.237667629  -412.237667629
     0.000  -412.326952549  -412.302911993  -412.165015547  -412.165015547  -412.165015547
     0.000  -412.331753864  -412.289755573  -412.154620909  -412.154620909  -412.154620909
     0.000  -412.358064951  -412.304362181  -412.244843640  -412.244843640  -412.244843640
     0.000  -412.358624172  -412.327941418  -412.262390973  -412.262390973  -412.262390973
     0.000  -412.286435727  -412.178938170  -412.143961149  -412.143961149  -412.143961149
     0.000  -412.326218067  -412.242529383  -412.181678812  -412.181678812  -412.181678812
     0.000  -412.345707078  -412.303685191  -412.205403276  -412.205403276  -412.205403276
     0.000  -412.344509989  -412.238699986  -412.158226791  -412.158226791  -412.158226791
     0.000  -412.324807017  -412.205543023  -412.114901507  -412.114901507  -412.114901507
     0.000  -412.369877513  -412.331301000  -412.220598767  -412.220598767  -412.220598767
     0.000  -412.318309625  -412.259305827  -412.191500427  -412.191500427  -412.191500427
     0.000  -412.331370996  -412.219141573  -412.212740784  -412.212740784  -412.212740784
     0.000  -412.327223285  -412.210339431  -412.204459193  -412.204459193  -412.204459193
     0.000  -412.330909195  -412.196662241  -412.183837818  -412.183837818  -412.183837818
     0.000  -412.392163043  -412.332183206  -412.257532629  -412.257532629  -412.257532629
     0.000  -412.387058676  -412.332875937  -412.243780137  -412.243780137  -412.243780137
     0.000  -412.289803713  -412.199332219  -412.143715843  -412.143715843  -412.143715843
     0.000  -412.320443281  -412.238374071  -412.188678109  -412.188678109  -412.188678109
     0.000  -412.319579780  -412.233187745  -412.188490162  -412.188490162  -412.188490162
     0.000  -412.297663131  -412.198416519  -412.150093610  -412.150093610  -412.150093610
     0.000  -412.395022909  -412.322965646  -412.267129194  -412.267129194  -412.267129194
     0.000  -412.339901320  -412.322660062  -412.231103594  -412.231103594  -412.231103594
     0.000  -412.368853898  -412.323308872  -412.268192057  -412.268192057  -412.268192057
     0.000  -412.322673357  -412.308191692  -412.222737038  -412.222737038  -412.222737038
     0.000  -412.334709918  -412.278092064  -412.157748218  -412.157748218  -412.157748218
     0.000  -412.314306185  -412.234230182  -412.177491265  -412.177491265  -412.177491265
     0.000  -412.317519324  -412.291571285  -412.162959850  -412.162959850  -412.162959850
     0.000  -412.330068073  -412.280800341  -412.195331691  -412.195331691  -412.195331691
     0.000  -412.271072272  -412.166464010  -412.146912095  -412.146912095  -412.146912095
     0.000  -412.334268125  -412.201454495  -412.141369222  -412.141369222  -412.141369222
     0.000  -412.313871721  -412.293626664  -412.150992928  -412.150992928  -412.150992928
     0.000  -412.336289640  -412.311072812  -412.240660489  -412.240660489  -412.240660489
     0.000  -412.388877614  -412.315577668  -412.263965772  -412.263965772  -412.263965772
     0.000  -412.357749990  -412.325841265  -412.214200463  -412.214200463  -412.214200463
     0.000  -412.340024161  -412.306285734  -412.193443709  -412.193443709  -412.193443709
     0.000  -412.353981754  -412.258889925  -412.168451808  -412.168451808  -412.168451808
     0.000  -412.345204173  -412.316311141  -412.263585705  -412.263585705  -412.263585705
     0.000  -412.370366856  -412.327372082  -412.251787732  -412.251787732  -412.251787732
     0.000  -412.406203067  -412.331495109  -412.262267672  -412.262267672  -412.262267672
     0.000  -412.388562461  -412.316291622  -412.252686740  -412.252686740  -412.252686740
     0.000  -412.351379198  -412.330786849  -412.251389733  -412.251389733  -412.251389733
     0.000  -412.339835172  -412.317925040  -412.230546007  -412.230546007  -412.230546007
     0.000  -412.316955592  -412.191997689  -412.160246831  -412.160246831  -412.160246831
     0.000  -412.332408244  -412.261664170  -412.222548812  -412.222548812  -412.222548812
     0.000  -412.378288289  -412.343913982  -412.240261988  -412.240261988  -412.240261988
     0.000  -412.325636486  -412.318320680  -412.217141612  -412.217141612  -412.217141612
     0.000  -412.325687222  -412.303613010  -412.181555195  -412.181555195  -412.181555195
     0.000  -412.357387898  -412.317147313  -412.272097064  -412.272097064  -412.272097064
     0.000  -412.367524187  -412.320811246  -412.239957460  -412.239957460  -412.239957460
     0.000  -412.380631035  -412.345797997  -412.271567470  -412.271567470  -412.271567470
     0.000  -412.286756455  -412.176894149  -412.145223046  -412.145223046  -412.145223046
     0.000  -412.331530827  -412.310841510  -412.175809077  -412.175809077  -412.175809077
     0.000  -412.375025029  -412.326184484  -412.252864968  -412.252864968  -412.252864968
     0.000  -412.349713572  -412.225489051  -412.213677602  -412.213677602  -412.213677602
     0.000  -412.308882851  -412.226608791  -412.170976318  -412.170976318  -412.170976318
     0.000  -412.340715074  -412.321795423  -412.196472042  -412.196472042  -412.196472042
     0.000  -412.338568607  -412.319239618  -412.200492347  -412.200492347  -412.200492347
     0.000  -412.261427769  -412.155587445  -412.126034874  -412.126034874  -412.126034874
     0.000  -412.394905527  -412.310872053  -412.253068727  -412.253068727  -412.253068727
     0.000  -412.309908785  -412.192542530  -412.139676328  -412.139676328  -412.139676328
     0.000  -412.367607016  -412.338741671  -412.261358057  -412.261358057  -412.261358057
     0.000  -412.340082731  -412.278066448  -412.168185071  -412.168185071  -412.168185071
     0.000  -412.317448379  -412.189144718  -412.140938405  -412.140938405  -412.140938405
     0.000  -412.333920137  -412.304675908  -412.201830839  -412.201830839  -412.201830839
     0.000  -412.338746263  -412.298469742  -412.190926434  -412.190926434  -412.190926434
     0.000  -412.338210593  -412.297604605  -412.214673356  -412.214673356  -412.214673356
     0.000  -412.357654107  -412.319076108  -412.264622312  -412.264622312  -412.264622312
     0.000  -412.372599355  -412.312883984  -412.275187276  -412.275187276  -412.275187276
     0.000  -412.354291021  -412.258530171  -412.168203549  -412.168203549  -412.168203549
     0.000  -412.342845885  -412.304379809  -412.232863441  -412.232863441  -412.232863441
     0.000  -412.300171740  -412.211207544  -412.154402700  -412.154402700  -412.154402700
     0.000  -412.364260978  -412.329946788  -412.242360006  -412.242360006  -412.242360006
     0.000  -412.312204385  -412.184692470  -412.137551843  -412.137551843  -412.137551843
     0.000  -412.353530464  -412.296174163  -412.203609407  -412.203609407  -412.203609407
     0.000  -412.352018996  -412.334720368  -412.218755414  -412.218755414  -412.218755414
     0.000  -412.349601275  -412.255110100  -412.169324886  -412.169324886  -412.169324886
     0.000  -412.377411218  -412.327862249  -412.258480739  -412.258480739  -412.258480739
     0.000  -412.307653178  -412.194293179  -412.143198662  -412.143198662  -412.143198662
     0.000  -412.344787640  -412.326331009  -412.226761758  -412.226761758  -412.226761758
     0.000  -412.335447001  -412.305906127  -412.238144904  -412.238144904  -412.238144904
     0.000  -412.333134644  -412.213298051  -412.149641418  -412.149641418  -412.149641418
     0.000  -412.322139233  -412.318555369  -412.191026438  -412.191026438  -412.191026438
     0.000  -412.316880291  -412.237588933  -412.188969336  -412.188969336  -412.188969336
     0.000  -412.355850266  -412.319267033  -412.275024957  -412.275024957  -412.275024957
     0.000  -412.343895379  -412.287936262  -412.201095776  -412.201095776  -412.201095776
     0.000  -412.351407437  -412.301666824  -412.239958921  -412.239958921  -412.239958921
     0.000  -412.361851377  -412.334371579  -412.255079650  -412.255079650  -412.255079650
     0.000  -412.356029004  -412.341413206  -412.241387277  -412.241387277  -412.241387277
     0.000  -412.344763310  -412.226959095  -412.159880110  -412.159880110  -412.159880110
     0.000  -412.344838590  -412.309495393  -412.197261479  -412.197261479  -412.197261479
     0.000  -412.358077355  -412.339594431  -412.264070457  -412.264070457  -412.264070457
     0.000  -412.353682537  -412.301694072  -412.288439311  -412.288439311  -412.288439311
     0.000  -412.342884666  -412.296556999  -412.235801031  -412.235801031  -412.235801031
     0.000  -412.321792522  -412.207635053  -412.138429206  -412.138429206  -412.138429206
     0.000  -412.340213431  -412.319609640  -412.175576557  -412.175576557  -412.175576557
     0.000  -412.330259996  -412.297500976  -412.188777555  -412.188777555  -412.188777555
     0.000  -412.368642941  -412.319337890  -412.269784706  -412.269784706  -412.269784706
     0.000  -412.347771071  -412.295082523  -412.200376988  -412.200376988  -412.200376988
     0.000  -412.344512206  -412.241989037  -412.172724270  -412.172724270  -412.172724270
     0.000  -412.340837518  -412.326866862  -412.249106819  -412.249106819  -412.249106819
     0.000  -412.344373463  -412.330705117  -412.194449242  -412.194449242  -412.194449242
     0.000  -412.389024577  -412.308424168  -412.284979062  -412.284979062  -412.284979062
     0.000  -412.331606447  -412.303625698  -412.221628046  -412.221628046  -412.221628046
     0.000  -412.378609250  -412.314399375  -412.305685586  -412.305685586  -412.305685586
     0.000  -412.342551529  -412.225961887  -412.158251058  -412.158251058  -412.158251058
     0.000  -412.330230962  -412.315851278  -412.220999873  -412.220999873  -412.220999873
     0.000  -412.333632905  -412.218813323  -412.207968013  -412.207968013  -412.207968013
     0.000  -412.335304981  -412.314109273  -412.243848280  -412.243848280  -412.243848280
     0.000  -412.330296639  -412.314384385  -412.231755741  -412.231755741  -412.231755741
     0.000  -412.396821990  -412.338105808  -412.281635804  -412.281635804  -412.281635804
     0.000  -412.332504152  -412.275210383  -412.197956340  -412.197956340  -412.197956340
     0.000  -412.373664486  -412.318433387  -412.260342117  -412.260342117  -412.260342117
     0.000  -412.318797815  -412.302869230  -412.225962812  -412.225962812  -412.225962812
     0.000  -412.302206855  -412.207287145  -412.174710479  -412.174710479  -412.174710479
     0.000  -412.400276211  -412.333392356  -412.315047228  -412.315047228  -412.315047228
     0.000  -412.388657032  -412.328869296  -412.251617733  -412.251617733  -412.251617733
     0.000  -412.356130710  -412.259664142  -412.176097298  -412.176097298  -412.176097298
     0.000  -412.357982636  -412.312059779  -412.266392409  -412.266392409  -412.266392409
     0.000  -412.332397465  -412.244679864  -412.194192374  -412.194192374  -412.194192374
     0.000  -412.370088194  -412.269112318  -412.206048182  -412.206048182  -412.206048182
     0.000  -412.410797310  -412.338531900  -412.316353639  -412.316353639  -412.316353639
     0.000  -412.321397827  -412.298040769  -412.175028831  -412.175028831  -412.175028831
     0.000  -412.282125194  -412.175893739  -412.122396574  -412.122396574  -412.122396574
     0.000  -412.351084885  -412.310339307  -412.241025007  -412.241025007  -412.241025007
     0.000  -412.320024710  -412.209482053  -412.165021204  -412.165021204  -412.165021204
     0.000  -412.387350862  -412.317440178  -412.265380999  -412.265380999  -412.265380999
     0.000  -412.335652732  -412.299325667  -412.234254831  -412.234254831  -412.234254831
     0.000  -412.285144863  -412.184714225  -412.159554107  -412.159554107  -412.159554107
     0.000  -412.373947919  -412.332212668  -412.242111162  -412.242111162  -412.242111162
     0.000  -412.360152715  -412.323002799  -412.279476450  -412.279476450  -412.279476450
     0.000  -412.319461775  -412.273755349  -412.174268132  -412.174268132  -412.174268132
     0.000  -412.317376317  -412.306902886  -412.210397198  -412.210397198  -412.210397198
     0.000  -412.316398715  -412.225521183  -412.222621725  -412.222621725  -412.222621725
     0.000  -412.348328339  -412.257537578  -412.189363308  -412.189363308  -412.189363308
     0.000  -412.338903028  -412.286346202  -412.196410967  -412.196410967  -412.196410967
     0.000  -412.344357252  -412.236370400  -412.169731995  -412.169731995  -412.169731995
     0.000  -412.380498944  -412.323501192  -412.273167767  -412.273167767  -412.273167767
     0.000  -412.353180117  -412.339699521  -412.197737428  -412.197737428  -412.197737428
     0.000  -412.346159047  -412.256288191  -412.186851708  -412.186851708  -412.186851708
     0.000  -412.399432814  -412.350002064  -412.275668406  -412.275668406  -412.275668406
     0.000  -412.310958159  -412.226564072  -412.179910581  -412.179910581  -412.179910581
     0.000  -412.364735520  -412.329809160  -412.226707406  -412.226707406  -412.226707406
     0.000  -412.313887818  -412.291766097  -412.155948388  -412.155948388  -412.155948388
     0.000  -412.355791260  -412.312707843  -412.243454478  -412.243454478  -412.243454478
     0.000  -412.322031656  -412.225653873  -412.168787039  -412.168787039  -412.168787039
     0.000  -412.313958779  -412.310003284  -412.180327395  -412.180327395  -412.180327395
     0.000  -412.337361889  -412.310476807  -412.196988927  -412.196988927  -412.196988927
     0.000  -412.380613548  -412.317328176  -412.237864038  -412.237864038  -412.237864038
     0.000  -412.364743876  -412.305461149  -412.251338979  -412.251338979  -412.251338979
     0.000  -412.384640331  -412.314688643  -412.240894412  -412.240894412  -412.240894412
     0.000  -412.398236958  -412.338759283  -412.271629151  -412.271629151  -412.271629151
     0.000  -412.313740642  -412.226197897  -412.169493547  -412.169493547  -412.169493547
     0.000  -412.364193598  -412.330361132  -412.214359781  -412.214359781  -412.214359781
     0.000  -412.320170769  -412.226939579  -412.134902314  -412.134902314  -412.134902314
     0.000  -412.336650543  -412.319410048  -412.202729086  -412.202729086  -412.202729086
     0.000  -412.418763593  -412.343728005  -412.272989905  -412.272989905  -412.272989905
     0.000  -412.391280843  -412.330585471  -412.278151820  -412.278151820  -412.278151820
     0.000  -412.339598375  -412.305356584  -412.191280728  -412.191280728  -412.191280728
     0.000  -412.331296304  -412.307949643  -412.238746908  -412.238746908  -412.238746908
     0.000  -412.364695832  -412.315692106  -412.259852837  -412.259852837  -412.259852837
     0.000  -412.350101241  -412.213016159  -412.178425646  -412.178425646  -412.178425646
     0.000  -412.333370736  -412.310350573  -412.191738827  -412.191738827  -412.191738827
     0.000  -412.360390732  -412.336770188  -412.212840304  -412.212840304  -412.212840304
     0.000  -412.353977402  -412.335670196  -412.204427581  -412.204427581  -412.204427581
     0.000  -412.378650294  -412.310943175  -412.298590042  -412.298590042  -412.298590042
     0.000  -412.335295514  -412.242675806  -412.158964619  -412.158964619  -412.158964619
     0.000  -412.401613670  -412.336879521  -412.255892060  -412.255892060  -412.255892060
     0.000  -412.289489566  -412.181435148  -412.147935897  -412.147935897  -412.147935897
     0.000  -412.320466925  -412.233449053  -412.176038883  -412.176038883  -412.176038883
     0.000  -412.342828550  -412.298417927  -412.188433023  -412.188433023  -412.188433023
     0.000  -412.351285635  -412.253108557  -412.166435777  -412.166435777  -412.166435777
     0.000  -412.360781310  -412.255846865  -412.192280799  -412.192280799  -412.192280799
     0.000  -412.325113586  -412.307805077  -412.197989060  -412.197989060  -412.197989060
     0.000  -412.304169404  -412.206231674  -412.191609189  -412.191609189  -412.191609189
     0.000  -412.390482635  -412.323572683  -412.269582640  -412.269582640  -412.269582640
     0.000  -412.339497385  -412.267091198  -412.224267799  -412.224267799  -412.224267799
     0.000  -412.281322547  -412.177882270  -412.125371186  -412.125371186  -412.125371186
     0.000  -412.358338475  -412.265232396  -412.172288336  -412.172288336  -412.172288336
     0.000  -412.362190280  -412.322111214  -412.217515724  -412.217515724  -412.217515724
     0.000  -412.342240950  -412.320510244  -412.200191521  -412.200191521  -412.200191521
     0.000  -412.362563094  -412.336013164  -412.270499490  -412.270499490  -412.270499490
     0.000  -412.370308059  -412.303202934  -412.264266714  -412.264266714  -412.264266714
     0.000  -412.324468861  -412.215658624  -412.147309875  -412.147309875  -412.147309875
     0.000  -412.330599658  -412.310791417  -412.174777430  -412.174777430  -412.174777430
     0.000  -412.326549169  -412.224856973  -412.128112670  -412.128112670  -412.128112670
     0.000  -412.309067349  -412.196731368  -412.194992401  -412.194992401  -412.194992401
     0.000  -412.351262668  -412.321583058  -412.249071558  -412.249071558  -412.249071558
     0.000  -412.328907824  -412.298505066  -412.162757830  -412.162757830  -412.162757830
     0.000  -412.308900214  -412.281122811  -412.164088256  -412.164088256  -412.164088256
     0.000  -412.333852508  -412.236164551  -412.227797319  -412.227797319  -412.227797319
     0.000  -412.356521589  -412.315770174  -412.211836191  -412.211836191  -412.211836191
     0.000  -412.325241640  -412.227763007  -412.156613564  -412.156613564  -412.156613564
     0.000  -412.352671746  -412.323824051  -412.234762624  -412.234762624  -412.234762624
     0.000  -412.384454670  -412.325273156  -412.245397304  -412.245397304  -412.245397304
     0.000  -412.372433824  -412.340511497  -412.265941914  -412.265941914  -412.265941914
     0.000  -412.326415691  -412.243933553  -412.198158080  -412.198158080  -412.198158080
     0.000  -412.341569298  -412.286439651  -412.196890126  -412.196890126  -412.196890126
     0.000  -412.377046274  -412.326872842  -412.271951861  -412.271951861  -412.271951861
     0.000  -412.312122691  -412.298504728  -412.213606678  -412.213606678  -412.213606678
     0.000  -412.339365345  -412.194760806  -412.160182810  -412.160182810  -412.160182810
     0.000  -412.376316104  -412.307822358  -412.269684643  -412.269684643  -412.269684643
     0.000  -412.397049067  -412.342975793  -412.275800422  -412.275800422  -412.275800422
     0.000  -412.346437471  -412.341185073  -412.247741126  -412.247741126  -412.247741126
     0.000  -412.321252556  -412.305862241  -412.230428545  -412.230428545  -412.230428545
     0.000  -412.342739229  -412.316166991  -412.222407125  -412.222407125  -412.222407125
     0.000  -412.356919154  -412.333329761  -412.256520159  -412.256520159  -412.256520159
     0.000  -412.327460679  -412.216179955  -412.205053330  -412.205053330  -412.205053330
     0.000  -412.337560729  -412.313046178  -412.243585465  -412.243585465  -412.243585465
     0.000  -412.301388756  -412.218329277  -412.171326768  -412.171326768  -412.171326768
     0.000  -412.324111074  -412.184018810  -412.169881047  -412.169881047  -412.169881047
     0.000  -412.352111083  -412.202951353  -412.160885496  -412.160885496  -412.160885496
     0.000  -412.313320530  -412.217123274  -412.173302301  -412.173302301  -412.173302301
     0.000  -412.338757357  -412.296535452  -412.208906662  -412.208906662  -412.208906662
     0.000  -412.381769147  -412.301120457  -412.267698469  -412.267698469  -412.267698469
     0.000  -412.342108547  -412.207764717  -412.170737943  -412.170737943  -412.170737943
     0.000  -412.332379471  -412.240161359  -412.168751300  -412.168751300  -412.168751300
     0.000  -412.363886921  -412.292065646  -412.219505639  -412.219505639  -412.219505639
     0.000  -412.379312772  -412.305338771  -412.253056170  -412.253056170  -412.253056170
     0.000  -412.383656165  -412.311603240  -412.238127863  -412.238127863  -412.238127863
     0.000  -412.304444101  -412.176349033  -412.135030171  -412.135030171  -412.135030171
     0.000  -412.370526966  -412.307883026  -412.261702506  -412.261702506  -412.261702506
     0.000  -412.301692361  -412.200993347  -412.177674410  -412.177674410  -412.177674410
     0.000  -412.391962636  -412.305596877  -412.248254089  -412.248254089  -412.248254089
     0.000  -412.318464670  -412.207385526  -412.138711953  -412.138711953  -412.138711953
     0.000  -412.396477373  -412.349157115  -412.257827461  -412.257827461  -412.257827461
     0.000  -412.299875145  -412.186708049  -412.138877476  -412.138877476  -412.138877476
     0.000  -412.341367375  -412.295625443  -412.191090504  -412.191090504  -412.191090504
     0.000  -412.367596239  -412.341516847  -412.231818821  -412.231818821  -412.231818821
     0.000  -412.367035239  -412.306650381  -412.285749081  -412.285749081  -412.285749081
     0.000  -412.336565818  -412.202108254  -412.159177682  -412.159177682  -412.159177682
     0.000  -412.363409495  -412.347585043  -412.248819460  -412.248819460  -412.248819460
     0.000  -412.311431818  -412.285015838  -412.170499401  -412.170499401  -412.170499401
     0.000  -412.330083413  -412.259957004  -412.224395660  -412.224395660  -412.224395660
     0.000  -412.342338093  -412.310541780  -412.222035503  -412.222035503  -412.222035503
     0.000  -412.334496648  -412.310188818  -412.225275895  -412.225275895  -412.225275895
     0.000  -412.330765130  -412.312158442  -412.217106850  -412.217106850  -412.217106850
     0.000  -412.393590837  -412.286443911  -412.225218878  -412.225218878  -412.225218878
     0.000  -412.346152020  -412.241423808  -412.175491573  -412.175491573  -412.175491573
     0.000  -412.343481191  -412.252702731  -412.182958471  -412.182958471  -412.182958471
     0.000  -412.414849992  -412.338581920  -412.317735059  -412.317735059  -412.317735059
     0.000  -412.303003890  -412.204550403  -412.129455927  -412.129455927  -412.129455927
     0.000  -412.328595248  -412.236360273  -412.171708978  -412.171708978  -412.171708978
     0.000  -412.346145792  -412.254085198  -412.169772700  -412.169772700  -412.169772700
     0.000  -412.425452363  -412.348299004  -412.277005791  -412.277005791  -412.277005791
     0.000  -412.330414819  -412.260864867  -412.220723177  -412.220723177  -412.220723177
     0.000  -412.379317455  -412.300051725  -412.266119147  -412.266119147  -412.266119147
     0.000  -412.344630237  -412.205545417  -412.157787044  -412.157787044  -412.157787044
     0.000  -412.326635491  -412.237686374  -412.176043732  -412.176043732  -412.176043732
     0.000  -412.389288276  -412.338770596  -412.268972680  -412.268972680  -412.268972680
     0.000  -412.354813356  -412.318447895  -412.208396353  -412.208396353  -412.208396353
     0.000  -412.321624624  -412.299388241  -412.159702296  -412.159702296  -412.159702296
     0.000  -412.365312243  -412.306725222  -412.244035973  -412.244035973  -412.244035973
     0.000  -412.404252086  -412.356363903  -412.298274750  -412.298274750  -412.298274750
     0.000  -412.331097115  -412.270140665  -412.171630962  -412.171630962  -412.171630962
     0.000  -412.323466297  -412.221982252  -412.195764948  -412.195764948  -412.195764948
     0.000  -412.340755915  -412.298574216  -412.278500805  -412.278500805  -412.278500805
     0.000  -412.319189453  -412.294721359  -412.155040334  -412.155040334  -412.155040334
     0.000  -412.309273519  -412.239488444  -412.191070754  -412.191070754  -412.191070754
     0.000  -412.355357064  -412.201780183  -412.156692493  -412.156692493  -412.156692493
     0.000  -412.329675709  -412.292746469  -412.184894033  -412.184894033  -412.184894033
     0.000  -412.313526056  -412.211684626  -412.135908152  -412.135908152  -412.135908152
     0.000  -412.417064030  -412.344180725  -412.274077665  -412.274077665  -412.274077665
     0.000  -412.353228716  -412.316644897  -412.256163093  -412.256163093  -412.256163093
     0.000  -412.349426757  -412.343285829  -412.200490001  -412.200490001  -412.200490001
     0.000  -412.355666699  -412.297874253  -412.280363772  -412.280363772  -412.280363772
     0.000  -412.331824579  -412.303645161  -412.215685105  -412.215685105  -412.215685105
     0.000  -412.384288916  -412.346496903  -412.273286165  -412.273286165  -412.273286165
     0.000  -412.340036306  -412.307335837  -412.176159010  -412.176159010  -412.176159010
     0.000  -412.269439542  -412.161688740  -412.144986314  -412.144986314  -412.144986314
     0.000  -412.312884251  -412.208201236  -412.183629846  -412.183629846  -412.183629846
     0.000  -412.370034463  -412.311925972  -412.265953899  -412.265953899  -412.265953899
     0.000  -412.360945641  -412.270382409  -412.187856472  -412.187856472  -412.187856472
     0.000  -412.345970564  -412.325402089  -412.246259150  -412.246259150  -412.246259150
     0.000  -412.366387668  -412.340648198  -412.242230790  -412.242230790  -412.242230790
     0.000  -412.322811124  -412.249004889  -412.162317944  -412.162317944  -412.162317944
     0.000  -412.360846464  -412.323895989  -412.263333503  -412.263333503  -412.263333503
     0.000  -412.333267571  -412.214339940  -412.154975034  -412.154975034  -412.154975034
     0.000  -412.368284660  -412.315904659  -412.281031154  -412.281031154  -412.281031154
     0.000  -412.339639998  -412.319468013  -412.197565278  -412.197565278  -412.197565278
     0.000  -412.350292068  -412.320415358  -412.220823056  -412.220823056  -412.220823056
     0.000  -412.361982065  -412.325517024  -412.282306916  -412.282306916  -412.282306916
     0.000  -412.363253274  -412.331010631  -412.265074516  -412.265074516  -412.265074516
     0.000  -412.385175865  -412.325177901  -412.272151846  -412.272151846  -412.272151846
     0.000  -412.331013337  -412.235777121  -412.170408805  -412.170408805  -412.170408805
     0.000  -412.367091548  -412.317631647  -412.227300656  -412.227300656  -412.227300656
     0.000  -412.391540929  -412.351290617  -412.271702934  -412.271702934  -412.271702934
     0.000  -412.320752743  -412.290949992  -412.194902760  -412.194902760  -412.194902760
     0.000  -412.330641651  -412.255813165  -412.214450833  -412.214450833  -412.214450833
     0.000  -412.325041551  -412.254071749  -412.207579490  -412.207579490  -412.207579490
     0.000  -412.334401215  -412.195719938  -412.185565397  -412.185565397  -412.185565397
     0.000  -412.327707154  -412.283276133  -412.152312984  -412.152312984  -412.152312984
     0.000  -412.334319092  -412.309109184  -412.226131685  -412.226131685  -412.226131685
     0.000  -412.316045359  -412.307879806  -412.201667201  -412.201667201  -412.201667201
     0.000  -412.362157097  -412.218159939  -412.185213396  -412.185213396  -412.185213396
     0.000  -412.398959088  -412.328061763  -412.261023160  -412.261023160  -412.261023160
     0.000  -412.323052978  -412.237519287  -412.173328270  -412.173328270  -412.173328270
     0.000  -412.388689619  -412.326572162  -412.305498875  -412.305498875  -412.305498875
     0.000  -412.318033382  -412.244676156  -412.151600450  -412.151600450  -412.151600450
     0.000  -412.359092472  -412.314650747  -412.270490896  -412.270490896  -412.270490896
     0.000  -412.359636266  -412.333720123  -412.265023639  -412.265023639  -412.265023639
     0.000  -412.338369079  -412.216299416  -412.165693712  -412.165693712  -412.165693712
     0.000  -412.322442794  -412.239726511  -412.180911563  -412.180911563  -412.180911563
     0.000  -412.369313777  -412.334402418  -412.246457820  -412.246457820  -412.246457820
     0.000  -412.338043919  -412.317743033  -412.202241132  -412.202241132  -412.202241132
     0.000  -412.374384193  -412.312260950  -412.263547792  -412.263547792  -412.263547792
     0.000  -412.341334480  -412.269771759  -412.229361568  -412.229361568  -412.229361568
     0.000  -412.338765724  -412.293277780  -412.189090546  -412.189090546  -412.189090546
     0.000  -412.361988049  -412.336569316  -412.224395864  -412.224395864  -412.224395864
     0.000  -412.349259008  -412.293445330  -412.278998752  -412.278998752  -412.278998752
     0.000  -412.345412308  -412.311809684  -412.200222615  -412.200222615  -412.200222615
     0.000  -412.312583034  -412.221738475  -412.168928564  -412.168928564  -412.168928564
     0.000  -412.370552386  -412.318950697  -412.239322904  -412.239322904  -412.239322904
     0.000  -412.308751860  -412.203733577  -412.140828013  -412.140828013  -412.140828013
     0.000  -412.354679815  -412.196919353  -412.168380152  -412.168380152  -412.168380152
     0.000  -412.320897685  -412.201038277  -412.154864831  -412.154864831  -412.154864831
     0.000  -412.335202247  -412.298430699  -412.211845385  -412.211845385  -412.211845385
     0.000  -412.343519356  -412.312136251  -412.203039036  -412.203039036  -412.203039036
     0.000  -412.397637080  -412.344360403  -412.275132657  -412.275132657  -412.275132657
     0.000  -412.358630404  -412.204055764  -412.176832048  -412.176832048  -412.176832048
     0.000  -412.317541257  -412.190621290  -412.138820765  -412.138820765  -412.138820765
     0.000  -412.431878354  -412.359093587  -412.289052988  -412.289052988  -412.289052988
     0.000  -412.329956548  -412.199661434  -412.183377343  -412.183377343  -412.183377343
     0.000  -412.352764218  -412.246198547  -412.181753605  -412.181753605  -412.181753605
     0.000  -412.371557985  -412.311365955  -412.237936747  -412.237936747  -412.237936747
     0.000  -412.321667891  -412.274274020  -412.170754441  -412.170754441  -412.170754441
     0.000  -412.324050245  -412.308726415  -412.188689232  -412.188689232  -412.188689232
     0.000  -412.367018220  -412.323134572  -412.285634560  -412.285634560  -412.285634560
     0.000  -412.409174326  -412.354373972  -412.281876683  -412.281876683  -412.281876683
     0.000  -412.349129934  -412.302019912  -412.240586156  -412.240586156  -412.240586156
     0.000  -412.355441635  -412.316191695  -412.242962868  -412.242962868  -412.242962868
     0.000  -412.341103538  -412.319164222  -412.229011182  -412.229011182  -412.229011182
