     0.000  -412.450661221  -412.277674890  -412.216724914  -412.216724914  -412.168586614
     0.500  -412.471080804  -412.291460084  -412.236653835  -412.236653835  -412.167729256
     1.000  -412.485426585  -412.301274970  -412.250172262  -412.250172262  -412.167754956
     1.500  -412.490248362  -412.302635819  -412.254875866  -412.254875866  -412.167401882
     2.000  -412.488943744  -412.298969530  -412.254447461  -412.254447461  -412.167090325
     2.500  -412.485436087  -412.294236188  -412.252917224  -412.252917224  -412.166959638
     3.000  -412.481617198  -412.290294775  -412.252124693  -412.252124693  -412.167034518
     3.500  -412.476618448  -412.286208919  -412.251101688  -412.251101688  -412.167311163
     4.000  -412.467004187  -412.278456774  -412.246330015  -412.246330015  -412.167636393
     4.500  -412.449589963  -412.263736527  -412.234535732  -412.234535732  -412.167506357
     5.000  -412.428664001  -412.246192598  -412.219876258  -412.219876258  -412.166556763
     5.500  -412.418920755  -412.240377186  -412.216870091  -412.216870091  -412.165990440
     6.000  -412.428239635  -412.254057913  -412.233195240  -412.233195240  -412.166872244
     6.500  -412.444593306  -412.275124208  -412.256650462  -412.256650462  -412.167740804
     7.000  -412.454144530  -412.289659255  -412.273296358  -412.273296358  -412.167785027
     7.500  -412.454068320  -412.294738307  -412.280254486  -412.280254486  -412.167561567
     8.000  -412.446583283  -412.292451206  -412.279672377  -412.279672377  -412.167556537
     8.500  -412.431997941  -412.282939651  -412.271727206  -412.271727206  -412.167781460
     9.000  -412.408528723  -412.264188112  -412.254410176  -412.254410176  -412.167778430
     9.500  -412.378908401  -412.238597718  -412.230118320  -412.230118320  -412.166951548
    10.000  -412.357227446  -412.219858427  -412.212553806  -412.212553806  -412.165884572
    10.500  -412.358771487  -412.222964140  -412.216742090  -412.216742090  -412.166211755
    11.000  -412.379050705  -412.243436824  -412.238240088  -412.238240088  -412.167348858
    11.500  -412.400962260  -412.264443904  -412.260223482  -412.260223482  -412.167800183
    12.000  -412.415345603  -412.277140019  -412.273812710  -412.273812710  -412.167641473
    12.500  -412.422387823  -412.281943585  -412.279372755  -412.279372755  -412.167450152
    13.000  -412.424003418  -412.280904215  -412.278894850  -412.278894850  -412.167487489
    13.500  -412.419760690  -412.273647270  -412.271952578  -412.271952578  -412.167667092
    14.000  -412.408145821  -412.258628486  -412.257032408  -412.257032408  -412.167534053
    14.500  -412.392755032  -412.239335143  -412.237819984  -412.237819984  -412.166714259
    15.000  -412.385861220  -412.227981618  -412.226720614  -412.226720614  -412.166115854
    15.500  -412.395596030  -412.232939988  -412.231858555  -412.231858555  -412.166714137
    16.000  -412.414150065  -412.246824749  -412.245445825  -412.245445825  -412.167376518
    16.500  -412.430918153  -412.259185367  -412.257126245  -412.257126245  -412.167450834
    17.000  -412.443238888  -412.267738396  -412.264124181  -412.264124181  -412.167239000
    17.500  -412.452805070  -412.274331900  -412.268295969  -412.268295969  -412.167111347
    18.000  -412.460801395  -412.280256107  -412.271057712  -412.271057712  -412.167148690
    18.500  -412.466401762  -412.284764822  -412.271781813  -412.271781813  -412.167349423
    19.000  -412.466824340  -412.285082329  -412.267833801  -412.267833801  -412.167646340
    19.500  -412.458744934  -412.277773002  -412.255967690  -412.255967690  -412.167722938
    20.000  -412.443232122  -412.263627123  -412.237284730  -412.237284730  -412.167026827
    20.500  -412.432232700  -412.254350112  -412.223886755  -412.223886755  -412.165903067
    21.000  -412.441731065  -412.266467356  -412.231817721  -412.231817721  -412.166053854
    21.500  -412.470185612  -412.298438156  -412.259011013  -412.259011013  -412.167358201
    22.000  -412.499075144  -412.331268003  -412.286633272  -412.286633272  -412.168136708
    22.500  -412.514555887  -412.348400147  -412.301731205  -412.301731205  -412.168324750
    23.000  -412.512560508  -412.346296220  -412.300212165  -412.300212165  -412.168258280
    23.500  -412.494070729  -412.327929040  -412.282711056  -412.282711056  -412.167856860
    24.000  -412.466360410  -412.300689124  -412.256732485  -412.256732485  -412.166824105
    24.500  -412.445238279  -412.280253921  -412.238206805  -412.238206805  -412.166017840
    25.000  -412.441910627  -412.277729303  -412.238319203  -412.238319203  -412.166609029
    25.500  -412.448499972  -412.285241690  -412.249049950  -412.249049950  -412.167497989
    26.000  -412.451552624  -412.289388934  -412.256736766  -412.256736766  -412.167659950
    26.500  -412.446914852  -412.286024566  -412.257011873  -412.257011873  -412.167399103
    27.000  -412.437307743  -412.277821754  -412.252418591  -412.252418591  -412.167108680
    27.500  -412.426683737  -412.268670932  -412.246789307  -412.246789307  -412.166903475
    28.000  -412.418069745  -412.261566269  -412.243089597  -412.243089597  -412.166785807
    28.500  -412.413288718  -412.258357644  -412.243121558  -412.243121558  -412.166749728
    29.000  -412.412971862  -412.259774504  -412.247511213  -412.247511213  -412.166807268
    29.500  -412.416387307  -412.265260983  -412.255515848  -412.255515848  -412.166987315
    30.000  -412.421091211  -412.272610348  -412.264674116  -412.264674116  -412.167307243
    30.500  -412.422835452  -412.277773243  -412.270773477  -412.270773477  -412.167686617
    31.000  -412.417066532  -412.276180775  -412.269401662  -412.269401662  -412.167825364
    31.500  -412.403665572  -412.267478320  -412.260475788  -412.260475788  -412.167363210
    32.000  -412.391191383  -412.259954845  -412.252226798  -412.252226798  -412.166832862
    32.500  -412.388074707  -412.261835335  -412.252626765  -412.252626765  -412.167374070
    33.000  -412.388410262  -412.267082942  -412.255646994  -412.255646994  -412.168023718
    33.500  -412.384528922  -412.267973121  -412.253829972  -412.253829972  -412.167353572
    34.000  -412.384406639  -412.272447942  -412.255379662  -412.255379662  -412.166774277
    34.500  -412.394244661  -412.286671355  -412.266579552  -412.266579552  -412.167452786
    35.000  -412.403837256  -412.300404037  -412.277163337  -412.277163337  -412.168019124
    35.500  -412.403157254  -412.303553919  -412.276956846  -412.276956846  -412.167871617
    36.000  -412.392304251  -412.296118496  -412.265884510  -412.265884510  -412.167457064
    36.500  -412.376397903  -412.283101750  -412.248929477  -412.248929477  -412.167094379
    37.000  -412.360528436  -412.269490205  -412.231155715  -412.231155715  -412.166837784
    37.500  -412.348295584  -412.258746407  -412.216351953  -412.216351953  -412.166658382
    38.000  -412.341907754  -412.252925305  -412.207122542  -412.207122542  -412.166557175
    38.500  -412.342543017  -412.253260118  -412.204946394  -412.204946394  -412.166529363
    39.000  -412.350595196  -412.260416519  -412.210291613  -412.210291613  -412.166555328
    39.500  -412.365731611  -412.274370906  -412.222813689  -412.222813689  -412.166632307
    40.000  -412.386760194  -412.294181789  -412.241329323  -412.241329323  -412.166784872
    40.500  -412.411287585  -412.317654561  -412.263490765  -412.263490765  -412.167055382
    41.000  -412.435184516  -412.340813019  -412.285253871  -412.285253871  -412.167493956
    41.500  -412.452096810  -412.357405780  -412.300377719  -412.300377719  -412.168095206
    42.000  -412.454081931  -412.359520537  -412.301035498  -412.301035498  -412.168605770
    42.500  -412.436187925  -412.342130668  -412.282340240  -412.282340240  -412.168295740
    43.000  -412.406868456  -412.313497215  -412.252695745  -412.252695745  -412.166662161
    43.500  -412.391946235  -412.299198899  -412.237738632  -412.237738632  -412.165399532
    44.000  -412.409389188  -412.317079533  -412.255197692  -412.255197692  -412.166503870
    44.500  -412.443837354  -412.351896173  -412.289592970  -412.289592970  -412.168260979
    45.000  -412.468140661  -412.376762923  -412.313857972  -412.313857972  -412.168749934
    45.500  -412.471236383  -412.380839379  -412.317128444  -412.317128444  -412.168278812
    46.000  -412.457124147  -412.368213237  -412.303599611  -412.303599611  -412.167627522
    46.500  -412.434167902  -412.347217681  -412.281764288  -412.281764288  -412.167129147
    47.000  -412.409482233  -412.324869948  -412.258768009  -412.258768009  -412.166817392
    47.500  -412.387834967  -412.305815940  -412.239306040  -412.239306040  -412.166645857
    48.000  -412.372053836  -412.292760857  -412.226040745  -412.226040745  -412.166570885
    48.500  -412.363540518  -412.286996940  -412.220153044  -412.220153044  -412.166568125
    49.000  -412.362554094  -412.288697159  -412.221681495  -412.221681495  -412.166629817
    49.500  -412.368272084  -412.296978966  -412.229641665  -412.229641665  -412.166763048
    50.000  -412.378709393  -412.309827698  -412.241974796  -412.241974796  -412.166981368
    50.500  -412.390606697  -412.323969020  -412.255435707  -412.255435707  -412.167292812
    51.000  -412.399575604  -412.335000855  -412.265707109  -412.265707109  -412.167631071
    51.500  -412.401539131  -412.338801842  -412.268808303  -412.268808303  -412.167707915
    52.000  -412.397231283  -412.336012756  -412.265571654  -412.265571654  -412.167119015
    52.500  -412.396626455  -412.336467237  -412.266054375  -412.266054375  -412.166442736
    53.000  -412.409208123  -412.349512123  -412.279748666  -412.279748666  -412.167070905
    53.500  -412.426567247  -412.366648393  -412.298118093  -412.298118093  -412.168204174
    54.000  -412.432684055  -412.371782672  -412.304901055  -412.304901055  -412.168301485
    54.500  -412.424978078  -412.362206078  -412.297253077  -412.297253077  -412.167517264
    55.000  -412.413660210  -412.347955013  -412.285154919  -412.285154919  -412.166865494
    55.500  -412.407740946  -412.337916252  -412.277466269  -412.277466269  -412.166899530
    56.000  -412.407006679  -412.331900848  -412.273932668  -412.273932668  -412.167191185
    56.500  -412.407036234  -412.325661005  -412.270211424  -412.270211424  -412.167262816
    57.000  -412.405922245  -412.317540658  -412.264565442  -412.264565442  -412.167126845
    57.500  -412.404775031  -412.308905866  -412.258327949  -412.258327949  -412.166959997
    58.000  -412.405430550  -412.301813136  -412.253574695  -412.253574695  -412.166862022
    58.500  -412.408920081  -412.297470221  -412.251568152  -412.251568152  -412.166852588
    59.000  -412.415054213  -412.295822933  -412.252336221  -412.252336221  -412.166928083
    59.500  -412.422473493  -412.295629785  -412.254712393  -412.254712393  -412.167089539
    60.000  -412.428699195  -412.294523514  -412.256383239  -412.256383239  -412.167342109
    60.500  -412.430373021  -412.289279907  -412.254108528  -412.254108528  -412.167575168
    61.000  -412.425370131  -412.277915812  -412.245810761  -412.245810761  -412.167396877
    61.500  -412.418231153  -412.265089761  -412.236012711  -412.236012711  -412.166591188
    62.000  -412.421247902  -412.263181892  -412.236959787  -412.236959787  -412.166212870
    62.500  -412.439534940  -412.277427402  -412.253723720  -412.253723720  -412.167020987
    63.000  -412.461722422  -412.296609858  -412.274919649  -412.274919649  -412.167787094
    63.500  -412.475436991  -412.308448176  -412.288199482  -412.288199482  -412.167861078
    64.000  -412.477724099  -412.309967815  -412.290634200  -412.290634200  -412.167635074
    64.500  -412.471028280  -412.303532891  -412.284625655  -412.284625655  -412.167395177
    65.000  -412.458893301  -412.292608731  -412.273567342  -412.273567342  -412.167141626
    65.500  -412.445326637  -412.281139042  -412.261227215  -412.261227215  -412.166870199
    66.000  -412.434468801  -412.273201952  -412.251488212  -412.251488212  -412.166717230
    66.500  -412.428647417  -412.271056634  -412.246502152  -412.246502152  -412.166783511
    67.000  -412.427037342  -412.273826177  -412.245407967  -412.245407967  -412.166955803
    67.500  -412.427132948  -412.278989632  -412.245782572  -412.245782572  -412.167068092
    68.000  -412.427073393  -412.284666011  -412.245931735  -412.245931735  -412.167075576
    68.500  -412.426303810  -412.290004038  -412.245678912  -412.245678912  -412.167019627
    69.000  -412.424612650  -412.294170944  -412.245459389  -412.245459389  -412.167105748
    69.500  -412.420570574  -412.295803021  -412.244179354  -412.244179354  -412.167349716
    70.000  -412.411461152  -412.292515695  -412.239171347  -412.239171347  -412.167495201
    70.500  -412.396958274  -412.284112976  -412.230056336  -412.230056336  -412.167071360
    71.000  -412.384984101  -412.278488797  -412.224617565  -412.224617565  -412.166268442
    71.500  -412.387227095  -412.287242915  -412.234328266  -412.234328266  -412.166391396
    72.000  -412.402140908  -412.308764431  -412.257355398  -412.257355398  -412.167351626
    72.500  -412.416071896  -412.329368753  -412.279717565  -412.279717565  -412.167836661
    73.000  -412.420604874  -412.340596191  -412.292667416  -412.292667416  -412.167712443
    73.500  -412.416270218  -412.342873515  -412.296427543  -412.296427543  -412.167442694
    74.000  -412.406636635  -412.339613183  -412.294292892  -412.294292892  -412.167248026
    74.500  -412.394662707  -412.333587606  -412.289004731  -412.289004731  -412.167124310
    75.000  -412.382339429  -412.326608298  -412.282408703  -412.282408703  -412.167020736
    75.500  -412.371227053  -412.320093220  -412.276007886  -412.276007886  -412.166939320
    76.000  -412.362447220  -412.315080488  -412.270950670  -412.270950670  -412.166916093
    76.500  -412.356305877  -412.311854059  -412.267621550  -412.267621550  -412.166942688
    77.000  -412.352451586  -412.310083156  -412.265762519  -412.265762519  -412.166969904
    77.500  -412.350534767  -412.309458146  -412.265094166  -412.265094166  -412.166987983
    78.000  -412.350280288  -412.309743576  -412.265382778  -412.265382778  -412.167072410
    78.500  -412.350492432  -412.309774804  -412.265443061  -412.265443061  -412.167301819
    79.000  -412.348160114  -412.306557001  -412.262264358  -412.262264358  -412.167587377
    79.500  -412.340175664  -412.296972482  -412.252742433  -412.252742433  -412.167525480
    80.000  -412.329100400  -412.283530572  -412.239458232  -412.239458232  -412.166779646
    80.500  -412.326457735  -412.277670119  -412.233942929  -412.233942929  -412.166159723
    81.000  -412.340809668  -412.287901004  -412.244705770  -412.244705770  -412.166700731
    81.500  -412.364794248  -412.306928035  -412.264269710  -412.264269710  -412.167509035
    82.000  -412.386019794  -412.322563108  -412.280171402  -412.280171402  -412.167693033
    82.500  -412.399950153  -412.330553330  -412.287934940  -412.287934940  -412.167488220
    83.000  -412.408230111  -412.332831156  -412.289388561  -412.289388561  -412.167253157
    83.500  -412.413668455  -412.332444938  -412.287596082  -412.287596082  -412.167095970
    84.000  -412.418313966  -412.331615556  -412.284870996  -412.284870996  -412.166992476
    84.500  -412.423534508  -412.331820197  -412.282824111  -412.282824111  -412.166915655
    85.000  -412.430276955  -412.334073240  -412.282612444  -412.282612444  -412.166889633
    85.500  -412.438713311  -412.338608315  -412.284603810  -412.284603810  -412.166946706
    86.000  -412.447855721  -412.344517426  -412.288015666  -412.288015666  -412.167047116
    86.500  -412.456100030  -412.350300662  -412.291464179  -412.291464179  -412.167123717
    87.000  -412.462113001  -412.354733986  -412.293815887  -412.293815887  -412.167191311
    87.500  -412.464674893  -412.356683793  -412.293985594  -412.293985594  -412.167329759
    88.000  -412.461729522  -412.354131087  -412.289961386  -412.289961386  -412.167555694
    88.500  -412.450404166  -412.344168612  -412.278842398  -412.278842398  -412.167698734
    89.000  -412.429736266  -412.325713059  -412.259602552  -412.259602552  -412.167389455
    89.500  -412.405567789  -412.304413646  -412.238005682  -412.238005682  -412.166587808
    90.000  -412.389754626  -412.291915647  -412.225784939  -412.225784939  -412.166248663
    90.500  -412.387218935  -412.292986079  -412.227642178  -412.227642178  -412.166847574
    91.000  -412.390022050  -412.299602226  -412.235331509  -412.235331509  -412.167406351
    91.500  -412.389582691  -412.303113838  -412.239964548  -412.239964548  -412.167436523
    92.000  -412.384334853  -412.301855405  -412.239736344  -412.239736344  -412.167232951
    92.500  -412.376611850  -412.298034160  -412.236819697  -412.236819697  -412.167065572
    93.000  -412.368722323  -412.293828251  -412.233422656  -412.233422656  -412.167000719
    93.500  -412.361733545  -412.290184178  -412.230546459  -412.230546459  -412.167001170
    94.000  -412.355934809  -412.287283527  -412.228422681  -412.228422681  -412.166984015
    94.500  -412.352001868  -412.285701940  -412.227671278  -412.227671278  -412.166866594
    95.000  -412.352076806  -412.287497238  -412.230381208  -412.230381208  -412.166658736
    95.500  -412.359355846  -412.295814078  -412.239724829  -412.239724829  -412.166546301
    96.000  -412.375355328  -412.312179586  -412.257244604  -412.257244604  -412.166730248
    96.500  -412.397194192  -412.333794020  -412.280139196  -412.280139196  -412.167166098
    97.000  -412.418256591  -412.354171420  -412.301901419  -412.301901419  -412.167640875
    97.500  -412.431302734  -412.366206353  -412.315400185  -412.315400185  -412.167998533
    98.000  -412.431179663  -412.364848505  -412.315580069  -412.315580069  -412.168069045
    98.500  -412.417758702  -412.350019111  -412.302399265  -412.302399265  -412.167558978
    99.000  -412.399490474  -412.330167451  -412.284384285  -412.284384285  -412.166657702
    99.500  -412.389264615  -412.318166936  -412.274454461  -412.274454461  -412.166481569
   100.000  -412.389738393  -412.316695754  -412.275215566  -412.275215566  -412.167150231
   100.500  -412.391838601  -412.316749041  -412.277474335  -412.277474335  -412.167545830
   101.000  -412.389000497  -412.311842485  -412.274549345  -412.274549345  -412.167412986
   101.500  -412.381997876  -412.302819313  -412.267137155  -412.267137155  -412.167130514
   102.000  -412.374352548  -412.293259574  -412.258733392  -412.258733392  -412.166939047
   102.500  -412.368685581  -412.285840920  -412.251965125  -412.251965125  -412.166876346
   103.000  -412.365870130  -412.281492045  -412.247740313  -412.247740313  -412.166908229
   103.500  -412.365455699  -412.279812062  -412.245655871  -412.245655871  -412.166986935
   104.000  -412.366381350  -412.279774798  -412.244704129  -412.244704129  -412.167065235
   104.500  -412.367766371  -412.280512637  -412.244045253  -412.244045253  -412.167073780
   105.000  -412.369971475  -412.282371637  -412.244056286  -412.244056286  -412.166925359
   105.500  -412.375657802  -412.287973620  -412.247378997  -412.247378997  -412.166674800
   106.000  -412.388518698  -412.300968480  -412.257667797  -412.257667797  -412.166692435
   106.500  -412.408073932  -412.320862482  -412.274424961  -412.274424961  -412.167242589
   107.000  -412.426438833  -412.339796576  -412.289808321  -412.289808321  -412.167973930
   107.500  -412.433429120  -412.347615725  -412.293741299  -412.293741299  -412.168257019
   108.000  -412.425942787  -412.341199997  -412.283273069  -412.283273069  -412.167622421
   108.500  -412.414087116  -412.330580136  -412.268687566  -412.268687566  -412.166534738
   109.000  -412.412929011  -412.330741963  -412.265211195  -412.265211195  -412.166534103
   109.500  -412.422511630  -412.341698189  -412.272973212  -412.272973212  -412.167410425
   110.000  -412.430304415  -412.350931457  -412.279436748  -412.279436748  -412.167760665
   110.500  -412.429634938  -412.351762965  -412.277869704  -412.277869704  -412.167527702
   111.000  -412.422472091  -412.346102217  -412.270163653  -412.270163653  -412.167193976
   111.500  -412.413182393  -412.338212576  -412.260602228  -412.260602228  -412.166967437
   112.000  -412.405086254  -412.331290917  -412.252416072  -412.252416072  -412.166846763
   112.500  -412.400111084  -412.327129430  -412.247432417  -412.247432417  -412.166791183
   113.000  -412.399249452  -412.326589489  -412.246529472  -412.246529472  -412.166791900
   113.500  -412.402638128  -412.329678682  -412.249715091  -412.249715091  -412.166882965
   114.000  -412.409127048  -412.335126555  -412.255692121  -412.255692121  -412.167084508
   114.500  -412.416166566  -412.340267717  -412.261736121  -412.261736121  -412.167309012
   115.000  -412.421268798  -412.342500434  -412.265151218  -412.265151218  -412.167333492
   115.500  -412.425091141  -412.342369034  -412.266375057  -412.266375057  -412.167039037
   116.000  -412.432455279  -412.344625993  -412.270049986  -412.270049986  -412.166844033
   116.500  -412.446059528  -412.352025170  -412.278859021  -412.278859021  -412.167343413
   117.000  -412.459041211  -412.357957483  -412.286190636  -412.286190636  -412.168119211
   117.500  -412.461140541  -412.352580116  -412.282311750  -412.282311750  -412.168061415
   118.000  -412.453806825  -412.337806106  -412.269350745  -412.269350745  -412.166978656
   118.500  -412.451513444  -412.328539284  -412.262415498  -412.262415498  -412.166478966
   119.000  -412.460274351  -412.331194568  -412.267923617  -412.267923617  -412.167275212
   119.500  -412.468697997  -412.334741830  -412.274593973  -412.274593973  -412.167866352
   120.000  -412.466739090  -412.329387974  -412.272296110  -412.272296110  -412.167729338
   120.500  -412.454650578  -412.315474373  -412.261112755  -412.261112755  -412.167341443
   121.000  -412.437413301  -412.297920492  -412.245839444  -412.245839444  -412.167008984
   121.500  -412.419921348  -412.281462212  -412.231199433  -412.231199433  -412.166779974
   122.000  -412.405754256  -412.269489511  -412.220634238  -412.220634238  -412.166643430
   122.500  -412.397123120  -412.264038960  -412.216242654  -412.216242654  -412.166597478
   123.000  -412.394823389  -412.265775157  -412.218738272  -412.218738272  -412.166633437
   123.500  -412.398397975  -412.274156132  -412.227595611  -412.227595611  -412.166713941
   124.000  -412.406655351  -412.287945636  -412.241573780  -412.241573780  -412.166810390
   124.500  -412.418110628  -412.305638742  -412.259148132  -412.259148132  -412.166935095
   125.000  -412.430851849  -412.325306564  -412.278367030  -412.278367030  -412.167142901
   125.500  -412.441849379  -412.343882798  -412.296134541  -412.296134541  -412.167495536
   126.000  -412.446260891  -412.356429200  -412.307479187  -412.307479187  -412.167983569
   126.500  -412.438022026  -412.356680881  -412.306099872  -412.306099872  -412.168354992
   127.000  -412.414042489  -412.341188548  -412.288545574  -412.288545574  -412.168006503
   127.500  -412.382426706  -412.317552775  -412.262515876  -412.262515876  -412.166656879
   128.000  -412.363967534  -412.306065495  -412.248536415  -412.248536415  -412.165724608
   128.500  -412.371520264  -412.319315725  -412.259480041  -412.259480041  -412.166664420
   129.000  -412.391827959  -412.344103389  -412.282318621  -412.282318621  -412.168018483
   129.500  -412.403933744  -412.359703648  -412.296360244  -412.296360244  -412.168325938
   130.000  -412.400385313  -412.358882202  -412.294345509  -412.294345509  -412.167895111
   130.500  -412.385387253  -412.345962841  -412.280596269  -412.280596269  -412.167343842
   131.000  -412.366183977  -412.328224220  -412.262418390  -412.262418390  -412.166941562
   131.500  -412.348497886  -412.311375813  -412.245554844  -412.245554844  -412.166735560
   132.000  -412.335435139  -412.298493086  -412.233085152  -412.233085152  -412.166677799
   132.500  -412.328003528  -412.290549130  -412.225941736  -412.225941736  -412.166689049
   133.000  -412.326204167  -412.287514718  -412.224002565  -412.224002565  -412.166708678
   133.500  -412.329885889  -412.289220676  -412.226967113  -412.226967113  -412.166721228
   134.000  -412.338963024  -412.295585508  -412.234605795  -412.234605795  -412.166747182
   134.500  -412.353089558  -412.306301362  -412.246473573  -412.246473573  -412.166826849
   135.000  -412.371051577  -412.320234072  -412.261334496  -412.261334496  -412.167006097
   135.500  -412.390135358  -412.334789905  -412.276550336  -412.276550336  -412.167304502
   136.000  -412.406043885  -412.345813830  -412.287995456  -412.287995456  -412.167621458
   136.500  -412.414715341  -412.349377790  -412.291846346  -412.291846346  -412.167637147
   137.000  -412.416810907  -412.346232841  -412.289025338  -412.289025338  -412.167164130
   137.500  -412.419247629  -412.343338802  -412.286665170  -412.286665170  -412.166938574
   138.000  -412.425150520  -412.343847685  -412.288003226  -412.288003226  -412.167558645
   138.500  -412.427083019  -412.340365510  -412.285588974  -412.285588974  -412.167921990
   139.000  -412.420701298  -412.328595110  -412.274994988  -412.274994988  -412.167322300
   139.500  -412.413840654  -412.316429714  -412.264013406  -412.264013406  -412.166689932
   140.000  -412.414602879  -412.312086735  -412.260851180  -412.260851180  -412.166862606
   140.500  -412.420277996  -412.313038211  -412.263042784  -412.263042784  -412.167326200
   141.000  -412.423500644  -412.312102573  -412.263483247  -412.263483247  -412.167462993
   141.500  -412.421052853  -412.306187327  -412.259133689  -412.259133689  -412.167301778
   142.000  -412.414350838  -412.296762483  -412.251494385  -412.251494385  -412.167059511
   142.500  -412.406509167  -412.286935858  -412.243698043  -412.243698043  -412.166856972
   143.000  -412.400372935  -412.279500592  -412.238567483  -412.238567483  -412.166735070
   143.500  -412.397763925  -412.276219006  -412.237856576  -412.237856576  -412.166705963
   144.000  -412.399206732  -412.277584513  -412.241962626  -412.241962626  -412.166786828
   144.500  -412.403700977  -412.282626969  -412.249688574  -412.249688574  -412.166990956
   145.000  -412.408556217  -412.288693882  -412.258123120  -412.258123120  -412.167292086
   145.500  -412.409959650  -412.291960299  -412.263267260  -412.263267260  -412.167510830
   146.000  -412.405815726  -412.290229808  -412.262893651  -412.262893651  -412.167275910
   146.500  -412.400571969  -412.287762965  -412.261358266  -412.261358266  -412.166600471
   147.000  -412.403663837  -412.293757576  -412.268037214  -412.268037214  -412.166519299
   147.500  -412.415993062  -412.308912421  -412.283796019  -412.283796019  -412.167380103
   148.000  -412.425861536  -412.321405185  -412.296901481  -412.296901481  -412.168114475
   148.500  -412.422475039  -412.320350256  -412.296494586  -412.296494586  -412.168274375
   149.000  -412.403559890  -412.303320163  -412.280173444  -412.280173444  -412.167947958
   149.500  -412.375310131  -412.276245039  -412.253909197  -412.253909197  -412.167070289
   150.000  -412.351995310  -412.253069911  -412.231666705  -412.231666705  -412.166171389
   150.500  -412.346844982  -412.246811637  -412.226401377  -412.226401377  -412.166345443
   151.000  -412.357631817  -412.255305608  -412.235799824  -412.235799824  -412.167190986
   151.500  -412.371720598  -412.266221971  -412.247357907  -412.247357907  -412.167573234
   152.000  -412.381666416  -412.272479416  -412.253859495  -412.253859495  -412.167417410
   152.500  -412.387994388  -412.274898117  -412.256038469  -412.256038469  -412.167130194
   153.000  -412.394013744  -412.276998601  -412.257348090  -412.257348090  -412.166942831
   153.500  -412.402120568  -412.281321231  -412.260273848  -412.260273848  -412.166914957
   154.000  -412.412572770  -412.288220628  -412.265139174  -412.265139174  -412.167055781
   154.500  -412.423256238  -412.295642148  -412.269903545  -412.269903545  -412.167349569
   155.000  -412.430099764  -412.299532889  -412.270601659  -412.270601659  -412.167655619
   155.500  -412.429557878  -412.296319837  -412.263839637  -412.263839637  -412.167553987
   156.000  -412.424594855  -412.288918248  -412.252779082  -412.252779082  -412.166726025
   156.500  -412.427420995  -412.289511898  -412.249844435  -412.249844435  -412.166147317
   157.000  -412.445548685  -412.305650426  -412.262725104  -412.262725104  -412.166863607
   157.500  -412.469154190  -412.327599826  -412.281698796  -412.281698796  -412.167738348
   158.000  -412.484868350  -412.342028198  -412.293438608  -412.293438608  -412.167959107
   158.500  -412.487821918  -412.343944206  -412.293073446  -412.293073446  -412.167915664
   159.000  -412.478008989  -412.332981283  -412.280580292  -412.280580292  -412.167884232
   159.500  -412.456698729  -412.309917147  -412.257198599  -412.257198599  -412.167631906
   160.000  -412.429502165  -412.280193482  -412.228361494  -412.228361494  -412.166841805
   160.500  -412.409572464  -412.257264707  -412.206828862  -412.206828862  -412.166042871
   161.000  -412.408594159  -412.253011350  -412.204028603  -412.204028603  -412.166301533
   161.500  -412.422982574  -412.263896520  -412.216383070  -412.216383070  -412.167132311
   162.000  -412.440119381  -412.277351169  -412.231421250  -412.231421250  -412.167484897
   162.500  -412.452955168  -412.286432989  -412.242283369  -412.242283369  -412.167352256
   163.000  -412.461701118  -412.291522177  -412.249378217  -412.249378217  -412.167135610
   163.500  -412.468578955  -412.295054257  -412.255117462  -412.255117462  -412.167064989
   164.000  -412.474218659  -412.297880631  -412.260289712  -412.260289712  -412.167210016
   164.500  -412.476498205  -412.298072235  -412.262884582  -412.262884582  -412.167542473
   165.000  -412.471235130  -412.291581245  -412.258782899  -412.258782899  -412.167821798
   165.500  -412.456279399  -412.276311524  -412.245855888  -412.245855888  -412.167448750
   166.000  -412.439644908  -412.260253850  -412.232110018  -412.232110018  -412.166259291
   166.500  -412.438971918  -412.261006439  -412.235167097  -412.235167097  -412.165919835
   167.000  -412.458802080  -412.283131620  -412.259543318  -412.259543318  -412.167098588
   167.500  -412.482566238  -412.310136910  -412.288607097  -412.288607097  -412.167961570
   168.000  -412.495854861  -412.327650175  -412.307816145  -412.307816145  -412.168001251
   168.500  -412.495940673  -412.332875087  -412.314239097  -412.314239097  -412.167828476
   169.000  -412.484610305  -412.327413393  -412.309412963  -412.309412963  -412.167787585
   169.500  -412.462957321  -412.312069501  -412.294163551  -412.294163551  -412.167806795
   170.000  -412.432269451  -412.287747332  -412.269505204  -412.269505204  -412.167507429
   170.500  -412.399138766  -412.260585469  -412.241756382  -412.241756382  -412.166637215
   171.000  -412.377507739  -412.244084660  -412.224613988  -412.224613988  -412.165962949
   171.500  -412.377135636  -412.247721652  -412.227690074  -412.227690074  -412.166430544
   172.000  -412.391496470  -412.264942851  -412.244467907  -412.244467907  -412.167277860
   172.500  -412.407427912  -412.282737740  -412.261918164  -412.261918164  -412.167579386
   173.000  -412.418463646  -412.294825293  -412.273747118  -412.273747118  -412.167487110
   173.500  -412.424312201  -412.301050988  -412.279818667  -412.279818667  -412.167415594
   174.000  -412.425274595  -412.301792924  -412.280563116  -412.280563116  -412.167550201
   174.500  -412.419450123  -412.295177344  -412.274195287  -412.274195287  -412.167798726
   175.000  -412.404344021  -412.278688237  -412.258335163  -412.258335163  -412.167688144
   175.500  -412.383768721  -412.256079381  -412.236910677  -412.236910677  -412.166683294
   176.000  -412.373315869  -412.242890773  -412.225619188  -412.225619188  -412.165771822
   176.500  -412.385227214  -412.251416830  -412.236773648  -412.236773648  -412.166552931
   177.000  -412.408932565  -412.271323849  -412.259812084  -412.259812084  -412.167698004
   177.500  -412.427168455  -412.285771386  -412.277383833  -412.277383833  -412.167911947
   178.000  -412.434720583  -412.290133255  -412.284042417  -412.284042417  -412.167616819
   178.500  -412.434800850  -412.288108577  -412.282865928  -412.282865928  -412.167277548
   179.000  -412.431289178  -412.283209368  -412.278402935  -412.278402935  -412.167141122
   179.500  -412.425537017  -412.276090508  -412.272765996  -412.272765996  -412.167255793
   180.000  -412.416342474  -412.265701248  -412.264429577  -412.264429577  -412.167949471
   180.500  -412.402025216  -412.252597409  -412.248771572  -412.248771572  -412.167466765
   181.000  -412.385527110  -412.237603648  -412.230794402  -412.230794402  -412.166791673
   181.500  -412.377443368  -412.230836682  -412.221650143  -412.221650143  -412.166120921
   182.000  -412.387107058  -412.241587053  -412.230868166  -412.230868166  -412.166464831
   182.500  -412.409515719  -412.264985613  -412.253512486  -412.253512486  -412.167407825
   183.000  -412.430583429  -412.287210839  -412.275430538  -412.275430538  -412.167966324
   183.500  -412.440643074  -412.298857720  -412.286876855  -412.286876855  -412.168105265
   184.000  -412.436502306  -412.296874262  -412.284669457  -412.284669457  -412.168107344
   184.500  -412.418385713  -412.281482064  -412.269121035  -412.281482064  -412.167825769
   185.000  -412.391877691  -412.258867202  -412.244377035  -412.258867202  -412.167028226
   185.500  -412.371279791  -412.244433729  -412.224150452  -412.244433729  -412.166240314
   186.000  -412.368522283  -412.251016609  -412.223042988  -412.251016609  -412.168636609
   186.500  -412.377110285  -412.267876851  -412.232164930  -412.267876851  -412.169617595
   187.000  -412.382653148  -412.282690270  -412.237972427  -412.282690270  -412.169865219
   187.500  -412.379987836  -412.290012504  -412.235513229  -412.290012504  -412.169613140
   188.000  -412.371818036  -412.292273838  -412.227601211  -412.292273838  -412.169316795
   188.500  -412.362373618  -412.293440798  -412.218522787  -412.293440798  -412.169136145
   189.000  -412.354557054  -412.296183929  -412.211227502  -412.296183929  -412.169078043
   189.500  -412.349494255  -412.301463386  -412.206911809  -412.301463386  -412.169127491
   190.000  -412.346635495  -412.308662564  -412.205141851  -412.308662564  -412.169280525
   190.500  -412.343844623  -412.315696556  -412.203951407  -412.315696556  -412.169518597
   191.000  -412.337877337  -412.319471458  -412.200313570  -412.319471458  -412.169726580
   191.500  -412.326387199  -412.317796418  -412.192093110  -412.317796418  -412.169638449
   192.000  -412.313481316  -412.311492989  -412.181868068  -412.311492989  -412.171754402
   192.500  -412.314103979  -412.303578272  -412.178825919  -412.314103979  -412.171008040
   193.000  -412.324264028  -412.305094310  -412.188012781  -412.324264028  -412.171582375
   193.500  -412.337480489  -412.309060367  -412.201229456  -412.337480489  -412.172607603
   194.000  -412.340239277  -412.302400714  -412.205092993  -412.340239277  -412.172851890
   194.500  -412.330012237  -412.282610833  -412.196854086  -412.330012237  -412.171940491
   195.000  -412.319691324  -412.262663970  -412.189057922  -412.319691324  -412.171203964
   195.500  -412.319020675  -412.252522120  -412.191108237  -412.319020675  -412.171744466
   196.000  -412.320541410  -412.245030167  -412.195257365  -412.320541410  -412.172343200
   196.500  -412.314531061  -412.230794953  -412.191472000  -412.314531061  -412.172203918
   197.000  -412.301153420  -412.210351984  -412.179442316  -412.301153420  -412.171747044
   197.500  -412.286075045  -412.189868745  -412.164072985  -412.286075045  -412.171383361
   198.000  -412.274372728  -412.174888157  -412.149572700  -412.274372728  -412.171202151
   198.500  -412.268774118  -412.168084992  -412.137908447  -412.268774118  -412.171003275
   199.000  -412.270447778  -412.176062892  -412.133564926  -412.270447778  -412.172149794
   199.500  -412.276204802  -412.181866558  -412.140580847  -412.276204802  -412.172204822
   200.000  -412.287905010  -412.190771362  -412.148144306  -412.287905010  -412.173208955
   200.500  -412.302548617  -412.204107686  -412.163906375  -412.302548617  -412.173304578
   201.000  -412.318728475  -412.219796985  -412.179801127  -412.318728475  -412.172531203
   201.500  -412.337010412  -412.234081910  -412.197659088  -412.337010412  -412.173597160
   202.000  -412.351588935  -412.245670866  -412.210503281  -412.351588935  -412.173953370
   202.500  -412.358515376  -412.249232812  -412.214825714  -412.358515376  -412.174397421
   203.000  -412.352495361  -412.239519938  -412.205368349  -412.352495361  -412.174524564
   203.500  -412.333875699  -412.216879182  -412.182516008  -412.333875699  -412.173692656
   204.000  -412.316301532  -412.194948769  -412.159982129  -412.316301532  -412.172372722
   204.500  -412.318107567  -412.192116776  -412.156238234  -412.318107567  -412.172481542
   205.000  -412.337707460  -412.206934606  -412.169897531  -412.337707460  -412.173894987
   205.500  -412.355108283  -412.219587222  -412.181172424  -412.355108283  -412.174692261
   206.000  -412.356896360  -412.216823026  -412.176806438  -412.356896360  -412.174504211
   206.500  -412.343880324  -412.199576358  -412.157584580  -412.343880324  -412.174132062
   207.000  -412.318412977  -412.177528082  -412.149695808  -412.318412977  -412.169726149
   207.500  -412.295420074  -412.155088627  -412.123855049  -412.295420074  -412.169402004
   208.000  -412.276064614  -412.135999063  -412.101737996  -412.276064614  -412.169255779
   208.500  -412.262586883  -412.122345385  -412.085528572  -412.262586883  -412.169249371
   209.000  -412.255147864  -412.114206768  -412.075261087  -412.255147864  -412.169305960
   209.500  -412.252932926  -412.110755714  -412.070012954  -412.252932926  -412.169348403
   210.000  -412.255297683  -412.111404076  -412.069112797  -412.255297683  -412.169342347
   210.500  -412.262284435  -412.116306123  -412.072675228  -412.262284435  -412.169320848
   211.000  -412.274130917  -412.125841895  -412.081091299  -412.274130917  -412.169378495
   211.500  -412.289912259  -412.139226075  -412.093631463  -412.289912259  -412.169613082
   212.000  -412.306244758  -412.153180031  -412.107102398  -412.306244758  -412.170020581
   212.500  -412.317639898  -412.162262849  -412.116170600  -412.317639898  -412.170378967
   213.000  -412.320038599  -412.162399297  -412.116861527  -412.320038599  -412.170275333
   213.500  -412.316296893  -412.156379613  -412.112045732  -412.316296893  -412.169737606
   214.000  -412.314632997  -412.152346957  -412.109892687  -412.314632997  -412.169701430
   214.500  -412.316761816  -412.151996945  -412.111990588  -412.316761816  -412.170095818
   215.000  -412.318899504  -412.151682522  -412.114275038  -412.318899504  -412.169850338
   215.500  -412.323939818  -412.154721218  -412.119088573  -412.323939818  -412.169561406
   216.000  -412.334583893  -412.164546364  -412.128314980  -412.334583893  -412.169983478
   216.500  -412.344244671  -412.175264994  -412.134604632  -412.344244671  -412.170398442
   217.000  -412.344451303  -412.188662018  -412.134138047  -412.344451303  -412.169747908
   217.500  -412.336249189  -412.185832021  -412.130272124  -412.336249189  -412.170011992
   218.000  -412.322004475  -412.177396469  -412.121021841  -412.322004475  -412.169715814
   218.500  -412.306199534  -412.167226067  -412.109915720  -412.306199534  -412.169519131
   219.000  -412.291645262  -412.157947312  -412.099557426  -412.291645262  -412.169402468
   219.500  -412.280061414  -412.151106892  -412.091517802  -412.280061414  -412.169333564
   220.000  -412.272445993  -412.147535991  -412.086701872  -412.272445993  -412.169316052
   220.500  -412.269012577  -412.147288805  -412.085275414  -412.269012577  -412.169388848
   221.000  -412.268689169  -412.149154810  -412.086142852  -412.268689169  -412.169585936
   221.500  -412.268767595  -412.150332666  -412.086573313  -412.268767595  -412.169872743
   222.000  -412.265708939  -412.147243081  -412.082986035  -412.265708939  -412.170039159
   222.500  -412.258541357  -412.138911142  -412.074336995  -412.258541357  -412.169684071
   223.000  -412.254054482  -412.132170760  -412.067331447  -412.254054482  -412.168877524
   223.500  -412.264072628  -412.138983101  -412.073767705  -412.264072628  -412.168811857
   224.000  -412.289358518  -412.160388125  -412.094532862  -412.289358518  -412.169809477
   224.500  -412.315670647  -412.182554177  -412.115709313  -412.315670647  -412.170654277
   225.000  -412.329571319  -412.192376150  -412.124864754  -412.329571319  -412.171393188
   225.500  -412.324902989  -412.186186946  -412.121503759  -412.324902989  -412.170614371
   226.000  -412.307339074  -412.169432721  -412.102443531  -412.307339074  -412.169914199
   226.500  -412.287792643  -412.152196072  -412.081143083  -412.287792643  -412.168955817
   227.000  -412.280317889  -412.148238033  -412.072190494  -412.280317889  -412.168772467
   227.500  -412.287621840  -412.159925558  -412.078640258  -412.287621840  -412.169477570
   228.000  -412.299636242  -412.176801678  -412.090594899  -412.299636242  -412.169998825
   228.500  -412.307656168  -412.189868387  -412.099372794  -412.307656168  -412.169933467
   229.000  -412.311013287  -412.198383538  -412.103906721  -412.311013287  -412.169901710
   229.500  -412.312188564  -412.204678600  -412.108539971  -412.312188564  -412.169683487
   230.000  -412.314062906  -412.211413403  -412.114791691  -412.314062906  -412.169690180
   230.500  -412.316419187  -412.218288413  -412.122051155  -412.316419187  -412.169879418
   231.000  -412.316533319  -412.222536852  -412.127294925  -412.316533319  -412.170146472
   231.500  -412.310915703  -412.220656750  -412.126769944  -412.310915703  -412.170280644
   232.000  -412.298725020  -412.211809964  -412.119406198  -412.298725020  -412.169919721
   232.500  -412.286563248  -412.202590920  -412.111618974  -412.286563248  -412.169064689
   233.000  -412.286889032  -412.205414324  -412.115741539  -412.286889032  -412.168771822
   233.500  -412.303652127  -412.224142204  -412.135676787  -412.303652127  -412.169513316
   234.000  -412.326571037  -412.248373052  -412.161163304  -412.326571037  -412.170180262
   234.500  -412.345141989  -412.267460976  -412.181744095  -412.345141989  -412.170270480
   235.000  -412.356630278  -412.278517121  -412.194713812  -412.356630278  -412.170134012
   235.500  -412.362221901  -412.282589640  -412.201243431  -412.362221901  -412.170063634
   236.000  -412.362758341  -412.280445339  -412.202119576  -412.362758341  -412.170100120
   236.500  -412.357901795  -412.271788366  -412.196952790  -412.357901795  -412.170128290
   237.000  -412.347689640  -412.256867334  -412.185814474  -412.347689640  -412.169974469
   237.500  -412.334838029  -412.238853314  -412.171689964  -412.334838029  -412.169601569
   238.000  -412.323726137  -412.224094037  -412.162698251  -412.323726137  -412.167681485
   238.500  -412.322634471  -412.218162373  -412.160725485  -412.322634471  -412.167712193
   239.000  -412.329584337  -412.220637672  -412.167931323  -412.329584337  -412.168014580
   239.500  -412.340209875  -412.226788280  -412.180097396  -412.340209875  -412.168264154
   240.000  -412.350021272  -412.232169475  -412.191172840  -412.350021272  -412.168490424
   240.500  -412.355315159  -412.233483981  -412.196422137  -412.355315159  -412.168647294
   241.000  -412.355933532  -412.226128040  -412.199971357  -412.355933532  -412.172703066
   241.500  -412.341588560  -412.210587952  -412.194201111  -412.341588560  -412.172677895
   242.000  -412.318543707  -412.186804681  -412.178555619  -412.318543707  -412.172071775
   242.500  -412.296608742  -412.164835351  -412.161958585  -412.296608742  -412.171186313
   243.000  -412.288223224  -412.158656838  -412.154907488  -412.288223224  -412.171212021
   243.500  -412.293169097  -412.165308652  -412.159811121  -412.293169097  -412.171996928
   244.000  -412.300266651  -412.172329816  -412.166923126  -412.300266651  -412.172404718
   244.500  -412.302290880  -412.172740666  -412.169131033  -412.302290880  -412.172316518
   245.000  -412.299210828  -412.168211344  -412.165232581  -412.299210828  -412.172111692
   245.500  -412.293441842  -412.163407353  -412.156166009  -412.293441842  -412.171979509
   246.000  -412.286855660  -412.158786185  -412.146356515  -412.286855660  -412.171903971
   246.500  -412.280705685  -412.155244636  -412.138236160  -412.280705685  -412.171792434
   247.000  -412.276502007  -412.154181364  -412.132650079  -412.276502007  -412.171700597
   247.500  -412.275639764  -412.156939419  -412.130221852  -412.275639764  -412.171660981
   248.000  -412.279430015  -412.165041814  -412.130682666  -412.279430015  -412.171316968
   248.500  -412.287875773  -412.177415697  -412.138203151  -412.287875773  -412.171470662
   249.000  -412.296703295  -412.200800312  -412.169373270  -412.296703295  -412.168982933
   249.500  -412.310797976  -412.219551653  -412.179773546  -412.310797976  -412.169397306
   250.000  -412.322286915  -412.236163357  -412.191412840  -412.322286915  -412.169637320
   250.500  -412.326708695  -412.245436521  -412.199543509  -412.326708695  -412.169839284
   251.000  -412.319424294  -412.243344881  -412.204719634  -412.319424294  -412.167440718
   251.500  -412.307606753  -412.235868394  -412.198959987  -412.307606753  -412.166895195
   252.000  -412.297395508  -412.228177991  -412.192682329  -412.297395508  -412.166389650
   252.500  -412.295888581  -412.226907811  -412.192932396  -412.295888581  -412.166544296
   253.000  -412.301230714  -412.230034469  -412.197899922  -412.301230714  -412.167002332
   253.500  -412.306902472  -412.231227917  -412.201188250  -412.306902472  -412.167184839
   254.000  -412.309624335  -412.227728340  -412.199600407  -412.309624335  -412.167099785
   254.500  -412.310095930  -412.221131340  -412.193620025  -412.310095930  -412.166889799
   255.000  -412.310502667  -412.216358655  -412.183958166  -412.310502667  -412.167187405
   255.500  -412.311701156  -412.211994418  -412.177194240  -412.311701156  -412.167057622
   256.000  -412.316200266  -412.210372783  -412.173475624  -412.316200266  -412.166970737
   256.500  -412.325392238  -412.213106699  -412.173934589  -412.325392238  -412.166932782
   257.000  -412.339872939  -412.220942955  -412.179162112  -412.339872939  -412.166969656
   257.500  -412.359077441  -412.233442394  -412.188675061  -412.359077441  -412.167079544
   258.000  -412.381305748  -412.249030863  -412.200909324  -412.381305748  -412.167241633
   258.500  -412.404046147  -412.265322706  -412.213521324  -412.404046147  -412.167439099
   259.000  -412.424291672  -412.279420387  -412.223670589  -412.424291672  -412.167648796
   259.500  -412.439035421  -412.288167347  -412.228602534  -412.439035421  -412.168109031
   260.000  -412.445898232  -412.289578751  -412.228176684  -412.445898232  -412.168136592
   260.500  -412.446488781  -412.285058457  -412.221793106  -412.446488781  -412.167793520
   261.000  -412.445618327  -412.279293766  -412.214593731  -412.445618327  -412.167509382
   261.500  -412.447032655  -412.276025150  -412.210502500  -412.447032655  -412.167681971
   262.000  -412.448508684  -412.273116568  -412.207450722  -412.448508684  -412.168030735
   262.500  -412.445258782  -412.265954281  -412.200748054  -412.445258782  -412.168133345
   263.000  -412.435513035  -412.252980827  -412.188638341  -412.435513035  -412.168000286
   263.500  -412.420867582  -412.236008592  -412.172675364  -412.420867582  -412.167804942
   264.000  -412.404078112  -412.218050860  -412.155607508  -412.404078112  -412.167630376
   264.500  -412.387768484  -412.201985272  -412.140200696  -412.387768484  -412.167491443
   265.000  -412.374082031  -412.190118943  -412.129037089  -412.374082031  -412.167402495
   265.500  -412.364414548  -412.183834371  -412.124080782  -412.364414548  -412.167377986
   266.000  -412.359114391  -412.183292145  -412.125627626  -412.359114391  -412.167426849
   266.500  -412.357430106  -412.187492657  -412.132403754  -412.357430106  -412.167508768
   267.000  -412.358106147  -412.194953329  -412.142693991  -412.358106147  -412.167573760
   267.500  -412.360092436  -412.204445806  -412.155063020  -412.360092436  -412.167628354
   268.000  -412.362494570  -412.214932484  -412.168210390  -412.362494570  -412.167732957
   268.500  -412.363812399  -412.224774721  -412.180183801  -412.363812399  -412.167921958
   269.000  -412.361671918  -412.231430085  -412.188151019  -412.361671918  -412.168061683
   269.500  -412.354959011  -412.233556194  -412.190604079  -412.354959011  -412.167822958
   270.000  -412.348007223  -412.235196295  -412.191604927  -412.348007223  -412.167218774
   270.500  -412.349207692  -412.244436038  -412.199417889  -412.349207692  -412.167129193
   271.000  -412.359490267  -412.261961714  -412.214978212  -412.359490267  -412.167834607
   271.500  -412.369143756  -412.277926405  -412.228670503  -412.369143756  -412.168373104
   272.000  -412.369899602  -412.284012431  -412.232353355  -412.369899602  -412.168353184
   272.500  -412.361088336  -412.279538822  -412.225467722  -412.361088336  -412.168076515
   273.000  -412.346242505  -412.268034664  -412.211622525  -412.346242505  -412.167790008
   273.500  -412.329477921  -412.253611717  -412.194978809  -412.329477921  -412.167558983
   274.000  -412.314262830  -412.239732211  -412.179027604  -412.314262830  -412.167390638
   274.500  -412.303157514  -412.228948874  -412.166337975  -412.303157514  -412.167297489
   275.000  -412.297593287  -412.222687310  -412.158343448  -412.297593287  -412.167286188
   275.500  -412.297780428  -412.221163935  -412.155261156  -412.297780428  -412.167334521
   276.000  -412.303021240  -412.223712483  -412.156417228  -412.303021240  -412.167405382
   276.500  -412.312241072  -412.229330706  -412.160791282  -412.312241072  -412.167479830
   277.000  -412.324272143  -412.236970973  -412.167303095  -412.324272143  -412.167577331
   277.500  -412.337595990  -412.245274893  -412.174546098  -412.337595990  -412.167755135
   278.000  -412.349588725  -412.251798858  -412.180017509  -412.349588725  -412.168071131
   278.500  -412.355956447  -412.252431881  -412.179546753  -412.355956447  -412.168440834
   279.000  -412.352547416  -412.243198962  -412.169113001  -412.352547416  -412.168399364
   279.500  -412.342163404  -412.227060027  -412.151670004  -412.342163404  -412.167449540
   280.000  -412.339360543  -412.218683732  -412.141944284  -412.339360543  -412.166685596
   280.500  -412.354220299  -412.228212271  -412.150162192  -412.354220299  -412.167559703
   281.000  -412.374901643  -412.243860666  -412.164570276  -412.374901643  -412.168606804
   281.500  -412.385455535  -412.249764936  -412.169280987  -412.385455535  -412.168680445
   282.000  -412.383542651  -412.242752333  -412.162384625  -412.383542651  -412.169382016
   282.500  -412.371780215  -412.227793519  -412.149378414  -412.371780215  -412.168940643
   283.000  -412.357614551  -412.210930252  -412.135111105  -412.357614551  -412.168630039
   283.500  -412.345671382  -412.196734266  -412.123724128  -412.345671382  -412.168469288
   284.000  -412.338411618  -412.187644925  -412.117107698  -412.338411618  -412.168439446
   284.500  -412.336331723  -412.184149420  -412.115225664  -412.336331723  -412.168484283
   285.000  -412.338755597  -412.185570918  -412.117068753  -412.338755597  -412.168543748
   285.500  -412.344719817  -412.190966019  -412.121643297  -412.344719817  -412.168592312
   286.000  -412.353396418  -412.199555911  -412.128436566  -412.353396418  -412.168637433
   286.500  -412.364033264  -412.210661969  -412.137303647  -412.364033264  -412.168696570
   287.000  -412.374718860  -412.223935708  -412.158240002  -412.374718860  -412.167983242
   287.500  -412.385681001  -412.237393964  -412.174034117  -412.385681001  -412.168157804
   288.000  -412.393287234  -412.237602813  -412.203823462  -412.393287234  -412.167320945
   288.500  -412.395763063  -412.253596734  -412.196705627  -412.395763063  -412.168116665
   289.000  -412.386932967  -412.250330205  -412.191146915  -412.386932967  -412.168046604
   289.500  -412.370476404  -412.239590608  -412.177195833  -412.370476404  -412.167218331
   290.000  -412.358436667  -412.233245723  -412.166854837  -412.358436667  -412.166540982
   290.500  -412.359743726  -412.240063835  -412.169159316  -412.359743726  -412.167116448
   291.000  -412.367057706  -412.252681159  -412.176966775  -412.367057706  -412.167866846
   291.500  -412.369496848  -412.260255193  -412.179595380  -412.369496848  -412.167898048
   292.000  -412.365263446  -412.260980020  -412.175375955  -412.365263446  -412.167579772
   292.500  -412.358114490  -412.258529587  -412.168106956  -412.358114490  -412.167326807
   293.000  -412.351507434  -412.256233255  -412.161234136  -412.351507434  -412.167224803
   293.500  -412.346949941  -412.255467800  -412.156245329  -412.346949941  -412.167207951
   294.000  -412.344729009  -412.256400096  -412.153452634  -412.344729009  -412.167210002
   294.500  -412.344828981  -412.258902550  -412.152932476  -412.344828981  -412.167206376
   295.000  -412.347305304  -412.262941320  -412.154851953  -412.347305304  -412.167201052
   295.500  -412.352237281  -412.268572771  -412.159339424  -412.352237281  -412.167207222
   296.000  -412.359531785  -412.275752269  -412.166282356  -412.359531785  -412.167239108
   296.500  -412.368703671  -412.284081948  -412.175153957  -412.368703671  -412.167315690
   297.000  -412.378595953  -412.292511517  -412.184753186  -412.378595953  -412.167468677
   297.500  -412.386956511  -412.298898968  -412.192789156  -412.386956511  -412.167736650
   298.000  -412.390059578  -412.299624239  -412.195524314  -412.390059578  -412.168087420
   298.500  -412.383632126  -412.290500153  -412.188730361  -412.383632126  -412.168221172
   299.000  -412.367557574  -412.271462044  -412.172372372  -412.367557574  -412.167616576
   299.500  -412.352115638  -412.252888390  -412.156529961  -412.352115638  -412.166718127
   300.000  -412.350183896  -412.247369803  -412.154786154  -412.350183896  -412.166956311
   300.500  -412.358481261  -412.251770985  -412.163531393  -412.358481261  -412.167910640
   301.000  -412.363047554  -412.252194655  -412.168761585  -412.363047554  -412.168212074
   301.500  -412.357478069  -412.242343440  -412.164034114  -412.357478069  -412.167965453
   302.000  -412.343728695  -412.224319345  -412.151224610  -412.343728695  -412.167646356
   302.500  -412.325803560  -412.202302705  -412.134224656  -412.325803560  -412.167409865
   303.000  -412.307002372  -412.179785237  -412.116212857  -412.307002372  -412.167243478
   303.500  -412.289764595  -412.159391257  -412.099526486  -412.289764595  -412.167121067
   304.000  -412.275933574  -412.143117239  -412.085952063  -412.275933574  -412.167033834
   304.500  -412.266842578  -412.132400690  -412.076828332  -412.266842578  -412.166982473
   305.000  -412.263280845  -412.128085240  -412.073010863  -412.263280845  -412.166969902
   305.500  -412.265436258  -412.130375153  -412.074793944  -412.265436258  -412.166999630
   306.000  -412.272841761  -412.138795705  -412.081826943  -412.272841761  -412.167076876
   306.500  -412.284309738  -412.152130908  -412.093022507  -412.284309738  -412.167211688
   307.000  -412.297816172  -412.168297332  -412.106426081  -412.297816172  -412.167420990
   307.500  -412.310338517  -412.184164713  -412.119050329  -412.310338517  -412.167710744
   308.000  -412.317991805  -412.195678641  -412.127010618  -412.317991805  -412.167988024
   308.500  -412.317781646  -412.199615411  -412.127269972  -412.199615411  -412.167911080
   309.000  -412.318564119  -412.203073997  -412.128985327  -412.203073997  -412.167702452
   309.500  -412.326292513  -412.214948260  -412.138937312  -412.214948260  -412.167773983
   310.000  -412.339881551  -412.234107559  -412.155848734  -412.234107559  -412.168115846
   310.500  -412.354324061  -412.255445545  -412.174454939  -412.255445545  -412.168430120
   311.000  -412.364854269  -412.273990843  -412.189653031  -412.273990843  -412.168547806
   311.500  -412.371228625  -412.286476125  -412.204948096  -412.286476125  -412.167192728
   312.000  -412.370948126  -412.295709128  -412.213692879  -412.295709128  -412.167112557
   312.500  -412.366943812  -412.301217421  -412.217845089  -412.301217421  -412.167032205
   313.000  -412.360923502  -412.304259293  -412.218614905  -412.304259293  -412.166968844
   313.500  -412.354345795  -412.305905088  -412.217124365  -412.305905088  -412.166921040
   314.000  -412.348348313  -412.307001369  -412.214400336  -412.307001369  -412.166884604
   314.500  -412.343752929  -412.308199154  -412.211408692  -412.308199154  -412.166860203
   315.000  -412.341039835  -412.309925513  -412.208994259  -412.309925513  -412.166856195
   315.500  -412.340249293  -412.312257810  -412.207686373  -412.312257810  -412.166885805
   316.000  -412.340846872  -412.314751871  -412.207437831  -412.314751871  -412.166952256
   316.500  -412.341760008  -412.316403372  -412.207618368  -412.316403372  -412.167026243
   317.000  -412.341731891  -412.316109802  -412.207111304  -412.316109802  -412.167048335
   317.500  -412.340688097  -412.313723081  -412.206111215  -412.313723081  -412.166771671
   318.000  -412.340928953  -412.311950473  -412.206326646  -412.311950473  -412.166474817
   318.500  -412.346731544  -412.314984338  -412.212035614  -412.314984338  -412.166293747
   319.000  -412.360477767  -412.325296388  -412.225337287  -412.325296388  -412.166464785
   319.500  -412.379547280  -412.340365523  -412.243343185  -412.340365523  -412.166833466
   320.000  -412.398356971  -412.354717406  -412.260269911  -412.354717406  -412.167090986
   320.500  -412.412665065  -412.364226409  -412.271772552  -412.364226409  -412.167137346
   321.000  -412.421285297  -412.367819387  -412.276664084  -412.367819387  -412.167047798
   321.500  -412.425201047  -412.366583955  -412.276010626  -412.366583955  -412.166921197
   322.000  -412.426152135  -412.362344261  -412.271694240  -412.362344261  -412.166813485
   322.500  -412.425728191  -412.356757781  -412.265481505  -412.356757781  -412.166743246
   323.000  -412.425020318  -412.350973710  -412.258663886  -412.350973710  -412.166706789
   323.500  -412.424576729  -412.345627832  -412.252021155  -412.345627832  -412.166691016
   324.000  -412.424103886  -412.341332617  -412.245881779  -412.341332617  -412.164713717
   324.500  -412.423588527  -412.337215821  -412.240766776  -412.337215821  -412.162877355
   325.000  -412.422799166  -412.331578376  -412.235469543  -412.331578376  -412.162954485
   325.500  -412.419725759  -412.323947249  -412.228487622  -412.323947249  -412.163056671
   326.000  -412.412944549  -412.312958179  -412.218518185  -412.312958179  -412.163106221
   326.500  -412.402067036  -412.298233831  -412.205249917  -412.298233831  -412.162989988
   327.000  -412.389246181  -412.281929964  -412.190868019  -412.281929964  -412.162693839
   327.500  -412.379015526  -412.268598887  -412.179913396  -412.268598887  -412.162468269
   328.000  -412.374399074  -412.261555448  -412.175913008  -412.261555448  -412.162528855
   328.500  -412.374542708  -412.259626768  -412.177160153  -412.259626768  -412.162776584
   329.000  -412.375746954  -412.259094528  -412.179810172  -412.259094528  -412.162896076
   329.500  -412.375737382  -412.257780411  -412.181606630  -412.257780411  -412.162880343
   330.000  -412.374310558  -412.255535339  -412.182306860  -412.255535339  -412.162821024
   330.500  -412.372142450  -412.253081951  -412.182573720  -412.253081951  -412.162751545
   331.000  -412.370191401  -412.251422375  -412.183387681  -412.251422375  -412.162674750
   331.500  -412.369540296  -412.251679137  -412.185880850  -412.251679137  -412.162613021
   332.000  -412.371033530  -412.254726509  -412.190956991  -412.254726509  -412.162600757
   332.500  -412.374778375  -412.260688376  -412.198780641  -412.260688376  -412.162652052
   333.000  -412.379927059  -412.268733726  -412.208574178  -412.268733726  -412.162749626
   333.500  -412.384777340  -412.277287225  -412.219071167  -412.277287225  -412.162853845
   334.000  -412.387941895  -412.284490417  -412.227747842  -412.284490417  -412.162977094
   334.500  -412.387426115  -412.288505229  -412.233103921  -412.288505229  -412.163068934
   335.000  -412.382813100  -412.287971431  -412.233694186  -412.287971431  -412.162787511
   335.500  -412.373596979  -412.284106526  -412.230818606  -412.284106526  -412.162584826
   336.000  -412.363984668  -412.280037929  -412.227440711  -412.280037929  -412.162286680
   336.500  -412.358611448  -412.280261175  -412.228033338  -412.280261175  -412.162218110
   337.000  -412.358624559  -412.285766835  -412.233626242  -412.285766835  -412.162496358
   337.500  -412.360277256  -412.292524511  -412.240486188  -412.292524511  -412.162810903
   338.000  -412.359110522  -412.296256362  -412.244511958  -412.296256362  -412.162808293
   338.500  -412.353773546  -412.296169411  -412.244012123  -412.296169411  -412.162694770
   339.000  -412.346064585  -412.293616212  -412.240385618  -412.293616212  -412.162539358
   339.500  -412.338270409  -412.290762886  -412.235745829  -412.290762886  -412.162463051
   340.000  -412.331610624  -412.288754466  -412.231210270  -412.288754466  -412.162473587
   340.500  -412.326062647  -412.287493770  -412.226702233  -412.287493770  -412.162514060
   341.000  -412.321134874  -412.286412411  -412.221733939  -412.286412411  -412.162527814
   341.500  -412.316679012  -412.285290698  -412.216237269  -412.285290698  -412.162500959
   342.000  -412.313100537  -412.284476954  -412.210785777  -412.284476954  -412.162467683
   342.500  -412.310880738  -412.284413987  -412.206109821  -412.284413987  -412.162481414
   343.000  -412.309848566  -412.284909657  -412.202340662  -412.284909657  -412.162561148
   343.500  -412.308981798  -412.284930299  -412.198766647  -412.284930299  -412.162648791
   344.000  -412.307308077  -412.283493698  -412.194682389  -412.283493698  -412.162625931
   344.500  -412.305576057  -412.281331118  -412.191005782  -412.281331118  -412.162426632
   345.000  -412.306953767  -412.281582473  -412.190927441  -412.281582473  -412.162210241
   345.500  -412.314567459  -412.287337568  -412.197416192  -412.287337568  -412.162269070
   346.000  -412.327547341  -412.297695579  -412.209272880  -412.297695579  -412.162591542
   346.500  -412.341203445  -412.307956338  -412.221374469  -412.307956338  -412.162865323
   347.000  -412.351274199  -412.313883257  -412.229035633  -412.313883257  -412.162918620
   347.500  -412.356589755  -412.314374182  -412.230781576  -412.314374182  -412.162802874
   348.000  -412.358589826  -412.310973088  -412.227931698  -412.310973088  -412.162624803
   348.500  -412.359779943  -412.306309942  -412.223068728  -412.306309942  -412.162469225
   349.000  -412.362408138  -412.302752228  -412.218686712  -412.302752228  -412.162390380
   349.500  -412.367619705  -412.301538691  -412.216290671  -412.301538691  -412.162399488
   350.000  -412.375267045  -412.302586667  -412.216119381  -412.302586667  -412.162461732
   350.500  -412.384347014  -412.304981072  -412.217499353  -412.304981072  -412.162529266
   351.000  -412.393692314  -412.307695615  -412.219517410  -412.307695615  -412.162573059
   351.500  -412.402514748  -412.310080935  -412.221569587  -412.310080935  -412.162588003
   352.000  -412.410502214  -412.311952745  -412.223475864  -412.311952745  -412.162597876
   352.500  -412.417505647  -412.313288624  -412.225205137  -412.313288624  -412.162618721
   353.000  -412.423388560  -412.314072827  -412.226750569  -412.314072827  -412.162597018
   353.500  -412.428782961  -412.315043442  -412.228885094  -412.315043442  -412.162456718
   354.000  -412.435854484  -412.318460595  -412.233898933  -412.318460595  -412.162316913
   354.500  -412.446379996  -412.326197795  -412.243645262  -412.326197795  -412.162435678
   355.000  -412.458334644  -412.336387020  -412.256158626  -412.336387020  -412.162720332
   355.500  -412.466395613  -412.344548633  -412.266952938  -412.344548633  -412.163202191
   356.000  -412.468496233  -412.346810552  -412.271475201  -412.346810552  -412.163165197
   356.500  -412.464018049  -412.343610896  -412.270055831  -412.343610896  -412.163003649
   357.000  -412.455120460  -412.337102392  -412.264629770  -412.337102392  -412.162830731
   357.500  -412.444411593  -412.329805659  -412.257586225  -412.329805659  -412.162699462
   358.000  -412.434438672  -412.323559380  -412.250748417  -412.323559380  -412.162417309
   358.500  -412.427265843  -412.318496490  -412.246160830  -412.318496490  -412.160816002
   359.000  -412.420667024  -412.317995669  -412.247287219  -412.317995669  -412.160872954
   359.500  -412.415810221  -412.319830834  -412.249998248  -412.319830834  -412.160960277
   360.000  -412.411603238  -412.322657358  -412.253037414  -412.322657358  -412.161078799
   360.500  -412.406458048  -412.324661456  -412.254659564  -412.324661456  -412.161213151
   361.000  -412.398588503  -412.323833934  -412.252944254  -412.323833934  -412.161339342
   361.500  -412.386435400  -412.318402390  -412.246234870  -412.318402390  -412.161403871
   362.000  -412.369555545  -412.307729983  -412.234047992  -412.307729983  -412.161302302
   362.500  -412.350114486  -412.293821846  -412.218579855  -412.293821846  -412.160968522
   363.000  -412.333472738  -412.281925952  -412.205285518  -412.281925952  -412.160610856
   363.500  -412.324884365  -412.277238984  -412.199547093  -412.277238984  -412.160625303
   364.000  -412.324130357  -412.279538918  -412.201260612  -412.279538918  -412.160991373
   364.500  -412.325832130  -412.283483537  -412.205122801  -412.283483537  -412.161292636
   365.000  -412.325143863  -412.284284832  -412.206322882  -412.284284832  -412.161334717
   365.500  -412.320877685  -412.280821309  -412.203678675  -412.280821309  -412.161210962
   366.000  -412.314507342  -412.274635791  -412.198646039  -412.274635791  -412.161047760
   366.500  -412.308329092  -412.268094080  -412.193481885  -412.268094080  -412.160905431
   367.000  -412.304439342  -412.263361054  -412.190230234  -412.263361054  -412.160803344
   367.500  -412.304337720  -412.262002991  -412.190341778  -412.262002991  -412.160754652
   368.000  -412.308685110  -412.264746477  -412.194449261  -412.264746477  -412.160772101
   368.500  -412.317119674  -412.271296200  -412.202196874  -412.271296200  -412.160853622
   369.000  -412.328303195  -412.280383233  -412.212289927  -412.280383233  -412.160978060
   369.500  -412.340241748  -412.290086783  -412.222810193  -412.290086783  -412.161122011
   370.000  -412.350657206  -412.298205009  -412.231577451  -412.298205009  -412.161272236
   370.500  -412.357267326  -412.302532330  -412.236418721  -412.302532330  -412.161400464
   371.000  -412.358351514  -412.301419237  -412.235724944  -412.301419237  -412.161409301
   371.500  -412.354240802  -412.295253837  -412.229931656  -412.295253837  -412.161170874
   372.000  -412.348866740  -412.288004328  -412.223059733  -412.288004328  -412.160787802
   372.500  -412.347846319  -412.285305052  -412.220798147  -412.285305052  -412.160673281
   373.000  -412.352787357  -412.288770666  -412.224807675  -412.288770666  -412.160951921
   373.500  -412.359633538  -412.294359328  -412.231044181  -412.294359328  -412.161254130
   374.000  -412.363565897  -412.297301511  -412.234668478  -412.297301511  -412.161336656
   374.500  -412.362777676  -412.295854377  -412.233865090  -412.295854377  -412.161254518
   375.000  -412.358074460  -412.290881083  -412.229430175  -412.290881083  -412.161128535
   375.500  -412.351167190  -412.284136143  -412.223054453  -412.284136143  -412.161022809
   376.000  -412.343633794  -412.277223178  -412.216282982  -412.277223178  -412.160947722
   376.500  -412.336679886  -412.271355285  -412.210276756  -412.271355285  -412.160888536
   377.000  -412.331294759  -412.267515790  -412.205971936  -412.267515790  -412.160833451
   377.500  -412.328372264  -412.266587371  -412.204205572  -412.266587371  -412.160796473
   378.000  -412.328478379  -412.269126760  -412.205488481  -412.269126760  -412.160815083
   378.500  -412.331327067  -412.274841754  -412.209482607  -412.274841754  -412.160913564
   379.000  -412.335477673  -412.282281038  -412.214693910  -412.282281038  -412.161072632
   379.500  -412.338667843  -412.289149289  -412.218796592  -412.289149289  -412.161240134
   380.000  -412.338654728  -412.293129169  -412.219470298  -412.293129169  -412.161343735
   380.500  -412.334374180  -412.293027988  -412.215571449  -412.293027988  -412.161292660
   381.000  -412.327171912  -412.290014608  -412.208394666  -412.290014608  -412.161085556
   381.500  -412.320494111  -412.287335377  -412.201397706  -412.287335377  -412.160945180
   382.000  -412.316644535  -412.287107756  -412.196972893  -412.287107756  -412.161052562
   382.500  -412.314386611  -412.287948780  -412.194038871  -412.287948780  -412.161212631
   383.000  -412.311479782  -412.287514577  -412.190556038  -412.287514577  -412.161192222
   383.500  -412.307953444  -412.285762650  -412.186769037  -412.285762650  -412.161049842
   384.000  -412.305631197  -412.284460639  -412.184679959  -412.284460639  -412.160949215
   384.500  -412.305961644  -412.285001347  -412.185816890  -412.285001347  -412.160944356
   385.000  -412.309129156  -412.287498641  -412.190290189  -412.287498641  -412.160998189
   385.500  -412.314454694  -412.291179184  -412.197165804  -412.291179184  -412.161073016
   386.000  -412.320930050  -412.294921048  -412.205008571  -412.294921048  -412.161148739
   386.500  -412.327563909  -412.297621704  -412.212289841  -412.297621704  -412.161194632
   387.000  -412.333840367  -412.298695762  -412.217958797  -412.298695762  -412.161170621
   387.500  -412.340219649  -412.298619496  -412.222080182  -412.298619496  -412.161083025
   388.000  -412.347921546  -412.298739292  -412.225718875  -412.298739292  -412.161027686
   388.500  -412.357538440  -412.299874178  -412.229567153  -412.299874178  -412.161099118
   389.000  -412.367821630  -412.301063313  -412.232666794  -412.301063313  -412.161235817
   389.500  -412.376640595  -412.300483755  -412.233282418  -412.300483755  -412.161257272
   390.000  -412.383444013  -412.297824385  -412.231991059  -412.297824385  -412.160891818
   390.500  -412.390585358  -412.295881606  -412.230025311  -412.295881606  -412.160704936
   391.000  -412.400130299  -412.296897136  -412.230508085  -412.296897136  -412.160731620
   391.500  -412.411276877  -412.300362426  -412.232902692  -412.300362426  -412.160919212
   392.000  -412.420884200  -412.303421158  -412.234297399  -412.303421158  -412.161050595
   392.500  -412.426510960  -412.303866332  -412.232464653  -412.303866332  -412.161044687
   393.000  -412.427830761  -412.301510194  -412.227275163  -412.301510194  -412.160940826
   393.500  -412.426220690  -412.297754184  -412.220271004  -412.297754184  -412.160782224
   394.000  -412.424025035  -412.294868879  -412.213922067  -412.294868879  -412.160619355
   394.500  -412.423658314  -412.295133253  -412.210741866  -412.295133253  -412.160548060
   395.000  -412.426221082  -412.299486699  -412.211911413  -412.299486699  -412.160645039
   395.500  -412.430512780  -412.306558866  -412.216282484  -412.306558866  -412.160864015
   396.000  -412.433642397  -412.313291900  -412.220955981  -412.313291900  -412.161084350
   396.500  -412.432684741  -412.316596250  -412.222928888  -412.316596250  -412.161217836
   397.000  -412.425983058  -412.314658361  -412.220399029  -412.314658361  -412.161230245
   397.500  -412.413747974  -412.307534995  -412.213379951  -412.307534995  -412.161114559
   398.000  -412.398142425  -412.297241391  -412.203801892  -412.297241391  -412.160908077
   398.500  -412.382666758  -412.287138339  -412.194913818  -412.287138339  -412.160691326
   399.000  -412.370886437  -412.280670609  -412.190038762  -412.280670609  -412.160551352
   399.500  -412.364983444  -412.279932666  -412.191149230  -412.279932666  -412.160584207
   400.000  -412.364371604  -412.284296881  -412.197499039  -412.284296881  -412.160798263
   400.500  -412.365780947  -412.290498637  -412.205702502  -412.290498637  -412.161007741
   401.000  -412.365888185  -412.295251439  -412.212356362  -412.295251439  -412.161049409
   401.500  -412.363692039  -412.297599386  -412.216401776  -412.297599386  -412.160955493
   402.000  -412.360268217  -412.298655012  -412.218871515  -412.298655012  -412.160840604
   402.500  -412.357188663  -412.300008998  -412.221298343  -412.300008998  -412.160779487
   403.000  -412.355366097  -412.302569999  -412.224552924  -412.302569999  -412.160786532
   403.500  -412.354765910  -412.306272761  -412.228550291  -412.306272761  -412.160834428
   404.000  -412.354774677  -412.310440342  -412.232618658  -412.310440342  -412.160871849
   404.500  -412.354917583  -412.314501491  -412.236226919  -412.314501491  -412.160857190
   405.000  -412.355416929  -412.318553861  -412.239561144  -412.318553861  -412.160812124
   405.500  -412.356856415  -412.323049465  -412.243216106  -412.323049465  -412.160831694
   406.000  -412.358906107  -412.327549852  -412.246932464  -412.327549852  -412.160977575
   406.500  -412.359554513  -412.329980695  -412.248815362  -412.329980695  -412.161167838
   407.000  -412.356270655  -412.327793385  -412.246453874  -412.327793385  -412.161229306
   407.500  -412.348432353  -412.320372028  -412.239309829  -412.320372028  -412.161044894
   408.000  -412.338889821  -412.310573648  -412.230261476  -412.310573648  -412.160702558
   408.500  -412.332549137  -412.303301115  -412.224190358  -412.303301115  -412.160509034
   409.000  -412.332125153  -412.301262619  -412.223744550  -412.301262619  -412.160658526
   409.500  -412.335574487  -412.302418846  -412.226784257  -412.302418846  -412.160959222
   410.000  -412.338598022  -412.302494294  -412.228903945  -412.302494294  -412.161120438
   410.500  -412.338638920  -412.298978032  -412.227456237  -412.298978032  -412.161076762
   411.000  -412.336029806  -412.292272527  -412.222725379  -412.292272527  -412.160928158
   411.500  -412.332723346  -412.284428956  -412.216672120  -412.284428956  -412.160778854
   412.000  -412.330774817  -412.277632701  -412.211418178  -412.277632701  -412.160680657
   412.500  -412.331513428  -412.273372790  -412.208406200  -412.273372790  -412.160646505
   413.000  -412.335305919  -412.272196775  -412.208145357  -412.272196775  -412.160670757
   413.500  -412.341636968  -412.273777208  -412.210271695  -412.273777208  -412.160736559
   414.000  -412.349389508  -412.277175826  -412.213815676  -412.277175826  -412.160812572
   414.500  -412.357336576  -412.281322029  -412.217690955  -412.281322029  -412.160856744
   415.000  -412.364745526  -412.285609863  -412.221308448  -412.285609863  -412.160849696
   415.500  -412.371588700  -412.290110488  -412.224802435  -412.290110488  -412.160848793
   416.000  -412.377706871  -412.294740814  -412.228204232  -412.294740814  -412.160959063
   416.500  -412.381495384  -412.297949176  -412.230111598  -412.297949176  -412.161160168
   417.000  -412.380461395  -412.297326046  -412.227939415  -412.297326046  -412.161379299
   417.500  -412.374064987  -412.292016533  -412.221864040  -412.292016533  -412.161131105
   418.000  -412.366091495  -412.285827426  -412.215374520  -412.285827426  -412.160806900
   418.500  -412.361365443  -412.283423515  -412.213023817  -412.283423515  -412.160767084
   419.000  -412.360687870  -412.285422181  -412.215260828  -412.285422181  -412.160992385
   419.500  -412.360900033  -412.288502172  -412.218553647  -412.288502172  -412.161202872
   420.000  -412.358704938  -412.289234821  -412.219280438  -412.289234821  -412.161257456
   420.500  -412.352950345  -412.286361573  -412.216047420  -412.286361573  -412.161177407
   421.000  -412.344541150  -412.280698686  -412.209605942  -412.280698686  -412.161037010
   421.500  -412.335411267  -412.274105801  -412.201814013  -412.274105801  -412.160900685
   422.000  -412.327552135  -412.268512795  -412.194649004  -412.268512795  -412.160802349
   422.500  -412.322457301  -412.265362592  -412.189631973  -412.265362592  -412.160751316
   423.000  -412.320935582  -412.265422182  -412.187619547  -412.265422182  -412.160746882
   423.500  -412.323089030  -412.268760639  -412.188762040  -412.268760639  -412.160789508
   424.000  -412.328301279  -412.274740067  -412.192479968  -412.274740067  -412.160878737
   424.500  -412.335266199  -412.282050880  -412.197491552  -412.282050880  -412.160997071
   425.000  -412.342271436  -412.289010385  -412.202118279  -412.289010385  -412.161098824
   425.500  -412.347824491  -412.294227067  -412.204983257  -412.294227067  -412.161147246
   426.000  -412.351149515  -412.297069189  -412.205571814  -412.297069189  -412.161198720
   426.500  -412.352109939  -412.297071819  -412.203527522  -412.297071819  -412.161271811
   427.000  -412.350541153  -412.293812555  -412.198108510  -412.293812555  -412.161227997
   427.500  -412.347648348  -412.288707815  -412.190386196  -412.288707815  -412.161001052
   428.000  -412.346945748  -412.285436919  -412.183897365  -412.285436919  -412.160874650
   428.500  -412.350292222  -412.285935706  -412.180510654  -412.285935706  -412.161031374
   429.000  -412.355525698  -412.288076993  -412.178150272  -412.288076993  -412.161199445
   429.500  -412.359849565  -412.289076702  -412.174191511  -412.289076702  -412.161238831
   430.000  -412.362095659  -412.287765908  -412.167732611  -412.287765908  -412.161220105
   430.500  -412.362138207  -412.284014054  -412.159001324  -412.284014054  -412.161163242
   431.000  -412.360583791  -412.278429156  -412.149011839  -412.278429156  -412.161055087
   431.500  -412.358884252  -412.272480006  -412.139633026  -412.272480006  -412.160915869
   432.000  -412.359150171  -412.268243707  -412.133484675  -412.268243707  -412.160817143
   432.500  -412.363064921  -412.267579852  -412.132410173  -412.267579852  -412.160740696
   433.000  -412.371368965  -412.270313354  -412.138468263  -412.270313354  -412.159352558
   433.500  -412.384299184  -412.280711478  -412.150373564  -412.280711478  -412.160858225
   434.000  -412.400504105  -412.292957565  -412.166988037  -412.292957565  -412.161056258
   434.500  -412.416508986  -412.305406535  -412.184998204  -412.305406535  -412.161303572
   435.000  -412.428576787  -412.314433050  -412.200399185  -412.314433050  -412.161523144
   435.500  -412.433574467  -412.316975372  -412.209720125  -412.316975372  -412.161626746
   436.000  -412.430364540  -412.311918141  -412.211456970  -412.311918141  -412.161532526
   436.500  -412.421097078  -412.301389165  -412.207418659  -412.301389165  -412.161172077
   437.000  -412.411845554  -412.291420774  -412.203422864  -412.291420774  -412.160728266
   437.500  -412.409171850  -412.288543892  -412.205893750  -412.288543892  -412.160778031
   438.000  -412.412389152  -412.292055662  -412.214100983  -412.292055662  -412.161292721
   438.500  -412.414135504  -412.294574766  -412.220676493  -412.294574766  -412.161557582
   439.000  -412.409797325  -412.291451659  -412.220994786  -412.291451659  -412.161422531
   439.500  -412.400411701  -412.283665145  -412.216053043  -412.283665145  -412.161195446
   440.000  -412.389176950  -412.273992291  -412.208589869  -412.273992291  -412.160983348
   440.500  -412.377663424  -412.264664269  -412.200911086  -412.264664269  -412.160891588
   441.000  -412.367629510  -412.256988409  -412.194256935  -412.256988409  -412.160802415
   441.500  -412.360493959  -412.252294691  -412.189936757  -412.252294691  -412.160704816
   442.000  -412.357769597  -412.252021659  -412.189383095  -412.252021659  -412.160630194
   442.500  -412.360591287  -412.257248566  -412.193693759  -412.257248566  -412.160621605
   443.000  -412.369072506  -412.268053844  -412.202997251  -412.268053844  -412.160704746
   443.500  -412.381935303  -412.283127936  -412.216085030  -412.283127936  -412.160888641
   444.000  -412.397416965  -412.299337683  -412.230766670  -412.299337683  -412.160522035
   444.500  -412.409829712  -412.314156552  -412.242640251  -412.314156552  -412.160831898
   445.000  -412.415708556  -412.322446739  -412.247674015  -412.322446739  -412.161073304
   445.500  -412.412228132  -412.321377403  -412.243076622  -412.321377403  -412.160984585
   446.000  -412.401781314  -412.313302408  -412.231217180  -412.313302408  -412.160412843
   446.500  -412.393332881  -412.307123318  -412.221004704  -412.307123318  -412.159846802
   447.000  -412.395048170  -412.310949295  -412.220572805  -412.310949295  -412.160008391
   447.500  -412.404715415  -412.322555299  -412.227764930  -412.322555299  -412.160651132
   448.000  -412.412825557  -412.332473257  -412.233243166  -412.332473257  -412.161048447
   448.500  -412.412640490  -412.334034474  -412.230533649  -412.334034474  -412.161010972
   449.000  -412.403691617  -412.326830594  -412.219472516  -412.326830594  -412.160758622
   449.500  -412.389118937  -412.314029677  -412.203491203  -412.314029677  -412.160501589
   450.000  -412.372579094  -412.299287748  -412.186477710  -412.299287748  -412.160305653
   450.500  -412.357032110  -412.285559483  -412.171529132  -412.285559483  -412.160154662
   451.000  -412.344788988  -412.275150533  -412.160992050  -412.275150533  -412.160037385
   451.500  -412.337624665  -412.269819438  -412.156597250  -412.269819438  -412.159972220
   452.000  -412.336509852  -412.270512537  -412.159216706  -412.270512537  -412.159985355
   452.500  -412.341227505  -412.276989134  -412.168495311  -412.276989134  -412.160088634
   453.000  -412.350197332  -412.287650242  -412.182683447  -412.287650242  -412.160276694
   453.500  -412.360586130  -412.299649916  -412.198752993  -412.299649916  -412.160523528
   454.000  -412.368800646  -412.309385838  -412.212899052  -412.309385838  -412.160750649
   454.500  -412.371795232  -412.313801390  -412.221862348  -412.313801390  -412.160798793
   455.000  -412.369387758  -412.312694031  -412.225264416  -412.312694031  -412.160542688
   455.500  -412.365684231  -412.310140598  -412.227052106  -412.310140598  -412.160169736
   456.000  -412.366120136  -412.311548729  -412.232551151  -412.311548729  -412.160078058
   456.500  -412.372008255  -412.318223604  -412.243019273  -412.318223604  -412.160316101
   457.000  -412.379749838  -412.326570137  -412.254844331  -412.326570137  -412.160615940
   457.500  -412.384548854  -412.331785303  -412.263231626  -412.331785303  -412.160788428
   458.000  -412.383821272  -412.330697358  -412.265223551  -412.330697358  -412.160506978
   458.500  -412.376725725  -412.323737126  -412.260802675  -412.323737126  -412.160362981
   459.000  -412.365379340  -412.312515653  -412.251778664  -412.312515653  -412.160181191
   459.500  -412.352203573  -412.299528601  -412.240623304  -412.299528601  -412.160041049
   460.000  -412.339392774  -412.286874567  -412.229462976  -412.286874567  -412.159941670
   460.500  -412.328505304  -412.276081734  -412.219850782  -412.276081734  -412.159880007
   461.000  -412.320510949  -412.268110651  -412.212770129  -412.268110651  -412.159857345
   461.500  -412.315764858  -412.263313464  -412.208596394  -412.263313464  -412.159884353
   462.000  -412.313863848  -412.261288640  -412.206951459  -412.261288640  -412.159969265
   462.500  -412.313577135  -412.260809436  -412.206634060  -412.260809436  -412.160096581
   463.000  -412.313181634  -412.260156026  -412.205955294  -412.260156026  -412.160194540
   463.500  -412.311622374  -412.258273546  -412.203899602  -412.258273546  -412.160134767
   464.000  -412.310266163  -412.256528605  -412.201879758  -412.256528605  -412.159889874
   464.500  -412.312868098  -412.258685399  -412.203704603  -412.258685399  -412.159752234
   465.000  -412.321360786  -412.266680088  -412.211349739  -412.266680088  -412.160009483
   465.500  -412.332203325  -412.276967014  -412.221283593  -412.276967014  -412.160384798
   466.000  -412.339962694  -412.284180537  -412.228104127  -412.284180537  -412.160456318
   466.500  -412.343203078  -412.286967924  -412.230412878  -412.286967924  -412.160225972
   467.000  -412.344787204  -412.288249198  -412.231095113  -412.288249198  -412.160003380
   467.500  -412.347716702  -412.291060659  -412.233169406  -412.291060659  -412.159988630
   468.000  -412.352299806  -412.295674753  -412.237040201  -412.295674753  -412.159983097
   468.500  -412.357298361  -412.301079131  -412.241392695  -412.301079131  -412.160018984
   469.000  -412.362090693  -412.306517459  -412.245641459  -412.306517459  -412.159984036
   469.500  -412.366956590  -412.312248842  -412.250084990  -412.312248842  -412.159958892
   470.000  -412.372120936  -412.318444163  -412.254928462  -412.318444163  -412.159985620
   470.500  -412.377145149  -412.324587105  -412.259689499  -412.324587105  -412.160056320
   471.000  -412.381007884  -412.329565051  -412.263286417  -412.329565051  -412.160152249
   471.500  -412.382397284  -412.331972678  -412.264338337  -412.331972678  -412.160253570
   472.000  -412.380098818  -412.330510098  -412.261563539  -412.330510098  -412.160301752
   472.500  -412.373963916  -412.324959695  -412.254760144  -412.324959695  -412.160173747
   473.000  -412.366596134  -412.317877919  -412.246500794  -412.317877919  -412.159817139
   473.500  -412.363607308  -412.314856953  -412.242389148  -412.314856953  -412.159519838
   474.000  -412.369260118  -412.320173015  -412.246688544  -412.320173015  -412.159675441
   474.500  -412.381282869  -412.331599293  -412.257117724  -412.331599293  -412.160129186
   475.000  -412.392928052  -412.342443728  -412.266907348  -412.342443728  -412.160462896
   475.500  -412.398814183  -412.347361043  -412.270644944  -412.347361043  -412.160576133
   476.000  -412.396965305  -412.344366774  -412.266311679  -412.344366774  -412.160529982
   476.500  -412.388305091  -412.334326587  -412.254755638  -412.334326587  -412.160296985
   477.000  -412.376851722  -412.321162647  -412.239887838  -412.321162647  -412.159873659
   477.500  -412.369149313  -412.311335058  -412.228146349  -412.311335058  -412.159540934
   478.000  -412.370042362  -412.309676219  -412.224347214  -412.309676219  -412.159613975
   478.500  -412.378487583  -412.315236273  -412.227548053  -412.315236273  -412.159928102
   479.000  -412.389708733  -412.323405660  -412.233183111  -412.323405660  -412.160135370
   479.500  -412.400014232  -412.330677008  -412.237809047  -412.330677008  -412.160192137
   480.000  -412.407860366  -412.335671094  -412.240113060  -412.335671094  -412.160231051
   480.500  -412.412243911  -412.337519276  -412.239282711  -412.337519276  -412.160324681
   481.000  -412.411675644  -412.334836715  -412.233986606  -412.334836715  -412.160444145
   481.500  -412.404649911  -412.326184414  -412.222854676  -412.326184414  -412.160468875
   482.000  -412.391502933  -412.311919145  -412.206353262  -412.311919145  -412.160216385
   482.500  -412.376784460  -412.296566333  -412.189146640  -412.296566333  -412.159712038
   483.000  -412.368157219  -412.287753612  -412.178994602  -412.287753612  -412.159460939
   483.500  -412.369173113  -412.289072708  -412.179540179  -412.289072708  -412.159772776
   484.000  -412.374964069  -412.296182066  -412.186216752  -412.296182066  -412.160044663
   484.500  -412.378337200  -412.302727162  -412.192808190  -412.302727162  -412.160924249
   485.000  -412.378066860  -412.303162395  -412.195941464  -412.303162395  -412.160818467
   485.500  -412.373156390  -412.298800313  -412.194604842  -412.298800313  -412.160755645
   486.000  -412.364232382  -412.290435445  -412.189234237  -412.290435445  -412.160742630
   486.500  -412.351724518  -412.278488254  -412.180067700  -412.278488254  -412.160701729
   487.000  -412.336786160  -412.264079320  -412.168086125  -412.264079320  -412.160499357
   487.500  -412.322981249  -412.250740953  -412.156694367  -412.250740953  -412.160128177
   488.000  -412.315975034  -412.244121401  -412.151416996  -412.244121401  -412.159880118
   488.500  -412.319313713  -412.247772999  -412.155709881  -412.247772999  -412.160051512
   489.000  -412.330516435  -412.259243309  -412.167096394  -412.259243309  -412.160481902
   489.500  -412.343173936  -412.272146602  -412.179261109  -412.272146602  -412.160833272
   490.000  -412.351617418  -412.280859180  -412.186726428  -412.280859180  -412.161032789
   490.500  -412.352532957  -412.282081545  -412.186360402  -412.282081545  -412.161117914
   491.000  -412.344877784  -412.274761553  -412.177263563  -412.274761553  -412.160983807
   491.500  -412.331377112  -412.261597884  -412.162258225  -412.261597884  -412.160500535
   492.000  -412.319648936  -412.250172595  -412.149027559  -412.250172595  -412.160000167
   492.500  -412.316967689  -412.247712413  -412.144860656  -412.247712413  -412.160066439
   493.000  -412.322526796  -412.253351696  -412.148882304  -412.253351696  -412.160501648
   493.500  -412.329863211  -412.260620216  -412.154638573  -412.260620216  -412.160719768
   494.000  -412.334941624  -412.265511508  -412.158175955  -412.265511508  -412.160642358
   494.500  -412.338057351  -412.268350932  -412.159881601  -412.268350932  -412.160480639
   495.000  -412.341139835  -412.271096847  -412.161789875  -412.271096847  -412.160380022
   495.500  -412.345496677  -412.275083180  -412.165313403  -412.275083180  -412.160383594
   496.000  -412.351021145  -412.280228001  -412.170432088  -412.280228001  -412.160483874
   496.500  -412.356279798  -412.285118454  -412.175746688  -412.285118454  -412.160638686
   497.000  -412.359236292  -412.287733347  -412.179174468  -412.287733347  -412.160745602
   497.500  -412.358889598  -412.287076986  -412.179567417  -412.287076986  -412.160636650
   498.000  -412.357777193  -412.285542801  -412.178933133  -412.285542801  -412.160313116
   498.500  -412.361418256  -412.288868185  -412.183158906  -412.288868185  -412.160056651
   499.000  -412.373488769  -412.300636493  -412.195507117  -412.300636493  -412.160420462
   499.500  -412.388751385  -412.315631336  -412.210804576  -412.315631336  -412.161111634
   500.000  -412.397272921  -412.323957743  -412.219299918  -412.323957743  -412.161416376
