 N     7.0   -1.96753261   -0.18295291   -0.08560660   14.00307401
 N     7.0    1.80564382    2.35348268    0.18957278   14.00307401
 C     6.0   -0.79742809    2.28877635    0.09800151   12.00000000
 C     6.0    3.31536892    0.05602389   -0.10639756   12.00000000
 C     6.0    2.06532706   -2.16982194   -0.01171777   12.00000000
 C     6.0   -0.59385355   -2.39343313   -0.02844492   12.00000000
 O     8.0   -1.70545340   -4.44691930    0.07568400   15.99491464
 O     8.0   -2.05392297    4.24070470   -0.07295884   15.99491464
 H     1.0   -3.72052803   -0.27362769   -0.22244826    1.00782504
 H     1.0    3.04308772    3.89983522    0.02555095    1.00782504
 H     1.0    5.13644822    0.41197942   -0.49714227    1.00782504
 H     1.0    2.99238015   -3.99332222   -0.15042356    1.00782504
