    0.000295213   -0.000181540   -0.000016115
   -0.000068801   -0.000057775   -0.000154693
   -0.000382530   -0.000147267   -0.000475871
    0.000080024    0.000335485   -0.000003084
    0.000091880    0.000067627    0.000251069
    0.000342839    0.000040434   -0.000179966
   -0.000030520    0.000234907    0.000034623
    0.000042693   -0.000073267    0.000346988
    0.000394903   -0.004626349    0.000780021
   -0.001419688    0.003061615   -0.000943608
   -0.002279764   -0.002496408    0.001924502
   -0.001082958    0.001515875   -0.000327729
