     0.000  -412.484298558  -412.305693093  -412.257589703  -412.257589703  -412.228249663
     0.500  -412.493655791  -412.318427237  -412.269146758  -412.269146758  -412.228988222
     1.000  -412.503370482  -412.332085046  -412.282058476  -412.282058476  -412.229398854
     1.500  -412.506291837  -412.339543406  -412.288986146  -412.288986146  -412.229298444
     2.000  -412.502638021  -412.341042324  -412.290008256  -412.290008256  -412.229051791
     2.500  -412.495480377  -412.339665073  -412.288101140  -412.288101140  -412.228890804
     3.000  -412.487167202  -412.337733211  -412.285530152  -412.285530152  -412.228843566
     3.500  -412.478670142  -412.336142300  -412.283160171  -412.283160171  -412.228830923
     4.000  -412.470606077  -412.335370728  -412.281461868  -412.281461868  -412.228755797
     4.500  -412.464495236  -412.336739397  -412.281776512  -412.281776512  -412.228614103
     5.000  -412.462638363  -412.342327901  -412.286221144  -412.286221144  -412.228555662
     5.500  -412.465956052  -412.352864886  -412.295562282  -412.295562282  -412.228720684
     6.000  -412.472116372  -412.365889084  -412.307363998  -412.307363998  -412.229025175
     6.500  -412.476712552  -412.376914991  -412.317156859  -412.317156859  -412.229282990
     7.000  -412.475922093  -412.382055340  -412.321080600  -412.321080600  -412.229442160
     7.500  -412.467563703  -412.379054519  -412.316940243  -412.316940243  -412.229503607
     8.000  -412.451563738  -412.367758126  -412.304683798  -412.304683798  -412.229255290
     8.500  -412.432807735  -412.352981483  -412.289256085  -412.289256085  -412.228560329
     9.000  -412.421682417  -412.345067573  -412.281110383  -412.281110383  -412.228161600
     9.500  -412.423628767  -412.349454035  -412.285697977  -412.285697977  -412.228653331
    10.000  -412.431808080  -412.359336143  -412.296112713  -412.296112713  -412.229220879
    10.500  -412.437350330  -412.365899600  -412.303389096  -412.303389096  -412.229285281
    11.000  -412.438024017  -412.366973412  -412.305230220  -412.305230220  -412.229072933
    11.500  -412.436095598  -412.364880900  -412.303885981  -412.303885981  -412.228865780
    12.000  -412.434281231  -412.362392274  -412.302093479  -412.302093479  -412.228760023
    12.500  -412.434039892  -412.361018628  -412.301356756  -412.301356756  -412.228752316
    13.000  -412.435466140  -412.360904528  -412.301824232  -412.301824232  -412.228803012
    13.500  -412.437845609  -412.361380640  -412.302831103  -412.302831103  -412.228853306
    14.000  -412.440515853  -412.361821458  -412.303753031  -412.303753031  -412.228848156
    14.500  -412.443634755  -412.362415556  -412.304774606  -412.304774606  -412.228786214
    15.000  -412.448140441  -412.364137925  -412.306866734  -412.306866734  -412.228746484
    15.500  -412.454610980  -412.367629833  -412.310675145  -412.310675145  -412.228824277
    16.000  -412.461894023  -412.371844317  -412.315171423  -412.315171423  -412.229059308
    16.500  -412.466551654  -412.373487442  -412.317095722  -412.317095722  -412.229402306
    17.000  -412.463909483  -412.368047797  -412.311973487  -412.311973487  -412.229593947
    17.500  -412.452167457  -412.353877738  -412.298191128  -412.298191128  -412.229215163
    18.000  -412.437792067  -412.337566556  -412.282367274  -412.282367274  -412.228420052
    18.500  -412.432092610  -412.330516676  -412.275914980  -412.275914980  -412.228261767
    19.000  -412.437271867  -412.335001131  -412.281073155  -412.281073155  -412.228857542
    19.500  -412.444850974  -412.342590965  -412.289335110  -412.289335110  -412.229237048
    20.000  -412.448283031  -412.346766160  -412.294092340  -412.294092340  -412.229170049
    20.500  -412.447348078  -412.347308247  -412.295056895  -412.295056895  -412.228969827
    21.000  -412.444374900  -412.346522661  -412.294490114  -412.294490114  -412.228828058
    21.500  -412.441259772  -412.346256971  -412.294212448  -412.294212448  -412.228775806
    22.000  -412.438761891  -412.347193588  -412.294883510  -412.294883510  -412.228793075
    22.500  -412.436691775  -412.349030497  -412.296186160  -412.296186160  -412.228852760
    23.000  -412.434323843  -412.350890964  -412.297240007  -412.297240007  -412.228913405
    23.500  -412.431040512  -412.351966471  -412.297257191  -412.297257191  -412.228913324
    24.000  -412.427202992  -412.352394517  -412.296437627  -412.296437627  -412.228810041
    24.500  -412.424634077  -412.353764819  -412.296477279  -412.296477279  -412.228669533
    25.000  -412.425490010  -412.358026421  -412.299461035  -412.299461035  -412.228698308
    25.500  -412.429341660  -412.364608485  -412.304946388  -412.304946388  -412.229054833
    26.000  -412.431235210  -412.368501816  -412.308014854  -412.308014854  -412.229571074
    26.500  -412.424565922  -412.363124234  -412.302135000  -412.302135000  -412.229697295
    27.000  -412.409093464  -412.348306205  -412.287170108  -412.287170108  -412.228976367
    27.500  -412.396055562  -412.335368704  -412.274466261  -412.274466261  -412.228194807
    28.000  -412.396251400  -412.335175763  -412.274874706  -412.274874706  -412.228582908
    28.500  -412.404542485  -412.342623453  -412.283205548  -412.283205548  -412.229304755
    29.000  -412.410013471  -412.346816724  -412.288420928  -412.288420928  -412.229377914
    29.500  -412.409912415  -412.345030182  -412.287649331  -412.287649331  -412.229078571
    30.000  -412.407483229  -412.340552724  -412.284056265  -412.284056265  -412.228818255
    30.500  -412.406132605  -412.336855352  -412.281021648  -412.281021648  -412.228701422
    31.000  -412.407431874  -412.335590412  -412.280139831  -412.280139831  -412.228689666
    31.500  -412.411441979  -412.336915628  -412.281538222  -412.281538222  -412.228732834
    32.000  -412.417414256  -412.340187761  -412.284575977  -412.284575977  -412.228792090
    32.500  -412.424407461  -412.344568954  -412.288454276  -412.288454276  -412.228826720
    33.000  -412.431911856  -412.349637447  -412.292826790  -412.292826790  -412.228808822
    33.500  -412.440210946  -412.355737513  -412.298140623  -412.298140623  -412.228776073
    34.000  -412.449793805  -412.363390784  -412.305016198  -412.305016198  -412.228832949
    34.500  -412.459868839  -412.371817048  -412.312742686  -412.312742686  -412.229048184
    35.000  -412.467451604  -412.378035371  -412.318365660  -412.318365660  -412.229377585
    35.500  -412.468194610  -412.377706470  -412.317550044  -412.317550044  -412.229636528
    36.000  -412.459591071  -412.368343575  -412.307830408  -412.307830408  -412.229392677
    36.500  -412.446980509  -412.355318161  -412.294638449  -412.294638449  -412.228504653
    37.000  -412.443469961  -412.351775320  -412.291193112  -412.291193112  -412.228197446
    37.500  -412.453081999  -412.361775478  -412.301579508  -412.301579508  -412.229048969
    38.000  -412.463790232  -412.373322411  -412.313744021  -412.313744021  -412.229652697
    38.500  -412.465421173  -412.376254673  -412.317414434  -412.317414434  -412.229503650
    39.000  -412.458336745  -412.370916196  -412.312816874  -412.312816874  -412.229115739
    39.500  -412.447386531  -412.362108364  -412.304647770  -412.304647770  -412.228855741
    40.000  -412.436274606  -412.353459837  -412.296457763  -412.296457763  -412.228778097
    40.500  -412.426292497  -412.346165657  -412.289398782  -412.289398782  -412.228796959
    41.000  -412.417372783  -412.340043931  -412.283287422  -412.283287422  -412.228807171
    41.500  -412.409596677  -412.335041788  -412.278117626  -412.278117626  -412.228739558
    42.000  -412.404179895  -412.332225810  -412.275049006  -412.275049006  -412.228603207
    42.500  -412.403259678  -412.333578083  -412.276184038  -412.276184038  -412.228513732
    43.000  -412.408182111  -412.340299238  -412.282835538  -412.282835538  -412.228614350
    43.500  -412.417509483  -412.350827980  -412.293513185  -412.293513185  -412.228925136
    44.000  -412.426810456  -412.360634115  -412.303702283  -412.303702283  -412.229335233
    44.500  -412.430419331  -412.363968713  -412.307634997  -412.307634997  -412.229686138
    45.000  -412.424223503  -412.356647912  -412.301104988  -412.301104988  -412.229685774
    45.500  -412.410328455  -412.340728559  -412.286170827  -412.286170827  -412.228917820
    46.000  -412.401787502  -412.329265272  -412.275915147  -412.275915147  -412.227873590
    46.500  -412.413329142  -412.337060625  -412.285162279  -412.285162279  -412.228242341
    47.000  -412.439610271  -412.358918185  -412.308679007  -412.308679007  -412.229528959
    47.500  -412.461534898  -412.375939599  -412.327473218  -412.327473218  -412.230003592
    48.000  -412.469604490  -412.378843689  -412.332162835  -412.332162835  -412.229691793
    48.500  -412.466217031  -412.370232496  -412.325290868  -412.325290868  -412.229233705
    49.000  -412.457143767  -412.356050418  -412.312789847  -412.312789847  -412.228928886
    49.500  -412.446594828  -412.340645351  -412.299032820  -412.299032820  -412.228793301
    50.000  -412.436560970  -412.326115968  -412.286156838  -412.286156838  -412.228725708
    50.500  -412.428123946  -412.313637929  -412.275345872  -412.275345872  -412.228627165
    51.000  -412.422822138  -412.304852685  -412.268170291  -412.268170291  -412.228493745
    51.500  -412.422656549  -412.301881153  -412.266589036  -412.266589036  -412.228423175
    52.000  -412.428675892  -412.305894322  -412.271565037  -412.271565037  -412.228499657
    52.500  -412.439741009  -412.315846115  -412.281876150  -412.281876150  -412.228711407
    53.000  -412.452646847  -412.328580842  -412.294263819  -412.294263819  -412.229019091
    53.500  -412.462779762  -412.339479144  -412.304093478  -412.304093478  -412.229415877
    54.000  -412.464591024  -412.342905935  -412.305826726  -412.305826726  -412.229803565
    54.500  -412.453687252  -412.334284739  -412.295112977  -412.295112977  -412.229751128
    55.000  -412.433279610  -412.316555805  -412.275233674  -412.275233674  -412.228761411
    55.500  -412.419353668  -412.305410851  -412.262234668  -412.262234668  -412.227714618
    56.000  -412.426733010  -412.315485321  -412.270916184  -412.270916184  -412.228233280
    56.500  -412.448457661  -412.339810073  -412.294186404  -412.294186404  -412.229415056
    57.000  -412.466689889  -412.360668541  -412.314053694  -412.314053694  -412.229883278
    57.500  -412.472254674  -412.369024212  -412.321249439  -412.321249439  -412.229722012
    58.000  -412.465747499  -412.365552466  -412.316332738  -412.316332738  -412.229363512
    58.500  -412.451698350  -412.354781042  -412.303819331  -412.303819331  -412.229023607
    59.000  -412.435004579  -412.341534861  -412.288592629  -412.288592629  -412.228756964
    59.500  -412.419765744  -412.329798042  -412.274734474  -412.274734474  -412.228561228
    60.000  -412.409082562  -412.322543373  -412.265325946  -412.265325946  -412.228442521
    60.500  -412.404819432  -412.321514857  -412.262215277  -412.262215277  -412.228428862
    61.000  -412.407195743  -412.326837967  -412.265608389  -412.265608389  -412.228512613
    61.500  -412.414914893  -412.337154918  -412.274199271  -412.274199271  -412.228640057
    62.000  -412.425929240  -412.350384218  -412.285937637  -412.285937637  -412.228789495
    62.500  -412.437811998  -412.364084278  -412.298403967  -412.298403967  -412.229012248
    63.000  -412.447188023  -412.374872979  -412.308243065  -412.308243065  -412.229366150
    63.500  -412.449281047  -412.377969590  -412.310708681  -412.310708681  -412.229730731
    64.000  -412.440278587  -412.369551735  -412.302025990  -412.302025990  -412.229605384
    64.500  -412.424473140  -412.353895374  -412.286517188  -412.286517188  -412.228630718
    65.000  -412.417069907  -412.346184159  -412.279383237  -412.279383237  -412.228014216
    65.500  -412.426978693  -412.355308133  -412.289464870  -412.289464870  -412.228743397
    66.000  -412.444512550  -412.371582387  -412.306958518  -412.306958518  -412.229461986
    66.500  -412.457851617  -412.383235694  -412.319961669  -412.319961669  -412.229585428
    67.000  -412.462940375  -412.386318220  -412.324432168  -412.324432168  -412.229511114
    67.500  -412.459580591  -412.380775569  -412.320274709  -412.320274709  -412.229355305
    68.000  -412.449422074  -412.368400216  -412.309283031  -412.309283031  -412.229081521
    68.500  -412.436139849  -412.352979631  -412.295263884  -412.295263884  -412.228753773
    69.000  -412.424382820  -412.339237416  -412.282956793  -412.282956793  -412.228513609
    69.500  -412.417648881  -412.330717357  -412.275895335  -412.275895335  -412.228452328
    70.000  -412.416895701  -412.328408008  -412.275022289  -412.275022289  -412.228527278
    70.500  -412.421066461  -412.331274227  -412.279226317  -412.279226317  -412.228628653
    71.000  -412.428606413  -412.337776171  -412.286883275  -412.286883275  -412.228707909
    71.500  -412.438211834  -412.346620153  -412.296628432  -412.296628432  -412.228808315
    72.000  -412.448292533  -412.356225876  -412.306837531  -412.306837531  -412.229012592
    72.500  -412.455912690  -412.363671581  -412.314578154  -412.314578154  -412.229352362
    73.000  -412.456716048  -412.364619057  -412.315535922  -412.315535922  -412.229630960
    73.500  -412.448351904  -412.356734605  -412.307438534  -412.307438534  -412.229304484
    74.000  -412.437720181  -412.346926154  -412.297290761  -412.297290761  -412.228319726
    74.500  -412.439233592  -412.349593773  -412.299594752  -412.299594752  -412.228230049
    75.000  -412.454107905  -412.365903021  -412.315566892  -412.315566892  -412.229351439
    75.500  -412.466754792  -412.380170482  -412.329515535  -412.329515535  -412.229913721
    76.000  -412.467466844  -412.382553966  -412.331594916  -412.331594916  -412.229597769
    76.500  -412.459028664  -412.375683665  -412.324486659  -412.324486659  -412.229130270
    77.000  -412.447528800  -412.365503429  -412.314247912  -412.314247912  -412.228887915
    77.500  -412.436436854  -412.355380141  -412.304379887  -412.304379887  -412.228794914
    78.000  -412.427034426  -412.346540944  -412.296206740  -412.296206740  -412.228732388
    78.500  -412.420008652  -412.339659205  -412.290406057  -412.290406057  -412.228698480
    79.000  -412.415667707  -412.335051493  -412.287195217  -412.287195217  -412.228701634
    79.500  -412.413902283  -412.332624107  -412.286301569  -412.286301569  -412.228713770
    80.000  -412.414523874  -412.332186652  -412.287344893  -412.287344893  -412.228719610
    80.500  -412.417456263  -412.333633408  -412.290064874  -412.290064874  -412.228740993
    81.000  -412.422409470  -412.336623701  -412.294019940  -412.294019940  -412.228830825
    81.500  -412.428128792  -412.339843938  -412.297857358  -412.297857358  -412.229044337
    82.000  -412.431744127  -412.340373968  -412.298688786  -412.298688786  -412.229347726
    82.500  -412.429658501  -412.334574362  -412.293016231  -412.293016231  -412.229439693
    83.000  -412.422239499  -412.322770628  -412.281454281  -412.281454281  -412.228824849
    83.500  -412.419680738  -412.315118920  -412.274560269  -412.274560269  -412.227943697
    84.000  -412.433989380  -412.323634190  -412.284680205  -412.284680205  -412.228325801
    84.500  -412.459627257  -412.342895036  -412.306413315  -412.306413315  -412.229494153
    85.000  -412.479456438  -412.355980090  -412.322566681  -412.322566681  -412.229981403
    85.500  -412.484605057  -412.354243718  -412.324164825  -412.324164825  -412.229770705
    86.000  -412.476967535  -412.339749067  -412.313016178  -412.313016178  -412.229304724
    86.500  -412.463266645  -412.319326650  -412.295770987  -412.295770987  -412.228821532
    87.000  -412.450876307  -412.300431158  -412.279744497  -412.279744497  -412.228492608
    87.500  -412.444837495  -412.288212376  -412.269966068  -412.269966068  -412.228437924
    88.000  -412.446018380  -412.283705155  -412.267371353  -412.267371353  -412.228585001
    88.500  -412.452114450  -412.284807793  -412.269789311  -412.269789311  -412.228738799
    89.000  -412.460450737  -412.289026694  -412.274689589  -412.274689589  -412.228800635
    89.500  -412.469609429  -412.295060131  -412.280753269  -412.280753269  -412.228803120
    90.000  -412.479161903  -412.302522609  -412.287579884  -412.287579884  -412.228817998
    90.500  -412.488670952  -412.310961266  -412.294696268  -412.294696268  -412.228909739
    91.000  -412.496716820  -412.318900455  -412.300621247  -412.300621247  -412.229128653
    91.500  -412.500264696  -412.323223100  -412.302283687  -412.302283687  -412.229444654
    92.000  -412.495469432  -412.319989254  -412.295890192  -412.295890192  -412.229571946
    92.500  -412.482171812  -412.308941326  -412.281475673  -412.281475673  -412.228990891
    93.000  -412.470260746  -412.299872390  -412.269245115  -412.269245115  -412.228018249
    93.500  -412.473284759  -412.306243977  -412.273019678  -412.273019678  -412.228209263
    94.000  -412.488629549  -412.325365555  -412.290189445  -412.290189445  -412.229272851
    94.500  -412.501100377  -412.341971319  -412.305304814  -412.305304814  -412.229695796
    95.000  -412.502908266  -412.348197138  -412.310268227  -412.310268227  -412.229469582
    95.500  -412.495929192  -412.345835194  -412.306720244  -412.306720244  -412.229174702
    96.000  -412.484079156  -412.338709076  -412.298418126  -412.298418126  -412.229045261
    96.500  -412.469541010  -412.328900487  -412.287431979  -412.287431979  -412.228969488
    97.000  -412.453964444  -412.317931673  -412.275325842  -412.275325842  -412.228764363
    97.500  -412.440763837  -412.309053182  -412.265449900  -412.265449900  -412.228459672
    98.000  -412.434502416  -412.306673444  -412.262322531  -412.262322531  -412.228311183
    98.500  -412.437335672  -412.312883472  -412.268070186  -412.268070186  -412.228454655
    99.000  -412.447144503  -412.325630509  -412.280559842  -412.280559842  -412.228729771
    99.500  -412.459650772  -412.340786158  -412.295519762  -412.295519762  -412.228956385
   100.000  -412.471043653  -412.354694656  -412.309163780  -412.309163780  -412.229135192
   100.500  -412.478266159  -412.364413712  -412.318472359  -412.318472359  -412.229360012
   101.000  -412.477989404  -412.366667074  -412.320171251  -412.320171251  -412.229630794
   101.500  -412.467069771  -412.358293626  -412.311207883  -412.311207883  -412.229641497
   102.000  -412.447223352  -412.340925276  -412.293442216  -412.293442216  -412.228911894
   102.500  -412.430429344  -412.326409010  -412.279019425  -412.279019425  -412.228000183
   103.000  -412.429512476  -412.327449680  -412.280818797  -412.280818797  -412.228360882
   103.500  -412.439919417  -412.339432546  -412.294116284  -412.294116284  -412.229296984
   104.000  -412.448138652  -412.348850507  -412.305095413  -412.305095413  -412.229511707
   104.500  -412.449288712  -412.350858766  -412.308621578  -412.308621578  -412.229248784
   105.000  -412.445812517  -412.347951324  -412.307005320  -412.307005320  -412.229037366
   105.500  -412.440264686  -412.342731236  -412.302767516  -412.302767516  -412.228997520
   106.000  -412.433132228  -412.335722183  -412.296401741  -412.296401741  -412.229024162
   106.500  -412.424134019  -412.326649606  -412.287632100  -412.287632100  -412.228995555
   107.000  -412.414026936  -412.316240478  -412.277191125  -412.277191125  -412.228824776
   107.500  -412.405798252  -412.307418574  -412.268013509  -412.268013509  -412.228520745
   108.000  -412.404269048  -412.304939619  -412.264863884  -412.264863884  -412.228270109
   108.500  -412.413182404  -412.312525903  -412.271470472  -412.271470472  -412.228316457
   109.000  -412.431740803  -412.329444134  -412.287100895  -412.287100895  -412.228663680
   109.500  -412.454546347  -412.350447181  -412.306495824  -412.306495824  -412.229097860
   110.000  -412.474627793  -412.368751626  -412.322867668  -412.322867668  -412.229488119
   110.500  -412.485691204  -412.378236030  -412.330125198  -412.330125198  -412.229811385
   111.000  -412.483085386  -412.374365157  -412.323849560  -412.323849560  -412.229884785
   111.500  -412.466882439  -412.357245516  -412.304404153  -412.304404153  -412.229286398
   112.000  -412.447084079  -412.336856268  -412.282113722  -412.282113722  -412.228217641
   112.500  -412.438999945  -412.328498547  -412.272522193  -412.272522193  -412.228041565
   113.000  -412.445355950  -412.334947976  -412.278388828  -412.278388828  -412.228815809
   113.500  -412.455267730  -412.345386963  -412.288713572  -412.288713572  -412.229276496
   114.000  -412.460633181  -412.351764663  -412.295253738  -412.295253738  -412.229224239
   114.500  -412.460713626  -412.353373420  -412.297170590  -412.297170590  -412.229029398
   115.000  -412.457638701  -412.352362957  -412.296527410  -412.296527410  -412.228875558
   115.500  -412.453449156  -412.350781187  -412.295305353  -412.295305353  -412.228792723
   116.000  -412.449377230  -412.349844263  -412.294666488  -412.294666488  -412.228773269
   116.500  -412.445866649  -412.349951153  -412.294959894  -412.294959894  -412.228797323
   117.000  -412.442834690  -412.350940859  -412.295977831  -412.295977831  -412.228833334
   117.500  -412.440135479  -412.352552475  -412.297415184  -412.297415184  -412.228838687
   118.000  -412.438167188  -412.355031146  -412.299479724  -412.299479724  -412.228780713
   118.500  -412.438239783  -412.359503960  -412.303274413  -412.303274413  -412.228703735
   119.000  -412.441722917  -412.367150993  -412.309982702  -412.309982702  -412.228785894
   119.500  -412.447463963  -412.376661473  -412.318334580  -412.318334580  -412.229179443
   120.000  -412.449940096  -412.382415701  -412.322791655  -412.322791655  -412.229696059
   120.500  -412.442348081  -412.377568662  -412.316632133  -412.316632133  -412.229785761
   121.000  -412.424530864  -412.361942984  -412.299833453  -412.299833453  -412.229068492
   121.500  -412.407350994  -412.346375044  -412.283389371  -412.283389371  -412.228260902
   122.000  -412.402039288  -412.342061658  -412.278606256  -412.278606256  -412.228452171
   122.500  -412.406111419  -412.346491282  -412.282991417  -412.282991417  -412.229090209
   123.000  -412.409935588  -412.350022352  -412.286837918  -412.286837918  -412.229294787
   123.500  -412.409112270  -412.348262519  -412.285644169  -412.285644169  -412.229121985
   124.000  -412.405090981  -412.342680138  -412.280762312  -412.280762312  -412.228872943
   124.500  -412.401087902  -412.336520738  -412.275335676  -412.275335676  -412.228688597
   125.000  -412.399708650  -412.332433256  -412.271936130  -412.271936130  -412.228593642
   125.500  -412.402340321  -412.331867863  -412.271961449  -412.271961449  -412.228571668
   126.000  -412.409276125  -412.335205386  -412.275762500  -412.275762500  -412.228598627
   126.500  -412.420033088  -412.342075710  -412.282957814  -412.282957814  -412.228656156
   127.000  -412.433625676  -412.351626967  -412.292697917  -412.292697917  -412.228739234
   127.500  -412.448665237  -412.362615246  -412.303749836  -412.303749836  -412.228855823
   128.000  -412.463300718  -412.373325811  -412.314416640  -412.314416640  -412.229008762
   128.500  -412.475263754  -412.381597714  -412.322560812  -412.322560812  -412.229171002
   129.000  -412.482313189  -412.385260355  -412.326041858  -412.326041858  -412.229299229
   129.500  -412.482885547  -412.382787024  -412.323380033  -412.323380033  -412.229357890
   130.000  -412.476742646  -412.373966619  -412.314443008  -412.314443008  -412.229231201
   130.500  -412.466638290  -412.361601393  -412.302146433  -412.302146433  -412.228765897
   131.000  -412.459598798  -412.352805235  -412.293730357  -412.293730357  -412.228352429
   131.500  -412.460979985  -412.353052335  -412.294750918  -412.294750918  -412.228647010
   132.000  -412.466372888  -412.358054008  -412.300911824  -412.300911824  -412.229228468
   132.500  -412.467013397  -412.359130453  -412.303438507  -412.303438507  -412.229386977
   133.000  -412.459574955  -412.352980055  -412.298892297  -412.298892297  -412.229163563
   133.500  -412.446593082  -412.342099213  -412.289632582  -412.289632582  -412.228863056
   134.000  -412.432349581  -412.330677469  -412.279732536  -412.279732536  -412.228643538
   134.500  -412.420274235  -412.322013684  -412.272410045  -412.272410045  -412.228531732
   135.000  -412.412286571  -412.317879029  -412.269391829  -412.269391829  -412.228506609
   135.500  -412.408971191  -412.318713250  -412.271105404  -412.271105404  -412.228541388
   136.000  -412.409938952  -412.324001498  -412.277043576  -412.277043576  -412.228615300
   136.500  -412.414153340  -412.332606173  -412.286080394  -412.286080394  -412.228716545
   137.000  -412.420129613  -412.342957855  -412.296656629  -412.296656629  -412.228848801
   137.500  -412.425925638  -412.353032773  -412.306758390  -412.306758390  -412.229028626
   138.000  -412.428984035  -412.360180905  -412.313757552  -412.313757552  -412.229253165
   138.500  -412.426323888  -412.361309980  -412.314614710  -412.314614710  -412.229431213
   139.000  -412.416026230  -412.354370190  -412.307382088  -412.307382088  -412.229344873
   139.500  -412.400284581  -412.341414844  -412.294265084  -412.294265084  -412.228834085
   140.000  -412.387013127  -412.330229974  -412.283217865  -412.283217865  -412.228262763
   140.500  -412.384232371  -412.328748446  -412.282290924  -412.282290924  -412.228341433
   141.000  -412.390864034  -412.335866634  -412.290388428  -412.290388428  -412.228945505
   141.500  -412.398324088  -412.343040683  -412.298864266  -412.298864266  -412.229338624
   142.000  -412.400283254  -412.344025453  -412.301317378  -412.301317378  -412.229305573
   142.500  -412.396398876  -412.338582849  -412.297348103  -412.297348103  -412.229066763
   143.000  -412.389695002  -412.329842009  -412.289948963  -412.289948963  -412.228827385
   143.500  -412.383549167  -412.321280253  -412.282488961  -412.282488961  -412.228665931
   144.000  -412.380338224  -412.315368075  -412.277356733  -412.277356733  -412.228588068
   144.500  -412.381211615  -412.313346677  -412.275733379  -412.275733379  -412.228577197
   145.000  -412.386272453  -412.315413927  -412.277776791  -412.277776791  -412.228616048
   145.500  -412.394824106  -412.320969491  -412.282869347  -412.282869347  -412.228690730
   146.000  -412.405590309  -412.328830470  -412.289839298  -412.289839298  -412.228791071
   146.500  -412.416911709  -412.337417776  -412.297149661  -412.297149661  -412.228910405
   147.000  -412.426892378  -412.344893226  -412.303038803  -412.303038803  -412.229050421
   147.500  -412.433464197  -412.349218292  -412.305576173  -412.305576173  -412.229207291
   148.000  -412.434620263  -412.348389605  -412.302887979  -412.302887979  -412.229302264
   148.500  -412.429776100  -412.341807434  -412.294509122  -412.294509122  -412.229120546
   149.000  -412.422639662  -412.333159050  -412.284238391  -412.284238391  -412.228593693
   149.500  -412.421223119  -412.330444167  -412.280136329  -412.280136329  -412.228283935
   150.000  -412.429871032  -412.338014009  -412.286545733  -412.286545733  -412.228644974
   150.500  -412.443481625  -412.350796055  -412.298333881  -412.298333881  -412.229161648
   151.000  -412.454045235  -412.360829708  -412.307476167  -412.307476167  -412.229350126
   151.500  -412.457758923  -412.364370649  -412.310202669  -412.310202669  -412.229251800
   152.000  -412.455221505  -412.362070656  -412.307183964  -412.307183964  -412.229041996
   152.500  -412.449059007  -412.356587606  -412.301126168  -412.301126168  -412.228839128
   153.000  -412.442085050  -412.350740298  -412.294900365  -412.294900365  -412.228698942
   153.500  -412.436361392  -412.346570749  -412.290582898  -412.290582898  -412.228635305
   154.000  -412.432903954  -412.345056135  -412.289155105  -412.289155105  -412.228639290
   154.500  -412.431754635  -412.346185324  -412.290582218  -412.290582218  -412.228693450
   155.000  -412.432217263  -412.349199692  -412.294063639  -412.294063639  -412.228778807
   155.500  -412.433141557  -412.352881918  -412.298334186  -412.298334186  -412.228880146
   156.000  -412.433158258  -412.355795118  -412.301917000  -412.301917000  -412.228995569
   156.500  -412.430757205  -412.356364637  -412.303210884  -412.303210884  -412.229132902
   157.000  -412.424316266  -412.352907480  -412.300522184  -412.300522184  -412.229251942
   157.500  -412.412956090  -412.344483809  -412.292916790  -412.292916790  -412.229162951
   158.000  -412.399291341  -412.333641722  -412.282966080  -412.282966080  -412.228687977
   158.500  -412.391056492  -412.328035752  -412.278358447  -412.278358447  -412.228274540
   159.000  -412.394201061  -412.333516983  -412.284966620  -412.284966620  -412.228606179
   159.500  -412.404184988  -412.345431170  -412.298121250  -412.298121250  -412.229213479
   160.000  -412.411952151  -412.354607496  -412.308610363  -412.308610363  -412.229385983
   160.500  -412.413830493  -412.357282129  -412.312632590  -412.312632590  -412.229224790
   161.000  -412.411222833  -412.354808835  -412.311516564  -412.311516564  -412.229039614
   161.500  -412.406448348  -412.349505352  -412.307553207  -412.307553207  -412.228919476
   162.000  -412.401147502  -412.343044757  -412.302374090  -412.302374090  -412.228830712
   162.500  -412.396548256  -412.336699687  -412.297198900  -412.297198900  -412.228752348
   163.000  -412.393738650  -412.331602020  -412.293102849  -412.293102849  -412.228692508
   163.500  -412.393552760  -412.328630470  -412.290912247  -412.290912247  -412.228662102
   164.000  -412.396383041  -412.328230581  -412.291034688  -412.291034688  -412.228664641
   164.500  -412.402109962  -412.330356831  -412.293400580  -412.293400580  -412.228701007
   165.000  -412.410073663  -412.334449508  -412.297441754  -412.297441754  -412.228783467
   165.500  -412.418896476  -412.339256125  -412.301919566  -412.301919566  -412.228937916
   166.000  -412.426201814  -412.342548124  -412.304646477  -412.304646477  -412.229151969
   166.500  -412.429023690  -412.341520878  -412.302898288  -412.302898288  -412.229269117
   167.000  -412.426269034  -412.335236128  -412.295871385  -412.295871385  -412.229009631
   167.500  -412.422346555  -412.328234867  -412.288273973  -412.288273973  -412.228446399
   168.000  -412.425265351  -412.328631049  -412.288348486  -412.288348486  -412.228324149
   168.500  -412.436602730  -412.338087158  -412.297764640  -412.297764640  -412.228866381
   169.000  -412.448677444  -412.348994871  -412.308786682  -412.308786682  -412.229326371
   169.500  -412.454236156  -412.354142822  -412.314033821  -412.314033821  -412.229334209
   170.000  -412.452337176  -412.352583145  -412.312423810  -412.312423810  -412.229083758
   170.500  -412.446229746  -412.347509217  -412.307082627  -412.307082627  -412.228822564
   171.000  -412.439675090  -412.342596899  -412.301674538  -412.301674538  -412.228687651
   171.500  -412.434725197  -412.339805017  -412.298184055  -412.298184055  -412.228697639
   172.000  -412.431344370  -412.339008699  -412.296527192  -412.296527192  -412.228774576
   172.500  -412.428471036  -412.339055088  -412.295599095  -412.295599095  -412.228827131
   173.000  -412.425347669  -412.339081953  -412.294587598  -412.294587598  -412.228818051
   173.500  -412.422127251  -412.339123184  -412.293568557  -412.293568557  -412.228766033
   174.000  -412.419625938  -412.339866876  -412.293260810  -412.293260810  -412.228724030
   174.500  -412.418542354  -412.341884855  -412.294254024  -412.294254024  -412.228754737
   175.000  -412.418551016  -412.344737910  -412.296116899  -412.296116899  -412.228891854
   175.500  -412.417894756  -412.346576644  -412.297007200  -412.297007200  -412.229076148
   176.000  -412.414402709  -412.345164811  -412.294707718  -412.294707718  -412.229104911
   176.500  -412.408418430  -412.340812306  -412.289562787  -412.289562787  -412.228777431
   177.000  -412.405069443  -412.338643037  -412.286745150  -412.286745150  -412.228366014
   177.500  -412.409989422  -412.344313003  -412.291943439  -412.291943439  -412.228490059
   178.000  -412.421332525  -412.356006624  -412.303338460  -412.303338460  -412.229019901
   178.500  -412.431405438  -412.366052005  -412.313223917  -412.313223917  -412.229335804
   179.000  -412.434956767  -412.369201178  -412.316316563  -412.316316563  -412.229306826
   179.500  -412.431751229  -412.365205918  -412.312349034  -412.312349034  -412.229114372
   180.000  -412.424378334  -412.356630458  -412.303884595  -412.303884595  -412.228885439
   180.500  -412.416261401  -412.346868527  -412.294325100  -412.294325100  -412.228677086
   181.000  -412.410581685  -412.339079171  -412.286840102  -412.286840102  -412.228545475
   181.500  -412.409358989  -412.335279202  -412.283451252  -412.283451252  -412.228527779
   182.000  -412.412883241  -412.335784761  -412.284472879  -412.284472879  -412.228597929
   182.500  -412.420062277  -412.339557891  -412.288857298  -412.288857298  -412.228697121
   183.000  -412.429252187  -412.345029402  -412.295017983  -412.295017983  -412.228804363
   183.500  -412.438619556  -412.350452797  -412.301186110  -412.301186110  -412.228942970
   184.000  -412.445933795  -412.353691655  -412.305201999  -412.305201999  -412.229117973
   184.500  -412.448661344  -412.352310209  -412.304615696  -412.304615696  -412.229239064
   185.000  -412.445411275  -412.345008540  -412.298147390  -412.298147390  -412.229111037
   185.500  -412.438597161  -412.334268947  -412.288353050  -412.288353050  -412.228669965
   186.000  -412.434710898  -412.326614712  -412.281882348  -412.281882348  -412.228342816
   186.500  -412.438237166  -412.326531610  -412.283346087  -412.283346087  -412.228553931
   187.000  -412.446276872  -412.331139987  -412.289876866  -412.289876866  -412.228953498
   187.500  -412.452974456  -412.334671054  -412.295536282  -412.295536282  -412.229102137
   188.000  -412.455646111  -412.334589322  -412.297483134  -412.297483134  -412.229039531
   188.500  -412.454789496  -412.331532047  -412.296052138  -412.296052138  -412.228948070
   189.000  -412.451638748  -412.326809153  -412.292355020  -412.292355020  -412.228898474
   189.500  -412.447063780  -412.321297012  -412.287178828  -412.287178828  -412.228856585
   190.000  -412.441930840  -412.315805348  -412.281340660  -412.281340660  -412.228767598
   190.500  -412.437794031  -412.311796160  -412.276377010  -412.276377010  -412.228628882
   191.000  -412.436836350  -412.311359848  -412.274488691  -412.274488691  -412.228518182
   191.500  -412.440681315  -412.316048643  -412.277357866  -412.277357866  -412.228531793
   192.000  -412.449033274  -412.325528592  -412.284776001  -412.284776001  -412.228681428
   192.500  -412.459518178  -412.337406152  -412.294463429  -412.294463429  -412.228901605
   193.000  -412.468668746  -412.348187033  -412.303033074  -412.303033074  -412.229127866
   193.500  -412.473042632  -412.354367402  -412.307095472  -412.307095472  -412.229294507
   194.000  -412.470440827  -412.353642155  -412.304481460  -412.304481460  -412.229261559
   194.500  -412.461994077  -412.347007495  -412.296338568  -412.296338568  -412.228893146
   195.000  -412.453563153  -412.340196525  -412.288532996  -412.288532996  -412.228444331
   195.500  -412.451613811  -412.339597869  -412.287499174  -412.287499174  -412.228480320
   196.000  -412.455792504  -412.344844679  -412.292784204  -412.292784204  -412.228912657
   196.500  -412.460045823  -412.349907904  -412.298174799  -412.298174799  -412.229166279
   197.000  -412.460251906  -412.350687071  -412.299380155  -412.299380155  -412.229110238
   197.500  -412.456631435  -412.347401453  -412.296490965  -412.296490965  -412.228950486
   198.000  -412.451209448  -412.342057893  -412.291457352  -412.291457352  -412.228837363
   198.500  -412.445583663  -412.336230785  -412.285848614  -412.285848614  -412.228792405
   199.000  -412.440473757  -412.330615078  -412.280385752  -412.280385752  -412.228774068
   199.500  -412.436281967  -412.325591844  -412.275482521  -412.275482521  -412.228730435
   200.000  -412.433804062  -412.321931096  -412.271952565  -412.271952565  -412.228639947
   200.500  -412.434489634  -412.321058295  -412.271274893  -412.271274893  -412.228536943
   201.000  -412.439838973  -412.324456712  -412.275011773  -412.275011773  -412.228514786
   201.500  -412.450016851  -412.332305800  -412.283435455  -412.283435455  -412.228659798
   202.000  -412.462679480  -412.342333595  -412.294349315  -412.294349315  -412.228959667
   202.500  -412.473301643  -412.350147973  -412.303397690  -412.303397690  -412.229270878
   203.000  -412.477435707  -412.351448054  -412.306324599  -412.306324599  -412.229349802
   203.500  -412.474364654  -412.345633610  -412.302620558  -412.302620558  -412.228995392
   204.000  -412.469475865  -412.338161005  -412.297871299  -412.297871299  -412.228498432
   204.500  -412.469627427  -412.335951670  -412.299050397  -412.299050397  -412.228550040
   205.000  -412.474179533  -412.338458223  -412.305474237  -412.305474237  -412.229051716
   205.500  -412.476227566  -412.338886459  -412.310035606  -412.310035606  -412.229320164
   206.000  -412.471548765  -412.333099617  -412.308243250  -412.308243250  -412.229216349
   206.500  -412.461240433  -412.322258295  -412.300934408  -412.300934408  -412.228974800
   207.000  -412.448757520  -412.309863180  -412.291359928  -412.291359928  -412.228767343
   207.500  -412.437281332  -412.299126641  -412.282570179  -412.282570179  -412.228642415
   208.000  -412.428820811  -412.292085025  -412.276510681  -412.276510681  -412.228590408
   208.500  -412.424260867  -412.289673677  -412.274050597  -412.274050597  -412.228590320
   209.000  -412.423647789  -412.292024769  -412.275256556  -412.275256556  -412.228625448
   209.500  -412.426432648  -412.298669969  -412.279645822  -412.279645822  -412.228680064
   210.000  -412.431729725  -412.308735890  -412.286439790  -412.286439790  -412.228733596
   210.500  -412.438644508  -412.321230961  -412.294858275  -412.294858275  -412.228783766
   211.000  -412.446304962  -412.335069413  -412.304125273  -412.304125273  -412.228883433
   211.500  -412.453157240  -412.348410345  -412.312767850  -412.312767850  -412.229093431
   212.000  -412.456350242  -412.358119866  -412.317999509  -412.317999509  -412.229311609
   212.500  -412.453504937  -412.361626881  -412.317473752  -412.317473752  -412.229207172
   213.000  -412.447073239  -412.361283794  -412.313633050  -412.313633050  -412.228704447
   213.500  -412.444367306  -412.364358924  -412.313724790  -412.313724790  -412.228514021
   214.000  -412.447924329  -412.373356577  -412.320145833  -412.320145833  -412.229015233
   214.500  -412.450854768  -412.381330122  -412.325797811  -412.325797811  -412.229466396
   215.000  -412.446258474  -412.381281425  -412.323559558  -412.323559558  -412.229434330
   215.500  -412.433806032  -412.372755857  -412.312927837  -412.312927837  -412.229135195
   216.000  -412.417466789  -412.359597740  -412.297774590  -412.297774590  -412.228815561
   216.500  -412.401915464  -412.346379442  -412.282748679  -412.282748679  -412.228570669
   217.000  -412.390866680  -412.336746505  -412.271588097  -412.271588097  -412.228423431
   217.500  -412.386570160  -412.332913705  -412.266591104  -412.266591104  -412.228379993
   218.000  -412.389677654  -412.335531585  -412.268459297  -412.268459297  -412.228433319
   218.500  -412.399339023  -412.343780799  -412.276381944  -412.276381944  -412.228562096
   219.000  -412.413526564  -412.355695041  -412.288359008  -412.288359008  -412.228741268
   219.500  -412.429438075  -412.368561302  -412.301611290  -412.301611290  -412.228955142
   220.000  -412.443794724  -412.379212119  -412.312891399  -412.312891399  -412.229194837
   220.500  -412.453106876  -412.384285076  -412.318762042  -412.318762042  -412.229420568
   221.000  -412.454491918  -412.381036779  -412.316428054  -412.316428054  -412.229480730
   221.500  -412.448116917  -412.369787243  -412.306192114  -412.306192114  -412.229098737
   222.000  -412.440703677  -412.357429138  -412.294968869  -412.294968869  -412.228358042
   222.500  -412.442955846  -412.354851579  -412.293689958  -412.293689958  -412.228215810
   223.000  -412.456526359  -412.363893385  -412.304214632  -412.304214632  -412.228979402
   223.500  -412.470373561  -412.373684281  -412.315642982  -412.315642982  -412.229583558
   224.000  -412.474578910  -412.374453871  -412.318133698  -412.318133698  -412.229570213
   224.500  -412.467862515  -412.365035296  -412.310435331  -412.310435331  -412.229262218
   225.000  -412.454027328  -412.349298600  -412.296337366  -412.296337366  -412.228937225
   225.500  -412.437809789  -412.331999849  -412.280526274  -412.280526274  -412.228670622
   226.000  -412.423381719  -412.317292527  -412.267096691  -412.267096691  -412.228468623
   226.500  -412.413993444  -412.308389617  -412.259211108  -412.259211108  -412.228350750
   227.000  -412.411571987  -412.307184083  -412.258715830  -412.258715830  -412.228343533
   227.500  -412.416300642  -412.313843572  -412.265735770  -412.265735770  -412.228442899
   228.000  -412.426676049  -412.326868111  -412.278734870  -412.278734870  -412.228611589
   228.500  -412.440068113  -412.343631164  -412.295063520  -412.295063520  -412.228820515
   229.000  -412.453222976  -412.360853805  -412.311435154  -412.311435154  -412.229077130
   229.500  -412.462311915  -412.374623272  -412.323950489  -412.323950489  -412.229395806
   230.000  -412.463012706  -412.380458642  -412.328166907  -412.328166907  -412.229684217
   230.500  -412.452252021  -412.375051699  -412.320854286  -412.320854286  -412.229609244
   231.000  -412.433005251  -412.361090253  -412.304828372  -412.304828372  -412.228863309
   231.500  -412.417253766  -412.350257665  -412.291945780  -412.291945780  -412.228120891
   232.000  -412.415630885  -412.352926252  -412.292753525  -412.292753525  -412.228441677
   232.500  -412.423940529  -412.364710028  -412.302987555  -412.302987555  -412.229205452
   233.000  -412.430747014  -412.374063294  -412.311162917  -412.311162917  -412.229497697
   233.500  -412.430323888  -412.375213545  -412.311527978  -412.311527978  -412.229376068
   234.000  -412.423339160  -412.368812290  -412.304745579  -412.304745579  -412.229126444
   234.500  -412.413017321  -412.358071479  -412.294036934  -412.294036934  -412.228883249
   235.000  -412.402905811  -412.346523041  -412.282926519  -412.282926519  -412.228688975
   235.500  -412.396021343  -412.337173506  -412.274377660  -412.274377660  -412.228558720
   236.000  -412.394501177  -412.332173132  -412.270445787  -412.270445787  -412.228492459
   236.500  -412.399491857  -412.332723155  -412.272192069  -412.272192069  -412.228488474
   237.000  -412.411075936  -412.339015379  -412.279651325  -412.279651325  -412.228558263
   237.500  -412.428080769  -412.350045241  -412.291676269  -412.291676269  -412.228710469
   238.000  -412.447960326  -412.363485975  -412.305842495  -412.305842495  -412.228941604
   238.500  -412.466913234  -412.375792534  -412.318562003  -412.318562003  -412.229249115
   239.000  -412.480127072  -412.382424431  -412.325310214  -412.325310214  -412.229594431
   239.500  -412.482821139  -412.378864715  -412.321644203  -412.321644203  -412.229738777
   240.000  -412.474180822  -412.364529015  -412.307112603  -412.307112603  -412.229229704
   240.500  -412.463016626  -412.348408731  -412.290867951  -412.290867951  -412.228305388
   241.000  -412.462515478  -412.343808761  -412.286349107  -412.286349107  -412.228350809
   241.500  -412.472224228  -412.350330638  -412.293184431  -412.293184431  -412.229216037
   242.000  -412.479906919  -412.355742410  -412.299065162  -412.299065162  -412.229507461
   242.500  -412.479808869  -412.354267951  -412.298113785  -412.298113785  -412.229198489
   243.000  -412.474884988  -412.348839645  -412.293212191  -412.293212191  -412.228890015
   243.500  -412.468996308  -412.343310714  -412.288222758  -412.288222758  -412.228793656
   244.000  -412.463414706  -412.338955356  -412.284455491  -412.284455491  -412.228797583
   244.500  -412.457998288  -412.335626307  -412.281784478  -412.281784478  -412.228796567
   245.000  -412.452704233  -412.333250891  -412.280109861  -412.280109861  -412.228771891
   245.500  -412.447981816  -412.332217376  -412.279736876  -412.279736876  -412.228722103
   246.000  -412.444766770  -412.333371449  -412.281394523  -412.281394523  -412.228653994
   246.500  -412.444269663  -412.337811695  -412.286062545  -412.286062545  -412.228618019
   247.000  -412.447170295  -412.346093076  -412.294202639  -412.294202639  -412.228694867
   247.500  -412.452449732  -412.357066050  -412.304614395  -412.304614395  -412.228934875
   248.000  -412.456741425  -412.367227199  -412.313791945  -412.313791945  -412.229310697
   248.500  -412.455003666  -412.371383902  -412.316591196  -412.316591196  -412.229644496
   249.000  -412.443643687  -412.365771952  -412.309347918  -412.309347918  -412.229497120
   249.500  -412.426794683  -412.354330787  -412.296155216  -412.296155216  -412.228616088
   250.000  -412.417969868  -412.350369725  -412.290510945  -412.290510945  -412.228099976
   250.500  -412.424276395  -412.360801542  -412.299499655  -412.299499655  -412.228901010
   251.000  -412.434696189  -412.374445149  -412.312052637  -412.312052637  -412.229730032
   251.500  -412.436317922  -412.378261433  -412.315208858  -412.315208858  -412.229721833
   252.000  -412.427654395  -412.370661023  -412.307447100  -412.307447100  -412.229222830
   252.500  -412.415233932  -412.358088079  -412.295261978  -412.295261978  -412.228695677
   253.000  -412.406600719  -412.348033846  -412.286144606  -412.286144606  -412.228448469
   253.500  -412.405435897  -412.344190756  -412.283693142  -412.283693142  -412.228548439
   254.000  -412.410381486  -412.345302287  -412.286467849  -412.286467849  -412.228794934
   254.500  -412.417740107  -412.347864171  -412.290733652  -412.290733652  -412.228957196
   255.000  -412.424818480  -412.349442932  -412.293840238  -412.293840238  -412.228957086
   255.500  -412.431237821  -412.349946586  -412.295539195  -412.295539195  -412.228845234
   256.000  -412.438297872  -412.350956928  -412.297323423  -412.297323423  -412.228735466
   256.500  -412.447295899  -412.354023172  -412.300716465  -412.300716465  -412.228757873
   257.000  -412.457634057  -412.358755192  -412.305358602  -412.305358602  -412.228986510
   257.500  -412.465871497  -412.361867298  -412.308046618  -412.308046618  -412.229355409
   258.000  -412.467018429  -412.358465428  -412.304027897  -412.304027897  -412.229567587
   258.500  -412.459254100  -412.346760045  -412.291724487  -412.291724487  -412.229134840
   259.000  -412.450254640  -412.334406942  -412.279058392  -412.279058392  -412.228203397
   259.500  -412.453248875  -412.334613740  -412.279474302  -412.279474302  -412.228147764
   260.000  -412.468805537  -412.347992779  -412.293661427  -412.293661427  -412.229093548
   260.500  -412.483302890  -412.361043412  -412.307979984  -412.307979984  -412.229665807
   261.000  -412.486949340  -412.364109815  -412.312501439  -412.312501439  -412.229583536
   261.500  -412.479628319  -412.357140211  -412.306907815  -412.306907815  -412.229249407
   262.000  -412.466005221  -412.344754403  -412.295652973  -412.295652973  -412.228871276
   262.500  -412.451952712  -412.332678940  -412.284424725  -412.284424725  -412.228535876
   263.000  -412.442700011  -412.325974596  -412.278309254  -412.278309254  -412.228391902
   263.500  -412.440497090  -412.326763611  -412.279470352  -412.279470352  -412.228525652
   264.000  -412.443438643  -412.333082603  -412.285974420  -412.285974420  -412.228787722
   264.500  -412.447589338  -412.340991900  -412.293885783  -412.293885783  -412.228957827
   265.000  -412.450212426  -412.347756803  -412.300451856  -412.300451856  -412.228967974
   265.500  -412.450948019  -412.352986886  -412.305256030  -412.305256030  -412.228899991
   266.000  -412.450731076  -412.357541598  -412.309130791  -412.309130791  -412.228898434
   266.500  -412.449680814  -412.361421747  -412.312065614  -412.312065614  -412.229091644
   267.000  -412.445358934  -412.362039313  -412.311495411  -412.311495411  -412.229450107
   267.500  -412.433606634  -412.355068589  -412.303173329  -412.303173329  -412.229594984
   268.000  -412.414340483  -412.340260062  -412.286991177  -412.286991177  -412.228955564
   268.500  -412.398386334  -412.328292583  -412.273807348  -412.273807348  -412.228012238
   269.000  -412.398943818  -412.332246563  -412.276851586  -412.276851586  -412.228309203
   269.500  -412.411997463  -412.348010436  -412.292061910  -412.292061910  -412.229289234
   270.000  -412.423038784  -412.360996240  -412.304823192  -412.304823192  -412.229597580
   270.500  -412.425556200  -412.364632365  -412.308525089  -412.308525089  -412.229377672
   271.000  -412.421300933  -412.360629920  -412.304853795  -412.304853795  -412.229116213
   271.500  -412.413756898  -412.352449351  -412.297245770  -412.297245770  -412.228936064
   272.000  -412.405832404  -412.342985656  -412.288562430  -412.288562430  -412.228756842
   272.500  -412.400574333  -412.335286471  -412.281795024  -412.281795024  -412.228547222
   273.000  -412.401290159  -412.332690428  -412.280201666  -412.280201666  -412.228440430
   273.500  -412.409556280  -412.336867983  -412.285346269  -412.285346269  -412.228567236
   274.000  -412.423434159  -412.346061618  -412.295349435  -412.295349435  -412.228830959
   274.500  -412.438800695  -412.356408398  -412.306233072  -412.306233072  -412.229029651
   275.000  -412.452237651  -412.364788823  -412.314792806  -412.314792806  -412.229100653
   275.500  -412.462137655  -412.369882946  -412.319669248  -412.319669248  -412.229140780
   276.000  -412.467518201  -412.370943718  -412.320132049  -412.320132049  -412.229284768
   276.500  -412.466336925  -412.366096960  -412.314382442  -412.314382442  -412.229514068
   277.000  -412.456224396  -412.353065104  -412.300294385  -412.300294385  -412.229437647
   277.500  -412.440192449  -412.334885504  -412.281128409  -412.281128409  -412.228609046
   278.000  -412.431132824  -412.324427971  -412.270013789  -412.270013789  -412.227878181
   278.500  -412.438948201  -412.331561930  -412.277000029  -412.277000029  -412.228491890
   279.000  -412.455169195  -412.347802860  -412.293600370  -412.293600370  -412.229378822
   279.500  -412.466109830  -412.359471904  -412.305979487  -412.305979487  -412.229524197
   280.000  -412.467665307  -412.362477112  -412.309829828  -412.309829828  -412.229274299
   280.500  -412.462331700  -412.359304527  -412.307441465  -412.307441465  -412.229045501
   281.000  -412.453223928  -412.353020351  -412.301732300  -412.301732300  -412.228927376
   281.500  -412.442281254  -412.345468776  -412.294446872  -412.294446872  -412.228859680
   282.000  -412.430890598  -412.337892870  -412.286771702  -412.286771702  -412.228764248
   282.500  -412.420894421  -412.331947490  -412.280346245  -412.280346245  -412.228614935
   283.000  -412.414816993  -412.329943409  -412.277511493  -412.277511493  -412.228486760
   283.500  -412.414704928  -412.333730451  -412.280175832  -412.280175832  -412.228500093
   284.000  -412.420421950  -412.343031961  -412.288130824  -412.288130824  -412.228678165
   284.500  -412.429333241  -412.355143328  -412.298729473  -412.298729473  -412.228925607
   285.000  -412.437647324  -412.366249467  -412.308206060  -412.308206060  -412.229173179
   285.500  -412.441555904  -412.372527181  -412.312794820  -412.312794820  -412.229438466
   286.000  -412.437371575  -412.370255677  -412.308868365  -412.308868365  -412.229668437
   286.500  -412.422895154  -412.357177455  -412.294322592  -412.294322592  -412.229483187
   287.000  -412.402889635  -412.337980979  -412.274063640  -412.274063640  -412.228528048
   287.500  -412.392059016  -412.327299336  -412.262947680  -412.262947680  -412.227841880
   288.000  -412.399777635  -412.334453679  -412.270400666  -412.270400666  -412.228586630
   288.500  -412.415837422  -412.349197575  -412.286096841  -412.286096841  -412.229474292
   289.000  -412.426404215  -412.357678477  -412.295976874  -412.295976874  -412.229551131
   289.500  -412.428325389  -412.356749293  -412.296683122  -412.296683122  -412.229223630
   290.000  -412.425209177  -412.350058641  -412.291707165  -412.291707165  -412.228912195
   290.500  -412.421258136  -412.341899608  -412.285224853  -412.285224853  -412.228725150
   291.000  -412.419123720  -412.335063144  -412.279946376  -412.279946376  -412.228648701
   291.500  -412.419873111  -412.330801609  -412.277057049  -412.277057049  -412.228648282
   292.000  -412.423437878  -412.329258153  -412.276646008  -412.276646008  -412.228690084
   292.500  -412.429147687  -412.329979882  -412.278213907  -412.278213907  -412.228732559
   293.000  -412.436370750  -412.332533735  -412.281291394  -412.281291394  -412.228732989
   293.500  -412.445109982  -412.337088765  -412.286023300  -412.286023300  -412.228689806
   294.000  -412.455937581  -412.344354789  -412.293106846  -412.293106846  -412.228692101
   294.500  -412.468661578  -412.354265776  -412.302478603  -412.302478603  -412.228875816
   295.000  -412.480473780  -412.364134108  -412.311488950  -412.311488950  -412.229270171
   295.500  -412.485823534  -412.368510357  -412.314776112  -412.314776112  -412.229665297
   296.000  -412.479922100  -412.362652301  -412.307750281  -412.307750281  -412.229572377
   296.500  -412.465872700  -412.349643572  -412.293687812  -412.293687812  -412.228654121
   297.000  -412.457634843  -412.343376031  -412.286655121  -412.286655121  -412.227966086
   297.500  -412.464553937  -412.353104937  -412.295982118  -412.295982118  -412.228679814
   298.000  -412.476908318  -412.369012406  -412.311781407  -412.311781407  -412.229553757
   298.500  -412.481219922  -412.377514512  -412.320328098  -412.320328098  -412.229620752
   299.000  -412.474658130  -412.375662542  -412.318544427  -412.318544427  -412.229263575
   299.500  -412.461444260  -412.367552232  -412.310443037  -412.310443037  -412.228909129
   300.000  -412.446612260  -412.358090031  -412.300886994  -412.300886994  -412.228681657
   300.500  -412.433669279  -412.350660048  -412.293240023  -412.293240023  -412.228572296
   301.000  -412.424436065  -412.346964892  -412.289195096  -412.289195096  -412.228552315
   301.500  -412.419381534  -412.347355646  -412.289095272  -412.289095272  -412.228601037
   302.000  -412.417936277  -412.351140472  -412.292236391  -412.292236391  -412.228699710
   302.500  -412.418798479  -412.356884737  -412.297177127  -412.297177127  -412.228820155
   303.000  -412.420386880  -412.362867576  -412.302208678  -412.302208678  -412.228919258
   303.500  -412.421461777  -412.367710174  -412.306005000  -412.306005000  -412.228972564
   304.000  -412.421429970  -412.370697740  -412.307949572  -412.307949572  -412.229041436
   304.500  -412.419476706  -412.370929619  -412.307274233  -412.307274233  -412.229249333
   305.000  -412.413198026  -412.365962163  -412.301679633  -412.301679633  -412.229484592
   305.500  -412.400874200  -412.354078121  -412.289578663  -412.289578663  -412.229166005
   306.000  -412.389079412  -412.341874842  -412.277675142  -412.277675142  -412.228211247
   306.500  -412.391448805  -412.343012798  -412.279673360  -412.279673360  -412.228137619
   307.000  -412.408695870  -412.358226292  -412.296230096  -412.296230096  -412.229193606
   307.500  -412.425710565  -412.372427334  -412.312059435  -412.312059435  -412.229754214
   308.000  -412.432502792  -412.375656073  -412.316977109  -412.316977109  -412.229544194
   308.500  -412.430265881  -412.369148097  -412.312038903  -412.312038903  -412.229126619
   309.000  -412.424333049  -412.358296860  -412.302521410  -412.302521410  -412.228802921
   309.500  -412.419289826  -412.347772614  -412.293034346  -412.293034346  -412.228614792
   310.000  -412.417875083  -412.340427606  -412.286414466  -412.286414466  -412.228529731
   310.500  -412.421256873  -412.337572869  -412.283991157  -412.283991157  -412.228516014
   311.000  -412.429448721  -412.339390199  -412.285989630  -412.285989630  -412.228556098
   311.500  -412.441579463  -412.345196668  -412.291786071  -412.291786071  -412.228643313
   312.000  -412.456045184  -412.353585039  -412.300037493  -412.300037493  -412.228773122
   312.500  -412.470638103  -412.362540706  -412.308792300  -412.308792300  -412.228936636
   313.000  -412.482770144  -412.369650487  -412.315691848  -412.315691848  -412.229115150
   313.500  -412.489842989  -412.372457273  -412.318324097  -412.318324097  -412.229287372
   314.000  -412.489673927  -412.368876113  -412.314643537  -412.314643537  -412.229423938
   314.500  -412.481177293  -412.357876717  -412.303664291  -412.303664291  -412.229368419
   315.000  -412.466893411  -412.342028954  -412.288012229  -412.288012229  -412.228780617
   315.500  -412.456750612  -412.331289568  -412.277686556  -412.277686556  -412.228017303
   316.000  -412.461260199  -412.336209549  -412.283222090  -412.283222090  -412.228385103
   316.500  -412.475091598  -412.351505149  -412.299232825  -412.299232825  -412.229412244
   317.000  -412.483096199  -412.362062378  -412.310460637  -412.310460637  -412.229744152
   317.500  -412.478545422  -412.361147385  -412.310056687  -412.310056687  -412.229448591
   318.000  -412.464284228  -412.351541543  -412.300742470  -412.300742470  -412.229042661
   318.500  -412.445829468  -412.338637666  -412.287893440  -412.287893440  -412.228746025
   319.000  -412.427659554  -412.326736808  -412.275820253  -412.275820253  -412.228575332
   319.500  -412.412584227  -412.318432033  -412.267136427  -412.267136427  -412.228496205
   320.000  -412.402086098  -412.314966364  -412.263108357  -412.263108357  -412.228477167
   320.500  -412.396718211  -412.316646965  -412.264069425  -412.264069425  -412.228499310
   321.000  -412.396358185  -412.323115125  -412.269691450  -412.269691450  -412.228555562
   321.500  -412.400305397  -412.333454648  -412.279097236  -412.279097236  -412.228651599
   322.000  -412.407214191  -412.346136156  -412.290803616  -412.290803616  -412.228804655
   322.500  -412.414879544  -412.358802943  -412.302512101  -412.302512101  -412.229036024
   323.000  -412.420033587  -412.368068919  -412.310906285  -412.310906285  -412.229339115
   323.500  -412.418676883  -412.369844544  -412.311978014  -412.311978014  -412.229606926
   324.000  -412.408014447  -412.361269272  -412.302957863  -412.302957863  -412.229532298
   324.500  -412.391054722  -412.345312241  -412.286910149  -412.286910149  -412.228770145
   325.000  -412.380274715  -412.334449281  -412.276384226  -412.276384226  -412.227904603
   325.500  -412.387821687  -412.340876871  -412.283580253  -412.283580253  -412.228311512
   326.000  -412.407976566  -412.358977137  -412.302777714  -412.302777714  -412.229399019
   326.500  -412.424591234  -412.372744548  -412.317787310  -412.317787310  -412.229786607
   327.000  -412.429929178  -412.374606822  -412.320844523  -412.320844523  -412.229530929
   327.500  -412.426012326  -412.366748781  -412.313983622  -412.313983622  -412.229138678
   328.000  -412.417864641  -412.354338750  -412.302275351  -412.302275351  -412.228837434
   328.500  -412.409729745  -412.341739999  -412.290027654  -412.290027654  -412.228653941
   329.000  -412.404308564  -412.331752778  -412.280013657  -412.280013657  -412.228557530
   329.500  -412.403041588  -412.325909224  -412.273760083  -412.273760083  -412.228514862
   330.000  -412.406533776  -412.324915193  -412.271986434  -412.271986434  -412.228502628
   330.500  -412.414858050  -412.328964235  -412.274923515  -412.274923515  -412.228515143
   331.000  -412.427621274  -412.337803475  -412.282381500  -412.282381500  -412.228569193
   331.500  -412.443724397  -412.350481520  -412.293497096  -412.293497096  -412.228701327
   332.000  -412.460882620  -412.364850506  -412.306226662  -412.306226662  -412.228951345
   332.500  -412.475166012  -412.377091056  -412.316858329  -412.316858329  -412.229330009
   333.000  -412.481126502  -412.381824690  -412.320111319  -412.320111319  -412.229733662
   333.500  -412.473843785  -412.374149550  -412.311160171  -412.311160171  -412.229785725
   334.000  -412.454715080  -412.355429041  -412.291413232  -412.291413232  -412.228985790
   334.500  -412.437213842  -412.339065710  -412.274276659  -412.274276659  -412.227885547
   335.000  -412.437240830  -412.340884169  -412.275533243  -412.275533243  -412.228060539
   335.500  -412.452711414  -412.358746458  -412.292973697  -412.292973697  -412.229088302
   336.000  -412.468480565  -412.377479155  -412.311362039  -412.311362039  -412.229606274
   336.500  -412.474981456  -412.387484618  -412.321067153  -412.321067153  -412.229548535
   337.000  -412.471331543  -412.387812774  -412.321125984  -412.321125984  -412.229302096
   337.500  -412.460381506  -412.381186667  -412.314256128  -412.314256128  -412.229061459
   338.000  -412.445535170  -412.370823611  -412.303675651  -412.303675651  -412.228868262
   338.500  -412.429801037  -412.359505878  -412.292180501  -412.292180501  -412.228715271
   339.000  -412.415692343  -412.349508661  -412.282080506  -412.282080506  -412.228594138
   339.500  -412.405244082  -412.342646521  -412.275241574  -412.275241574  -412.228507983
   340.000  -412.399911450  -412.340192005  -412.272994308  -412.272994308  -412.228468781
   340.500  -412.400369743  -412.342687192  -412.275930713  -412.275930713  -412.228489811
   341.000  -412.406325045  -412.349756743  -412.283700707  -412.283700707  -412.228583039
   341.500  -412.416353999  -412.359944343  -412.294840784  -412.294840784  -412.228766083
   342.000  -412.427702430  -412.370505872  -412.306569523  -412.306569523  -412.229056051
   342.500  -412.436208707  -412.377327994  -412.314716667  -412.314716667  -412.229405287
   343.000  -412.437351702  -412.375970011  -412.314783711  -412.314783711  -412.229561750
   343.500  -412.430161038  -412.365566458  -412.305862521  -412.305862521  -412.229116915
   344.000  -412.422179133  -412.353780024  -412.295590467  -412.295590467  -412.228327100
   344.500  -412.424540575  -412.351871304  -412.295197910  -412.295197910  -412.228348222
   345.000  -412.437244528  -412.359963515  -412.304746783  -412.304746783  -412.229036280
   345.500  -412.450720261  -412.368613914  -412.314714314  -412.314714314  -412.229346216
   346.000  -412.459219892  -412.372223764  -412.319441461  -412.319441461  -412.229277211
   346.500  -412.462351742  -412.370578247  -412.318696069  -412.318696069  -412.229167932
   347.000  -412.460899241  -412.364647964  -412.313467239  -412.313467239  -412.229068745
   347.500  -412.455810443  -412.355548351  -412.304903772  -412.304903772  -412.228933751
   348.000  -412.448715637  -412.345035300  -412.294788481  -412.294788481  -412.228774321
   348.500  -412.441773209  -412.335347403  -412.285364718  -412.285364718  -412.228635455
   349.000  -412.436995770  -412.328542096  -412.278666057  -412.278666057  -412.228548460
   349.500  -412.435722998  -412.325983790  -412.276009404  -412.276009404  -412.228518313
   350.000  -412.438467170  -412.328201102  -412.277866748  -412.277866748  -412.228538888
   350.500  -412.444935148  -412.334914826  -412.283914096  -412.283914096  -412.228617599
   351.000  -412.453911686  -412.344920076  -412.292927417  -412.292927417  -412.228785310
   351.500  -412.462859507  -412.355678796  -412.302386292  -412.302386292  -412.229080803
   352.000  -412.467567736  -412.362958116  -412.308111127  -412.308111127  -412.229464990
   352.500  -412.463203890  -412.361871011  -412.305298455  -412.305298455  -412.229634741
   353.000  -412.449135876  -412.351686948  -412.293323884  -412.293323884  -412.229066947
   353.500  -412.435286216  -412.342181762  -412.282067565  -412.282067565  -412.228139229
   354.000  -412.434894223  -412.346406721  -412.284640250  -412.284640250  -412.228403443
   354.500  -412.444733899  -412.360926241  -412.297584680  -412.297584680  -412.229440205
   355.000  -412.450227400  -412.370950992  -412.306039565  -412.306039565  -412.229740263
   355.500  -412.445556229  -412.370453024  -412.303938318  -412.303938318  -412.229348157
   356.000  -412.435138883  -412.363651495  -412.295536808  -412.295536808  -412.228894296
   356.500  -412.425101985  -412.356508212  -412.286896174  -412.286896174  -412.228694242
   357.000  -412.418278393  -412.351747871  -412.280855726  -412.280855726  -412.228705268
   357.500  -412.414443770  -412.349094181  -412.277221129  -412.277221129  -412.228758637
   358.000  -412.412634576  -412.347568680  -412.275040452  -412.275040452  -412.228763111
   358.500  -412.412575364  -412.346899285  -412.274017541  -412.274017541  -412.228721015
   359.000  -412.414755659  -412.347594923  -412.274597671  -412.274597671  -412.228665232
   359.500  -412.419940191  -412.350460022  -412.277501745  -412.277501745  -412.228631376
   360.000  -412.428588182  -412.356022333  -412.283170072  -412.283170072  -412.228657794
   360.500  -412.440247910  -412.363935079  -412.291174303  -412.291174303  -412.228788082
   361.000  -412.452921549  -412.372336429  -412.299595214  -412.299595214  -412.229060776
   361.500  -412.462689799  -412.377466455  -412.304647697  -412.304647697  -412.229428955
   362.000  -412.464859378  -412.374795020  -412.301824009  -412.301824009  -412.229581834
   362.500  -412.458892701  -412.363934668  -412.290807035  -412.290807035  -412.228998909
   363.000  -412.454674743  -412.354905318  -412.281715981  -412.281715981  -412.228080545
   363.500  -412.464937895  -412.360576404  -412.287495985  -412.287495985  -412.228377315
   364.000  -412.485439780  -412.376858054  -412.304061490  -412.304061490  -412.229466501
   364.500  -412.500186946  -412.387903779  -412.315515766  -412.315515766  -412.229864528
   365.000  -412.501535877  -412.386169341  -412.314266374  -412.314266374  -412.229550011
   365.500  -412.492748365  -412.374949322  -412.303586111  -412.303586111  -412.229023919
   366.000  -412.481128150  -412.361532168  -412.290764266  -412.290764266  -412.228623920
   366.500  -412.472480452  -412.351699148  -412.281595660  -412.281595660  -412.228522450
   367.000  -412.468319800  -412.346964355  -412.277615429  -412.277615429  -412.228652874
   367.500  -412.466693254  -412.345404463  -412.276922181  -412.276922181  -412.228794476
   368.000  -412.465288463  -412.344749756  -412.277259290  -412.277259290  -412.228816900
   368.500  -412.463467870  -412.344395858  -412.278015482  -412.278015482  -412.228743258
   369.000  -412.462113143  -412.345231014  -412.280047607  -412.280047607  -412.228658523
   369.500  -412.462435565  -412.348439784  -412.284481872  -412.284481872  -412.228639684
   370.000  -412.464791674  -412.354315855  -412.291539352  -412.291539352  -412.228745978
   370.500  -412.467793966  -412.361376990  -412.299665511  -412.299665511  -412.229007825
   371.000  -412.467995519  -412.366055286  -412.305242584  -412.305242584  -412.229347650
   371.500  -412.461403008  -412.364221489  -412.304128430  -412.304128430  -412.229417245
   372.000  -412.448646291  -412.356366482  -412.296847631  -412.296847631  -412.228782138
   372.500  -412.439765671  -412.352401491  -412.293373374  -412.293373374  -412.228057829
   373.000  -412.444546235  -412.361993784  -412.303417137  -412.303417137  -412.228540750
   373.500  -412.456611330  -412.378652806  -412.320480709  -412.320480709  -412.229487058
   374.000  -412.462401049  -412.388707735  -412.330854731  -412.330854731  -412.229735125
   374.500  -412.456981199  -412.387118279  -412.329482062  -412.329482062  -412.229474887
   375.000  -412.443256468  -412.376687886  -412.319185530  -412.319185530  -412.229132770
   375.500  -412.426145584  -412.362235586  -412.304833981  -412.304833981  -412.228837473
   376.000  -412.410186733  -412.348203684  -412.290933493  -412.290933493  -412.228612295
   376.500  -412.398825918  -412.337958366  -412.280907717  -412.280907717  -412.228518525
   377.000  -412.393485858  -412.332878377  -412.276166819  -412.276166819  -412.228572219
   377.500  -412.393396170  -412.332196578  -412.275930424  -412.275930424  -412.228673720
   378.000  -412.396976700  -412.334377255  -412.278608166  -412.278608166  -412.228722897
   378.500  -412.403290673  -412.338556677  -412.283251732  -412.283251732  -412.228717986
   379.000  -412.412165287  -412.344651018  -412.289680261  -412.289680261  -412.228726716
   379.500  -412.423272215  -412.352435855  -412.297569968  -412.297569968  -412.228824337
   380.000  -412.435034777  -412.360455675  -412.305380778  -412.305380778  -412.229059325
   380.500  -412.444013068  -412.365400889  -412.309762941  -412.309762941  -412.229393860
   381.000  -412.445795631  -412.362990665  -412.306466818  -412.306466818  -412.229559878
   381.500  -412.439215504  -412.352175417  -412.294566136  -412.294566136  -412.229083675
   382.000  -412.432303529  -412.341087506  -412.282378205  -412.282378205  -412.228176947
   382.500  -412.437682788  -412.342463423  -412.282788568  -412.282788568  -412.228177399
   383.000  -412.455243542  -412.356348967  -412.295881738  -412.295881738  -412.229036735
   383.500  -412.472582640  -412.370528660  -412.309403177  -412.309403177  -412.229473148
   384.000  -412.481677417  -412.377154683  -412.315474608  -412.315474608  -412.229368817
   384.500  -412.482401375  -412.376223375  -412.314099173  -412.314099173  -412.229165899
   385.000  -412.477040612  -412.370078453  -412.307644797  -412.307644797  -412.229038918
   385.500  -412.467470929  -412.360591519  -412.297992277  -412.297992277  -412.228930788
   386.000  -412.455645557  -412.349662000  -412.287016959  -412.287016959  -412.228753179
   386.500  -412.444615418  -412.340253356  -412.277631456  -412.277631456  -412.228528086
   387.000  -412.437986651  -412.335873638  -412.273291268  -412.273291268  -412.228404548
   387.500  -412.437725121  -412.338402803  -412.275845047  -412.275845047  -412.228481590
   388.000  -412.442756533  -412.346702796  -412.284152108  -412.284152108  -412.228676183
   388.500  -412.450105088  -412.357742854  -412.295192973  -412.295192973  -412.228861386
   389.000  -412.456767406  -412.368449672  -412.305900967  -412.305900967  -412.229026475
   389.500  -412.460095082  -412.376072458  -412.313518638  -412.313518638  -412.229242067
   390.000  -412.457060351  -412.377447120  -412.314867095  -412.314867095  -412.229511159
   390.500  -412.444609480  -412.369358904  -412.306725767  -412.306725767  -412.229581911
   391.000  -412.423597511  -412.352498145  -412.289804913  -412.289804913  -412.228994568
   391.500  -412.404306662  -412.337001036  -412.274290127  -412.274290127  -412.228048588
   392.000  -412.400361175  -412.336380369  -412.273751851  -412.273751851  -412.228137363
   392.500  -412.410650465  -412.349448997  -412.287033933  -412.287033933  -412.229071271
   393.000  -412.421661837  -412.362648474  -412.300571924  -412.300571924  -412.229510135
   393.500  -412.425308031  -412.367875251  -412.306237467  -412.306237467  -412.229365048
   394.000  -412.422136629  -412.365685634  -412.304562193  -412.304562193  -412.229089675
   394.500  -412.415504419  -412.359460760  -412.298909557  -412.298909557  -412.228900661
   395.000  -412.408050408  -412.351868429  -412.291935931  -412.291935931  -412.228814069
   395.500  -412.401146127  -412.344302607  -412.285029393  -412.285029393  -412.228775980
   396.000  -412.395579003  -412.337559839  -412.278980862  -412.278980862  -412.228716161
   396.500  -412.392517712  -412.332803477  -412.274943939  -412.274943939  -412.228593648
   397.000  -412.393994087  -412.332054298  -412.274922593  -412.274922593  -412.228456769
   397.500  -412.402080409  -412.337387826  -412.280969225  -412.280969225  -412.228437513
   398.000  -412.416967987  -412.349039668  -412.293294579  -412.293294579  -412.228621059
   398.500  -412.435763495  -412.364215713  -412.309087659  -412.309087659  -412.228958261
   399.000  -412.453195101  -412.377792171  -412.323223856  -412.323223856  -412.229350995
   399.500  -412.463244716  -412.383920440  -412.329876531  -412.329876531  -412.229691426
   400.000  -412.461253300  -412.378102895  -412.324601314  -412.324601314  -412.229702048
   400.500  -412.448263499  -412.361517862  -412.308668578  -412.308668578  -412.228997851
   401.000  -412.435336069  -412.345334029  -412.293365634  -412.293365634  -412.228071630
   401.500  -412.435206603  -412.342371505  -412.291608569  -412.291608569  -412.228268561
   402.000  -412.445278786  -412.350098582  -412.300867753  -412.300867753  -412.229154482
   402.500  -412.452862758  -412.355878733  -412.308396609  -412.308396609  -412.229486832
   403.000  -412.451782090  -412.353593353  -412.307887200  -412.307887200  -412.229278277
   403.500  -412.443952674  -412.345223153  -412.301110469  -412.301110469  -412.228958458
   404.000  -412.433681241  -412.335138345  -412.292257892  -412.292257892  -412.228721492
   404.500  -412.424429104  -412.326844867  -412.284730610  -412.284730610  -412.228596992
   405.000  -412.418097081  -412.322263181  -412.280415988  -412.280415988  -412.228567765
   405.500  -412.415183173  -412.321875703  -412.279819448  -412.279819448  -412.228608758
   406.000  -412.415175750  -412.325109395  -412.282418685  -412.282418685  -412.228685508
   406.500  -412.417117542  -412.330886331  -412.287194580  -412.287194580  -412.228751006
   407.000  -412.420322460  -412.338332401  -412.293333099  -412.293333099  -412.228764039
   407.500  -412.424912169  -412.347325701  -412.300776838  -412.300776838  -412.228744050
   408.000  -412.431401085  -412.358116869  -412.309849626  -412.309849626  -412.228810545
   408.500  -412.438916731  -412.369597268  -412.319529505  -412.319529505  -412.229094725
   409.000  -412.443496979  -412.377628335  -412.325777854  -412.325777854  -412.229534636
   409.500  -412.439369992  -412.376323469  -412.322820023  -412.322820023  -412.229741844
   410.000  -412.424857014  -412.363927305  -412.309027567  -412.309027567  -412.229193358
   410.500  -412.408949435  -412.349373197  -412.293461595  -412.293461595  -412.228233078
   411.000  -412.404997230  -412.345964856  -412.289502577  -412.289502577  -412.228278233
   411.500  -412.412526266  -412.353192110  -412.296606932  -412.296606932  -412.229127253
   412.000  -412.419498172  -412.358996284  -412.302580216  -412.302580216  -412.229479689
   412.500  -412.419397538  -412.356865661  -412.300745006  -412.300745006  -412.229264626
   413.000  -412.414060335  -412.348670894  -412.292828494  -412.292828494  -412.228927501
   413.500  -412.407905860  -412.338900759  -412.283215052  -412.283215052  -412.228681323
   414.000  -412.404424132  -412.331150959  -412.275436722  -412.275436722  -412.228552812
   414.500  -412.405437054  -412.327383163  -412.271428076  -412.271428076  -412.228518338
   415.000  -412.411311776  -412.328130924  -412.271729419  -412.271729419  -412.228552976
   415.500  -412.421310855  -412.332839623  -412.275821061  -412.275821061  -412.228636202
   416.000  -412.433931288  -412.340189366  -412.282439849  -412.282439849  -412.228748655
   416.500  -412.447257140  -412.348436763  -412.289907349  -412.289907349  -412.228866405
   417.000  -412.459379835  -412.355821709  -412.296527793  -412.296527793  -412.228963328
   417.500  -412.468827438  -412.360991428  -412.301000933  -412.301000933  -412.229035730
   418.000  -412.474611529  -412.363049575  -412.302468342  -412.302468342  -412.229143611
   418.500  -412.475438475  -412.360781086  -412.299744427  -412.299744427  -412.229342223
   419.000  -412.469350606  -412.352310967  -412.290987674  -412.290987674  -412.229389589
   419.500  -412.457502748  -412.338889638  -412.277492899  -412.277492899  -412.228796007
   420.000  -412.449623571  -412.330346407  -412.269129703  -412.269129703  -412.228080993
   420.500  -412.455329335  -412.336386577  -412.275604316  -412.275604316  -412.228547025
   421.000  -412.467979802  -412.350430899  -412.290281733  -412.290281733  -412.229447901
   421.500  -412.473912451  -412.358836307  -412.299433980  -412.299433980  -412.229618786
   422.000  -412.468711305  -412.357154432  -412.298533964  -412.298533964  -412.229283506
   422.500  -412.456049653  -412.348971119  -412.291102953  -412.291102953  -412.228911752
   423.000  -412.441133428  -412.339356182  -412.282156036  -412.282156036  -412.228666574
   423.500  -412.427782309  -412.331953952  -412.275288857  -412.275288857  -412.228542714
   424.000  -412.418143204  -412.328706628  -412.272406002  -412.272406002  -412.228503877
   424.500  -412.413083057  -412.330258856  -412.274130625  -412.274130625  -412.228522181
   425.000  -412.412554850  -412.336337306  -412.280188180  -412.280188180  -412.228580310
   425.500  -412.415843085  -412.346011083  -412.289666855  -412.289666855  -412.228669643
   426.000  -412.421697298  -412.357838499  -412.301160933  -412.301160933  -412.228791258
   426.500  -412.428340377  -412.369882040  -412.312784176  -412.312784176  -412.228955635
   427.000  -412.433388144  -412.379629524  -412.322086175  -412.322086175  -412.229169490
   427.500  -412.433870869  -412.384008797  -412.326070571  -412.326070571  -412.229406565
   428.000  -412.426818957  -412.379962260  -412.321783114  -412.321783114  -412.229544874
   428.500  -412.411343910  -412.366525058  -412.308393955  -412.308393955  -412.229290953
   429.000  -412.392756145  -412.348952169  -412.291310865  -412.291310865  -412.228469238
   429.500  -412.383592948  -412.339763277  -412.283173971  -412.283173971  -412.227909540
   430.000  -412.391425100  -412.346565722  -412.291595572  -412.291595572  -412.228557638
   430.500  -412.407272022  -412.360470716  -412.307533430  -412.307533430  -412.229441070
   431.000  -412.417784308  -412.368261249  -412.317514830  -412.317514830  -412.229608783
   431.500  -412.418856963  -412.365980073  -412.317325911  -412.317325911  -412.229316741
   432.000  -412.413628288  -412.356901055  -412.310050100  -412.310050100  -412.228981560
   432.500  -412.406629282  -412.345662749  -412.300212801  -412.300212801  -412.228750347
   433.000  -412.401210727  -412.335692785  -412.291196037  -412.291196037  -412.228620871
   433.500  -412.399304519  -412.328984702  -412.284991560  -412.284991560  -412.228557727
   434.000  -412.401833840  -412.326531858  -412.282614549  -412.282614549  -412.228533443
   434.500  -412.409066629  -412.328699207  -412.284465809  -412.284465809  -412.228538129
   435.000  -412.420740816  -412.335354990  -412.290459570  -412.290459570  -412.228579188
   435.500  -412.435969712  -412.345769090  -412.299918093  -412.299918093  -412.228675595
   436.000  -412.452992994  -412.358347629  -412.311306398  -412.311306398  -412.228853573
   436.500  -412.468856556  -412.370294853  -412.321893821  -412.321893821  -412.229138407
   437.000  -412.479203059  -412.377386827  -412.327527511  -412.327527511  -412.229511714
   437.500  -412.478912610  -412.374598696  -412.323258646  -412.323258646  -412.229779070
   438.000  -412.465452689  -412.359447351  -412.306682640  -412.306682640  -412.229460444
   438.500  -412.445496938  -412.338614218  -412.284547265  -412.284547265  -412.228390326
   439.000  -412.435204649  -412.328237633  -412.273021959  -412.273021959  -412.227823725
   439.500  -412.442620437  -412.336328590  -412.280095332  -412.280095332  -412.228579611
   440.000  -412.457328110  -412.352437766  -412.295262287  -412.295262287  -412.229378383
   440.500  -412.466524014  -412.363733482  -412.305648156  -412.305648156  -412.229514017
   441.000  -412.466308584  -412.366281664  -412.307310735  -412.307310735  -412.229300081
   441.500  -412.458695355  -412.362036772  -412.302219356  -412.302219356  -412.229043470
   442.000  -412.447093917  -412.354314963  -412.293706663  -412.293706663  -412.228844147
   442.500  -412.434481435  -412.345966947  -412.284627802  -412.284627802  -412.228707398
   443.000  -412.423095302  -412.339079142  -412.277057901  -412.277057901  -412.228617066
   443.500  -412.414542469  -412.335094437  -412.272417507  -412.272417507  -412.228563794
   444.000  -412.409861299  -412.334886361  -412.271555268  -412.271555268  -412.228550445
   444.500  -412.409437656  -412.338687491  -412.274684554  -412.274684554  -412.228585583
   445.000  -412.412859466  -412.345951913  -412.281253705  -412.281253705  -412.228678894
   445.500  -412.418774565  -412.355220214  -412.289814578  -412.289814578  -412.228845304
   446.000  -412.424726404  -412.363953361  -412.297860376  -412.297860376  -412.229099296
   446.500  -412.427131754  -412.368507756  -412.301800111  -412.301800111  -412.229391612
   447.000  -412.422384095  -412.365229376  -412.298053392  -412.298053392  -412.229477270
   447.500  -412.410673681  -412.354262935  -412.286859866  -412.286859866  -412.228989431
   448.000  -412.400393949  -412.343954467  -412.276665164  -412.276665164  -412.228226158
   448.500  -412.402628606  -412.345345746  -412.278571300  -412.278571300  -412.228280778
   449.000  -412.416852857  -412.357889816  -412.292010175  -412.292010175  -412.228991999
   449.500  -412.432782409  -412.371318870  -412.306609228  -412.306609228  -412.229352734
   450.000  -412.443760546  -412.379043858  -412.315641076  -412.315641076  -412.229309216
   450.500  -412.449045387  -412.380442829  -412.318357334  -412.318357334  -412.229182284
   451.000  -412.449788560  -412.376824844  -412.315971402  -412.315971402  -412.229064455
   451.500  -412.447366099  -412.369730202  -412.309962286  -412.309962286  -412.228933074
   452.000  -412.443495089  -412.361018932  -412.302150272  -412.302150272  -412.228788601
   452.500  -412.440193805  -412.352819332  -412.294628687  -412.294628687  -412.228660178
   453.000  -412.439322236  -412.347077485  -412.289306231  -412.289306231  -412.228576871
   453.500  -412.442096725  -412.345094033  -412.287444355  -412.287444355  -412.228550514
   454.000  -412.448844869  -412.347295193  -412.289441175  -412.289441175  -412.228581138
   454.500  -412.458978526  -412.353206103  -412.294814239  -412.294814239  -412.228671019
   455.000  -412.470970544  -412.361414984  -412.302176073  -412.302176073  -412.228833119
   455.500  -412.482234671  -412.369438675  -412.309108937  -412.309108937  -412.229067892
   456.000  -412.489282762  -412.373870250  -412.312319684  -412.312319684  -412.229291082
   456.500  -412.489216104  -412.371873655  -412.309118402  -412.309118402  -412.229258041
   457.000  -412.483215825  -412.364682562  -412.300886104  -412.300886104  -412.228785489
   457.500  -412.478356253  -412.359423464  -412.294843715  -412.294843715  -412.228345337
   458.000  -412.480718584  -412.362218343  -412.297111707  -412.297111707  -412.228602992
   458.500  -412.487029938  -412.369793420  -412.304325556  -412.304325556  -412.229114063
   459.000  -412.490085087  -412.374879562  -412.309100838  -412.309100838  -412.229227053
   459.500  -412.487593955  -412.375074707  -412.308946866  -412.308946866  -412.229051022
   460.000  -412.481555615  -412.372248716  -412.305692711  -412.305692711  -412.228897546
   460.500  -412.474085907  -412.368393821  -412.301329581  -412.301329581  -412.228845712
   461.000  -412.466024262  -412.364232929  -412.296604915  -412.296604915  -412.228826295
   461.500  -412.457734114  -412.360008433  -412.291796135  -412.291796135  -412.228789261
   462.000  -412.449817395  -412.356186957  -412.287405453  -412.287405453  -412.228739558
   462.500  -412.443101528  -412.353446797  -412.284137326  -412.284137326  -412.228696903
   463.000  -412.438349226  -412.352397071  -412.282617189  -412.282617189  -412.228675413
   463.500  -412.436003787  -412.353336073  -412.283157067  -412.283157067  -412.228692739
   464.000  -412.435916749  -412.355992704  -412.285497983  -412.285497983  -412.228772730
   464.500  -412.437011264  -412.359200861  -412.288493466  -412.288493466  -412.228926078
   465.000  -412.437252216  -412.360874685  -412.290086476  -412.290086476  -412.229083948
   465.500  -412.434835010  -412.359197887  -412.288500389  -412.288500389  -412.229042899
   466.000  -412.431063510  -412.355494376  -412.285105598  -412.285105598  -412.228659034
   466.500  -412.431724700  -412.355594801  -412.285769964  -412.285769964  -412.228328916
   467.000  -412.441233366  -412.363975750  -412.294974351  -412.294974351  -412.228624457
   467.500  -412.455344300  -412.376470601  -412.308511220  -412.308511220  -412.229215138
   468.000  -412.465342855  -412.384457580  -412.317683971  -412.317683971  -412.229478323
   468.500  -412.466665350  -412.383468334  -412.317941500  -412.317941500  -412.229352750
   469.000  -412.460574467  -412.374849641  -412.310557078  -412.310557078  -412.229043234
   469.500  -412.451427801  -412.363028811  -412.299898902  -412.299898902  -412.228736336
   470.000  -412.443715925  -412.352565996  -412.290481377  -412.290481377  -412.228571897
   470.500  -412.439861181  -412.345972163  -412.284782053  -412.284782053  -412.228585091
   471.000  -412.439644361  -412.343144761  -412.282674001  -412.282674001  -412.228683321
   471.500  -412.441473611  -412.342626671  -412.282683724  -412.282683724  -412.228756552
   472.000  -412.444001013  -412.343201544  -412.283584572  -412.283584572  -412.228772396
   472.500  -412.446695995  -412.344449765  -412.284954250  -412.284954250  -412.228767405
   473.000  -412.449401721  -412.346293617  -412.286721801  -412.286721801  -412.228797077
   473.500  -412.451564548  -412.348223975  -412.288399761  -412.288399761  -412.228896510
   474.000  -412.451808488  -412.348875611  -412.288662670  -412.288662670  -412.229028584
   474.500  -412.448636985  -412.346734021  -412.286056802  -412.286056802  -412.229022747
   475.000  -412.442911378  -412.342621534  -412.281487344  -412.281487344  -412.228681636
   475.500  -412.440072988  -412.341930970  -412.280436587  -412.280436587  -412.228250078
   476.000  -412.446106968  -412.350602532  -412.288898902  -412.288898902  -412.228382566
   476.500  -412.459110381  -412.366689440  -412.304912346  -412.304912346  -412.228981249
   477.000  -412.470608727  -412.381661305  -412.319867026  -412.319867026  -412.229362323
   477.500  -412.474589756  -412.389422060  -412.327574444  -412.327574444  -412.229370251
   478.000  -412.470405247  -412.389204796  -412.327204268  -412.327204268  -412.229220508
   478.500  -412.460163008  -412.382962780  -412.320695856  -412.320695856  -412.229054378
   479.000  -412.446605347  -412.373258813  -412.310635207  -412.310635207  -412.228882501
   479.500  -412.432708277  -412.362878432  -412.299857823  -412.299857823  -412.228694672
   480.000  -412.421607752  -412.354780099  -412.291382343  -412.291382343  -412.228548065
   480.500  -412.415663703  -412.351186674  -412.287484536  -412.287484536  -412.228533666
   481.000  -412.415192090  -412.352335995  -412.288431128  -412.288431128  -412.228649002
   481.500  -412.418524505  -412.356537471  -412.292529869  -412.292529869  -412.228792519
   482.000  -412.423434923  -412.361577663  -412.297543488  -412.297543488  -412.228899582
   482.500  -412.428149491  -412.365707113  -412.301689243  -412.301689243  -412.228997320
   483.000  -412.431126083  -412.367410016  -412.303423785  -412.303423785  -412.229121512
   483.500  -412.430751789  -412.365099900  -412.301154820  -412.301154820  -412.229185133
   484.000  -412.426765678  -412.358551611  -412.294681824  -412.294681824  -412.228949532
   484.500  -412.423323155  -412.351970813  -412.288270065  -412.288270065  -412.228409504
   485.000  -412.428142111  -412.353144330  -412.289773675  -412.289773675  -412.228226143
   485.500  -412.443479408  -412.364417764  -412.301573833  -412.301573833  -412.228748338
   486.000  -412.461862937  -412.378432295  -412.316298115  -412.316298115  -412.229278410
   486.500  -412.474989848  -412.387026089  -412.325750139  -412.325750139  -412.229366191
   487.000  -412.480447057  -412.387945849  -412.327653460  -412.327653460  -412.229199517
   487.500  -412.479862122  -412.382981889  -412.323790953  -412.323790953  -412.229027497
   488.000  -412.475402718  -412.374454236  -412.316473620  -412.316473620  -412.228939071
   488.500  -412.468306932  -412.363731621  -412.307045770  -412.307045770  -412.228913620
   489.000  -412.459101473  -412.351442163  -412.296086037  -412.296086037  -412.228879384
   489.500  -412.448626672  -412.338491110  -412.284427888  -412.284427888  -412.228758855
   490.000  -412.439070056  -412.327096181  -412.274205439  -412.274205439  -412.228547464
   490.500  -412.433819942  -412.320657977  -412.268739501  -412.268739501  -412.228385160
   491.000  -412.435308213  -412.321630444  -412.270425920  -412.270425920  -412.228451970
   491.500  -412.442476470  -412.329005155  -412.278233205  -412.278233205  -412.228745653
   492.000  -412.450834220  -412.338358883  -412.287750777  -412.287750777  -412.229102018
   492.500  -412.454904903  -412.344265039  -412.293590791  -412.293590791  -412.229377924
   493.000  -412.450688550  -412.342723148  -412.291806766  -412.291806766  -412.229432931
   493.500  -412.438081373  -412.333564024  -412.282290378  -412.282290378  -412.229069549
   494.000  -412.423341413  -412.322920435  -412.271235899  -412.271235899  -412.228411508
   494.500  -412.416310309  -412.320474949  -412.268374834  -412.268374834  -412.228203299
   495.000  -412.420136321  -412.329215395  -412.276709078  -412.276709078  -412.228684971
   495.500  -412.428132968  -412.342316031  -412.289380873  -412.289380873  -412.229138383
   496.000  -412.433117658  -412.352476987  -412.299034128  -412.299034128  -412.229204650
   496.500  -412.433179697  -412.357679269  -412.303591696  -412.303591696  -412.229077199
   497.000  -412.429668949  -412.359161928  -412.304252213  -412.304252213  -412.228957209
   497.500  -412.424259115  -412.358481606  -412.302556926  -412.302556926  -412.228901746
   498.000  -412.417881080  -412.356446212  -412.299326518  -412.299326518  -412.228896249
   498.500  -412.410809562  -412.353205502  -412.294751632  -412.294751632  -412.228909314
   499.000  -412.403107319  -412.348699825  -412.288838765  -412.288838765  -412.228899987
   499.500  -412.395245136  -412.343282447  -412.282027860  -412.282027860  -412.228817643
   500.000  -412.388812461  -412.338429849  -412.275895298  -412.275895298  -412.228643514
