     0.000  -412.524793634  -412.330267959  -412.289997016  -412.289997016  -412.249903218
     0.500  -412.524022881  -412.328203671  -412.287563349  -412.287563349  -412.249853344
     1.000  -412.522153725  -412.326092597  -412.285067057  -412.285067057  -412.249770690
     1.500  -412.520447399  -412.325176422  -412.283775844  -412.283775844  -412.249692387
     2.000  -412.520122448  -412.326643818  -412.284870249  -412.284870249  -412.249670423
     2.500  -412.521591726  -412.330866197  -412.288682662  -412.288682662  -412.249727942
     3.000  -412.524094429  -412.337035310  -412.294351193  -412.294351193  -412.249833027
     3.500  -412.526165886  -412.343619075  -412.300291081  -412.300291081  -412.249922933
     4.000  -412.526562009  -412.349269674  -412.305123470  -412.305123470  -412.249955770
     4.500  -412.524880559  -412.353437198  -412.308309750  -412.308309750  -412.249936480
     5.000  -412.521498136  -412.356309823  -412.310101658  -412.310101658  -412.249903986
     5.500  -412.516996919  -412.358258634  -412.310981898  -412.310981898  -412.249893916
     6.000  -412.511657186  -412.359360695  -412.311156095  -412.311156095  -412.249900984
     6.500  -412.505527553  -412.359495388  -412.310610196  -412.310610196  -412.249891183
     7.000  -412.498899759  -412.358828543  -412.309562556  -412.309562556  -412.249852688
     7.500  -412.492434574  -412.357921047  -412.308583286  -412.308583286  -412.249824548
     8.000  -412.486621092  -412.357170904  -412.308051510  -412.308051510  -412.249846593
     8.500  -412.481234565  -412.356262274  -412.307621703  -412.307621703  -412.249901719
     9.000  -412.475572864  -412.354401606  -412.306473659  -412.306473659  -412.249932200
     9.500  -412.469271429  -412.351142879  -412.304140879  -412.304140879  -412.249899973
    10.000  -412.462849273  -412.346941898  -412.301068827  -412.301068827  -412.249820746
    10.500  -412.457492123  -412.342955831  -412.298402923  -412.298402923  -412.249747009
    11.000  -412.454270845  -412.340266031  -412.297210037  -412.297210037  -412.249727515
    11.500  -412.453426843  -412.339165217  -412.297759584  -412.297759584  -412.249768120
    12.000  -412.454282180  -412.339063611  -412.299425814  -412.299425814  -412.249834651
    12.500  -412.455731334  -412.338968704  -412.301171578  -412.301171578  -412.249889771
    13.000  -412.456808090  -412.338037120  -412.302108084  -412.302108084  -412.249915800
    13.500  -412.456987986  -412.335865197  -412.301791353  -412.301791353  -412.249910182
    14.000  -412.456253265  -412.332547342  -412.300283179  -412.300283179  -412.249877263
    14.500  -412.455024194  -412.328607284  -412.298079567  -412.298079567  -412.249829543
    15.000  -412.453945767  -412.324786124  -412.295896830  -412.295896830  -412.249791392
    15.500  -412.453526938  -412.321685855  -412.294305421  -412.294305421  -412.249784831
    16.000  -412.453824674  -412.319452299  -412.293409781  -412.293409781  -412.249809505
    16.500  -412.454452153  -412.317775148  -412.292854141  -412.292854141  -412.249842899
    17.000  -412.454914981  -412.316218318  -412.292155537  -412.292155537  -412.249860826
    17.500  -412.454945777  -412.314543865  -412.291047184  -412.291047184  -412.249858474
    18.000  -412.454600293  -412.312810781  -412.289578915  -412.289578915  -412.249838901
    18.500  -412.454216835  -412.311343693  -412.288082147  -412.288082147  -412.249804166
    19.000  -412.454341189  -412.310667795  -412.287099939  -412.287099939  -412.249768849
    19.500  -412.455489318  -412.311285147  -412.287149911  -412.287149911  -412.249758316
    20.000  -412.457787242  -412.313322450  -412.288364826  -412.288364826  -412.249780324
    20.500  -412.460867329  -412.316425119  -412.290389653  -412.290389653  -412.249814002
    21.000  -412.464170100  -412.320052424  -412.292683811  -412.292683811  -412.249834679
    21.500  -412.467309215  -412.323828849  -412.294887931  -412.294887931  -412.249836675
    22.000  -412.470175470  -412.327631896  -412.296929679  -412.296929679  -412.249827616
    22.500  -412.472828732  -412.331461629  -412.298919695  -412.298919695  -412.249815796
    23.000  -412.475386587  -412.335326076  -412.301035626  -412.301035626  -412.249802797
    23.500  -412.478006214  -412.339255857  -412.303485319  -412.303485319  -412.249789463
    24.000  -412.480880498  -412.343371393  -412.306479562  -412.306479562  -412.249784454
    24.500  -412.484118533  -412.347808518  -412.310104784  -412.310104784  -412.249799766
    25.000  -412.487502954  -412.352427646  -412.314102567  -412.314102567  -412.249849104
    25.500  -412.490312283  -412.356597096  -412.317700423  -412.317700423  -412.249922852
    26.000  -412.491493030  -412.359341906  -412.319791381  -412.319791381  -412.249981629
    26.500  -412.490227824  -412.359891322  -412.319515944  -412.319515944  -412.249984715
    27.000  -412.486552773  -412.358303768  -412.316884314  -412.316884314  -412.249918178
    27.500  -412.481519146  -412.355622284  -412.312946211  -412.312946211  -412.249819894
    28.000  -412.476619607  -412.353305830  -412.309211554  -412.309211554  -412.249757088
    28.500  -412.472813252  -412.352262335  -412.306663323  -412.306663323  -412.249766901
    29.000  -412.469988643  -412.352316500  -412.305205842  -412.305205842  -412.249822222
    29.500  -412.467346847  -412.352601583  -412.304036325  -412.304036325  -412.249866090
    30.000  -412.464226685  -412.352387074  -412.302466898  -412.302466898  -412.249868630
    30.500  -412.460576840  -412.351552840  -412.300399974  -412.300399974  -412.249838560
    31.000  -412.456864694  -412.350500120  -412.298244388  -412.298244388  -412.249799139
    31.500  -412.453739735  -412.349815963  -412.296585852  -412.296585852  -412.249766447
    32.000  -412.451775855  -412.350017210  -412.295935934  -412.295935934  -412.249744311
    32.500  -412.451387146  -412.351471058  -412.296654033  -412.296654033  -412.249730300
    33.000  -412.452828592  -412.354399268  -412.298955666  -412.298955666  -412.249727420
    33.500  -412.456131850  -412.358821522  -412.302854300  -412.302854300  -412.249748272
    34.000  -412.460919361  -412.364375808  -412.307980032  -412.307980032  -412.249805118
    34.500  -412.466244012  -412.370159692  -412.313422572  -412.313422572  -412.249891266
    35.000  -412.470729423  -412.374868539  -412.317869734  -412.317869734  -412.249970331
    35.500  -412.473133756  -412.377346381  -412.320166336  -412.320166336  -412.249993817
    36.000  -412.473075773  -412.377299229  -412.320028095  -412.320028095  -412.249938645
    36.500  -412.471347558  -412.375594687  -412.318340075  -412.318340075  -412.249840323
    37.000  -412.469363447  -412.373707657  -412.316595415  -412.316595415  -412.249775042
    37.500  -412.468061286  -412.372624435  -412.315788117  -412.315788117  -412.249786533
    38.000  -412.467267465  -412.372214159  -412.315778679  -412.315778679  -412.249846325
    38.500  -412.466085110  -412.371617763  -412.315684225  -412.315684225  -412.249895834
    39.000  -412.463737849  -412.370089040  -412.314726066  -412.314726066  -412.249904203
    39.500  -412.460055943  -412.367475659  -412.312717399  -412.312717399  -412.249877886
    40.000  -412.455425011  -412.364167273  -412.310012239  -412.310012239  -412.249836946
    40.500  -412.450501273  -412.360810219  -412.307222109  -412.307222109  -412.249795923
    41.000  -412.445981611  -412.358080942  -412.304989627  -412.304989627  -412.249759373
    41.500  -412.442510033  -412.356593739  -412.303898344  -412.303898344  -412.249728312
    42.000  -412.440637045  -412.356860830  -412.304434934  -412.304434934  -412.249708867
    42.500  -412.440713606  -412.359186650  -412.306884826  -412.306884826  -412.249713879
    43.000  -412.442699619  -412.363477129  -412.311142502  -412.311142502  -412.249753618
    43.500  -412.446022400  -412.369099313  -412.316573192  -412.316573192  -412.249822774
    44.000  -412.449671249  -412.374979700  -412.322113587  -412.322113587  -412.249896567
    44.500  -412.452582236  -412.379993403  -412.326661664  -412.326661664  -412.249942429
    45.000  -412.454119875  -412.383450356  -412.329560623  -412.329560623  -412.249944838
    45.500  -412.454292603  -412.385314186  -412.330811014  -412.330811014  -412.249920236
    46.000  -412.453509855  -412.385960248  -412.330819418  -412.330819418  -412.249897563
    46.500  -412.452155425  -412.385748313  -412.329964910  -412.329964910  -412.249888670
    47.000  -412.450388580  -412.384819710  -412.328398022  -412.328398022  -412.249889471
    47.500  -412.448187462  -412.383136531  -412.326087019  -412.326087019  -412.249894944
    48.000  -412.445438291  -412.380567547  -412.322911886  -412.322911886  -412.249899283
    48.500  -412.442043247  -412.376993510  -412.318774094  -412.318774094  -412.249893467
    49.000  -412.438064136  -412.372452795  -412.313739980  -412.313739980  -412.249871275
    49.500  -412.433817757  -412.367239838  -412.308135085  -412.308135085  -412.249834577
    50.000  -412.429843327  -412.361878806  -412.302513504  -412.302513504  -412.249793129
    50.500  -412.426745722  -412.356974024  -412.297504462  -412.297504462  -412.249761990
    51.000  -412.424957920  -412.352978723  -412.293578689  -412.293578689  -412.249756981
    51.500  -412.424502494  -412.349959768  -412.290812567  -412.290812567  -412.249785257
    52.000  -412.424896561  -412.347501941  -412.288794069  -412.288794069  -412.249835035
    52.500  -412.425355066  -412.344904629  -412.286821679  -412.286821679  -412.249873755
    53.000  -412.425304456  -412.341685875  -412.284407592  -412.284407592  -412.249861995
    53.500  -412.424957786  -412.338147097  -412.281843123  -412.281843123  -412.249786686
    54.000  -412.425466446  -412.335521719  -412.280341487  -412.280341487  -412.249690786
    54.500  -412.428244209  -412.335307940  -412.281361136  -412.281361136  -412.249655761
    55.000  -412.433769626  -412.338084866  -412.285420059  -412.285420059  -412.249724972
    55.500  -412.440991538  -412.342925614  -412.291508511  -412.291508511  -412.249847518
    56.000  -412.448043701  -412.348102195  -412.297810565  -412.297810565  -412.249934996
    56.500  -412.453506779  -412.352322942  -412.302962167  -412.302962167  -412.249952120
    57.000  -412.456963145  -412.355262893  -412.306597629  -412.306597629  -412.249928001
    57.500  -412.458637744  -412.357189514  -412.308982642  -412.308982642  -412.249902086
    58.000  -412.458855607  -412.358416630  -412.310461530  -412.310461530  -412.249884241
    58.500  -412.457877722  -412.359144793  -412.311287032  -412.311287032  -412.249864871
    59.000  -412.456037430  -412.359607543  -412.311744678  -412.311744678  -412.249837277
    59.500  -412.453814848  -412.360156941  -412.312229939  -412.312229939  -412.249812352
    60.000  -412.451681486  -412.361122543  -412.313095436  -412.313095436  -412.249807542
    60.500  -412.449830772  -412.362553464  -412.314395779  -412.314395779  -412.249831187
    61.000  -412.448046480  -412.364096144  -412.315771902  -412.315771902  -412.249872446
    61.500  -412.445857788  -412.365158937  -412.316622140  -412.316622140  -412.249906634
    62.000  -412.442894043  -412.365268848  -412.316468462  -412.316468462  -412.249914836
    62.500  -412.439150493  -412.364341432  -412.315227964  -412.315227964  -412.249903491
    63.000  -412.434888878  -412.362578870  -412.313108722  -412.313108722  -412.249904067
    63.500  -412.430209724  -412.360040042  -412.310169304  -412.310169304  -412.249934630
    64.000  -412.424842484  -412.356423732  -412.306094405  -412.306094405  -412.249958215
    64.500  -412.418691867  -412.351609797  -412.300733274  -412.300733274  -412.249908021
    65.000  -412.412730457  -412.346550116  -412.294996656  -412.294996656  -412.249779117
    65.500  -412.408972289  -412.343250166  -412.290847631  -412.290847631  -412.249669566
    66.000  -412.409052825  -412.343360228  -412.289900381  -412.289900381  -412.249677667
    66.500  -412.412853265  -412.346805226  -412.292056424  -412.292056424  -412.249782696
    67.000  -412.418760802  -412.352037480  -412.295764950  -412.295764950  -412.249889678
    67.500  -412.425009694  -412.357363032  -412.299356617  -412.299356617  -412.249941072
    68.000  -412.430576774  -412.361823543  -412.301930588  -412.301930588  -412.249939970
    68.500  -412.435206531  -412.365213259  -412.303371163  -412.303371163  -412.249916450
    69.000  -412.439019730  -412.367684883  -412.303940994  -412.303940994  -412.249895102
    69.500  -412.442165928  -412.369403616  -412.303924560  -412.303924560  -412.249880202
    70.000  -412.444768415  -412.370496060  -412.303565848  -412.303565848  -412.249856259
    70.500  -412.447146068  -412.371274419  -412.303285879  -412.303285879  -412.249806098
    71.000  -412.450040186  -412.372469487  -412.303908110  -412.303908110  -412.249735678
    71.500  -412.454496623  -412.375117409  -412.306533596  -412.306533596  -412.249683884
    72.000  -412.461268082  -412.379964451  -412.311936847  -412.311936847  -412.249700606
    72.500  -412.470092828  -412.386752861  -412.319838684  -412.319838684  -412.249801202
    73.000  -412.479473300  -412.393998363  -412.328686427  -412.328686427  -412.249954480
    73.500  -412.487146902  -412.399454091  -412.336130177  -412.336130177  -412.250108766
    74.000  -412.490901659  -412.400915693  -412.339847732  -412.339847732  -412.250207862
    74.500  -412.489486068  -412.397118908  -412.338463197  -412.338463197  -412.250186525
    75.000  -412.483572259  -412.388697493  -412.332522018  -412.332522018  -412.250004073
    75.500  -412.476192454  -412.378628918  -412.324949951  -412.324949951  -412.249737717
    76.000  -412.471416648  -412.370943201  -412.319766098  -412.319766098  -412.249587608
    76.500  -412.471435510  -412.367841829  -412.319198780  -412.319198780  -412.249668239
    77.000  -412.474935989  -412.368087717  -412.322062233  -412.322062233  -412.249870847
    77.500  -412.478593466  -412.368473207  -412.325206201  -412.325206201  -412.250029976
    78.000  -412.479547762  -412.366254030  -412.325932269  -412.325932269  -412.250085932
    78.500  -412.476527353  -412.360250049  -412.323074291  -412.323074291  -412.250055516
    79.000  -412.469753890  -412.350739464  -412.316891158  -412.316891158  -412.249966313
    79.500  -412.460530914  -412.339053191  -412.308666279  -412.308666279  -412.249842345
    80.000  -412.450800836  -412.327134661  -412.300283837  -412.300283837  -412.249718705
    80.500  -412.442545931  -412.316958046  -412.293649621  -412.293649621  -412.249637535
    81.000  -412.437112072  -412.309863095  -412.290029338  -412.290029338  -412.249621818
    81.500  -412.434833225  -412.306182374  -412.289682787  -412.289682787  -412.249660896
    82.000  -412.435179078  -412.305397210  -412.292013837  -412.292013837  -412.249726069
    82.500  -412.437170001  -412.306545742  -412.295986339  -412.295986339  -412.249799831
    83.000  -412.439657816  -412.308490832  -412.300404267  -412.300404267  -412.249881536
    83.500  -412.441399566  -412.309985922  -412.303981610  -412.303981610  -412.249967616
    84.000  -412.441164543  -412.309777399  -412.305450582  -412.305450582  -412.250032322
    84.500  -412.438146638  -412.307004277  -412.303973667  -412.303973667  -412.250026098
    85.000  -412.432683922  -412.301921886  -412.299864363  -412.299864363  -412.249907209
    85.500  -412.426774045  -412.296427126  -412.295099348  -412.295099348  -412.249714652
    86.000  -412.423392726  -412.293438214  -412.292615000  -412.292615000  -412.249602123
    86.500  -412.424341986  -412.294941450  -412.294146643  -412.294146643  -412.249644063
    87.000  -412.428498480  -412.300018938  -412.298941014  -412.298941014  -412.249862729
    87.500  -412.432705615  -412.305416174  -412.303832571  -412.303832571  -412.250047291
    88.000  -412.434247531  -412.308251096  -412.305901869  -412.305901869  -412.250079705
    88.500  -412.432458439  -412.307675709  -412.304434591  -412.304434591  -412.249989091
    89.000  -412.428559018  -412.304806224  -412.300613691  -412.300613691  -412.249858785
    89.500  -412.424465718  -412.301504628  -412.296316088  -412.296316088  -412.249760129
    90.000  -412.421689572  -412.299255583  -412.293025355  -412.293025355  -412.249715327
    90.500  -412.420952540  -412.298775922  -412.291451569  -412.291451569  -412.249705666
    91.000  -412.422411451  -412.300229506  -412.291755914  -412.291755914  -412.249709007
    91.500  -412.425975070  -412.303534277  -412.293864837  -412.293864837  -412.249720737
    92.000  -412.431388837  -412.308439152  -412.297552838  -412.297552838  -412.249749357
    92.500  -412.438132685  -412.314419557  -412.302338301  -412.302338301  -412.249802563
    93.000  -412.445325239  -412.320579269  -412.307385512  -412.307385512  -412.249878513
    93.500  -412.451779044  -412.325706459  -412.311554938  -412.311554938  -412.249960572
    94.000  -412.456278945  -412.328553305  -412.313675395  -412.313675395  -412.250016604
    94.500  -412.458095506  -412.328350436  -412.313045355  -412.313045355  -412.250005405
    95.000  -412.457595226  -412.325426412  -412.310031569  -412.310031569  -412.249904066
    95.500  -412.456496593  -412.321476800  -412.306322005  -412.306322005  -412.249756667
    96.000  -412.457118256  -412.318834083  -412.304187332  -412.304187332  -412.249676464
    96.500  -412.460709303  -412.318824867  -412.304843473  -412.304843473  -412.249735717
    97.000  -412.466414850  -412.320738515  -412.307451039  -412.307451039  -412.249872027
    97.500  -412.472122899  -412.322665917  -412.309976058  -412.309976058  -412.249969575
    98.000  -412.476116206  -412.323115355  -412.310829284  -412.310829284  -412.249986977
    98.500  -412.477792084  -412.321693832  -412.309561431  -412.309561431  -412.249951702
    99.000  -412.477386669  -412.318791350  -412.306563726  -412.306563726  -412.249895226
    99.500  -412.475550155  -412.315132909  -412.302620221  -412.302620221  -412.249832701
   100.000  -412.473121066  -412.311554908  -412.298650639  -412.298650639  -412.249775209
   100.500  -412.470961432  -412.308880875  -412.295517693  -412.295517693  -412.249735001
   101.000  -412.469766210  -412.307781557  -412.293828972  -412.293828972  -412.249720070
   101.500  -412.469900933  -412.308635360  -412.293807303  -412.293807303  -412.249729542
   102.000  -412.471328226  -412.311425570  -412.295290456  -412.295290456  -412.249757854
   102.500  -412.473620422  -412.315700827  -412.297805805  -412.297805805  -412.249802588
   103.000  -412.476010947  -412.320612708  -412.300618276  -412.300618276  -412.249864408
   103.500  -412.477469833  -412.325013462  -412.302750423  -412.302750423  -412.249938139
   104.000  -412.476873898  -412.327645900  -412.303100800  -412.303100800  -412.250000913
   104.500  -412.473403417  -412.327543551  -412.300821882  -412.300821882  -412.250008366
   105.000  -412.467184842  -412.324665018  -412.295973260  -412.295973260  -412.249919252
   105.500  -412.459799892  -412.320398924  -412.290058567  -412.290058567  -412.249751233
   106.000  -412.453915722  -412.317216286  -412.285682360  -412.285682360  -412.249604877
   106.500  -412.451771960  -412.317196310  -412.285053699  -412.285053699  -412.249589415
   107.000  -412.453630660  -412.320522213  -412.288431548  -412.288431548  -412.249706694
   107.500  -412.457730238  -412.325443455  -412.294066118  -412.294066118  -412.249858431
   108.000  -412.461697053  -412.329664627  -412.299592134  -412.299592134  -412.249950501
   108.500  -412.463965083  -412.331720906  -412.303438775  -412.303438775  -412.249959653
   109.000  -412.464232612  -412.331411526  -412.305279305  -412.305279305  -412.249913074
   109.500  -412.463120189  -412.329443196  -412.305691071  -412.305691071  -412.249848943
   110.000  -412.461600349  -412.326860175  -412.305592408  -412.305592408  -412.249793411
   110.500  -412.460565319  -412.324620449  -412.305823486  -412.305823486  -412.249757733
   111.000  -412.460607361  -412.323387901  -412.306942633  -412.306942633  -412.249744703
   111.500  -412.461938501  -412.323465776  -412.309159228  -412.309159228  -412.249754837
   112.000  -412.464365044  -412.324777673  -412.312312404  -412.312312404  -412.249789151
   112.500  -412.467285029  -412.326860829  -412.315862147  -412.315862147  -412.249846063
   113.000  -412.469742985  -412.328899342  -412.318935137  -412.318935137  -412.249915729
   113.500  -412.470605512  -412.329858592  -412.320494920  -412.320494920  -412.249978755
   114.000  -412.468886408  -412.328776415  -412.319651846  -412.319651846  -412.250010374
   114.500  -412.464173815  -412.325197209  -412.316049044  -412.316049044  -412.249986889
   115.000  -412.457021660  -412.319602058  -412.310210914  -412.310210914  -412.249896799
   115.500  -412.449076584  -412.313565262  -412.303669974  -412.303669974  -412.249760550
   116.000  -412.442641011  -412.309319079  -412.298581785  -412.298581785  -412.249647908
   116.500  -412.439520702  -412.308596886  -412.296639593  -412.296639593  -412.249646104
   117.000  -412.439754690  -412.311371995  -412.297835413  -412.297835413  -412.249765222
   117.500  -412.441520105  -412.315775954  -412.300354776  -412.300354776  -412.249909788
   118.000  -412.442519642  -412.319479415  -412.301938976  -412.301938976  -412.249981548
   118.500  -412.441461105  -412.321158478  -412.301342282  -412.301342282  -412.249959570
   119.000  -412.438452735  -412.320869273  -412.298716417  -412.298716417  -412.249883135
   119.500  -412.434505491  -412.319557599  -412.295106160  -412.295106160  -412.249796746
   120.000  -412.430862924  -412.318391176  -412.291780186  -412.291780186  -412.249728779
   120.500  -412.428534419  -412.318301899  -412.289768361  -412.289768361  -412.249692114
   121.000  -412.428067789  -412.319767094  -412.289638370  -412.289638370  -412.249688949
   121.500  -412.429499500  -412.322763212  -412.291448214  -412.291448214  -412.249712849
   122.000  -412.432444903  -412.326855667  -412.294839354  -412.294839354  -412.249751149
   122.500  -412.436303268  -412.331403552  -412.299240912  -412.331403552  -412.249788794
   123.000  -412.442841821  -412.331792905  -412.306341530  -412.331792905  -412.249782366
   123.500  -412.447581445  -412.332950959  -412.311134052  -412.332950959  -412.249783773
   124.000  -412.450661636  -412.334751990  -412.313661893  -412.334751990  -412.249809622
   124.500  -412.452321007  -412.336834995  -412.314443534  -412.336834995  -412.249837810
   125.000  -412.452778996  -412.338839511  -412.314044478  -412.338839511  -412.249838844
   125.500  -412.452372858  -412.340763391  -412.312993686  -412.340763391  -412.249806196
   126.000  -412.451665008  -412.343040088  -412.311898815  -412.343040088  -412.249764473
   126.500  -412.451160898  -412.346186914  -412.311203750  -412.346186914  -412.249750987
   127.000  -412.450785512  -412.350472165  -412.310390251  -412.350472165  -412.249544146
   127.500  -412.449632853  -412.357926474  -412.307093741  -412.357926474  -412.252180737
   128.000  -412.445332824  -412.360261385  -412.308515293  -412.360261385  -412.252000756
   128.500  -412.438004037  -412.359723927  -412.308446442  -412.359723927  -412.251968815
   129.000  -412.428028548  -412.356852950  -412.306259007  -412.356852950  -412.251913905
   129.500  -412.416353151  -412.352444646  -412.302388882  -412.352444646  -412.251858868
   130.000  -412.403999535  -412.347317219  -412.297442400  -412.347317219  -412.251822276
   130.500  -412.391744858  -412.342037241  -412.291839772  -412.342037241  -412.251803402
   131.000  -412.380103105  -412.336925777  -412.285802742  -412.336925777  -412.251787143
   131.500  -412.369523476  -412.332276296  -412.279566742  -412.332276296  -412.251757134
   132.000  -412.360870538  -412.328769879  -412.273388650  -412.328769879  -412.251925211
   132.500  -412.354164658  -412.326550276  -412.268350024  -412.326550276  -412.251909074
   133.000  -412.349892227  -412.326045998  -412.264468260  -412.326045998  -412.251939954
   133.500  -412.347536616  -412.326802409  -412.261372421  -412.326802409  -412.252006957
   134.000  -412.346044844  -412.327851973  -412.258187083  -412.327851973  -412.252065196
   134.500  -412.344500666  -412.328365071  -412.254190121  -412.328365071  -412.252080724
   135.000  -412.342623440  -412.328114039  -412.249421658  -412.328114039  -412.252191962
   135.500  -412.340281816  -412.326988123  -412.246704515  -412.326988123  -412.251645817
   136.000  -412.338914645  -412.326708218  -412.242291000  -412.326708218  -412.251649243
   136.500  -412.338012644  -412.326636833  -412.238187314  -412.326636833  -412.251646967
   137.000  -412.337742128  -412.326949810  -412.234739136  -412.326949810  -412.251608903
   137.500  -412.338774595  -412.328388665  -412.235018991  -412.328388665  -412.251686933
   138.000  -412.341616820  -412.331300003  -412.235127848  -412.331300003  -412.251708583
   138.500  -412.345913176  -412.335417755  -412.237172842  -412.335417755  -412.251801603
   139.000  -412.350219194  -412.339300571  -412.239799430  -412.339300571  -412.251901567
   139.500  -412.352965562  -412.341384700  -412.241508378  -412.341384700  -412.251942471
   140.000  -412.353447800  -412.340973561  -412.241647044  -412.340973561  -412.251905447
   140.500  -412.352175559  -412.338579593  -412.240759416  -412.338579593  -412.251808964
   141.000  -412.350609855  -412.335651737  -412.240288360  -412.335651737  -412.251697910
   141.500  -412.350462590  -412.333867285  -412.241824451  -412.333867285  -412.251629205
   142.000  -412.352823093  -412.334261485  -412.246209396  -412.334261485  -412.251635157
   142.500  -412.357662334  -412.336743861  -412.253073589  -412.336743861  -412.251696024
   143.000  -412.364095743  -412.340374474  -412.261164703  -412.340374474  -412.251763852
   143.500  -412.371075960  -412.344069033  -412.269104683  -412.344069033  -412.251804941
   144.000  -412.377911647  -412.347128555  -412.275955555  -412.347128555  -412.251811889
   144.500  -412.384392040  -412.349902150  -412.281198827  -412.349902150  -412.252286459
   145.000  -412.390649636  -412.351982214  -412.285456168  -412.351982214  -412.252530889
   145.500  -412.396935952  -412.353574764  -412.288788413  -412.353574764  -412.252520806
   146.000  -412.403144854  -412.354885023  -412.291208029  -412.354885023  -412.252553502
   146.500  -412.408601724  -412.355412515  -412.292280087  -412.355412515  -412.252609981
   147.000  -412.412314933  -412.354325329  -412.291282083  -412.354325329  -412.252646174
   147.500  -412.413605138  -412.351093385  -412.287802803  -412.351093385  -412.252621024
   148.000  -412.412678736  -412.346061021  -412.282301058  -412.346061021  -412.252539768
   148.500  -412.410541480  -412.340360357  -412.276012992  -412.340360357  -412.252461003
   149.000  -412.408190181  -412.335101963  -412.270140659  -412.335101963  -412.252437733
   149.500  -412.405898597  -412.330655390  -412.265129619  -412.330655390  -412.252456439
   150.000  -412.403389982  -412.326813015  -412.260828101  -412.326813015  -412.252466338
   150.500  -412.400512600  -412.323457985  -412.257148429  -412.323457985  -412.252450776
   151.000  -412.397479370  -412.320801174  -412.254299675  -412.320801174  -412.252434015
   151.500  -412.394548707  -412.319064538  -412.252471280  -412.319064538  -412.252436603
   152.000  -412.391732664  -412.318194043  -412.251552079  -412.318194043  -412.252453672
   152.500  -412.388852530  -412.317920304  -412.251202033  -412.317920304  -412.252469873
   153.000  -412.385758941  -412.317982674  -412.251087418  -412.317982674  -412.252476197
   153.500  -412.382474800  -412.318275264  -412.251035675  -412.318275264  -412.252471142
   154.000  -412.379224723  -412.318878939  -412.251073746  -412.318878939  -412.252455724
   154.500  -412.376411331  -412.320040029  -412.251411091  -412.320040029  -412.252433723
   155.000  -412.374541880  -412.322097902  -412.252375911  -412.322097902  -412.252417051
   155.500  -412.374057391  -412.325275186  -412.254271976  -412.325275186  -412.252503639
   156.000  -412.376236589  -412.329663445  -412.258229054  -412.329663445  -412.252622075
   156.500  -412.378067317  -412.334622096  -412.261059510  -412.334622096  -412.252700037
   157.000  -412.379681938  -412.338799102  -412.263037884  -412.338799102  -412.252772607
   157.500  -412.380138570  -412.341152785  -412.263273602  -412.341152785  -412.252785809
   158.000  -412.379362710  -412.341536841  -412.261793572  -412.341536841  -412.252711438
   158.500  -412.378518856  -412.341071645  -412.259884946  -412.341071645  -412.252588479
   159.000  -412.379421145  -412.341552936  -412.259469461  -412.341552936  -412.252508611
   159.500  -412.383234110  -412.344149951  -412.261768433  -412.344149951  -412.252531451
   160.000  -412.389633222  -412.348562191  -412.266444464  -412.348562191  -412.252626575
   160.500  -412.397200434  -412.353411841  -412.272001694  -412.353411841  -412.252720428
   161.000  -412.404457832  -412.357276730  -412.276847667  -412.357276730  -412.252768763
   161.500  -412.410540901  -412.359367146  -412.280003881  -412.359367146  -412.252771506
   162.000  -412.415248158  -412.359580425  -412.281189320  -412.359580425  -412.252747357
   162.500  -412.418788321  -412.358251228  -412.280588271  -412.358251228  -412.252712228
   163.000  -412.421546817  -412.355914798  -412.278623703  -412.355914798  -412.252673046
   163.500  -412.423974449  -412.353186593  -412.275840036  -412.353186593  -412.252632403
   164.000  -412.426542506  -412.350703967  -412.272845675  -412.350703967  -412.252595287
   164.500  -412.429666488  -412.349036168  -412.270222116  -412.349036168  -412.252572293
   165.000  -412.433554530  -412.348521717  -412.268359730  -412.348521717  -412.252575496
   165.500  -412.438040793  -412.349095469  -412.267281997  -412.349095469  -412.252609244
   166.000  -412.442533791  -412.350235557  -412.266587050  -412.350235557  -412.252663961
   166.500  -412.446168565  -412.351116627  -412.265592748  -412.351116627  -412.252718282
   167.000  -412.448124986  -412.350932619  -412.263645911  -412.350932619  -412.252748594
   167.500  -412.447983169  -412.349255873  -412.260466809  -412.349255873  -412.252736787
   168.000  -412.445983605  -412.346304593  -412.256399670  -412.346304593  -412.252677656
   168.500  -412.443085241  -412.343007062  -412.252465445  -412.343007062  -412.252587870
   169.000  -412.440679394  -412.340724217  -412.250075446  -412.340724217  -412.252513716
   169.500  -412.439894227  -412.340560912  -412.250340212  -412.340560912  -412.252506941
   170.000  -412.440855203  -412.342631413  -412.253337361  -412.342631413  -412.252573427
   170.500  -412.442591886  -412.345968383  -412.258022725  -412.345968383  -412.252664649
   171.000  -412.443721161  -412.349200177  -412.262915227  -412.349200177  -412.252727383
   171.500  -412.443233345  -412.351327141  -412.266877034  -412.351327141  -412.252744705
   172.000  -412.440803404  -412.352017996  -412.269422141  -412.352017996  -412.252728216
   172.500  -412.436667114  -412.351473962  -412.270594153  -412.351473962  -412.252696627
   173.000  -412.431358112  -412.350157410  -412.270714632  -412.350157410  -412.252664026
   173.500  -412.425479548  -412.348564212  -412.270171445  -412.348564212  -412.252639810
   174.000  -412.419539344  -412.347067055  -412.269274802  -412.347067055  -412.252629421
   174.500  -412.413845174  -412.345824875  -412.268170371  -412.345824875  -412.252633526
   175.000  -412.408481223  -412.344775346  -412.266829879  -412.344775346  -412.252645519
   175.500  -412.403401527  -412.343740314  -412.265149434  -412.343740314  -412.252652739
   176.000  -412.398613348  -412.342615538  -412.263131456  -412.342615538  -412.252645611
   176.500  -412.394306285  -412.341501044  -412.261004300  -412.341501044  -412.252630730
   177.000  -412.390750714  -412.340597240  -412.259107340  -412.340597240  -412.252628356
   177.500  -412.388013286  -412.339917364  -412.257589323  -412.339917364  -412.252648362
   178.000  -412.385830746  -412.339157907  -412.256266331  -412.339157907  -412.252671953
   178.500  -412.383875693  -412.337963004  -412.254873620  -412.337963004  -412.252671024
   179.000  -412.382149781  -412.336318088  -412.253451658  -412.336318088  -412.252642289
   179.500  -412.381033190  -412.334602748  -412.252394424  -412.334602748  -412.252612617
   180.000  -412.380914638  -412.333225382  -412.252085279  -412.333225382  -412.252608789
   180.500  -412.381808442  -412.332244666  -412.252524645  -412.332244666  -412.252630677
   181.000  -412.383336474  -412.331351923  -412.253323434  -412.331351923  -412.252657238
   181.500  -412.385010504  -412.330150222  -412.253994404  -412.330150222  -412.252670977
   182.000  -412.386492912  -412.328406696  -412.254215560  -412.328406696  -412.252669618
   182.500  -412.387658403  -412.326101697  -412.253889197  -412.326101697  -412.252660876
   183.000  -412.388536606  -412.323323734  -412.253057478  -412.323323734  -412.252671491
   183.500  -412.390092067  -412.319988082  -412.251673758  -412.319988082  -412.252363260
   184.000  -412.390414997  -412.316917052  -412.250179849  -412.316917052  -412.252346992
   184.500  -412.390626760  -412.313980300  -412.248683139  -412.313980300  -412.252321013
   185.000  -412.391020420  -412.311587444  -412.247791920  -412.311587444  -412.252293822
   185.500  -412.391662623  -412.310155093  -412.249286833  -412.310155093  -412.252194459
   186.000  -412.393557691  -412.310579993  -412.252970611  -412.310579993  -412.252275278
   186.500  -412.396839124  -412.312638181  -412.257454148  -412.312638181  -412.252318249
   187.000  -412.400658176  -412.315605571  -412.262146576  -412.315605571  -412.252370385
   187.500  -412.404175549  -412.318687924  -412.266190127  -412.318687924  -412.252401744
   188.000  -412.406915542  -412.321400838  -412.269066073  -412.321400838  -412.252391433
   188.500  -412.409050218  -412.323881101  -412.270901856  -412.323881101  -412.252346197
   189.000  -412.411282935  -412.326784718  -412.272357258  -412.326784718  -412.252297634
   189.500  -412.414367202  -412.330821576  -412.274155775  -412.330821576  -412.252282186
   190.000  -412.418571107  -412.336225334  -412.276555488  -412.336225334  -412.252314933
   190.500  -412.423478183  -412.342543120  -412.279160408  -412.342543120  -412.252377228
   191.000  -412.428235449  -412.348884473  -412.281175619  -412.348884473  -412.252438937
   191.500  -412.431973643  -412.354343345  -412.281823912  -412.354343345  -412.252482730
   192.000  -412.434075698  -412.358262363  -412.280614219  -412.358262363  -412.252506173
   192.500  -412.434243321  -412.360292083  -412.277424405  -412.360292083  -412.252510630
   193.000  -412.432498453  -412.360386417  -412.272534251  -412.360386417  -412.252494219
   193.500  -412.429198425  -412.358830294  -412.266646166  -412.358830294  -412.252452968
   194.000  -412.424984665  -412.356266002  -412.260709544  -412.356266002  -412.252393956
   194.500  -412.420542814  -412.353527342  -412.255464232  -412.353527342  -412.252357507
   195.000  -412.416272761  -412.351146268  -412.251156286  -412.351146268  -412.252366319
   195.500  -412.412154892  -412.349064780  -412.247572336  -412.349064780  -412.252399556
   196.000  -412.407889713  -412.346863088  -412.244207713  -412.346863088  -412.252430146
   196.500  -412.403182438  -412.344140218  -412.240580584  -412.344140218  -412.252441900
   197.000  -412.397975265  -412.340766888  -412.236498340  -412.340766888  -412.252431704
   197.500  -412.392510584  -412.336949022  -412.232127850  -412.336949022  -412.252400534
   198.000  -412.387258338  -412.333226706  -412.227917512  -412.333226706  -412.252409886
   198.500  -412.383079066  -412.330163840  -412.224568033  -412.330163840  -412.252346914
   199.000  -412.380893697  -412.328733317  -412.223054764  -412.328733317  -412.252308894
   199.500  -412.381530773  -412.329706421  -412.224169672  -412.329706421  -412.252270594
   200.000  -412.385053242  -412.333423415  -412.228311521  -412.333423415  -412.252334356
   200.500  -412.390529413  -412.338865332  -412.234684179  -412.338865332  -412.252452028
   201.000  -412.396155889  -412.344259209  -412.241704925  -412.344259209  -412.252565353
   201.500  -412.400202445  -412.347869247  -412.247787496  -412.347869247  -412.252627377
   202.000  -412.401752250  -412.348706533  -412.251966715  -412.348706533  -412.252624881
   202.500  -412.400838406  -412.346746517  -412.254081164  -412.346746517  -412.252573554
   203.000  -412.398174987  -412.342711952  -412.254614877  -412.342711952  -412.252503198
   203.500  -412.394754148  -412.337643616  -412.254352730  -412.337643616  -412.252440395
   204.000  -412.391481819  -412.332507281  -412.254037108  -412.332507281  -412.252398074
   204.500  -412.388978723  -412.327985442  -412.254175073  -412.327985442  -412.252376994
   205.000  -412.387550491  -412.324444135  -412.255004414  -412.324444135  -412.252373012
   205.500  -412.387234125  -412.321978510  -412.256529698  -412.321978510  -412.252382206
   206.000  -412.387855637  -412.320469559  -412.258569749  -412.320469559  -412.252400550
   206.500  -412.389092957  -412.319647184  -412.260810873  -412.319647184  -412.252424141
   207.000  -412.390543718  -412.319157494  -412.262868458  -412.319157494  -412.252449336
   207.500  -412.391790404  -412.318628009  -412.264345880  -412.318628009  -412.252471969
   208.000  -412.392481003  -412.317746796  -412.264910629  -412.317746796  -412.252483324
   208.500  -412.392469921  -412.316402117  -412.264430708  -412.316402117  -412.252469836
   209.000  -412.392014358  -412.314876800  -412.263170518  -412.314876800  -412.252422840
   209.500  -412.391867800  -412.313940832  -412.261887767  -412.313940832  -412.252358701
   210.000  -412.393003157  -412.314574367  -412.261565625  -412.314574367  -412.252322455
   210.500  -412.395958828  -412.317314740  -412.262768999  -412.317314740  -412.252348915
   211.000  -412.400360905  -412.321779585  -412.265169245  -412.321779585  -412.252420753
   211.500  -412.405166784  -412.326910760  -412.267783301  -412.326910760  -412.252490219
   212.000  -412.409327158  -412.331636492  -412.269625266  -412.331636492  -412.252533442
   212.500  -412.412147977  -412.335233625  -412.270057657  -412.335233625  -412.252556318
   213.000  -412.413253524  -412.337291168  -412.268751944  -412.337291168  -412.252562768
   213.500  -412.412548330  -412.337673207  -412.265651030  -412.337673207  -412.252545998
   214.000  -412.410310141  -412.336613176  -412.261067066  -412.336613176  -412.252503370
   214.500  -412.407223484  -412.334748406  -412.255721046  -412.334748406  -412.252444804
   215.000  -412.404235097  -412.332972935  -412.250603570  -412.332972935  -412.252387681
   215.500  -412.402338585  -412.332182364  -412.246707869  -412.332182364  -412.252338807
   216.000  -412.402199042  -412.333035237  -412.244826452  -412.333035237  -412.252328139
   216.500  -412.404155709  -412.335708165  -412.245415844  -412.335708165  -412.252354645
   217.000  -412.408078160  -412.339888542  -412.248658094  -412.339888542  -412.252368515
   217.500  -412.412955388  -412.345169664  -412.254033431  -412.345169664  -412.252427985
   218.000  -412.417650975  -412.350623815  -412.259769493  -412.350623815  -412.252523134
   218.500  -412.420912207  -412.354801695  -412.264091073  -412.354801695  -412.252615326
   219.000  -412.421437540  -412.356315559  -412.265508501  -412.356315559  -412.252670104
   219.500  -412.418496477  -412.354397640  -412.263223478  -412.354397640  -412.252641591
   220.000  -412.412627801  -412.349561176  -412.257755905  -412.349561176  -412.252509546
   220.500  -412.405873455  -412.343824930  -412.251153865  -412.343824930  -412.252331008
   221.000  -412.400885558  -412.339822268  -412.246089154  -412.339822268  -412.252228052
   221.500  -412.399169336  -412.339056031  -412.244091354  -412.339056031  -412.252272329
   222.000  -412.400048999  -412.340897165  -412.244505940  -412.340897165  -412.252398220
   222.500  -412.401458326  -412.343497601  -412.245268833  -412.343497601  -412.252459610
   223.000  -412.401547131  -412.345404058  -412.245001293  -412.345404058  -412.252724184
   223.500  -412.399927444  -412.344799382  -412.244441585  -412.344799382  -412.252614365
   224.000  -412.397209686  -412.342308190  -412.243150229  -412.342308190  -412.252521683
   224.500  -412.394379730  -412.339264310  -412.241681899  -412.339264310  -412.252442738
   225.000  -412.392496529  -412.336842855  -412.240973255  -412.336842855  -412.252387384
   225.500  -412.392362810  -412.335882614  -412.241770310  -412.335882614  -412.252362111
   226.000  -412.394381505  -412.336766704  -412.244425937  -412.336766704  -412.252367855
   226.500  -412.398500612  -412.339392099  -412.248839658  -412.339392099  -412.252402896
   227.000  -412.404208059  -412.343194684  -412.254463772  -412.343194684  -412.252462199
   227.500  -412.410592532  -412.347234090  -412.260371242  -412.347234090  -412.252535023
   228.000  -412.416509931  -412.350381214  -412.265433706  -412.350381214  -412.252599253
   228.500  -412.420852318  -412.351679014  -412.268677648  -412.351679014  -412.252622064
   229.000  -412.423183119  -412.350581206  -412.269715132  -412.350581206  -412.252602942
   229.500  -412.424041023  -412.347376200  -412.268720880  -412.347376200  -412.252525892
   230.000  -412.424283922  -412.343293765  -412.266794581  -412.343293765  -412.252442980
   230.500  -412.425028777  -412.339641048  -412.265200531  -412.339641048  -412.252387369
   231.000  -412.426981185  -412.337300451  -412.264791144  -412.337300451  -412.252374217
   231.500  -412.430155160  -412.336480194  -412.265760347  -412.336480194  -412.252402078
   232.000  -412.433909543  -412.336749424  -412.267683220  -412.336749424  -412.252450832
   232.500  -412.437281614  -412.337357513  -412.269824214  -412.337357513  -412.252486144
   233.000  -412.439509265  -412.337738236  -412.271613330  -412.337738236  -412.252486215
   233.500  -412.440372533  -412.337834945  -412.272940749  -412.337834945  -412.252457378
   234.000  -412.440144779  -412.338025383  -412.274088749  -412.338025383  -412.252423046
   234.500  -412.439309718  -412.338793203  -412.275470451  -412.338793203  -412.252403063
   235.000  -412.438280757  -412.340431858  -412.277383497  -412.340431858  -412.252403993
   235.500  -412.437234133  -412.342926691  -412.279856500  -412.342926691  -412.252423802
   236.000  -412.436069556  -412.345976289  -412.282613345  -412.345976289  -412.252456245
   236.500  -412.434483254  -412.349093621  -412.285158119  -412.349093621  -412.252489934
   237.000  -412.432143545  -412.351786777  -412.286965741  -412.351786777  -412.252509322
   237.500  -412.428944820  -412.353806901  -412.287752824  -412.353806901  -412.252498766
   238.000  -412.425223687  -412.355361997  -412.287700151  -412.355361997  -412.252461386
   238.500  -412.421690710  -412.357044799  -412.287390776  -412.357044799  -412.252430283
   239.000  -412.418925373  -412.359328747  -412.287305481  -412.359328747  -412.252448015
   239.500  -412.416774346  -412.361966173  -412.287223032  -412.361966173  -412.252514997
   240.000  -412.414349144  -412.363988990  -412.286219450  -412.363988990  -412.252577979
   240.500  -412.410788378  -412.364470777  -412.283435320  -412.364470777  -412.252580986
   241.000  -412.406062011  -412.363332444  -412.278883868  -412.363332444  -412.252521285
   241.500  -412.401031565  -412.361401801  -412.273511775  -412.361401801  -412.252449315
   242.000  -412.396749455  -412.359711770  -412.268492526  -412.359711770  -412.252417438
   242.500  -412.393721089  -412.358756719  -412.264473735  -412.358756719  -412.252431225
   243.000  -412.391802803  -412.358383661  -412.261458731  -412.358383661  -412.252457639
   243.500  -412.390646692  -412.358229126  -412.259230312  -412.358229126  -412.252469173
   244.000  -412.390097316  -412.358112236  -412.257729288  -412.358112236  -412.252465349
   244.500  -412.390226318  -412.358066323  -412.257070747  -412.358066323  -412.252459902
   245.000  -412.391146706  -412.358155612  -412.257344022  -412.358155612  -412.252463171
   245.500  -412.392875621  -412.358338927  -412.258472084  -412.358338927  -412.252471237
   246.000  -412.395379307  -412.358521782  -412.260259855  -412.358521782  -412.252470588
   246.500  -412.398753662  -412.358745548  -412.262593106  -412.358745548  -412.252450276
   247.000  -412.403349629  -412.359326476  -412.265592714  -412.359326476  -412.252418099
   247.500  -412.409627013  -412.360724389  -412.269506733  -412.360724389  -412.252401712
   248.000  -412.417737930  -412.363139750  -412.274333005  -412.363139750  -412.252425351
   248.500  -412.427181293  -412.366173193  -412.279503293  -412.366173193  -412.252484368
   249.000  -412.436878731  -412.368895782  -412.283971236  -412.368895782  -412.252549718
   249.500  -412.445619065  -412.370277748  -412.286645532  -412.370277748  -412.252591217
   250.000  -412.452548531  -412.369658957  -412.286855266  -412.369658957  -412.252588448
   250.500  -412.457508789  -412.367070955  -412.284657572  -412.367070955  -412.252533450
   251.000  -412.461141074  -412.363336727  -412.280921095  -412.363336727  -412.252442976
   251.500  -412.464597874  -412.359788556  -412.277035396  -412.359788556  -412.252364163
   252.000  -412.468787196  -412.357558796  -412.274186215  -412.357558796  -412.252341139
   252.500  -412.473367887  -412.357088817  -412.272744752  -412.357088817  -412.252104014
   253.000  -412.476655714  -412.357711096  -412.273936934  -412.357711096  -412.252488263
   253.500  -412.479616186  -412.356604733  -412.274724681  -412.356604733  -412.252515802
   254.000  -412.479791438  -412.354058816  -412.274682764  -412.354058816  -412.252802251
   254.500  -412.477666575  -412.349481555  -412.271986659  -412.349481555  -412.252757301
   255.000  -412.473470078  -412.343876636  -412.267993179  -412.343876636  -412.252683546
   255.500  -412.468349554  -412.338375596  -412.263849008  -412.338375596  -412.252609173
   256.000  -412.463491341  -412.334117406  -412.260706931  -412.334117406  -412.252568125
   256.500  -412.459605709  -412.331740700  -412.259219048  -412.331740700  -412.252577756
   257.000  -412.456666485  -412.331131140  -412.259285020  -412.331131140  -412.252622900
   257.500  -412.454117134  -412.331632515  -412.260262358  -412.331632515  -412.252672067
   258.000  -412.451318523  -412.332498661  -412.261417032  -412.332498661  -412.252705839
   258.500  -412.447845957  -412.333193581  -412.262221461  -412.333193581  -412.252724418
   259.000  -412.443509950  -412.333416226  -412.262376767  -412.333416226  -412.252735828
   259.500  -412.438257673  -412.333004971  -412.261714606  -412.333004971  -412.252742419
   260.000  -412.432147267  -412.331914555  -412.260171858  -412.331914555  -412.252735615
   260.500  -412.425473505  -412.330342014  -412.257915509  -412.330342014  -412.252701349
   261.000  -412.418949236  -412.328908413  -412.255526271  -412.328908413  -412.252639105
   261.500  -412.413662657  -412.328616497  -412.253962851  -412.328616497  -412.252582710
   262.000  -412.410543442  -412.330319539  -412.254043337  -412.330319539  -412.252586800
   262.500  -412.409577595  -412.333943662  -412.255687288  -412.333943662  -412.252667521
   263.000  -412.409601296  -412.338291611  -412.257736875  -412.338291611  -412.252767886
   263.500  -412.409142894  -412.341863700  -412.258746041  -412.341863700  -412.252811260
   264.000  -412.407525726  -412.343960397  -412.258075749  -412.343960397  -412.252777264
   264.500  -412.405171397  -412.344992427  -412.256200860  -412.344992427  -412.252716138
   265.000  -412.402906508  -412.345787053  -412.254009742  -412.345787053  -412.252691057
   265.500  -412.401076959  -412.346700114  -412.251916347  -412.346700114  -412.252713580
   266.000  -412.399368862  -412.347433268  -412.249686399  -412.347433268  -412.252745910
   266.500  -412.397321263  -412.347541341  -412.246953213  -412.347541341  -412.252753864
   267.000  -412.394820192  -412.346921359  -412.243714253  -412.346921359  -412.252734670
   267.500  -412.392159506  -412.345869196  -412.240389989  -412.345869196  -412.252705500
   268.000  -412.389803639  -412.344836988  -412.237583941  -412.344836988  -412.252684584
   268.500  -412.388119647  -412.344161992  -412.235818236  -412.344161992  -412.252681370
   269.000  -412.387195352  -412.343930457  -412.235366070  -412.343930457  -412.252686732
   269.500  -412.386778409  -412.344060579  -412.236110282  -412.344060579  -412.252700360
   270.000  -412.386490525  -412.344315310  -412.237530293  -412.344315310  -412.252729889
   270.500  -412.386070547  -412.344360668  -412.239145780  -412.344360668  -412.252734312
   271.000  -412.385547188  -412.344191250  -412.240846870  -412.344191250  -412.252713053
   271.500  -412.385254975  -412.344149414  -412.242856174  -412.344149414  -412.252697732
   272.000  -412.385423336  -412.344477943  -412.245311208  -412.344477943  -412.252718114
   272.500  -412.385802600  -412.344933985  -412.247897250  -412.344933985  -412.252751126
   273.000  -412.385998041  -412.345119141  -412.250178694  -412.345119141  -412.252742253
   273.500  -412.386176470  -412.345187889  -412.252295187  -412.345187889  -412.252694480
   274.000  -412.386986987  -412.345772962  -412.254869471  -412.345772962  -412.252676879
   274.500  -412.388630434  -412.347059256  -412.258069580  -412.347059256  -412.252719988
   275.000  -412.390455273  -412.348380147  -412.261202763  -412.348380147  -412.252773323
   275.500  -412.391653875  -412.348910457  -412.263414207  -412.348910457  -412.252782892
   276.000  -412.392051130  -412.348452075  -412.264479720  -412.348452075  -412.252746471
   276.500  -412.392182232  -412.347511894  -412.264887709  -412.347511894  -412.252692926
   277.000  -412.392883220  -412.346895098  -412.265432346  -412.346895098  -412.252648763
   277.500  -412.394872796  -412.347291191  -412.266797225  -412.347291191  -412.252627835
   278.000  -412.398513419  -412.349037978  -412.269316613  -412.349037978  -412.252634846
   278.500  -412.403721319  -412.352033419  -412.272884658  -412.352033419  -412.252669358
   279.000  -412.409971319  -412.355741320  -412.276958396  -412.355741320  -412.252725740
   279.500  -412.416392958  -412.359288570  -412.280651471  -412.359288570  -412.252791062
   280.000  -412.421989531  -412.361683211  -412.282949347  -412.361683211  -412.252843038
   280.500  -412.425990712  -412.362167357  -412.283059266  -412.362167357  -412.252854609
   281.000  -412.428263160  -412.360626287  -412.280820834  -412.360626287  -412.252808116
   281.500  -412.429555866  -412.357832661  -412.276956598  -412.357832661  -412.252714769
   282.000  -412.431308921  -412.355256148  -412.272895357  -412.355256148  -412.252617171
   282.500  -412.435002127  -412.354415014  -412.270139002  -412.354415014  -412.252566215
   283.000  -412.441367406  -412.356095676  -412.269492926  -412.356095676  -412.252594584
   283.500  -412.449878306  -412.359849305  -412.270561975  -412.359849305  -412.252694917
   284.000  -412.458866204  -412.364111900  -412.271861760  -412.364111900  -412.252812193
   284.500  -412.466344313  -412.367026338  -412.271629403  -412.367026338  -412.252882531
   285.000  -412.470980198  -412.367407468  -412.268780783  -412.367407468  -412.252882129
   285.500  -412.472512804  -412.365148983  -412.263313743  -412.365148983  -412.252828701
   286.000  -412.471540812  -412.361001542  -412.256085863  -412.361001542  -412.252753366
   286.500  -412.469061688  -412.356103242  -412.248346640  -412.356103242  -412.252682494
   287.000  -412.466060429  -412.351555434  -412.241317760  -412.351555434  -412.252633467
   287.500  -412.463235975  -412.348130458  -412.235891842  -412.348130458  -412.252615306
   288.000  -412.460863475  -412.346119454  -412.232425450  -412.346119454  -412.252628209
   288.500  -412.458751956  -412.345309672  -412.230645560  -412.345309672  -412.252670709
   289.000  -412.456272888  -412.345021630  -412.229754933  -412.345021630  -412.252736697
   289.500  -412.452526077  -412.344244441  -412.228684811  -412.344244441  -412.252805234
   290.000  -412.446724631  -412.341979113  -412.226438155  -412.341979113  -412.252842273
   290.500  -412.438780877  -412.337782838  -412.222637725  -412.337782838  -412.252800353
   291.000  -412.429580862  -412.332476548  -412.218232315  -412.332476548  -412.252648474
   291.500  -412.420863907  -412.328219578  -412.215296002  -412.328219578  -412.252513367
   292.000  -412.414936136  -412.327073752  -412.215638431  -412.327073752  -412.252473237
   292.500  -412.412662599  -412.329616074  -412.219697118  -412.329616074  -412.252569419
   293.000  -412.412773752  -412.334401540  -412.225975338  -412.334401540  -412.252726598
   293.500  -412.412953703  -412.339013939  -412.232043187  -412.339013939  -412.252840014
   294.000  -412.411436935  -412.341620142  -412.236088639  -412.341620142  -412.252864577
   294.500  -412.407794873  -412.341665021  -412.237692097  -412.341665021  -412.253013395
   295.000  -412.402887719  -412.338520093  -412.240489269  -412.338520093  -412.251735900
   295.500  -412.397517483  -412.336197264  -412.239870598  -412.336197264  -412.251664032
   296.000  -412.392949350  -412.334334574  -412.239562296  -412.334334574  -412.251616554
   296.500  -412.389930098  -412.333677013  -412.240333507  -412.333677013  -412.251600062
   297.000  -412.388723948  -412.334488942  -412.242489332  -412.334488942  -412.251613839
   297.500  -412.389110667  -412.336551683  -412.245860907  -412.336551683  -412.251654040
   298.000  -412.390457227  -412.339232344  -412.249867016  -412.339232344  -412.251712393
   298.500  -412.391859153  -412.341625665  -412.253642535  -412.341625665  -412.251774358
   299.000  -412.392388017  -412.342800342  -412.256277080  -412.342800342  -412.251816819
   299.500  -412.391453442  -412.342160889  -412.257172570  -412.342160889  -412.251815747
   300.000  -412.389153830  -412.339798088  -412.256394316  -412.339798088  -412.251764652
   300.500  -412.386346509  -412.336560524  -412.254745578  -412.336560524  -412.251687753
   301.000  -412.384262286  -412.333673626  -412.253390192  -412.333673626  -412.251628236
   301.500  -412.383841646  -412.332083186  -412.253200258  -412.332083186  -412.251620141
   302.000  -412.385199496  -412.331940560  -412.254227679  -412.331940560  -412.251657947
   302.500  -412.387512590  -412.332804390  -412.255534862  -412.332804390  -412.252014276
   303.000  -412.389831235  -412.332921401  -412.256500089  -412.332921401  -412.252044928
   303.500  -412.391342352  -412.331893543  -412.256130305  -412.331893543  -412.252031944
   304.000  -412.392097874  -412.329832446  -412.254499960  -412.329832446  -412.251979376
   304.500  -412.392792384  -412.327462430  -412.252335350  -412.327462430  -412.251916556
   305.000  -412.394316844  -412.325698815  -412.250563036  -412.325698815  -412.251868926
   305.500  -412.397354642  -412.325255136  -412.249910994  -412.325255136  -412.251849472
   306.000  -412.402157488  -412.326428455  -412.250691734  -412.326428455  -412.251860310
   306.500  -412.408495329  -412.329055451  -412.252757875  -412.329055451  -412.251896091
   307.000  -412.415739519  -412.332596434  -412.255587106  -412.332596434  -412.251944501
   307.500  -412.423065023  -412.336334273  -412.258483077  -412.336334273  -412.251985859
   308.000  -412.429760402  -412.339678656  -412.260881289  -412.339678656  -412.251999659
   308.500  -412.435529271  -412.342459982  -412.262644589  -412.342459982  -412.251983545
   309.000  -412.440498187  -412.344931391  -412.264063437  -412.344931391  -412.251970120
   309.500  -412.444743081  -412.347287785  -412.265372378  -412.347287785  -412.252000093
   310.000  -412.447742628  -412.349113687  -412.266190432  -412.349113687  -412.252063597
   310.500  -412.448560717  -412.349556333  -412.265688315  -412.349556333  -412.252094436
   311.000  -412.446778844  -412.348251933  -412.263506603  -412.348251933  -412.252047144
   311.500  -412.443123417  -412.345949595  -412.260373758  -412.345949595  -412.251955269
   312.000  -412.438974996  -412.344026116  -412.257606623  -412.344026116  -412.251897178
   312.500  -412.435245204  -412.343372560  -412.255966810  -412.343372560  -412.251910664
   313.000  -412.431814951  -412.343833241  -412.255066077  -412.343833241  -412.251964166
   313.500  -412.427968133  -412.344615146  -412.253814897  -412.344615146  -412.252010027
   314.000  -412.423123557  -412.344974903  -412.251304113  -412.344974903  -412.252030529
   314.500  -412.417156306  -412.344521791  -412.247312441  -412.344521791  -412.252032666
   315.000  -412.410310430  -412.343174559  -412.242200679  -412.343174559  -412.252021680
   315.500  -412.403004145  -412.341059407  -412.236494281  -412.341059407  -412.252006103
   316.000  -412.395668692  -412.338392760  -412.230644968  -412.338392760  -412.251989661
   316.500  -412.388697448  -412.335426201  -412.225029801  -412.335426201  -412.251967990
   317.000  -412.382523287  -412.332502196  -412.220070090  -412.332502196  -412.251933646
   317.500  -412.377734544  -412.330143352  -412.216348040  -412.330143352  -412.251890922
   318.000  -412.374992139  -412.328983643  -412.214565048  -412.328983643  -412.251858972
   318.500  -412.374632919  -412.329448893  -412.215110276  -412.329448893  -412.251876393
   319.000  -412.376287500  -412.331251006  -412.217518109  -412.331251006  -412.251952276
   319.500  -412.378785109  -412.333358408  -412.220441258  -412.333358408  -412.252069041
   320.000  -412.380560028  -412.334202146  -412.222231064  -412.334202146  -412.252132047
   320.500  -412.380677547  -412.332837298  -412.221918795  -412.332837298  -412.252107461
   321.000  -412.379504511  -412.329698398  -412.219803164  -412.329698398  -412.252007009
   321.500  -412.378516567  -412.326331976  -412.217304172  -412.326331976  -412.251895526
   322.000  -412.379309509  -412.324419365  -412.216003339  -412.324419365  -412.251849255
   322.500  -412.382435386  -412.324675512  -412.216547706  -412.324675512  -412.251867558
   323.000  -412.385235911  -412.327780902  -412.220228111  -412.327780902  -412.253290612
   323.500  -412.390503382  -412.329687679  -412.223833574  -412.329687679  -412.253347784
   324.000  -412.395038540  -412.330776937  -412.226211373  -412.330776937  -412.253366715
   324.500  -412.398384635  -412.330654903  -412.227026627  -412.330654903  -412.253353719
   325.000  -412.400632765  -412.329438137  -412.226466494  -412.329438137  -412.253327585
   325.500  -412.402113738  -412.327486877  -412.224959774  -412.327486877  -412.253300190
   326.000  -412.403308221  -412.325171059  -412.223004647  -412.325171059  -412.253211343
   326.500  -412.404504776  -412.323024392  -412.221006092  -412.323024392  -412.253184364
   327.000  -412.406108298  -412.321392615  -412.219431726  -412.321392615  -412.253154904
   327.500  -412.408509426  -412.320719291  -412.218754314  -412.320719291  -412.253134283
   328.000  -412.411927377  -412.321294342  -412.219293627  -412.321294342  -412.253139133
   328.500  -412.416181181  -412.323018509  -412.220980200  -412.323018509  -412.253176739
   329.000  -412.420599437  -412.325306286  -412.223253720  -412.325306286  -412.253235458
   329.500  -412.424208109  -412.327265496  -412.225235988  -412.327265496  -412.253289353
   330.000  -412.426135074  -412.328094053  -412.226121776  -412.328094053  -412.253309528
   330.500  -412.426056996  -412.327521249  -412.225616514  -412.327521249  -412.253276247
   331.000  -412.424484935  -412.326091070  -412.224221643  -412.326091070  -412.253195680
   331.500  -412.422635613  -412.325035032  -412.223115580  -412.325035032  -412.253112452
   332.000  -412.421748463  -412.325593792  -412.223488719  -412.325593792  -412.253086040
   332.500  -412.422223026  -412.328160509  -412.225699629  -412.328160509  -412.253134972
   333.000  -412.423349353  -412.332014837  -412.229013859  -412.332014837  -412.253218451
   333.500  -412.423877562  -412.335891968  -412.232166633  -412.335891968  -412.253283145
   334.000  -412.422799467  -412.338759976  -412.234126862  -412.338759976  -412.253307914
   334.500  -412.419701028  -412.340167428  -412.234433028  -412.340167428  -412.253302093
   335.000  -412.414673402  -412.340137400  -412.233089537  -412.340137400  -412.253284783
   335.500  -412.408096010  -412.338922413  -412.230325113  -412.338922413  -412.253258648
   336.000  -412.400425473  -412.336878765  -412.226435895  -412.336878765  -412.253240253
   336.500  -412.394723869  -412.332582257  -412.226498900  -412.332582257  -412.251428721
   337.000  -412.386195260  -412.329924713  -412.224572079  -412.329924713  -412.251421517
   337.500  -412.377685914  -412.327196286  -412.222651658  -412.327196286  -412.251382765
   338.000  -412.369589142  -412.324507923  -412.220331040  -412.324507923  -412.251402223
   338.500  -412.361713384  -412.321629526  -412.217559869  -412.321629526  -412.251421937
   339.000  -412.353886360  -412.318272711  -412.214154734  -412.318272711  -412.251438749
   339.500  -412.345972638  -412.314213955  -412.209987996  -412.314213955  -412.251443378
   340.000  -412.338023286  -412.309446212  -412.205158371  -412.309446212  -412.251421514
   340.500  -412.330492935  -412.304392151  -412.200197092  -412.304392151  -412.251361416
   341.000  -412.324387529  -412.300046852  -412.196197265  -412.300046852  -412.251275141
   341.500  -412.321045306  -412.297753984  -412.194576674  -412.297753984  -412.251210197
   342.000  -412.321422898  -412.298489093  -412.196348089  -412.298489093  -412.251218537
   342.500  -412.325355041  -412.302117215  -412.201369958  -412.302117215  -412.251302308
   343.000  -412.331530558  -412.307366184  -412.208321001  -412.307366184  -412.251408862
   343.500  -412.338251438  -412.312582136  -412.215464108  -412.312582136  -412.251482313
   344.000  -412.344271335  -412.316564730  -412.221493398  -412.316564730  -412.251502422
   344.500  -412.349138725  -412.318908688  -412.225886718  -412.318908688  -412.251481316
   345.000  -412.353048452  -412.319855641  -412.228766573  -412.319855641  -412.251443335
   345.500  -412.356485866  -412.319939534  -412.230552816  -412.319939534  -412.251408866
   346.000  -412.359915778  -412.319676944  -412.231659371  -412.319676944  -412.251385913
   346.500  -412.363651691  -412.319436328  -412.232369597  -412.319436328  -412.251370576
   347.000  -412.367899194  -412.319479989  -412.232883084  -412.319479989  -412.251356062
   347.500  -412.372846849  -412.320051633  -412.233407041  -412.320051633  -412.251341850
   348.000  -412.378670524  -412.321377920  -412.234158813  -412.321377920  -412.251335383
   348.500  -412.383128324  -412.324713809  -412.238109029  -412.324713809  -412.252467204
   349.000  -412.390635845  -412.327656610  -412.241380957  -412.327656610  -412.252499432
   349.500  -412.398392220  -412.330825553  -412.244232977  -412.330825553  -412.252543779
   350.000  -412.405735171  -412.333598971  -412.246082884  -412.333598971  -412.252575399
   350.500  -412.412055684  -412.335542963  -412.246567689  -412.335542963  -412.252597735
   351.000  -412.417368822  -412.336596630  -412.245750192  -412.336596630  -412.252561435
   351.500  -412.422218181  -412.337339954  -412.244197702  -412.337339954  -412.252508283
   352.000  -412.427337789  -412.338599665  -412.242776132  -412.338599665  -412.252483678
   352.500  -412.432999692  -412.340751256  -412.241924972  -412.340751256  -412.252515411
   353.000  -412.438620512  -412.343331194  -412.241265257  -412.343331194  -412.252578624
   353.500  -412.443127110  -412.345389222  -412.239950140  -412.345389222  -412.252624609
   354.000  -412.445668862  -412.346187086  -412.237353990  -412.346187086  -412.252631433
   354.500  -412.445980249  -412.345548816  -412.233406742  -412.345548816  -412.252610098
   355.000  -412.444266170  -412.343739540  -412.228455652  -412.343739540  -412.252577759
   355.500  -412.440966212  -412.341226331  -412.223013662  -412.341226331  -412.252541153
   356.000  -412.436641223  -412.338564787  -412.217641307  -412.338564787  -412.252501903
   356.500  -412.431929716  -412.336357383  -412.212908944  -412.336357383  -412.252465750
   357.000  -412.427451351  -412.335159545  -412.209313124  -412.335159545  -412.252442786
   357.500  -412.423651325  -412.335325497  -412.207135599  -412.335325497  -412.252441745
   358.000  -412.420721354  -412.336856069  -412.206298176  -412.336856069  -412.252571915
   358.500  -412.421039963  -412.337788740  -412.210045582  -412.337788740  -412.251115520
   359.000  -412.418914085  -412.340743065  -412.213966423  -412.340743065  -412.251167612
   359.500  -412.416378483  -412.343316206  -412.217483543  -412.343316206  -412.251223960
   360.000  -412.412848343  -412.344680448  -412.219797166  -412.344680448  -412.251264496
   360.500  -412.408083871  -412.344232499  -412.220540863  -412.344232499  -412.251257297
   361.000  -412.402359043  -412.342224628  -412.219738741  -412.342224628  -412.251208376
   361.500  -412.396561878  -412.339687080  -412.218053398  -412.339687080  -412.251141423
   362.000  -412.391983675  -412.337759385  -412.216922023  -412.337759385  -412.251082484
   362.500  -412.389632629  -412.337303318  -412.217458491  -412.337303318  -412.251078656
   363.000  -412.389597205  -412.338388481  -412.219874139  -412.338388481  -412.251129051
   363.500  -412.391112414  -412.340280953  -412.223526691  -412.340280953  -412.251196496
   364.000  -412.393106333  -412.341967062  -412.227442300  -412.341967062  -412.251245340
   364.500  -412.394742194  -412.342685672  -412.230846098  -412.342685672  -412.251260171
   365.000  -412.395677770  -412.342182442  -412.233423380  -412.342182442  -412.251242752
   365.500  -412.396055859  -412.340698915  -412.235320691  -412.340698915  -412.251205353
   366.000  -412.396328645  -412.338794762  -412.236985307  -412.338794762  -412.251163479
   366.500  -412.397024497  -412.337111775  -412.238945455  -412.337111775  -412.251129713
   367.000  -412.398554494  -412.336175867  -412.241625674  -412.336175867  -412.251110634
   367.500  -412.401107030  -412.336286257  -412.245243824  -412.336286257  -412.251108002
   368.000  -412.404617365  -412.337479621  -412.249777747  -412.337479621  -412.251121687
   368.500  -412.408773183  -412.339530082  -412.254964293  -412.339530082  -412.251150745
   369.000  -412.413034252  -412.341965696  -412.260310861  -412.341965696  -412.251192724
   369.500  -412.416682049  -412.344114900  -412.265135832  -412.344114900  -412.251240661
   370.000  -412.418935968  -412.345220745  -412.268674636  -412.345220745  -412.251281479
   370.500  -412.419160124  -412.344644796  -412.270276891  -412.344644796  -412.251298029
   371.000  -412.417122144  -412.342123609  -412.269660166  -412.342123609  -412.251277728
   371.500  -412.413169763  -412.337947980  -412.267092967  -412.337947980  -412.251224876
   372.000  -412.408147142  -412.332891522  -412.263329650  -412.332891522  -412.251164912
   372.500  -412.403007098  -412.327840618  -412.259244560  -412.327840618  -412.251128642
   373.000  -412.398359072  -412.323354204  -412.255393730  -412.323354204  -412.251126367
   373.500  -412.394313928  -412.319509029  -412.251862331  -412.319509029  -412.251140771
   374.000  -412.390717659  -412.316128642  -412.248493639  -412.316128642  -412.251147775
   374.500  -412.387503882  -412.313126876  -412.245233383  -412.313126876  -412.251137105
   375.000  -412.384862472  -412.310670465  -412.242288857  -412.310670465  -412.251113883
   375.500  -412.383166619  -412.309122859  -412.240049296  -412.309122859  -412.251085222
   376.000  -412.382775976  -412.308911844  -412.238906816  -412.308911844  -412.251066847
   376.500  -412.383917807  -412.310326305  -412.239143335  -412.310326305  -412.251065021
   377.000  -412.386647748  -412.313416658  -412.240851297  -412.313416658  -412.251076216
   377.500  -412.390796401  -412.318015007  -412.243887077  -412.318015007  -412.251100543
   378.000  -412.395968561  -412.323732955  -412.247872802  -412.323732955  -412.251136503
   378.500  -412.401579451  -412.329987460  -412.252231336  -412.329987460  -412.251179888
   379.000  -412.406937667  -412.336075646  -412.256267945  -412.336075646  -412.251222512
   379.500  -412.411376225  -412.341302810  -412.259303180  -412.341302810  -412.251254147
   380.000  -412.414401804  -412.345133184  -412.260826463  -412.345133184  -412.251268383
   380.500  -412.415798853  -412.347292204  -412.260603576  -412.347292204  -412.251265503
   381.000  -412.415621913  -412.347763257  -412.258673099  -412.347763257  -412.251252909
   381.500  -412.414086074  -412.346685008  -412.255241333  -412.346685008  -412.251239132
   382.000  -412.411446772  -412.344237917  -412.250563001  -412.344237917  -412.251227283
   382.500  -412.407951247  -412.340603717  -412.244892110  -412.340603717  -412.251215320
   383.000  -412.403867495  -412.335997051  -412.238504303  -412.335997051  -412.251199265
   383.500  -412.399535473  -412.330720095  -412.231738355  -412.330720095  -412.251176024
   384.000  -412.395395249  -412.325198594  -412.225010038  -412.325198594  -412.251144890
   384.500  -412.391974145  -412.319976930  -412.218783611  -412.319976930  -412.251109058
   385.000  -412.389830652  -412.315658686  -412.213520009  -412.315658686  -412.251074842
   385.500  -412.389463999  -412.312808777  -412.209623952  -412.312808777  -412.251048240
   386.000  -412.391215753  -412.311860200  -412.207383751  -412.311860200  -412.251031884
   386.500  -412.395180389  -412.313072689  -412.206909020  -412.313072689  -412.251021472
   387.000  -412.401057638  -412.316477587  -412.208302347  -412.316477587  -412.251077426
   387.500  -412.407909267  -412.321890112  -412.211947858  -412.321890112  -412.251617487
   388.000  -412.416535725  -412.327681253  -412.217168245  -412.327681253  -412.251623162
   388.500  -412.425749224  -412.334135523  -412.223529011  -412.334135523  -412.251632659
   389.000  -412.435206191  -412.341054224  -412.230758363  -412.341054224  -412.251634621
   389.500  -412.444689704  -412.348336311  -412.238634465  -412.348336311  -412.251638406
   390.000  -412.453968931  -412.355857779  -412.246909552  -412.355857779  -412.251654603
   390.500  -412.462696582  -412.363328667  -412.255222527  -412.363328667  -412.251685202
   391.000  -412.470372218  -412.370264196  -412.263057382  -412.370264196  -412.251726338
   391.500  -412.476396788  -412.376052763  -412.269792905  -412.376052763  -412.251771247
   392.000  -412.480176994  -412.380067863  -412.274808674  -412.380067863  -412.251811092
   392.500  -412.481253964  -412.381802206  -412.277620377  -412.381802206  -412.251835021
   393.000  -412.479438888  -412.381009288  -412.278016409  -412.381009288  -412.251835838
   393.500  -412.474893330  -412.377788368  -412.276134337  -412.377788368  -412.251814239
   394.000  -412.468100952  -412.372559593  -412.272422588  -412.372559593  -412.251778047
   394.500  -412.459742883  -412.365942333  -412.267508541  -412.365942333  -412.251737658
   395.000  -412.450539751  -412.358599581  -412.262039918  -412.358599581  -412.251701715
   395.500  -412.441120092  -412.351108458  -412.256559342  -412.351108458  -412.251674952
   396.000  -412.431947979  -412.343889235  -412.251441010  -412.343889235  -412.251657737
   396.500  -412.423319282  -412.337201906  -412.246895651  -412.337201906  -412.251646378
   397.000  -412.415420987  -412.331205100  -412.243035585  -412.331205100  -412.251634744
   397.500  -412.408429827  -412.326053140  -412.239975097  -412.326053140  -412.251617496
   398.000  -412.402597324  -412.321980006  -412.237913702  -412.321980006  -412.251595236
   398.500  -412.398249121  -412.319297620  -412.237131146  -412.319297620  -412.251576946
   399.000  -412.395663133  -412.318274275  -412.237858988  -412.318274275  -412.251574752
   399.500  -412.394910204  -412.318975569  -412.240115174  -412.318975569  -412.251589722
   400.000  -412.395852365  -412.321263057  -412.243697699  -412.321263057  -412.251602875
   400.500  -412.398412383  -412.325061983  -412.248455145  -412.325061983  -412.251588647
   401.000  -412.402892282  -412.330678856  -412.254615129  -412.330678856  -412.251552523
   401.500  -412.409829869  -412.338657164  -412.262659588  -412.338657164  -412.251549082
   402.000  -412.419209008  -412.348988876  -412.272555136  -412.348988876  -412.251630004
   402.500  -412.429777644  -412.360433426  -412.283078734  -412.360433426  -412.251770700
   403.000  -412.439425000  -412.370892068  -412.292182359  -412.370892068  -412.251890106
   403.500  -412.446329183  -412.378549818  -412.298117440  -412.378549818  -412.251936132
   404.000  -412.449731430  -412.382643521  -412.300190793  -412.382643521  -412.251916484
   404.500  -412.449870322  -412.383394827  -412.298695670  -412.383394827  -412.251866302
   405.000  -412.447484444  -412.381519070  -412.294422578  -412.381519070  -412.251813827
   405.500  -412.443378733  -412.377801495  -412.288229582  -412.377801495  -412.251770272
   406.000  -412.438243769  -412.372914247  -412.280848989  -412.372914247  -412.251734016
   406.500  -412.432676769  -412.367427860  -412.272900416  -412.367427860  -412.251698292
   407.000  -412.427279765  -412.361905488  -412.264994435  -412.361905488  -412.251658574
   407.500  -412.422713618  -412.356962898  -412.257797116  -412.356962898  -412.251618927
   408.000  -412.419623440  -412.353201891  -412.251959592  -412.353201891  -412.251593282
   408.500  -412.418428803  -412.351004576  -412.247905019  -412.351004576  -412.251597945
   409.000  -412.419076347  -412.350291854  -412.245578160  -412.350291854  -412.251641933
   409.500  -412.420914084  -412.350400258  -412.244317108  -412.350400258  -412.251719641
   410.000  -412.422802291  -412.350192895  -412.242967500  -412.350192895  -412.251806076
   410.500  -412.423518893  -412.348467564  -412.240293988  -412.348467564  -412.251855276
   411.000  -412.422482243  -412.344677851  -412.235710432  -412.344677851  -412.251807722
   411.500  -412.420584187  -412.339771061  -412.230113522  -412.339771061  -412.251644295
   412.000  -412.420337971  -412.336339249  -412.226029422  -412.336339249  -412.251459644
   412.500  -412.424386048  -412.337135025  -412.226125171  -412.337135025  -412.251422420
   413.000  -412.433135993  -412.342701259  -412.230879228  -412.342701259  -412.251575059
   413.500  -412.444185906  -412.350779036  -412.238055682  -412.350779036  -412.251778310
   414.000  -412.454264565  -412.358223550  -412.244661881  -412.358223550  -412.251895993
   414.500  -412.461265846  -412.363021674  -412.248938364  -412.363021674  -412.251907013
   415.000  -412.464686777  -412.364738737  -412.250701688  -412.364738737  -412.251859536
   415.500  -412.465016987  -412.363924290  -412.250669228  -412.363924290  -412.251794403
   416.000  -412.463056603  -412.361482607  -412.249746118  -412.361482607  -412.251728142
   416.500  -412.459392553  -412.358419979  -412.248652527  -412.358419979  -412.251565716
   417.000  -412.453722368  -412.355940690  -412.247952137  -412.355940690  -412.252400002
   417.500  -412.449305954  -412.352150589  -412.247614690  -412.352150589  -412.252337953
   418.000  -412.445057890  -412.348667265  -412.247680459  -412.348667265  -412.252325196
   418.500  -412.441021778  -412.345720734  -412.248185448  -412.345720734  -412.252322057
   419.000  -412.437245451  -412.343365358  -412.249095087  -412.343365358  -412.252325675
   419.500  -412.433696360  -412.341539556  -412.250290055  -412.341539556  -412.252340786
   420.000  -412.430187552  -412.340011694  -412.251495763  -412.340011694  -412.252371190
   420.500  -412.426342462  -412.338350515  -412.252244736  -412.338350515  -412.252408015
   421.000  -412.421750847  -412.336083363  -412.252028073  -412.336083363  -412.252420745
   421.500  -412.416423833  -412.333151525  -412.250747290  -412.333151525  -412.252368850
   422.000  -412.411330949  -412.330449893  -412.249257173  -412.330449893  -412.252251528
   422.500  -412.408309901  -412.329744289  -412.249296863  -412.329744289  -412.252152137
   423.000  -412.408829509  -412.332446484  -412.252283674  -412.332446484  -412.252174400
   423.500  -412.412557973  -412.338190382  -412.257899205  -412.338190382  -412.252310736
   424.000  -412.417467176  -412.344929629  -412.264178141  -412.344929629  -412.252451869
   424.500  -412.421382329  -412.350445961  -412.268999738  -412.350445961  -412.252523188
   425.000  -412.425039251  -412.352181691  -412.271330839  -412.352181691  -412.251076350
   425.500  -412.424428488  -412.353011675  -412.271780527  -412.353011675  -412.251028658
   426.000  -412.422174270  -412.352068000  -412.270420727  -412.352068000  -412.250975699
   426.500  -412.419047480  -412.350121610  -412.268037909  -412.350121610  -412.250930350
   427.000  -412.415733803  -412.347863226  -412.265325448  -412.347863226  -412.250897575
   427.500  -412.412756013  -412.345817936  -412.262813589  -412.345817936  -412.250876215
   428.000  -412.410464452  -412.344340009  -412.260865790  -412.344340009  -412.250865539
   428.500  -412.409036521  -412.343612073  -412.259677561  -412.343612073  -412.250867422
   429.000  -412.408452616  -412.343617389  -412.259246531  -412.343617389  -412.250885098
   429.500  -412.408448273  -412.344090844  -412.259317149  -412.344090844  -412.250922002
   430.000  -412.408479955  -412.344479843  -412.259339131  -412.344479843  -412.250976519
   430.500  -412.407770693  -412.343987053  -412.258508372  -412.343987053  -412.251035693
   431.000  -412.405534768  -412.341791635  -412.255989952  -412.341791635  -412.251068379
   431.500  -412.401456475  -412.337527731  -412.251399199  -412.337527731  -412.251030730
   432.000  -412.396304420  -412.331902877  -412.245423750  -412.331902877  -412.250901639
   432.500  -412.392146514  -412.326923447  -412.240055224  -412.326923447  -412.250736092
   433.000  -412.391469853  -412.325032391  -412.237731275  -412.325032391  -412.250654707
   433.500  -412.395477586  -412.327421177  -412.239653819  -412.327421177  -412.250719764
   434.000  -412.403228618  -412.333177691  -412.244931844  -412.333177691  -412.250861516
   434.500  -412.412594109  -412.340232767  -412.251525719  -412.340232767  -412.250970843
   435.000  -412.421806619  -412.346897227  -412.257772000  -412.346897227  -412.251009030
   435.500  -412.430120405  -412.352505630  -412.263027904  -412.352505630  -412.250998663
   436.000  -412.437553823  -412.357153160  -412.267401568  -412.357153160  -412.250974353
   436.500  -412.444402417  -412.361203818  -412.271263672  -412.361203818  -412.250954901
   437.000  -412.450926849  -412.364980273  -412.274930627  -412.364980273  -412.250946642
   437.500  -412.457235726  -412.368646773  -412.278555013  -412.368646773  -412.250948650
   438.000  -412.463266887  -412.372193647  -412.282104990  -412.372193647  -412.250961406
   438.500  -412.468786677  -412.375433472  -412.285376415  -412.375433472  -412.250983778
   439.000  -412.473387794  -412.378002658  -412.287989522  -412.378002658  -412.251017620
   439.500  -412.476491464  -412.379356749  -412.289400806  -412.379356749  -412.251060204
   440.000  -412.477384485  -412.378809555  -412.288929890  -412.378809555  -412.251107294
   440.500  -412.475330925  -412.375636999  -412.285871955  -412.375636999  -412.251143643
   441.000  -412.469823738  -412.369327673  -412.279734155  -412.369327673  -412.251142862
   441.500  -412.461016636  -412.360008808  -412.270662027  -412.360008808  -412.251069240
   442.000  -412.450223564  -412.348946293  -412.259926578  -412.348946293  -412.250911136
   442.500  -412.439994243  -412.338626567  -412.250001112  -412.338626567  -412.250729974
   443.000  -412.433122961  -412.331780235  -412.243586404  -412.331780235  -412.250647072
   443.500  -412.430894335  -412.329648565  -412.241888837  -412.329648565  -412.250719874
   444.000  -412.432279625  -412.331191956  -412.243843445  -412.331191956  -412.250867727
   444.500  -412.435049812  -412.334198733  -412.247229639  -412.334198733  -412.250974092
   445.000  -412.437462686  -412.336957445  -412.250332737  -412.336957445  -412.250999540
   445.500  -412.438949182  -412.338927521  -412.252604316  -412.338927521  -412.250971496
   446.000  -412.439799396  -412.340417053  -412.254332211  -412.340417053  -412.250929086
   446.500  -412.440593833  -412.342013387  -412.256072170  -412.342013387  -412.250896437
   447.000  -412.441819588  -412.344199622  -412.258275227  -412.344199622  -412.250881354
   447.500  -412.443713125  -412.347202057  -412.261143469  -412.347202057  -412.250883958
   448.000  -412.446237477  -412.350969477  -412.264618850  -412.350969477  -412.250901486
   448.500  -412.449112139  -412.355205508  -412.268417864  -412.355205508  -412.250931214
   449.000  -412.451854867  -412.359410921  -412.272071477  -412.359410921  -412.250970982
   449.500  -412.453822613  -412.362924083  -412.274959175  -412.362924083  -412.251019138
   450.000  -412.454256178  -412.364963171  -412.276345323  -412.364963171  -412.251072831
   450.500  -412.452350183  -412.364693875  -412.275441606  -412.364693875  -412.251124712
   451.000  -412.447401586  -412.361375149  -412.271550207  -412.361375149  -412.251156127
   451.500  -412.439120471  -412.354670114  -412.264371815  -412.354670114  -412.251133539
   452.000  -412.428125007  -412.345143369  -412.254501540  -412.345143369  -412.251025333
   452.500  -412.416315398  -412.334644075  -412.243810203  -412.334644075  -412.250854636
   453.000  -412.406392691  -412.325838878  -412.234978294  -412.325838878  -412.250730640
   453.500  -412.400224573  -412.320592027  -412.229879440  -412.320592027  -412.250755230
   454.000  -412.397432963  -412.318556435  -412.228175093  -412.318556435  -412.250889936
   454.500  -412.395941477  -412.317710504  -412.227849864  -412.317710504  -412.251005426
   455.000  -412.393829568  -412.316194058  -412.227043960  -412.316194058  -412.251030167
   455.500  -412.390468269  -412.313431997  -412.225171969  -412.313431997  -412.250982873
   456.000  -412.386362342  -412.309972249  -412.222761560  -412.309972249  -412.250911658
   456.500  -412.382469968  -412.306807398  -412.220776572  -412.306807398  -412.250850449
   457.000  -412.379671235  -412.304844542  -412.220090454  -412.304844542  -412.250812001
   457.500  -412.378537913  -412.304674439  -412.221255110  -412.304674439  -412.250796580
   458.000  -412.379308172  -412.306539868  -412.224464691  -412.306539868  -412.250799919
   458.500  -412.381943757  -412.310385321  -412.229596252  -412.310385321  -412.250817924
   459.000  -412.386183628  -412.315914721  -412.236265254  -412.315914721  -412.250848268
   459.500  -412.391557700  -412.322626058  -412.243872816  -412.322626058  -412.250891213
   460.000  -412.397375300  -412.329812490  -412.251625428  -412.329812490  -412.250948859
   460.500  -412.402720629  -412.336549972  -412.258536016  -412.336549972  -412.251019712
   461.000  -412.406521684  -412.341754584  -412.263488143  -412.341754584  -412.251088771
   461.500  -412.407816926  -412.344444285  -412.265494301  -412.344444285  -412.251121046
   462.000  -412.406287837  -412.344272027  -412.264217567  -412.344272027  -412.251075107
   462.500  -412.402812437  -412.342083774  -412.260514345  -412.342083774  -412.250951921
   463.000  -412.399346069  -412.339804993  -412.256315450  -412.339804993  -412.250835893
   463.500  -412.397655595  -412.339179797  -412.253376374  -412.339179797  -412.250831960
   464.000  -412.397856961  -412.340310398  -412.251840395  -412.340310398  -412.250936890
   464.500  -412.398453840  -412.341694191  -412.250292992  -412.341694191  -412.251045423
   465.000  -412.397798741  -412.341681426  -412.247217076  -412.341681426  -412.251079651
   465.500  -412.395264125  -412.339642884  -412.242141459  -412.339642884  -412.251042631
   466.000  -412.391294752  -412.336020137  -412.235667092  -412.336020137  -412.250974714
   466.500  -412.386861246  -412.331777881  -412.228899534  -412.331777881  -412.250908509
   467.000  -412.382966335  -412.327909997  -412.222942053  -412.327909997  -412.250857430
   467.500  -412.380416260  -412.325210778  -412.218660460  -412.325210778  -412.250821949
   468.000  -412.379788986  -412.324243846  -412.216652593  -412.324243846  -412.250798468
   468.500  -412.381472087  -412.325380812  -412.217293206  -412.325380812  -412.250786084
   469.000  -412.385664857  -412.328805261  -412.220747254  -412.328805261  -412.250790484
   469.500  -412.392290551  -412.334426263  -412.226891328  -412.334426263  -412.250822682
   470.000  -412.400837717  -412.341722570  -412.235162286  -412.341722570  -412.250891956
   470.500  -412.410240977  -412.349625103  -412.244437529  -412.349625103  -412.250995471
   471.000  -412.418952991  -412.356591482  -412.253103592  -412.356591482  -412.251109659
   471.500  -412.425332702  -412.360995649  -412.259438899  -412.360995649  -412.251188131
   472.000  -412.428353700  -412.361836832  -412.262320107  -412.361836832  -412.251177557
   472.500  -412.428353425  -412.359487607  -412.261981474  -412.359487607  -412.251065395
   473.000  -412.427118549  -412.355777711  -412.260124620  -412.355777711  -412.250928515
   473.500  -412.426691537  -412.352802246  -412.258744122  -412.352802246  -412.250888226
   474.000  -412.427650606  -412.351202415  -412.258425015  -412.351202415  -412.250968660
   474.500  -412.428762487  -412.349818980  -412.257995918  -412.349818980  -412.251070660
   475.000  -412.428361010  -412.347069479  -412.255890194  -412.347069479  -412.251102311
   475.500  -412.425719544  -412.342317470  -412.251491133  -412.342317470  -412.251057258
   476.000  -412.421262834  -412.336078006  -412.245327647  -412.336078006  -412.250976498
   476.500  -412.416033390  -412.329476269  -412.238533851  -412.329476269  -412.250896690
   477.000  -412.411151878  -412.323698825  -412.232310204  -412.323698825  -412.250834217
   477.500  -412.407542790  -412.319710995  -412.227648734  -412.319710995  -412.250793900
   478.000  -412.405836251  -412.318150228  -412.225233322  -412.318150228  -412.250779276
   478.500  -412.406296797  -412.319250034  -412.225361666  -412.319250034  -412.250795371
   479.000  -412.408742399  -412.322760211  -412.227855750  -412.322760211  -412.250841838
   479.500  -412.412536412  -412.327952213  -412.232047931  -412.327952213  -412.250908820
   480.000  -412.416724795  -412.333773057  -412.236920757  -412.333773057  -412.250980690
   480.500  -412.420272325  -412.339093695  -412.241350214  -412.339093695  -412.251042746
   481.000  -412.422309795  -412.342959203  -412.244359514  -412.342959203  -412.251079356
   481.500  -412.422396083  -412.344848963  -412.245386461  -412.344848963  -412.251070034
   482.000  -412.420833457  -412.344983497  -412.244608524  -412.344983497  -412.250998891
   482.500  -412.418842823  -412.344499498  -412.243130063  -412.344499498  -412.250890899
   483.000  -412.418127180  -412.345019304  -412.242564731  -412.345019304  -412.250823568
   483.500  -412.419713993  -412.347511581  -412.243896623  -412.347511581  -412.250863590
   484.000  -412.423025907  -412.351371122  -412.246565168  -412.351371122  -412.250983608
   484.500  -412.426253857  -412.354795052  -412.248836048  -412.354795052  -412.251093931
   485.000  -412.427644487  -412.356059323  -412.249072541  -412.356059323  -412.251134024
   485.500  -412.426439096  -412.354446358  -412.246652191  -412.354446358  -412.251102278
   486.000  -412.422978655  -412.350340066  -412.242051825  -412.350340066  -412.251026661
   486.500  -412.418316110  -412.344833849  -412.236444618  -412.344833849  -412.250939918
   487.000  -412.413709149  -412.339222464  -412.231181671  -412.339222464  -412.250871159
   487.500  -412.410160594  -412.334542862  -412.227325559  -412.334542862  -412.250837976
   488.000  -412.408138533  -412.331295821  -412.225368894  -412.331295821  -412.250839108
   488.500  -412.407584433  -412.329454260  -412.225245679  -412.329454260  -412.250858654
   489.000  -412.408141425  -412.328692584  -412.226567306  -412.328692584  -412.250881670
   489.500  -412.409387445  -412.328618394  -412.228863892  -412.328618394  -412.250903653
   490.000  -412.410918651  -412.328856861  -412.231675434  -412.328856861  -412.250928570
   490.500  -412.412319006  -412.329018206  -412.234525845  -412.329018206  -412.250957356
   491.000  -412.413165688  -412.328702592  -412.236930388  -412.328702592  -412.250979035
   491.500  -412.413199468  -412.327668783  -412.238566559  -412.327668783  -412.250972127
   492.000  -412.412619402  -412.326128496  -412.239571082  -412.326128496  -412.250924624
   492.500  -412.412207202  -412.324871532  -412.240671068  -412.324871532  -412.250861210
   493.000  -412.412916707  -412.324861254  -412.242786177  -412.324861254  -412.250838651
   493.500  -412.415058261  -412.326423130  -412.246223404  -412.326423130  -412.250886953
   494.000  -412.417878630  -412.328831160  -412.250259088  -412.328831160  -412.250969871
   494.500  -412.420083695  -412.330825086  -412.253647674  -412.330825086  -412.251022823
   495.000  -412.420767167  -412.331536328  -412.255532880  -412.331536328  -412.251016998
   495.500  -412.419885155  -412.330952341  -412.255906548  -412.330952341  -412.250968420
   496.000  -412.418060842  -412.329720955  -412.255409009  -412.329720955  -412.250912239
   496.500  -412.416085942  -412.328650027  -412.254831792  -412.328650027  -412.250874661
   497.000  -412.414518644  -412.328307481  -412.254719437  -412.328307481  -412.250862517
   497.500  -412.413560217  -412.328897723  -412.255248581  -412.328897723  -412.250867602
   498.000  -412.413155718  -412.330361433  -412.256329351  -412.330361433  -412.250879081
   498.500  -412.413149776  -412.332528232  -412.257761293  -412.332528232  -412.250892162
   499.000  -412.413365377  -412.335191509  -412.259313405  -412.335191509  -412.250908972
   499.500  -412.413580271  -412.338083440  -412.260704465  -412.338083440  -412.250935277
   500.000  -412.413457945  -412.340803347  -412.261538910  -412.340803347  -412.250973393
