 N     7.0   -1.94020768   -0.05191120   -0.24020575   14.00307401
 N     7.0    1.96055240    2.29279790   -0.02324679   14.00307401
 C     6.0   -0.81107148    2.24572281    0.10425779   12.00000000
 C     6.0    3.19932185    0.08928447    0.07505614   12.00000000
 C     6.0    2.18442687   -2.33503366   -0.02026559   12.00000000
 C     6.0   -0.67639849   -2.45437662   -0.08881789   12.00000000
 O     8.0   -1.88403873   -4.42670879    0.15621634   15.99491464
 O     8.0   -1.98782888    4.29469742    0.07464018   15.99491464
 H     1.0   -3.57217075   -0.05364152   -0.30963583    1.00782504
 H     1.0    2.68452092    4.12768576   -0.15572987    1.00782504
 H     1.0    5.26231278    0.71266247   -0.19888650    1.00782504
 H     1.0    3.43581906   -4.16442250   -0.17311942    1.00782504
