    0.000098556    0.000426175   -0.000177672
   -0.000076911    0.000356470    0.000143135
   -0.000637837    0.000026917   -0.000121421
   -0.000391745    0.000027352    0.000000421
    0.000552813    0.000036765    0.000183058
   -0.000069481   -0.000606992   -0.000190784
   -0.000308532   -0.000035663    0.000047584
    0.000522191   -0.000502346    0.000156367
    0.001237911   -0.000756739    0.000893521
    0.000765665    0.000727387   -0.002033903
    0.000250860    0.002375797   -0.000192116
    0.000301233    0.001104923    0.000164847
