 N     7.0   -1.85388217   -0.10167878    0.22791698   14.00307401
 N     7.0    1.88892306    2.38730124    0.16631025   14.00307401
 C     6.0   -0.77244976    2.20511340    0.01375161   12.00000000
 C     6.0    3.19177629    0.12600732   -0.06271287   12.00000000
 C     6.0    2.07261982   -2.20634951   -0.19216182   12.00000000
 C     6.0   -0.61581014   -2.42828504   -0.05244303   12.00000000
 O     8.0   -1.73575597   -4.47711830    0.01567545   15.99491464
 O     8.0   -2.11302041    4.20912523   -0.17784530   15.99491464
 H     1.0   -3.81390901   -0.24795247   -0.01326864    1.00782504
 H     1.0    2.74552745    3.79105991    0.22281663    1.00782504
 H     1.0    5.24718815    0.54282970    0.55743576    1.00782504
 H     1.0    3.39470729   -3.67811407   -0.07029990    1.00782504
