    0.000320530   -0.000018418   -0.000320892
    0.000025324    0.000132201    0.000239200
   -0.000237118    0.000149415   -0.000119127
   -0.000060792   -0.000004877   -0.000202693
    0.000020033    0.000622295    0.000077855
    0.000292105   -0.000359051    0.000052410
   -0.000121871   -0.000377006    0.000109017
   -0.000136809   -0.000403155    0.000015835
   -0.000491923    0.001076240    0.001414350
    0.000941835    0.000685899    0.001030687
   -0.000707688    0.002695229   -0.000165182
   -0.000432780    0.001107542   -0.000598063
