     0.000  -412.435187133  -412.237495282  -412.202085544  -412.202085544  -412.154272116
     0.500  -412.441302197  -412.243218061  -412.207756113  -412.207756113  -412.154091308
     1.000  -412.464299784  -412.266715349  -412.230480235  -412.230480235  -412.154944793
     1.500  -412.491926814  -412.295691393  -412.258128689  -412.258128689  -412.156005629
     2.000  -412.508237418  -412.314168091  -412.275193153  -412.275193153  -412.156408227
     2.500  -412.506242295  -412.315902352  -412.275969079  -412.275969079  -412.156080323
     3.000  -412.493955942  -412.309555081  -412.267491111  -412.267491111  -412.155196199
     3.500  -412.483925644  -412.305574265  -412.261456442  -412.261456442  -412.155572658
     4.000  -412.472719057  -412.300541312  -412.254945828  -412.254945828  -412.155957120
     4.500  -412.456825560  -412.290807716  -412.244694190  -412.244694190  -412.154964340
     5.000  -412.448027441  -412.287961421  -412.242596462  -412.242596462  -412.154724628
     5.500  -412.448471904  -412.293948136  -412.250654982  -412.250654982  -412.155590111
     6.000  -412.445499226  -412.295989218  -412.255851729  -412.255851729  -412.155825806
     6.500  -412.433489989  -412.288500242  -412.252160789  -412.252160789  -412.155423101
     7.000  -412.416613256  -412.275694465  -412.243390039  -412.243390039  -412.154995188
     7.500  -412.400667772  -412.263365843  -412.235054015  -412.235054015  -412.154772483
     8.000  -412.389004657  -412.254819717  -412.230298942  -412.230298942  -412.154758808
     8.500  -412.382058762  -412.250439586  -412.229412017  -412.229412017  -412.154909925
     9.000  -412.377983923  -412.248324973  -412.230426313  -412.230426313  -412.155147376
     9.500  -412.374053222  -412.245682922  -412.230483142  -412.230483142  -412.155285903
    10.000  -412.369525690  -412.241667753  -412.228676705  -412.228676705  -412.155087781
    10.500  -412.368607193  -412.240348915  -412.229029462  -412.229029462  -412.154713178
    11.000  -412.377287109  -412.247610903  -412.237412142  -412.237412142  -412.154924741
    11.500  -412.393300800  -412.261218332  -412.251607991  -412.251607991  -412.155723543
    12.000  -412.406984967  -412.271681715  -412.262197757  -412.262197757  -412.155876441
    12.500  -412.416697026  -412.277588294  -412.267928418  -412.267928418  -412.155462425
    13.000  -412.426911199  -412.283608541  -412.273722474  -412.273722474  -412.155986991
    13.500  -412.431061920  -412.283324672  -412.273459192  -412.273459192  -412.156278464
    14.000  -412.425715719  -412.273427681  -412.264028985  -412.264028985  -412.155181205
    14.500  -412.423463086  -412.266683840  -412.258117827  -412.258117827  -412.154889073
    15.000  -412.427249521  -412.266319204  -412.258545987  -412.258545987  -412.155652089
    15.500  -412.426079206  -412.261630670  -412.254175900  -412.254175900  -412.155773808
    16.000  -412.415990339  -412.248827028  -412.241045000  -412.241045000  -412.155303124
    16.500  -412.402054844  -412.233073575  -412.224245622  -412.224245622  -412.154834910
    17.000  -412.390565905  -412.220755761  -412.210022471  -412.210022471  -412.154557019
    17.500  -412.385519794  -412.215920787  -412.202354177  -412.202354177  -412.154442912
    18.000  -412.388501512  -412.220153811  -412.202910951  -412.202910951  -412.154447131
    18.500  -412.399240441  -412.233163704  -412.211588178  -412.211588178  -412.154553891
    19.000  -412.415893786  -412.253076583  -412.226740290  -412.226740290  -412.154773479
    19.500  -412.435005650  -412.276372029  -412.245089349  -412.245089349  -412.155127630
    20.000  -412.451438268  -412.297814347  -412.261591670  -412.261591670  -412.155596968
    20.500  -412.459073434  -412.311179983  -412.270090027  -412.270090027  -412.156009310
    21.000  -412.453782043  -412.312220169  -412.266288048  -412.266288048  -412.155960964
    21.500  -412.439243901  -412.304475676  -412.253634062  -412.253634062  -412.155135634
    22.000  -412.429852656  -412.302208194  -412.246401260  -412.246401260  -412.154307590
    22.500  -412.437831331  -412.317571147  -412.257012170  -412.257012170  -412.155061802
    23.000  -412.453322052  -412.340674658  -412.276108515  -412.276108515  -412.156341508
    23.500  -412.459248149  -412.354370865  -412.287039110  -412.287039110  -412.155914315
    24.000  -412.458884372  -412.361804526  -412.293101894  -412.293101894  -412.155290170
    24.500  -412.458625118  -412.369241505  -412.300318280  -412.300318280  -412.155828783
    25.000  -412.450865714  -412.368975327  -412.300511451  -412.300511451  -412.156090935
    25.500  -412.430474419  -412.355746808  -412.287977287  -412.287977287  -412.155670831
    26.000  -412.402040433  -412.333956516  -412.266839989  -412.266839989  -412.155128230
    26.500  -412.373031415  -412.310851774  -412.244245880  -412.244245880  -412.154749112
    27.000  -412.349086866  -412.291874322  -412.225668547  -412.225668547  -412.154543483
    27.500  -412.333364082  -412.280047174  -412.214234035  -412.214234035  -412.154457340
    28.000  -412.327150827  -412.276599190  -412.211294790  -412.211294790  -412.154455621
    28.500  -412.330383031  -412.281476279  -412.216894526  -412.216894526  -412.154532154
    29.000  -412.341786694  -412.293467444  -412.229867087  -412.229867087  -412.154706723
    29.500  -412.358675355  -412.309989732  -412.247607578  -412.247607578  -412.155014394
    30.000  -412.376564623  -412.326690267  -412.265690822  -412.265690822  -412.155471985
    30.500  -412.389261553  -412.337521352  -412.277976798  -412.277976798  -412.155950684
    31.000  -412.391305275  -412.337161470  -412.279067364  -412.279067364  -412.156022947
    31.500  -412.383969335  -412.326991064  -412.270304435  -412.270304435  -412.155509674
    32.000  -412.376043802  -412.315840160  -412.260520514  -412.260520514  -412.155497040
    32.500  -412.370136681  -412.306253015  -412.252285709  -412.252285709  -412.155904753
    33.000  -412.364786043  -412.296600944  -412.244030435  -412.244030435  -412.154974662
    33.500  -412.372855963  -412.299590642  -412.248537210  -412.248537210  -412.154412914
    34.000  -412.399809335  -412.320729124  -412.271275350  -412.271275350  -412.155754715
    34.500  -412.425702777  -412.340371988  -412.292398765  -412.292398765  -412.156651587
    35.000  -412.434105088  -412.342486571  -412.295651561  -412.295651561  -412.156292159
    35.500  -412.426420919  -412.328803020  -412.282643563  -412.282643563  -412.155553553
    36.000  -412.411579765  -412.308447917  -412.262495350  -412.262495350  -412.154978279
    36.500  -412.397462654  -412.289401065  -412.243246950  -412.243246950  -412.154645099
    37.000  -412.388867919  -412.276515403  -412.229832632  -412.229832632  -412.154490578
    37.500  -412.388034466  -412.272076537  -412.224616265  -412.224616265  -412.154455944
    38.000  -412.395374937  -412.276562398  -412.228136216  -412.228136216  -412.154517958
    38.500  -412.409791498  -412.288963927  -412.239428406  -412.239428406  -412.154689625
    39.000  -412.428539655  -412.306642091  -412.255886123  -412.255886123  -412.155006498
    39.500  -412.446883024  -412.324963528  -412.272898072  -412.272898072  -412.155474910
    40.000  -412.458421008  -412.337600972  -412.284150011  -412.284150011  -412.155922880
    40.500  -412.458214622  -412.339630396  -412.284725931  -412.284725931  -412.155864764
    41.000  -412.449479990  -412.334201194  -412.277792372  -412.277792372  -412.155183082
    41.500  -412.443092466  -412.332025840  -412.274111494  -412.274111494  -412.155258750
    42.000  -412.439456149  -412.333242984  -412.273924043  -412.273924043  -412.156244225
    42.500  -412.427796265  -412.326713025  -412.266261498  -412.266261498  -412.155977524
    43.000  -412.411870859  -412.315761939  -412.254652156  -412.254652156  -412.155008646
    43.500  -412.404153329  -412.312466655  -412.251236834  -412.251236834  -412.155017573
    44.000  -412.404576362  -412.316505481  -412.255542786  -412.255542786  -412.155495639
    44.500  -412.404887066  -412.319544891  -412.259016212  -412.259016212  -412.155787942
    45.000  -412.398792170  -412.315339851  -412.255267371  -412.255267371  -412.155680528
    45.500  -412.385936514  -412.303632283  -412.244001288  -412.244001288  -412.155291928
    46.000  -412.370637606  -412.288833927  -412.229660265  -412.229660265  -412.154880297
    46.500  -412.358251692  -412.276383364  -412.217734477  -412.217734477  -412.154589780
    47.000  -412.352788101  -412.270373900  -412.212356334  -412.212356334  -412.154445309
    47.500  -412.356249105  -412.272900783  -412.215636702  -412.215636702  -412.154434695
    48.000  -412.368667071  -412.284104823  -412.227700475  -412.227700475  -412.154554976
    48.500  -412.388109511  -412.302168251  -412.246694967  -412.246694967  -412.154825956
    49.000  -412.410481816  -412.323112986  -412.268596909  -412.268596909  -412.155256862
    49.500  -412.429650331  -412.340908396  -412.287348848  -412.287348848  -412.155734231
    50.000  -412.439562509  -412.349582329  -412.296997456  -412.296997456  -412.155860245
    50.500  -412.439997698  -412.348971271  -412.297450825  -412.297450825  -412.155294631
    51.000  -412.439764454  -412.347924514  -412.297657367  -412.297657367  -412.154929504
    51.500  -412.444221060  -412.351828011  -412.303063495  -412.303063495  -412.155633351
    52.000  -412.445489742  -412.352795030  -412.305784065  -412.305784065  -412.155968390
    52.500  -412.439053226  -412.346238070  -412.301226202  -412.301226202  -412.155643592
    53.000  -412.428069770  -412.335211110  -412.292423795  -412.292423795  -412.155766677
    53.500  -412.411536921  -412.318617668  -412.278196256  -412.278196256  -412.155684665
    54.000  -412.390747415  -412.297686445  -412.259648502  -412.259648502  -412.155101020
    54.500  -412.372716148  -412.279437593  -412.243682788  -412.243682788  -412.154860418
    55.000  -412.360134870  -412.266684868  -412.232998790  -412.232998790  -412.155011785
    55.500  -412.350252173  -412.256883063  -412.224937162  -412.224937162  -412.155052613
    56.000  -412.341500519  -412.248661714  -412.218019218  -412.218019218  -412.154887266
    56.500  -412.335429164  -412.243684134  -412.213830011  -412.213830011  -412.154686814
    57.000  -412.334522285  -412.244468365  -412.214838474  -412.214838474  -412.154577074
    57.500  -412.340199811  -412.252411635  -412.222424219  -412.222424219  -412.154610092
    58.000  -412.351880949  -412.266877304  -412.235956171  -412.235956171  -412.154816525
    58.500  -412.366516546  -412.284735015  -412.252332744  -412.252332744  -412.155211727
    59.000  -412.378575448  -412.300349178  -412.265982166  -412.265982166  -412.155699249
    59.500  -412.381936783  -412.307474325  -412.270772445  -412.270772445  -412.155894492
    60.000  -412.375605716  -412.304972620  -412.265737790  -412.265737790  -412.155381368
    60.500  -412.368231725  -412.301340817  -412.259576378  -412.259576378  -412.154846713
    61.000  -412.368114041  -412.304734887  -412.260613243  -412.260613243  -412.155179235
    61.500  -412.372694779  -412.312489581  -412.266285600  -412.266285600  -412.155262640
    62.000  -412.380643244  -412.323208031  -412.275266402  -412.275266402  -412.155054872
    62.500  -412.392573289  -412.337464909  -412.288170679  -412.288170679  -412.155671608
    63.000  -412.399051457  -412.345784223  -412.295517710  -412.295517710  -412.156333452
    63.500  -412.389967242  -412.337966647  -412.287094882  -412.287094882  -412.156204255
    64.000  -412.366476149  -412.315007800  -412.263916343  -412.263916343  -412.155449344
    64.500  -412.339570452  -412.287691150  -412.236800166  -412.236800166  -412.154571831
    65.000  -412.322161084  -412.268734197  -412.218469976  -412.218469976  -412.154208785
    65.500  -412.319727490  -412.263519976  -412.214260358  -412.214260358  -412.154491620
    66.000  -412.328333532  -412.268162287  -412.220188717  -412.220188717  -412.154873089
    66.500  -412.341830627  -412.276685528  -412.230171935  -412.230171935  -412.155005384
    67.000  -412.357198050  -412.286310656  -412.241324840  -412.241324840  -412.154991899
    67.500  -412.373703019  -412.296565850  -412.253069239  -412.253069239  -412.155042390
    68.000  -412.390062118  -412.306424162  -412.264257681  -412.264257681  -412.155283786
    68.500  -412.402649562  -412.312503571  -412.271380737  -412.271380737  -412.155703579
    69.000  -412.406063165  -412.309628855  -412.269144284  -412.269144284  -412.156004625
    69.500  -412.397840160  -412.295547542  -412.255216823  -412.255216823  -412.155654250
    70.000  -412.385040532  -412.277511371  -412.236851671  -412.236851671  -412.154919405
    70.500  -412.379038162  -412.267059167  -412.225694194  -412.225694194  -412.154924420
    71.000  -412.381723607  -412.266199715  -412.223972249  -412.223972249  -412.154976825
    71.500  -412.392566712  -412.274484893  -412.231515351  -412.231515351  -412.154727221
    72.000  -412.412371951  -412.292834613  -412.249408668  -412.249408668  -412.155276585
    72.500  -412.431894746  -412.312204451  -412.268551373  -412.268551373  -412.155912440
    73.000  -412.440241059  -412.321931288  -412.278132577  -412.278132577  -412.155911774
    73.500  -412.435273773  -412.320028181  -412.276081957  -412.276081957  -412.155620667
    74.000  -412.420270872  -412.309758885  -412.265656970  -412.265656970  -412.155370245
    74.500  -412.399234207  -412.294920623  -412.250664089  -412.250664089  -412.155139811
    75.000  -412.376716290  -412.279690666  -412.235265243  -412.235265243  -412.154770217
    75.500  -412.359449919  -412.270319576  -412.225667276  -412.225667276  -412.154325425
    76.000  -412.354722306  -412.273605364  -412.228618972  -412.228618972  -412.154217759
    76.500  -412.364472714  -412.291095107  -412.245635365  -412.245635365  -412.154634253
    77.000  -412.382770447  -412.316611414  -412.270530116  -412.270530116  -412.155233105
    77.500  -412.400432829  -412.340843439  -412.294001995  -412.294001995  -412.155739095
    78.000  -412.409449830  -412.355717197  -412.308009353  -412.308009353  -412.156136181
    78.500  -412.404269050  -412.355645749  -412.307036901  -412.307036901  -412.156236475
    79.000  -412.384915232  -412.340638460  -412.291221914  -412.291221914  -412.155703156
    79.500  -412.360405526  -412.319711153  -412.269754888  -412.269754888  -412.155127365
    80.000  -412.339993130  -412.302113391  -412.252066919  -412.252066919  -412.155260334
    80.500  -412.324610137  -412.288752680  -412.239215448  -412.239215448  -412.154973502
    81.000  -412.318477903  -412.283815750  -412.235475262  -412.235475262  -412.154633598
    81.500  -412.324466844  -412.290165276  -412.243656103  -412.243656103  -412.155267037
    82.000  -412.332849987  -412.298102091  -412.253844067  -412.253844067  -412.155742015
    82.500  -412.334931022  -412.298963412  -412.257101709  -412.257101709  -412.155584835
    83.000  -412.331034420  -412.293092806  -412.253535383  -412.253535383  -412.155227052
    83.500  -412.325481678  -412.284830928  -412.247304437  -412.247304437  -412.154951835
    84.000  -412.322055863  -412.278010001  -412.242111134  -412.242111134  -412.154821942
    84.500  -412.322631530  -412.274601808  -412.239840512  -412.239840512  -412.154824700
    85.000  -412.327199275  -412.274725438  -412.240574319  -412.240574319  -412.154919516
    85.500  -412.334530973  -412.277270735  -412.243204833  -412.243204833  -412.155018641
    86.000  -412.343569852  -412.281250944  -412.246764024  -412.246764024  -412.154998991
    86.500  -412.355086801  -412.287456454  -412.252053090  -412.252053090  -412.154872059
    87.000  -412.371113874  -412.297938321  -412.261113748  -412.261113748  -412.154977028
    87.500  -412.390185574  -412.311314732  -412.272559269  -412.272559269  -412.155571551
    88.000  -412.404525885  -412.319973491  -412.278830188  -412.278830188  -412.156099313
    88.500  -412.407966855  -412.317928371  -412.274097620  -412.274097620  -412.155807219
    89.000  -412.405160407  -412.309948349  -412.263399027  -412.263399027  -412.155326871
    89.500  -412.403296847  -412.303236994  -412.254270057  -412.254270057  -412.155356452
    90.000  -412.403562682  -412.298916705  -412.248156939  -412.248156939  -412.155106414
    90.500  -412.408275496  -412.299246000  -412.247557335  -412.247557335  -412.155141611
    91.000  -412.415354871  -412.302180554  -412.250476243  -412.250476243  -412.155604502
    91.500  -412.417385835  -412.300448232  -412.249479551  -412.249479551  -412.155579829
    92.000  -412.412947636  -412.292811784  -412.243064643  -412.243064643  -412.155201804
    92.500  -412.406165958  -412.283562071  -412.235258998  -412.235258998  -412.154910442
    93.000  -412.400782083  -412.276563423  -412.229718310  -412.229718310  -412.154785626
    93.500  -412.398454682  -412.273552052  -412.228027553  -412.228027553  -412.154751773
    94.000  -412.399568483  -412.274942144  -412.230493260  -412.230493260  -412.154771334
    94.500  -412.403772313  -412.280360929  -412.236665412  -412.236665412  -412.154853770
    95.000  -412.409896623  -412.288564770  -412.245248265  -412.245248265  -412.155011057
    95.500  -412.415873239  -412.297359176  -412.254014770  -412.254014770  -412.155214534
    96.000  -412.419254578  -412.304118528  -412.260333144  -412.260333144  -412.155380759
    96.500  -412.418481769  -412.307061602  -412.262452241  -412.262452241  -412.155432527
    97.000  -412.413963223  -412.306355919  -412.260626501  -412.260626501  -412.155380131
    97.500  -412.408096633  -412.304184600  -412.257202044  -412.257202044  -412.155168655
    98.000  -412.405680930  -412.305191157  -412.257067982  -412.257067982  -412.154903948
    98.500  -412.410843514  -412.313400726  -412.264540081  -412.264540081  -412.155357687
    99.000  -412.417834234  -412.322987652  -412.274050020  -412.274050020  -412.155933355
    99.500  -412.419359777  -412.326608173  -412.278398055  -412.278398055  -412.155411902
   100.000  -412.420471810  -412.329316498  -412.282619080  -412.282619080  -412.155189932
   100.500  -412.422686320  -412.332713829  -412.288098558  -412.288098558  -412.155836429
   101.000  -412.416963889  -412.327896946  -412.285587180  -412.285587180  -412.155973313
   101.500  -412.400191101  -412.311850875  -412.271758288  -412.271758288  -412.155451234
   102.000  -412.378703868  -412.290934898  -412.252778857  -412.252778857  -412.154889766
   102.500  -412.360234305  -412.272848517  -412.236268726  -412.236268726  -412.154611971
   103.000  -412.348862887  -412.261630416  -412.226243312  -412.226243312  -412.154578677
   103.500  -412.345140906  -412.257805671  -412.223223321  -412.223223321  -412.154636889
   104.000  -412.348137060  -412.260440054  -412.226261426  -412.226261426  -412.154711642
   104.500  -412.356581292  -412.268271052  -412.234074646  -412.234074646  -412.154829360
   105.000  -412.368614156  -412.279447278  -412.244792461  -412.244792461  -412.155043974
   105.500  -412.381128068  -412.290858541  -412.255310253  -412.255310253  -412.155359046
   106.000  -412.389936921  -412.298302750  -412.261469918  -412.261469918  -412.155642248
   106.500  -412.391958969  -412.298658600  -412.260258060  -412.260258060  -412.155590535
   107.000  -412.389556265  -412.294250053  -412.254159620  -412.254159620  -412.154983701
   107.500  -412.392567308  -412.294933459  -412.253205604  -412.253205604  -412.154463100
   108.000  -412.408204303  -412.308056730  -412.264844999  -412.264844999  -412.155258040
   108.500  -412.426117296  -412.323500643  -412.278956048  -412.278956048  -412.156466171
   109.000  -412.431260383  -412.326434346  -412.280713041  -412.280713041  -412.156007591
   109.500  -412.429781013  -412.323151693  -412.276516025  -412.276516025  -412.154845003
   110.000  -412.435772917  -412.327886799  -412.280695122  -412.280695122  -412.155296238
   110.500  -412.442737583  -412.334324873  -412.286848765  -412.286848765  -412.156119982
   111.000  -412.437745664  -412.329680059  -412.281963335  -412.281963335  -412.155952389
   111.500  -412.420933082  -412.314079431  -412.265965326  -412.265965326  -412.155294315
   112.000  -412.400747881  -412.295821834  -412.247049205  -412.247049205  -412.154756850
   112.500  -412.384863935  -412.282384983  -412.232672960  -412.232672960  -412.154538889
   113.000  -412.376582040  -412.276903242  -412.226013081  -412.226013081  -412.154559567
   113.500  -412.375617608  -412.278984203  -412.226760350  -412.226760350  -412.154657649
   114.000  -412.380323714  -412.286923179  -412.233312641  -412.233312641  -412.154763711
   114.500  -412.388815145  -412.298811429  -412.243853454  -412.243853454  -412.154922716
   115.000  -412.398509466  -412.312052936  -412.255849755  -412.255849755  -412.155216398
   115.500  -412.405193528  -412.322414112  -412.265085671  -412.265085671  -412.155642374
   116.000  -412.403479879  -412.324456527  -412.266109976  -412.266109976  -412.155934271
   116.500  -412.391160688  -412.315874502  -412.256590094  -412.256590094  -412.155521415
   117.000  -412.376566720  -412.304849013  -412.244705536  -412.244705536  -412.154488657
   117.500  -412.375066086  -412.306576969  -412.245683240  -412.245683240  -412.154504597
   118.000  -412.386929112  -412.321188311  -412.259705024  -412.259705024  -412.155914672
   118.500  -412.393836503  -412.330289469  -412.268465069  -412.268465069  -412.156534278
   119.000  -412.387647700  -412.325714885  -412.263947983  -412.263947983  -412.155400624
   119.500  -412.382767524  -412.321861680  -412.260692059  -412.260692059  -412.154645570
   120.000  -412.388289331  -412.327848384  -412.267790102  -412.267790102  -412.155545782
   120.500  -412.391825541  -412.331360468  -412.272704381  -412.272704381  -412.156133513
   121.000  -412.383238703  -412.322339200  -412.265103062  -412.265103062  -412.155765147
   121.500  -412.365876826  -412.304179501  -412.248176186  -412.248176186  -412.155109189
   122.000  -412.348532446  -412.285693272  -412.230618218  -412.230618218  -412.154624513
   122.500  -412.338164877  -412.273854040  -412.219354844  -412.219354844  -412.154451012
   123.000  -412.337309669  -412.271224722  -412.216954402  -412.216954402  -412.154521641
   123.500  -412.344810457  -412.276696000  -412.222349517  -412.222349517  -412.154684010
   124.000  -412.357950746  -412.287616211  -412.232950937  -412.232950937  -412.154861688
   124.500  -412.373690728  -412.301023294  -412.245869074  -412.245869074  -412.155087365
   125.000  -412.388466588  -412.313439490  -412.257705037  -412.257705037  -412.155388413
   125.500  -412.398195649  -412.320868555  -412.264549311  -412.264549311  -412.155597497
   126.000  -412.401081071  -412.321589043  -412.264771278  -412.264771278  -412.155317868
   126.500  -412.402614700  -412.321146061  -412.263993595  -412.263993595  -412.154700536
   127.000  -412.411780286  -412.328553661  -412.271264187  -412.271264187  -412.155012930
   127.500  -412.424698825  -412.339941377  -412.282683874  -412.282683874  -412.156213786
   128.000  -412.425954931  -412.339865891  -412.282757577  -412.282757577  -412.156557571
   128.500  -412.411824986  -412.324526691  -412.267687254  -412.267687254  -412.155372717
   129.000  -412.399483919  -412.311016483  -412.254658484  -412.254658484  -412.154047391
   129.500  -412.406392590  -412.316820314  -412.261254350  -412.261254350  -412.154643948
   130.000  -412.424086626  -412.333674630  -412.279173751  -412.279173751  -412.155967707
   130.500  -412.432625769  -412.341933338  -412.288587167  -412.288587167  -412.156228215
   131.000  -412.425395504  -412.335204332  -412.282893822  -412.282893822  -412.155732641
   131.500  -412.407857145  -412.319017488  -412.267464755  -412.267464755  -412.155125445
   132.000  -412.388481346  -412.301769254  -412.250606924  -412.250606924  -412.154672131
   132.500  -412.374036700  -412.290067505  -412.238893824  -412.238893824  -412.154465744
   133.000  -412.367785370  -412.286979036  -412.235396913  -412.235396913  -412.154509621
   133.500  -412.369294437  -412.291874370  -412.239516770  -412.239516770  -412.154720572
   134.000  -412.375573596  -412.301580844  -412.248128967  -412.248128967  -412.155013990
   134.500  -412.382416621  -412.311730523  -412.256930845  -412.256930845  -412.155330733
   135.000  -412.385653085  -412.318017050  -412.261701020  -412.261701020  -412.155492327
   135.500  -412.384104386  -412.319159636  -412.261262173  -412.261262173  -412.155148372
   136.000  -412.383921263  -412.321244895  -412.261814930  -412.261814930  -412.154482046
   136.500  -412.394460756  -412.333601496  -412.272780049  -412.272780049  -412.154732035
   137.000  -412.412127885  -412.352614954  -412.290599246  -412.290599246  -412.156026951
   137.500  -412.419364719  -412.360676065  -412.297725042  -412.297725042  -412.156854127
   138.000  -412.405212754  -412.346709468  -412.283228475  -412.283228475  -412.156262901
   138.500  -412.379329394  -412.320185787  -412.256823177  -412.256823177  -412.154746036
   139.000  -412.363462259  -412.302652971  -412.240244222  -412.240244222  -412.154247905
   139.500  -412.365506695  -412.301895316  -412.241194585  -412.241194585  -412.154943619
   140.000  -412.375966231  -412.308450417  -412.249871908  -412.249871908  -412.155513939
   140.500  -412.384904002  -412.312534554  -412.256108197  -412.256108197  -412.155681128
   141.000  -412.388123630  -412.310163437  -412.255635185  -412.255635185  -412.155526423
   141.500  -412.386628132  -412.302553421  -412.249500803  -412.249500803  -412.155172511
   142.000  -412.384786696  -412.294260972  -412.242164582  -412.242164582  -412.154823554
   142.500  -412.387225387  -412.290078308  -412.238361598  -412.238361598  -412.154682847
   143.000  -412.395711659  -412.291944688  -412.239995835  -412.239995835  -412.154845453
   143.500  -412.407717237  -412.297529505  -412.244728369  -412.244728369  -412.155228408
   144.000  -412.417765768  -412.301577404  -412.247337343  -412.247337343  -412.155556469
   144.500  -412.421803415  -412.300253072  -412.244087244  -412.244087244  -412.155376937
   145.000  -412.423540402  -412.297447709  -412.239047434  -412.239047434  -412.154576398
   145.500  -412.434423007  -412.304723585  -412.244016049  -412.244016049  -412.154283191
   146.000  -412.457974976  -412.325662069  -412.262800639  -412.262800639  -412.155248139
   146.500  -412.480559792  -412.346648952  -412.281966111  -412.281966111  -412.156292042
   147.000  -412.486647558  -412.352139438  -412.286137675  -412.286137675  -412.156503949
   147.500  -412.473274897  -412.339101944  -412.272435769  -412.272435769  -412.155707799
   148.000  -412.452826100  -412.319818059  -412.253179714  -412.253179714  -412.154584517
   148.500  -412.441477726  -412.310377255  -412.244275523  -412.244275523  -412.154691729
   149.000  -412.439312105  -412.310788943  -412.245382704  -412.245382704  -412.155383438
   149.500  -412.437685415  -412.312296060  -412.247430766  -412.247430766  -412.155306360
   150.000  -412.436288039  -412.314461244  -412.249810302  -412.249810302  -412.155070891
   150.500  -412.437144184  -412.319235203  -412.254441577  -412.254441577  -412.155229751
   151.000  -412.437381334  -412.323758710  -412.258516363  -412.258516363  -412.155401689
   151.500  -412.433743112  -412.324807687  -412.258904057  -412.258904057  -412.155321375
   152.000  -412.426625755  -412.322773574  -412.256070125  -412.256070125  -412.155132273
   152.500  -412.418433075  -412.319985818  -412.252380075  -412.252380075  -412.155078060
   153.000  -412.410127184  -412.317260276  -412.248664034  -412.248664034  -412.155249677
   153.500  -412.400077229  -412.312763528  -412.243118633  -412.243118633  -412.155383431
   154.000  -412.387978310  -412.305961737  -412.235285839  -412.235285839  -412.154971655
   154.500  -412.381125959  -412.303939922  -412.232365163  -412.232365163  -412.154229874
   155.000  -412.389905602  -412.316941153  -412.244684189  -412.244684189  -412.154422365
   155.500  -412.411469159  -412.342055188  -412.269314830  -412.269314830  -412.155498050
   156.000  -412.430375149  -412.363818874  -412.290697020  -412.290697020  -412.156277430
   156.500  -412.434492084  -412.370072387  -412.296604069  -412.296604069  -412.156431361
   157.000  -412.421904415  -412.358842880  -412.285116636  -412.285116636  -412.155804581
   157.500  -412.403198800  -412.340638207  -412.266943455  -412.266943455  -412.154540764
   158.000  -412.396469627  -412.333497663  -412.260380205  -412.260380205  -412.154314432
   158.500  -412.404946266  -412.340685128  -412.268803485  -412.268803485  -412.155436139
   159.000  -412.413563989  -412.347254297  -412.277144444  -412.277144444  -412.155931651
   159.500  -412.414075747  -412.345085992  -412.277030271  -412.277030271  -412.155410491
   160.000  -412.412335113  -412.340123943  -412.274163618  -412.274163618  -412.154837360
   160.500  -412.415709750  -412.339824751  -412.275817616  -412.275817616  -412.154855120
   161.000  -412.423701915  -412.343815748  -412.281511125  -412.281511125  -412.155223673
   161.500  -412.430588788  -412.346522374  -412.285635250  -412.285635250  -412.155503475
   162.000  -412.431571439  -412.343276171  -412.283551904  -412.283551904  -412.155625957
   162.500  -412.424525401  -412.332050923  -412.273300820  -412.273300820  -412.155608503
   163.000  -412.410361375  -412.313844082  -412.255963571  -412.255963571  -412.155209950
   163.500  -412.396078538  -412.295762005  -412.238725591  -412.238725591  -412.154368720
   164.000  -412.393909761  -412.290174664  -412.234011230  -412.234011230  -412.154060742
   164.500  -412.407847573  -412.301231435  -412.245951772  -412.245951772  -412.154838456
   165.000  -412.426844721  -412.318049241  -412.263573667  -412.263573667  -412.155658436
   165.500  -412.438028244  -412.327924844  -412.274064493  -412.274064493  -412.155989166
   166.000  -412.435415294  -412.325033301  -412.271554821  -412.271554821  -412.156028544
   166.500  -412.418913120  -412.309382799  -412.256126143  -412.256126143  -412.155599536
   167.000  -412.396649519  -412.289095369  -412.236106225  -412.236106225  -412.154457430
   167.500  -412.385803899  -412.281242669  -412.228792921  -412.228792921  -412.153849206
   168.000  -412.394731074  -412.294052523  -412.242451394  -412.242451394  -412.154837993
   168.500  -412.410115251  -412.314122996  -412.263451679  -412.263451679  -412.155877253
   169.000  -412.416168993  -412.325572794  -412.275600449  -412.275600449  -412.156041922
   169.500  -412.409093344  -412.324419282  -412.274695781  -412.274695781  -412.155687057
   170.000  -412.393870530  -412.315346659  -412.265333990  -412.265333990  -412.155140310
   170.500  -412.378911983  -412.306397049  -412.255567960  -412.255567960  -412.154726512
   171.000  -412.370516648  -412.303516729  -412.251424853  -412.251424853  -412.154851053
   171.500  -412.367234109  -412.305003759  -412.251335725  -412.251335725  -412.155409218
   172.000  -412.361583368  -412.303244715  -412.247865019  -412.247865019  -412.155725122
   172.500  -412.349730290  -412.294348328  -412.237342199  -412.237342199  -412.155245792
   173.000  -412.338976550  -412.285585520  -412.227294052  -412.227294052  -412.154365659
   173.500  -412.341270713  -412.288887759  -412.229874014  -412.229874014  -412.154344068
   174.000  -412.356676838  -412.304318478  -412.245225426  -412.245225426  -412.155119693
   174.500  -412.373872444  -412.320565112  -412.261947180  -412.261947180  -412.155625055
   175.000  -412.384234662  -412.329018610  -412.271246471  -412.271246471  -412.155746291
   175.500  -412.385013367  -412.326939160  -412.270204855  -412.270204855  -412.155804484
   176.000  -412.375759255  -412.313882023  -412.258261243  -412.258261243  -412.155683951
   176.500  -412.359936203  -412.293304657  -412.238858642  -412.238858642  -412.154897868
   177.000  -412.350195675  -412.277857072  -412.224723372  -412.224723372  -412.153882670
   177.500  -412.360431204  -412.281496978  -412.229881557  -412.229881557  -412.154171849
   178.000  -412.386681456  -412.300466280  -412.250500209  -412.250500209  -412.155237437
   178.500  -412.413415117  -412.319550576  -412.271178785  -412.271178785  -412.155667815
   179.000  -412.432316291  -412.330760984  -412.283765517  -412.283765517  -412.155577795
   179.500  -412.442951570  -412.333918116  -412.288011398  -412.288011398  -412.155488118
   180.000  -412.445994469  -412.329847177  -412.284751060  -412.284751060  -412.155557988
   180.500  -412.440655002  -412.317782812  -412.273311185  -412.273311185  -412.155649178
   181.000  -412.426602950  -412.297306657  -412.253440319  -412.253440319  -412.155454558
   181.500  -412.408150076  -412.272558272  -412.229553017  -412.229553017  -412.154773972
   182.000  -412.396362097  -412.254492819  -412.212878357  -412.212878357  -412.153993376
   182.500  -412.402572381  -412.254498423  -412.214932732  -412.214932732  -412.154056298
   183.000  -412.425643442  -412.271622416  -412.234652843  -412.234652843  -412.154988407
   183.500  -412.451954786  -412.292418410  -412.258346553  -412.258346553  -412.155691832
   184.000  -412.469980490  -412.305506615  -412.274356541  -412.274356541  -412.155783406
   184.500  -412.476739212  -412.308041286  -412.279612446  -412.279612446  -412.155675991
   185.000  -412.473032573  -412.300955977  -412.274890390  -412.274890390  -412.155698522
   185.500  -412.459004750  -412.284497071  -412.260339477  -412.260339477  -412.155735606
   186.000  -412.436063666  -412.260103229  -412.237365919  -412.237365919  -412.155205602
   186.500  -412.414435481  -412.237945568  -412.216171136  -412.216171136  -412.154006584
   187.000  -412.411799155  -412.235626560  -412.214408264  -412.214408264  -412.153771130
   187.500  -412.431356762  -412.256373095  -412.235283366  -412.235283366  -412.154909476
   188.000  -412.456894396  -412.284116025  -412.262613607  -412.262613607  -412.155646788
   188.500  -412.475542658  -412.306134385  -412.283544306  -412.283544306  -412.155638903
   189.000  -412.485117918  -412.320288061  -412.295864213  -412.295864213  -412.155509272
   189.500  -412.486531650  -412.327411881  -412.300424824  -412.300424824  -412.155581415
   190.000  -412.478792892  -412.326355580  -412.296170143  -412.296170143  -412.155791840
   190.500  -412.459787142  -412.314798636  -412.280945812  -412.280945812  -412.155780030
   191.000  -412.431444621  -412.294433440  -412.256684259  -412.256684259  -412.155135232
   191.500  -412.404642405  -412.275821871  -412.234291585  -412.234291585  -412.154194288
   192.000  -412.393386658  -412.272538473  -412.227756030  -412.227756030  -412.154021526
   192.500  -412.400518089  -412.287024939  -412.239765969  -412.239765969  -412.154709688
   193.000  -412.416100156  -412.309218722  -412.260143726  -412.260143726  -412.155426772
   193.500  -412.428650266  -412.327730195  -412.277219223  -412.277219223  -412.155745281
   194.000  -412.432067291  -412.336559563  -412.284802459  -412.284802459  -412.155812705
   194.500  -412.424483217  -412.333857677  -412.280983044  -412.280983044  -412.155869316
   195.000  -412.405380849  -412.319037510  -412.265213118  -412.265213118  -412.155828683
   195.500  -412.377189044  -412.294406458  -412.239893272  -412.239893272  -412.155181548
   196.000  -412.351512094  -412.271419139  -412.216618362  -412.216618362  -412.154000696
   196.500  -412.345567301  -412.267197372  -412.212586935  -412.212586935  -412.153885349
   197.000  -412.361031282  -412.283439234  -412.229421615  -412.229421615  -412.154989882
   197.500  -412.382179537  -412.304561013  -412.251325491  -412.251325491  -412.155652127
   198.000  -412.397375439  -412.319110470  -412.266631721  -412.266631721  -412.155640752
   198.500  -412.404704942  -412.325347544  -412.273459788  -412.273459788  -412.155521706
   199.000  -412.405006244  -412.324244549  -412.272746567  -412.272746567  -412.155538486
   199.500  -412.398161428  -412.315778070  -412.264514650  -412.264514650  -412.155539856
   200.000  -412.385072265  -412.300889615  -412.249823137  -412.249823137  -412.155208783
   200.500  -412.371632527  -412.285470964  -412.234687917  -412.234687917  -412.154629590
   201.000  -412.366595076  -412.278251597  -412.227897744  -412.227897744  -412.154524369
   201.500  -412.372016666  -412.281282457  -412.231430083  -412.231430083  -412.154910077
   202.000  -412.382930797  -412.289617069  -412.240177372  -412.240177372  -412.155042161
   202.500  -412.396652110  -412.300626416  -412.251342577  -412.251342577  -412.154969676
   203.000  -412.412969033  -412.314219136  -412.264702080  -412.264702080  -412.155162240
   203.500  -412.428373039  -412.327067117  -412.276847921  -412.276847921  -412.155614767
   204.000  -412.435972638  -412.332468976  -412.281055330  -412.281055330  -412.156030750
   204.500  -412.430049993  -412.324826743  -412.271780042  -412.271780042  -412.156013867
   205.000  -412.412429827  -412.305968673  -412.250993028  -412.250993028  -412.155095810
   205.500  -412.397697093  -412.290393519  -412.233395898  -412.233395898  -412.153952633
   206.000  -412.401646185  -412.293827908  -412.234878064  -412.234878064  -412.154301430
   206.500  -412.419619159  -412.311657124  -412.250868815  -412.250868815  -412.155375034
   207.000  -412.435630173  -412.328017195  -412.265482064  -412.265482064  -412.155719943
   207.500  -412.442307873  -412.335643011  -412.271457123  -412.271457123  -412.155573724
   208.000  -412.440143594  -412.335070027  -412.269380813  -412.269380813  -412.155454657
   208.500  -412.430597606  -412.327744931  -412.260772013  -412.260772013  -412.155415819
   209.000  -412.415022995  -412.314972438  -412.246998774  -412.246998774  -412.155175571
   209.500  -412.398183182  -412.301446695  -412.232793801  -412.232793801  -412.154614178
   210.000  -412.388828734  -412.295843071  -412.226827885  -412.226827885  -412.154355344
   210.500  -412.390811089  -412.301932134  -412.232812206  -412.232812206  -412.154876047
   211.000  -412.397178015  -412.312664540  -412.243586089  -412.243586089  -412.155443828
   211.500  -412.399718509  -412.319698205  -412.250679085  -412.250679085  -412.155431157
   212.000  -412.398069205  -412.322499779  -412.253449441  -412.253449441  -412.155061779
   212.500  -412.397143704  -412.325789525  -412.256563676  -412.256563676  -412.154894559
   213.000  -412.399223851  -412.331674618  -412.262140364  -412.262140364  -412.155227229
   213.500  -412.399786555  -412.335499387  -412.265614986  -412.265614986  -412.155770753
   214.000  -412.391755570  -412.330091528  -412.259981459  -412.259981459  -412.155865339
   214.500  -412.375061529  -412.315292732  -412.245315951  -412.245315951  -412.155047531
   215.000  -412.362066053  -412.303376409  -412.234141231  -412.234141231  -412.154123166
   215.500  -412.365327187  -412.306847258  -412.239103947  -412.239103947  -412.154483943
   216.000  -412.380028265  -412.320900242  -412.255335726  -412.255335726  -412.155374578
   216.500  -412.392941901  -412.332367637  -412.269438819  -412.269438819  -412.155683971
   217.000  -412.397887093  -412.335131954  -412.275035059  -412.275035059  -412.155611815
   217.500  -412.394930678  -412.329316058  -412.272040000  -412.272040000  -412.155511503
   218.000  -412.385762848  -412.316671249  -412.262083019  -412.262083019  -412.155311108
   218.500  -412.374290233  -412.301187079  -412.249115446  -412.249115446  -412.154795588
   219.000  -412.368666849  -412.291132917  -412.241427653  -412.241427653  -412.154288985
   219.500  -412.375994945  -412.293758229  -412.246301749  -412.246301749  -412.154481961
   220.000  -412.393406348  -412.306368726  -412.261037157  -412.261037157  -412.155102996
   220.500  -412.411551737  -412.319806624  -412.276425528  -412.276425528  -412.155435244
   221.000  -412.424417874  -412.328256836  -412.286585790  -412.286585790  -412.155442284
   221.500  -412.430847165  -412.330745074  -412.290492587  -412.290492587  -412.155402347
   222.000  -412.431031711  -412.327609987  -412.288453957  -412.288453957  -412.155442695
   222.500  -412.424584993  -412.318551549  -412.280164547  -412.280164547  -412.155522978
   223.000  -412.411051263  -412.303120618  -412.265210940  -412.265210940  -412.155516205
   223.500  -412.391896382  -412.282707861  -412.245087492  -412.245087492  -412.155169777
   224.000  -412.373960220  -412.264032767  -412.226688778  -412.226688778  -412.154349198
   224.500  -412.369557425  -412.259320669  -412.222427129  -412.222427129  -412.153993845
   225.000  -412.383088748  -412.273006262  -412.236791721  -412.236791721  -412.154869145
   225.500  -412.402070473  -412.292774424  -412.257328940  -412.257328940  -412.155732617
   226.000  -412.412712180  -412.305039438  -412.270228980  -412.270228980  -412.155872091
   226.500  -412.411001839  -412.305918082  -412.271437233  -412.271437233  -412.155710533
   227.000  -412.398527204  -412.297006612  -412.262486527  -412.262486527  -412.155513699
   227.500  -412.378741374  -412.281664321  -412.246766305  -412.246766305  -412.155118542
   228.000  -412.358518298  -412.266602996  -412.231072605  -412.231072605  -412.154476315
   228.500  -412.347652803  -412.261415984  -412.225073436  -412.225073436  -412.154205468
   229.000  -412.350206874  -412.269944320  -412.232607318  -412.232607318  -412.154675647
   229.500  -412.359895322  -412.285671396  -412.247076563  -412.247076563  -412.155201927
   230.000  -412.368875856  -412.300522098  -412.260312071  -412.260312071  -412.155305508
   230.500  -412.374863726  -412.311988958  -412.269765368  -412.269765368  -412.155176103
   231.000  -412.379219117  -412.321235344  -412.276635842  -412.276635842  -412.155111346
   231.500  -412.382719489  -412.328877233  -412.281649650  -412.281649650  -412.155264910
   232.000  -412.383243487  -412.332665853  -412.282736792  -412.282736792  -412.155623180
   232.500  -412.376253548  -412.327953536  -412.275493736  -412.275493736  -412.155897668
   233.000  -412.359484375  -412.312357534  -412.257840898  -412.257840898  -412.155488299
   233.500  -412.340901046  -412.293706814  -412.237921564  -412.237921564  -412.154386115
   234.000  -412.336698129  -412.288067353  -412.231991532  -412.231991532  -412.154077321
   234.500  -412.351633929  -412.300139225  -412.244662906  -412.244662906  -412.154911990
   235.000  -412.374189406  -412.318466571  -412.264148744  -412.264148744  -412.155615568
   235.500  -412.392638628  -412.331513725  -412.278544257  -412.278544257  -412.155901766
   236.000  -412.401115197  -412.333697734  -412.282015573  -412.282015573  -412.155960111
   236.500  -412.398050846  -412.323771801  -412.273214237  -412.273214237  -412.155720503
   237.000  -412.387056579  -412.305653909  -412.256071686  -412.256071686  -412.155069432
   237.500  -412.377679113  -412.289159472  -412.240475662  -412.240475662  -412.154422405
   238.000  -412.378813849  -412.283415996  -412.235626658  -412.235626658  -412.154487542
   238.500  -412.389349024  -412.287519529  -412.240651038  -412.240651038  -412.155000871
   239.000  -412.401452997  -412.293827445  -412.247891099  -412.247891099  -412.155246515
   239.500  -412.410393243  -412.297770260  -412.252742176  -412.252742176  -412.155150449
   240.000  -412.416516926  -412.299826627  -412.255645320  -412.255645320  -412.154979162
   240.500  -412.421782276  -412.302055001  -412.258625052  -412.258625052  -412.154931701
   241.000  -412.426705394  -412.305044261  -412.262240610  -412.262240610  -412.155096330
   241.500  -412.429016733  -412.306566526  -412.264251639  -412.264251639  -412.155436798
   242.000  -412.424515605  -412.302420096  -412.260480648  -412.260480648  -412.155648041
   242.500  -412.411856135  -412.291197307  -412.249607395  -412.249607395  -412.155195211
   243.000  -412.399189826  -412.280925128  -412.239804504  -412.239804504  -412.154348487
   243.500  -412.398607280  -412.283543568  -412.243132880  -412.243132880  -412.154530842
   244.000  -412.408095995  -412.296910110  -412.257430184  -412.257430184  -412.155427619
   244.500  -412.415242246  -412.308495051  -412.270019389  -412.270019389  -412.155734425
   245.000  -412.414179160  -412.312304033  -412.274755161  -412.274755161  -412.155655585
   245.500  -412.405088743  -412.308397433  -412.271617921  -412.271617921  -412.155591698
   246.000  -412.389306702  -412.298021281  -412.261846854  -412.261846854  -412.155284257
   246.500  -412.371854794  -412.286135301  -412.250433804  -412.250433804  -412.154707802
   247.000  -412.360785469  -412.280737598  -412.245403133  -412.245403133  -412.154545946
   247.500  -412.358209793  -412.283878963  -412.248785889  -412.248785889  -412.154951565
   248.000  -412.358338321  -412.289698271  -412.254652041  -412.254652041  -412.155263869
   248.500  -412.356062170  -412.293001608  -412.257724187  -412.257724187  -412.155228077
   249.000  -412.351164067  -412.293477419  -412.257621352  -412.257621352  -412.155054326
   249.500  -412.345874293  -412.293259967  -412.256426761  -412.256426761  -412.154937704
   250.000  -412.341934307  -412.294002160  -412.255761675  -412.255761675  -412.154962564
   250.500  -412.339174302  -412.295461595  -412.255371210  -412.339174302  -412.155159926
   251.000  -412.327558370  -412.295189062  -412.249318657  -412.327558370  -412.155489239
   251.500  -412.311500609  -412.287716306  -412.234108468  -412.311500609  -412.155632735
   252.000  -412.291056835  -412.273456333  -412.210675019  -412.291056835  -412.155018102
   252.500  -412.276875340  -412.263598935  -412.191077073  -412.276875340  -412.154166758
   253.000  -412.280852250  -412.270545053  -412.188666228  -412.280852250  -412.154712560
   253.500  -412.295563936  -412.287240166  -412.197199048  -412.295563936  -412.155941803
   254.000  -412.303112701  -412.296016363  -412.199632277  -412.303112701  -412.156309199
   254.500  -412.296556640  -412.290047479  -412.189599554  -412.296556640  -412.155848815
   255.000  -412.281910179  -412.275379513  -412.173411606  -412.281910179  -412.155022678
   255.500  -412.271301043  -412.264110058  -412.163187975  -412.271301043  -412.154358654
   256.000  -412.274198495  -412.265623479  -412.168083828  -412.274198495  -412.154473686
   256.500  -412.288886003  -412.278054149  -412.185790527  -412.288886003  -412.155149346
   257.000  -412.305439970  -412.291251920  -412.205555298  -412.305439970  -412.155561612
   257.500  -412.316875994  -412.297927606  -412.219386868  -412.316875994  -412.155497479
   258.000  -412.323010118  -412.297548356  -412.226015144  -412.323010118  -412.155234587
   258.500  -412.327075526  -412.293038674  -412.227689555  -412.327075526  -412.155012729
   259.000  -412.332146988  -412.287325479  -412.226827431  -412.332146988  -412.154932208
   259.500  -412.339451172  -412.281725513  -412.224464231  -412.339451172  -412.155026137
   260.000  -412.347799432  -412.275350527  -412.219632931  -412.347799432  -412.155295502
   260.500  -412.353759129  -412.265161120  -412.209367074  -412.353759129  -412.155624273
   261.000  -412.353861706  -412.247983355  -412.190819586  -412.353861706  -412.155584505
   261.500  -412.349082344  -412.217417028  -412.179563239  -412.349082344  -412.155064442
   262.000  -412.353976421  -412.203389208  -412.181941580  -412.353976421  -412.155381744
   262.500  -412.376122107  -412.209472159  -412.196488310  -412.376122107  -412.156497674
   263.000  -412.399397422  -412.231492279  -412.208613021  -412.399397422  -412.157022684
   263.500  -412.405608962  -412.232570702  -412.206818088  -412.405608962  -412.157331986
   264.000  -412.388140811  -412.211780141  -412.181564518  -412.388140811  -412.156719139
   264.500  -412.356253308  -412.177080107  -412.141759614  -412.356253308  -412.155565981
   265.000  -412.327278205  -412.144962123  -412.104750576  -412.327278205  -412.154689312
   265.500  -412.314273417  -412.127946355  -412.083752174  -412.314273417  -412.154685915
   266.000  -412.317663259  -412.126220853  -412.079328848  -412.317663259  -412.155135076
   266.500  -412.330488901  -412.132861371  -412.084646842  -412.330488901  -412.155493341
   267.000  -412.346441155  -412.141852797  -412.093548674  -412.346441155  -412.155650534
   267.500  -412.362202368  -412.150467915  -412.102892765  -412.362202368  -412.155678117
   268.000  -412.376649101  -412.158864243  -412.111580459  -412.376649101  -412.155658564
   268.500  -412.389292781  -412.181076843  -412.131828486  -412.389292781  -412.155887155
   269.000  -412.399641768  -412.200120175  -412.142705083  -412.399641768  -412.155861108
   269.500  -412.408638837  -412.221337601  -412.153456224  -412.408638837  -412.155918384
   270.000  -412.415260601  -412.241961178  -412.164314588  -412.415260601  -412.156122698
   270.500  -412.416692826  -412.257547243  -412.172961231  -412.416692826  -412.156395101
   271.000  -412.410048195  -412.264144313  -412.176127198  -412.410048195  -412.156281230
   271.500  -412.398608366  -412.264644941  -412.175923417  -412.398608366  -412.155448295
   272.000  -412.394503579  -412.271068398  -412.183329775  -412.394503579  -412.155028180
   272.500  -412.403031817  -412.288684220  -412.202906910  -412.403031817  -412.156014296
   273.000  -412.411284829  -412.304644505  -412.221375602  -412.411284829  -412.156814350
   273.500  -412.407763861  -412.307578751  -412.227096604  -412.407763861  -412.156481462
   274.000  -412.395868394  -412.301014171  -412.223403877  -412.395868394  -412.155870543
   274.500  -412.384253653  -412.293388098  -412.218349221  -412.384253653  -412.156590171
   275.000  -412.372583926  -412.285163037  -412.212748462  -412.372583926  -412.156729596
   275.500  -412.359616068  -412.274741395  -412.204523625  -412.359616068  -412.156609802
   276.000  -412.346513677  -412.263294569  -412.194738204  -412.346513677  -412.156344409
   276.500  -412.336629005  -412.254163069  -412.186692055  -412.336629005  -412.156207055
   277.000  -412.331826471  -412.249188836  -412.182254439  -412.331826471  -412.156221380
   277.500  -412.331875538  -412.248105078  -412.181229608  -412.331875538  -412.156258454
   278.000  -412.336124513  -412.250094165  -412.182880254  -412.336124513  -412.156123699
   278.500  -412.345395893  -412.254034670  -412.187215439  -412.345395893  -412.157508264
   279.000  -412.356133779  -412.261147694  -412.193960075  -412.356133779  -412.157628326
   279.500  -412.368121400  -412.268463107  -412.200614991  -412.368121400  -412.157928004
   280.000  -412.377105794  -412.271692223  -412.202983037  -412.377105794  -412.158391556
   280.500  -412.377219966  -412.265017758  -412.195353443  -412.377219966  -412.158677486
   281.000  -412.366520007  -412.246442825  -412.176035932  -412.366520007  -412.158076476
   281.500  -412.355153199  -412.218945019  -412.164279941  -412.355153199  -412.158448933
   282.000  -412.356092352  -412.211929283  -412.168305315  -412.356092352  -412.159329813
   282.500  -412.367437806  -412.217873133  -412.180099094  -412.367437806  -412.160319838
   283.000  -412.374823512  -412.222940268  -412.186486163  -412.374823512  -412.160433256
   283.500  -412.374045028  -412.223336471  -412.183664284  -412.374045028  -412.160221671
   284.000  -412.366456116  -412.219353155  -412.174273372  -412.366456116  -412.160173118
   284.500  -412.352271508  -412.209617167  -412.159492624  -412.352271508  -412.160071281
   285.000  -412.332620417  -412.194055328  -412.140339522  -412.332620417  -412.159788506
   285.500  -412.311323994  -412.175854552  -412.119895071  -412.311323994  -412.159417756
   286.000  -412.293669880  -412.160036552  -412.102768180  -412.293669880  -412.159098533
   286.500  -412.284285951  -412.151130797  -412.093180202  -412.284285951  -412.158948995
   287.000  -412.285386220  -412.151322579  -412.093156512  -412.285386220  -412.159001446
   287.500  -412.296279519  -412.159907196  -412.101967872  -412.296279519  -412.159184509
   288.000  -412.314318156  -412.174173132  -412.117131860  -412.314318156  -412.159407137
   288.500  -412.336092054  -412.190540210  -412.136162523  -412.336092054  -412.159704695
   289.000  -412.357162668  -412.205277158  -412.157757820  -412.357162668  -412.160087457
   289.500  -412.372148935  -412.215036179  -412.177894654  -412.372148935  -412.160462455
   290.000  -412.375678215  -412.215433895  -412.188472994  -412.375678215  -412.160849920
   290.500  -412.363653574  -412.203848800  -412.181932593  -412.363653574  -412.160738431
   291.000  -412.340467463  -412.185887235  -412.160324189  -412.340467463  -412.159645475
   291.500  -412.323608297  -412.177011056  -412.142524187  -412.323608297  -412.158640385
   292.000  -412.327567602  -412.189601943  -412.144753181  -412.327567602  -412.159094809
   292.500  -412.346756705  -412.220035478  -412.159633130  -412.346756705  -412.160466493
   293.000  -412.365574904  -412.246874815  -412.179808792  -412.365574904  -412.160863109
   293.500  -412.375819142  -412.262088875  -412.192935282  -412.375819142  -412.160849583
   294.000  -412.376022251  -412.265630110  -412.195812367  -412.376022251  -412.160603134
   294.500  -412.367463550  -412.260887750  -412.193051295  -412.367463550  -412.158990011
   295.000  -412.356364830  -412.250342163  -412.186164216  -412.356364830  -412.158809129
   295.500  -412.344198301  -412.237686638  -412.177550116  -412.344198301  -412.158634968
   296.000  -412.333618517  -412.225592416  -412.169626196  -412.333618517  -412.158436827
   296.500  -412.327554001  -412.216955868  -412.164980290  -412.327554001  -412.158247526
   297.000  -412.328683729  -412.214449536  -412.165975655  -412.328683729  -412.158161682
   297.500  -412.338134501  -412.219258967  -412.173552568  -412.338134501  -412.158241583
   298.000  -412.354607002  -412.230206259  -412.186400929  -412.354607002  -412.158481608
   298.500  -412.374430020  -412.243765175  -412.201012434  -412.374430020  -412.158863834
   299.000  -412.391910666  -412.254354397  -412.211997038  -412.391910666  -412.159370206
   299.500  -412.399907054  -412.254863992  -412.212609297  -412.399907054  -412.159873169
   300.000  -412.392217611  -412.239029220  -412.197095296  -412.392217611  -412.159949298
   300.500  -412.369941686  -412.207816686  -412.167040559  -412.369941686  -412.159050668
   301.000  -412.347799421  -412.175832122  -412.137753864  -412.347799421  -412.157738242
   301.500  -412.344172156  -412.161504373  -412.128455996  -412.344172156  -412.157882961
   302.000  -412.357062938  -412.163297728  -412.138097647  -412.357062938  -412.159248431
   302.500  -412.367275520  -412.163317381  -412.147372315  -412.367275520  -412.159908757
   303.000  -412.363505846  -412.152521930  -412.142797751  -412.363505846  -412.159619881
   303.500  -412.348110955  -412.135801323  -412.123680221  -412.348110955  -412.159056215
   304.000  -412.328603777  -412.117913830  -412.099748192  -412.328603777  -412.158602738
   304.500  -412.311603895  -412.103079328  -412.079546591  -412.311603895  -412.158335242
   305.000  -412.301213819  -412.094710843  -412.067478739  -412.301213819  -412.158224478
   305.500  -412.299215156  -412.094333909  -412.065347577  -412.299215156  -412.158223725
   306.000  -412.305671361  -412.101999754  -412.073195439  -412.305671361  -412.158294666
   306.500  -412.319454517  -412.116786472  -412.089799168  -412.319454517  -412.158429347
   307.000  -412.338401686  -412.136951844  -412.112686076  -412.338401686  -412.158645204
   307.500  -412.359217806  -412.159928658  -412.137813083  -412.359217806  -412.158924356
   308.000  -412.377912796  -412.182781519  -412.159957319  -412.377912796  -412.159173856
   308.500  -412.391188907  -412.202817614  -412.174966036  -412.391188907  -412.159298282
   309.000  -412.397820521  -412.218289302  -412.181969509  -412.397820521  -412.159272247
   309.500  -412.399016261  -412.229470217  -412.183127910  -412.399016261  -412.159146805
   310.000  -412.397344756  -412.238073291  -412.181943949  -412.397344756  -412.159101096
   310.500  -412.394111791  -412.244718743  -412.180284050  -412.394111791  -412.159082365
   311.000  -412.389988125  -412.249690878  -412.178826088  -412.389988125  -412.158809492
   311.500  -412.387746236  -412.255645760  -412.179988555  -412.387746236  -412.158805780
   312.000  -412.386526553  -412.261727149  -412.182455768  -412.386526553  -412.159214735
   312.500  -412.380511275  -412.262150271  -412.179993060  -412.380511275  -412.159319575
   313.000  -412.367542061  -412.254784585  -412.170129750  -412.367542061  -412.159024363
   313.500  -412.351111431  -412.243129835  -412.156167151  -412.351111431  -412.158666720
   314.000  -412.336108120  -412.232060916  -412.142909545  -412.336108120  -412.158435410
   314.500  -412.325903197  -412.224907848  -412.133727257  -412.325903197  -412.158348785
   315.000  -412.321837798  -412.222923817  -412.130013868  -412.321837798  -412.158366460
   315.500  -412.323718731  -412.225777691  -412.131635418  -412.323718731  -412.158438844
   316.000  -412.330532501  -412.232302819  -412.137586450  -412.330532501  -412.158523749
   316.500  -412.341062200  -412.241164629  -412.146571123  -412.341062200  -412.158610632
   317.000  -412.354044500  -412.251023934  -412.157162991  -412.354044500  -412.158737024
   317.500  -412.367720637  -412.260012165  -412.167381817  -412.367720637  -412.158920001
   318.000  -412.379818436  -412.265681977  -412.174763348  -412.379818436  -412.159024319
   318.500  -412.389431089  -412.267001685  -412.178318324  -412.389431089  -412.158919448
   319.000  -412.398227347  -412.265533571  -412.179778327  -412.398227347  -412.158896985
   319.500  -412.404203417  -412.253944109  -412.190228822  -412.404203417  -412.158442786
   320.000  -412.403396794  -412.241416311  -412.189392761  -412.403396794  -412.158990286
   320.500  -412.389466324  -412.216006954  -412.174274463  -412.389466324  -412.158919977
   321.000  -412.363994296  -412.179624920  -412.147028760  -412.363994296  -412.158136088
   321.500  -412.338684403  -412.144421351  -412.119403480  -412.338684403  -412.157306447
   322.000  -412.325267551  -412.122436387  -412.103145131  -412.325267551  -412.157405417
   322.500  -412.322874201  -412.112989928  -412.097408138  -412.322874201  -412.157981389
   323.000  -412.323293548  -412.108125533  -412.093896653  -412.323293548  -412.158171009
   323.500  -412.322594541  -412.104271715  -412.088539329  -412.322594541  -412.158041064
   324.000  -412.321541369  -412.102361405  -412.082335999  -412.321541369  -412.157922632
   324.500  -412.321289556  -412.103424070  -412.077272355  -412.321289556  -412.157936343
   325.000  -412.321462162  -412.106549925  -412.074299233  -412.321462162  -412.158044901
   325.500  -412.320427704  -412.111063265  -412.070822347  -412.320427704  -412.158183394
   326.000  -412.316228402  -412.114569596  -412.064212423  -412.316228402  -412.158294885
   326.500  -412.301192754  -412.119841848  -412.061953942  -412.301192754  -412.151721159
   327.000  -412.290519285  -412.115713848  -412.058122770  -412.290519285  -412.151432281
   327.500  -412.283243119  -412.113830384  -412.056589619  -412.283243119  -412.151004960
   328.000  -412.286126230  -412.120916257  -412.064146047  -412.286126230  -412.150761787
   328.500  -412.302669042  -412.140692245  -412.084473193  -412.302669042  -412.151074849
   329.000  -412.328130768  -412.168760933  -412.113008661  -412.328130768  -412.151768418
   329.500  -412.352105698  -412.195007445  -412.139403312  -412.352105698  -412.152300200
   330.000  -412.366146635  -412.211117441  -412.155183040  -412.366146635  -412.152473279
   330.500  -412.367319997  -412.214128777  -412.157390631  -412.367319997  -412.152307332
   331.000  -412.358328804  -412.206599711  -412.148700479  -412.358328804  -412.151762536
   331.500  -412.347499352  -412.196643862  -412.137366563  -412.347499352  -412.151007123
   332.000  -412.345519085  -412.194715244  -412.134008776  -412.345519085  -412.150660134
   332.500  -412.356921727  -412.205141297  -412.143211083  -412.356921727  -412.151081396
   333.000  -412.375790881  -412.221872386  -412.159310097  -412.375790881  -412.151720193
   333.500  -412.392913970  -412.235642337  -412.173428425  -412.392913970  -412.151990045
   334.000  -412.403757688  -412.241880908  -412.181267476  -412.403757688  -412.151928271
   334.500  -412.408543208  -412.240573261  -412.183245954  -412.408543208  -412.151798543
   335.000  -412.409424221  -412.227025207  -412.190211955  -412.409424221  -412.153337783
   335.500  -412.402804448  -412.213911057  -412.185778476  -412.402804448  -412.153486210
   336.000  -412.388977704  -412.193897781  -412.173345683  -412.388977704  -412.153557267
   336.500  -412.367963750  -412.167567453  -412.152775670  -412.367963750  -412.153246484
   337.000  -412.345495498  -412.141872719  -412.129067180  -412.345495498  -412.152552286
   337.500  -412.332156928  -412.128049156  -412.112622038  -412.332156928  -412.152134151
   338.000  -412.334060243  -412.131174227  -412.110921831  -412.334060243  -412.152468392
   338.500  -412.346535067  -412.145656448  -412.120406307  -412.346535067  -412.153079606
   339.000  -412.360293760  -412.161844411  -412.132284913  -412.360293760  -412.153413334
   339.500  -412.369449229  -412.173804603  -412.140869819  -412.369449229  -412.153455015
   340.000  -412.372487537  -412.180192328  -412.144577092  -412.372487537  -412.153420445
   340.500  -412.369524537  -412.180380510  -412.144072367  -412.369524537  -412.153394389
   341.000  -412.361075800  -412.174652289  -412.139648040  -412.361075800  -412.153233422
   341.500  -412.349943961  -412.165824983  -412.133695527  -412.349943961  -412.152751353
   342.000  -412.343196676  -412.161170456  -412.132816496  -412.343196676  -412.152209796
   342.500  -412.348126265  -412.168482386  -412.143660162  -412.348126265  -412.152239820
   343.000  -412.364168037  -412.187864648  -412.164945201  -412.364168037  -412.152819827
   343.500  -412.383151582  -412.211557039  -412.188154436  -412.383151582  -412.153358992
   344.000  -412.397009092  -412.231331285  -412.205546879  -412.397009092  -412.153619463
   344.500  -412.401569901  -412.242498933  -412.213511815  -412.401569901  -412.153701728
   345.000  -412.395635481  -412.243234294  -412.210899467  -412.395635481  -412.153669970
   345.500  -412.380246204  -412.234053597  -412.198078123  -412.380246204  -412.153433391
   346.000  -412.359875221  -412.219104999  -412.178851347  -412.359875221  -412.152958252
   346.500  -412.342142858  -412.205787599  -412.160532479  -412.342142858  -412.152657661
   347.000  -412.331901472  -412.198793739  -412.147872404  -412.331901472  -412.152812573
   347.500  -412.327676040  -412.196561630  -412.139275175  -412.327676040  -412.152929011
   348.000  -412.327949732  -412.197819560  -412.132160185  -412.327949732  -412.152298069
   348.500  -412.331793097  -412.215496330  -412.137130068  -412.331793097  -412.150190174
   349.000  -412.340835142  -412.223150879  -412.146262756  -412.340835142  -412.150467424
   349.500  -412.349598787  -412.229724554  -412.154158935  -412.349598787  -412.150793204
   350.000  -412.352871365  -412.230276673  -412.155797489  -412.352871365  -412.151023123
   350.500  -412.347139687  -412.221489678  -412.147828314  -412.347139687  -412.151092813
   351.000  -412.332025989  -412.203058602  -412.129972961  -412.332025989  -412.150813110
   351.500  -412.312763822  -412.180161908  -412.107516820  -412.312763822  -412.150166305
   352.000  -412.299354613  -412.162672095  -412.090520936  -412.299354613  -412.149800954
   352.500  -412.297341126  -412.156009085  -412.084647359  -412.297341126  -412.150123334
   353.000  -412.302501176  -412.155867320  -412.085896215  -412.302501176  -412.150514140
   353.500  -412.308547562  -412.155893068  -412.088363126  -412.308547562  -412.150652658
   354.000  -412.312229612  -412.152882693  -412.089329392  -412.312229612  -412.150760466
   354.500  -412.311412882  -412.145390205  -412.086792608  -412.311412882  -412.150783629
   355.000  -412.305736342  -412.134104424  -412.079711207  -412.305736342  -412.150510646
   355.500  -412.298794702  -412.122825253  -412.071048381  -412.298794702  -412.150199246
   356.000  -412.294581381  -412.115205592  -412.064525330  -412.294581381  -412.150278983
   356.500  -412.292053752  -412.109804114  -412.058974487  -412.292053752  -412.150584336
   357.000  -412.287197168  -412.102298077  -412.050305393  -412.287197168  -412.150652103
   357.500  -412.279256954  -412.091769800  -412.037744708  -412.279256954  -412.150344127
   358.000  -412.272876636  -412.082865268  -412.026042335  -412.272876636  -412.149874337
   358.500  -412.274915253  -412.082609883  -412.022320261  -412.274915253  -412.149649024
   359.000  -412.288591635  -412.094532588  -412.030132905  -412.288591635  -412.149883302
   359.500  -412.310483135  -412.115643200  -412.046342151  -412.310483135  -412.150364974
   360.000  -412.333373349  -412.139511068  -412.063639598  -412.333373349  -412.150814314
   360.500  -412.349287800  -412.152047614  -412.101422081  -412.349287800  -412.149773952
   361.000  -412.357614713  -412.163693031  -412.109002347  -412.357614713  -412.149592790
   361.500  -412.360626098  -412.171744719  -412.111413375  -412.360626098  -412.148914329
   362.000  -412.368295602  -412.185975782  -412.118539406  -412.368295602  -412.148592585
   362.500  -412.384861801  -412.210628917  -412.134207578  -412.384861801  -412.149253270
   363.000  -412.399651717  -412.242337268  -412.145130551  -412.399651717  -412.149988615
   363.500  -412.402046929  -412.254845787  -412.155133571  -412.402046929  -412.150116810
   364.000  -412.392018646  -412.253515571  -412.153390454  -412.392018646  -412.149551854
   364.500  -412.377254714  -412.246708036  -412.147052225  -412.377254714  -412.148884229
   365.000  -412.367117852  -412.243664972  -412.145149600  -412.367117852  -412.148743127
   365.500  -412.363713958  -412.246321130  -412.149484993  -412.363713958  -412.149171668
   366.000  -412.361254953  -412.248739144  -412.153982189  -412.361254953  -412.149548307
   366.500  -412.354120483  -412.245170251  -412.152743173  -412.354120483  -412.149577486
   367.000  -412.341450768  -412.234637572  -412.144629761  -412.341450768  -412.149402361
   367.500  -412.325776293  -412.219561957  -412.131888901  -412.325776293  -412.149141288
   368.000  -412.311342529  -412.204092368  -412.118490663  -412.311342529  -412.148797650
   368.500  -412.303627472  -412.193642051  -412.109678385  -412.303627472  -412.148488727
   369.000  -412.307240599  -412.192822369  -412.109922730  -412.307240599  -412.148521731
   369.500  -412.321645780  -412.201198241  -412.118713887  -412.321645780  -412.148999932
   370.000  -412.339925554  -412.212052753  -412.129375012  -412.339925554  -412.149594057
   370.500  -412.353499986  -412.217074812  -412.133786148  -412.353499986  -412.149867712
   371.000  -412.358622182  -412.212818252  -412.128868084  -412.358622182  -412.149570150
   371.500  -412.359704278  -412.203998537  -412.119933044  -412.359704278  -412.149025437
   372.000  -412.364041998  -412.198203895  -412.115482409  -412.364041998  -412.149125598
   372.500  -412.370091800  -412.194441409  -412.115392752  -412.370091800  -412.149898276
   373.000  -412.367391284  -412.183627933  -412.109681566  -412.367391284  -412.150351766
   373.500  -412.349571601  -412.160379896  -412.090505032  -412.349571601  -412.150024311
   374.000  -412.321633509  -412.129190446  -412.061950104  -412.321633509  -412.149119350
   374.500  -412.296907771  -412.102782440  -412.037143262  -412.296907771  -412.148376649
   375.000  -412.286023558  -412.091241625  -412.026620112  -412.286023558  -412.148502919
   375.500  -412.287547953  -412.092699597  -412.028910425  -412.287547953  -412.149071153
   376.000  -412.293279807  -412.098751238  -412.035783048  -412.293279807  -412.149380196
   376.500  -412.297923853  -412.104167889  -412.041852654  -412.297923853  -412.149383527
   377.000  -412.300637176  -412.108399636  -412.046065406  -412.300637176  -412.149314330
   377.500  -412.302094444  -412.112528047  -412.048758938  -412.302094444  -412.149300335
   378.000  -412.302597311  -412.117196534  -412.049936503  -412.302597311  -412.149326172
   378.500  -412.302248060  -412.122626389  -412.049712159  -412.302248060  -412.149302814
   379.000  -412.301989424  -412.129682499  -412.049235032  -412.301989424  -412.149230540
   379.500  -412.303640010  -412.139985255  -412.051045948  -412.303640010  -412.149108821
   380.000  -412.309979287  -412.155725146  -412.059728409  -412.309979287  -412.148851098
   380.500  -412.325854945  -412.180585089  -412.081176599  -412.325854945  -412.148798673
   381.000  -412.352058290  -412.214792194  -412.114639340  -412.352058290  -412.149482153
   381.500  -412.378296662  -412.248010916  -412.148902712  -412.378296662  -412.150328688
   382.000  -412.391732555  -412.267474465  -412.170410978  -412.391732555  -412.150663486
   382.500  -412.386648598  -412.267511684  -412.173029272  -412.386648598  -412.150514694
   383.000  -412.365604725  -412.250714206  -412.159037659  -412.365604725  -412.149824046
   383.500  -412.339842914  -412.228349733  -412.139491652  -412.339842914  -412.148763065
   384.000  -412.326182048  -412.216390028  -412.129721855  -412.326182048  -412.149699798
   384.500  -412.326644529  -412.218588882  -412.134456039  -412.326644529  -412.150368267
   385.000  -412.333019396  -412.225898593  -412.143852905  -412.333019396  -412.150847609
   385.500  -412.337211256  -412.230214617  -412.149705896  -412.337211256  -412.150775023
   386.000  -412.338861589  -412.231165561  -412.151606879  -412.338861589  -412.150527047
   386.500  -412.340918704  -412.231682701  -412.152513058  -412.340918704  -412.150363611
   387.000  -412.345614517  -412.233972130  -412.154704071  -412.345614517  -412.150353474
   387.500  -412.353115173  -412.238144711  -412.158410405  -412.353115173  -412.150510138
   388.000  -412.361264001  -412.241871164  -412.161531328  -412.361264001  -412.150806953
   388.500  -412.367456859  -412.238480708  -412.161600024  -412.367456859  -412.152720866
   389.000  -412.364345375  -412.228109595  -412.154947492  -412.364345375  -412.152581302
   389.500  -412.356751205  -412.211304046  -412.143568305  -412.356751205  -412.151591593
   390.000  -412.359566430  -412.201172473  -412.143723163  -412.359566430  -412.150926720
   390.500  -412.383495220  -412.212926146  -412.164918588  -412.383495220  -412.151747000
   391.000  -412.416692522  -412.234489763  -412.194399610  -412.416692522  -412.153364426
   391.500  -412.436057439  -412.242581004  -412.209493804  -412.436057439  -412.154074730
   392.000  -412.430150200  -412.226361978  -412.199223599  -412.430150200  -412.153817946
   392.500  -412.402859077  -412.190476686  -412.168007127  -412.402859077  -412.152785021
   393.000  -412.370167269  -412.151621962  -412.132348753  -412.370167269  -412.151552445
   393.500  -412.349930059  -412.128027005  -412.110503124  -412.349930059  -412.151372030
   394.000  -412.345096569  -412.122335967  -412.105649190  -412.345096569  -412.152029231
   394.500  -412.346202090  -412.124242210  -412.108453015  -412.346202090  -412.152348670
   395.000  -412.347153708  -412.127941980  -412.111982913  -412.347153708  -412.152202689
   395.500  -412.348640981  -412.134448487  -412.116238999  -412.348640981  -412.151982770
   396.000  -412.353191106  -412.146196379  -412.123508924  -412.353191106  -412.151876247
   396.500  -412.362081055  -412.164135335  -412.135018177  -412.362081055  -412.151888793
   397.000  -412.374926124  -412.187718112  -412.150234249  -412.374926124  -412.151998764
   397.500  -412.389450922  -412.217726927  -412.165958948  -412.389450922  -412.152583448
   398.000  -412.403056264  -412.244246190  -412.186260411  -412.403056264  -412.153116064
   398.500  -412.412494912  -412.264020391  -412.203541892  -412.412494912  -412.153540913
   399.000  -412.411821563  -412.272862206  -412.210730202  -412.411821563  -412.153912043
   399.500  -412.396939585  -412.266692758  -412.203243858  -412.396939585  -412.153799364
   400.000  -412.371754115  -412.249120065  -412.184591912  -412.371754115  -412.152806093
   400.500  -412.351957452  -412.235446719  -412.170207337  -412.351957452  -412.151951858
   401.000  -412.349609133  -412.237502008  -412.172065490  -412.349609133  -412.152728726
   401.500  -412.354679929  -412.245326930  -412.180206785  -412.354679929  -412.153836243
   402.000  -412.351562890  -412.243630754  -412.179193390  -412.351562890  -412.153647598
   402.500  -412.341465169  -412.234014402  -412.170419316  -412.341465169  -412.152742429
   403.000  -412.335526884  -412.227926069  -412.165151470  -412.335526884  -412.152566230
   403.500  -412.335786301  -412.227561689  -412.165449359  -412.335786301  -412.153013994
   404.000  -412.335550561  -412.226241852  -412.164546901  -412.335550561  -412.153150931
   404.500  -412.331621595  -412.220683413  -412.159119559  -412.331621595  -412.152903208
   405.000  -412.326535410  -412.213271564  -412.151567886  -412.326535410  -412.152594554
   405.500  -412.324371405  -412.207914660  -412.145852688  -412.324371405  -412.152392806
   406.000  -412.328022888  -412.207325880  -412.144784406  -412.328022888  -412.152316967
   406.500  -412.338654468  -412.212476907  -412.149505443  -412.338654468  -412.152334608
   407.000  -412.356043197  -412.222792679  -412.159917375  -412.356043197  -412.152409300
   407.500  -412.379106466  -412.235849568  -412.175661256  -412.379106466  -412.152492493
   408.000  -412.405254316  -412.248457215  -412.196449123  -412.405254316  -412.152944066
   408.500  -412.429512187  -412.261830887  -412.215821950  -412.429512187  -412.153236410
   409.000  -412.447343946  -412.269967599  -412.228457844  -412.447343946  -412.153643558
   409.500  -412.453077538  -412.266738024  -412.228651449  -412.453077538  -412.153945274
   410.000  -412.442921911  -412.248513791  -412.212605988  -412.442921911  -412.153850237
   410.500  -412.418854105  -412.217503173  -412.182380186  -412.418854105  -412.153381612
   411.000  -412.388257092  -412.181129549  -412.145710952  -412.388257092  -412.152934364
   411.500  -412.359293991  -412.147784008  -412.111393758  -412.359293991  -412.152514123
   412.000  -412.336386445  -412.128155935  -412.091796238  -412.336386445  -412.149659217
   412.500  -412.327920835  -412.120073198  -412.087076213  -412.327920835  -412.150332064
   413.000  -412.323671808  -412.117195792  -412.085820048  -412.323671808  -412.150808043
   413.500  -412.315495833  -412.111665402  -412.080323389  -412.315495833  -412.150746635
   414.000  -412.302737863  -412.103055984  -412.070041814  -412.302737863  -412.150450576
   414.500  -412.288891935  -412.095049965  -412.058378165  -412.288891935  -412.150175881
   415.000  -412.277742520  -412.091363399  -412.049006964  -412.277742520  -412.149983066
   415.500  -412.272090878  -412.094442735  -412.044727424  -412.272090878  -412.149865733
   416.000  -412.273642359  -412.105498801  -412.047340963  -412.273642359  -412.149816425
   416.500  -412.283059624  -412.124716775  -412.057653523  -412.283059624  -412.149830509
   417.000  -412.300009966  -412.151391554  -412.075472860  -412.300009966  -412.149908784
   417.500  -412.323160204  -412.183955196  -412.099591952  -412.323160204  -412.150060542
   418.000  -412.350055669  -412.219841737  -412.127659715  -412.350055669  -412.150301888
   418.500  -412.376908067  -412.255182994  -412.155990420  -412.376908067  -412.150644604
   419.000  -412.398521563  -412.284586140  -412.179675033  -412.398521563  -412.151052283
   419.500  -412.409126822  -412.301924105  -412.193564374  -412.409126822  -412.151323993
   420.000  -412.405562150  -412.303646531  -412.194847791  -412.405562150  -412.151102633
   420.500  -412.392248772  -412.294162813  -412.187531721  -412.392248772  -412.150305786
   421.000  -412.381491820  -412.286214937  -412.183445484  -412.381491820  -412.149757923
   421.500  -412.381195927  -412.288063594  -412.190167376  -412.381195927  -412.150342069
   422.000  -412.383511345  -412.292018747  -412.199523052  -412.383511345  -412.151133065
   422.500  -412.376434073  -412.286174607  -412.199205397  -412.376434073  -412.151172919
   423.000  -412.357595128  -412.268227449  -412.186594419  -412.357595128  -412.150736251
   423.500  -412.332170344  -412.243381365  -412.166660125  -412.332170344  -412.150277119
   424.000  -412.306539537  -412.218015360  -412.145619730  -412.306539537  -412.149951664
   424.500  -412.285527536  -412.196936292  -412.128185286  -412.285527536  -412.149751221
   425.000  -412.272201579  -412.183190503  -412.117367166  -412.272201579  -412.149640623
   425.500  -412.268257517  -412.178456117  -412.114863607  -412.268257517  -412.149605599
   426.000  -412.274199955  -412.183231753  -412.121228069  -412.274199955  -412.149654208
   426.500  -412.289229848  -412.196719892  -412.135736813  -412.289229848  -412.149807257
   427.000  -412.310969014  -412.216542201  -412.156083393  -412.310969014  -412.150088185
   427.500  -412.335207067  -412.238469451  -412.178098928  -412.335207067  -412.150496464
   428.000  -412.356124115  -412.256621542  -412.195956664  -412.356124115  -412.150933600
   428.500  -412.368058515  -412.265214544  -412.203941111  -412.368058515  -412.151112752
   429.000  -412.369769515  -412.262801412  -412.200737956  -412.369769515  -412.150698221
   429.500  -412.368661030  -412.256494946  -412.193708822  -412.368661030  -412.149856166
   430.000  -412.377513930  -412.258670596  -412.195714181  -412.377513930  -412.149499596
   430.500  -412.401449727  -412.273561021  -412.212397232  -412.401449727  -412.150235502
   431.000  -412.429688923  -412.287930325  -412.235677602  -412.429688923  -412.151496770
   431.500  -412.445386217  -412.290321261  -412.247684958  -412.445386217  -412.151738157
   432.000  -412.442587831  -412.275696634  -412.240515562  -412.442587831  -412.151404323
   432.500  -412.424925726  -412.246889882  -412.218168496  -412.424925726  -412.150929973
   433.000  -412.398979262  -412.210661497  -412.187489906  -412.398979262  -412.150536326
   433.500  -412.370702610  -412.173462175  -412.154693246  -412.370702610  -412.150237567
   434.000  -412.344830770  -412.140610218  -412.124766244  -412.344830770  -412.149994698
   434.500  -412.325273393  -412.116550261  -412.101842314  -412.325273393  -412.149787682
   435.000  -412.315294445  -412.104921769  -412.089298704  -412.315294445  -412.149646427
   435.500  -412.317045037  -412.108040528  -412.089253010  -412.317045037  -412.149634488
   436.000  -412.330622058  -412.125960771  -412.101631872  -412.330622058  -412.149818214
   436.500  -412.353150919  -412.155577191  -412.123352577  -412.353150919  -412.150224535
   437.000  -412.378499860  -412.190337778  -412.148113566  -412.378499860  -412.150807455
   437.500  -412.398242977  -412.221219554  -412.167406642  -412.398242977  -412.151370294
   438.000  -412.404943378  -412.240071271  -412.173803354  -412.404943378  -412.151505613
   438.500  -412.398120259  -412.245693220  -412.166936731  -412.398120259  -412.150897339
   439.000  -412.387893826  -412.247661587  -412.157042449  -412.387893826  -412.150061376
   439.500  -412.384385135  -412.269650114  -412.161994850  -412.384385135  -412.147598290
   440.000  -412.392618909  -412.287041509  -412.180054702  -412.392618909  -412.148333921
   440.500  -412.400039341  -412.302466708  -412.196354887  -412.400039341  -412.148531478
   441.000  -412.402465370  -412.311344062  -412.206017991  -412.402465370  -412.148643361
   441.500  -412.400274548  -412.314980958  -412.210315592  -412.400274548  -412.148611444
   442.000  -412.393269205  -412.312751310  -412.208580903  -412.393269205  -412.148626712
   442.500  -412.380488647  -412.303751171  -412.200032269  -412.380488647  -412.148467525
   443.000  -412.363507006  -412.289595230  -412.186406263  -412.363507006  -412.148203556
   443.500  -412.345732030  -412.273710541  -412.171199986  -412.345732030  -412.147958328
   444.000  -412.330618429  -412.259566166  -412.157896624  -412.330618429  -412.147781706
   444.500  -412.320780889  -412.249814067  -412.149130144  -412.320780889  -412.147670772
   445.000  -412.317880083  -412.246065017  -412.146418738  -412.317880083  -412.147644099
   445.500  -412.322307408  -412.248650478  -412.149994431  -412.322307408  -412.147747326
   446.000  -412.332487143  -412.256041784  -412.158294798  -412.332487143  -412.148038342
   446.500  -412.344143299  -412.264002212  -412.167076239  -412.344143299  -412.148557060
   447.000  -412.350113577  -412.265400514  -412.169253846  -412.350113577  -412.149162828
   447.500  -412.343195720  -412.253033149  -412.157748596  -412.343195720  -412.149270602
   448.000  -412.325039550  -412.228478880  -412.134365504  -412.325039550  -412.148147554
   448.500  -412.314337857  -412.210270813  -412.117953902  -412.314337857  -412.146757380
   449.000  -412.330823719  -412.217944943  -412.128369335  -412.330823719  -412.147367380
   449.500  -412.366043980  -412.242942805  -412.157258007  -412.366043980  -412.149161201
   450.000  -412.393591372  -412.258950625  -412.178364657  -412.393591372  -412.149969677
   450.500  -412.399132134  -412.251933193  -412.177626060  -412.399132134  -412.149570030
   451.000  -412.386460163  -412.226159295  -412.159264919  -412.386460163  -412.148665550
   451.500  -412.367819881  -412.194532406  -412.136138221  -412.367819881  -412.148001152
   452.000  -412.352583369  -412.167252617  -412.118230280  -412.352583369  -412.147999523
   452.500  -412.341202294  -412.145618031  -412.105949440  -412.341202294  -412.148312174
   453.000  -412.329511323  -412.126137638  -412.094464564  -412.329511323  -412.148413402
   453.500  -412.315899753  -412.107546676  -412.081927376  -412.315899753  -412.148226499
   454.000  -412.302931472  -412.089531300  -412.074893147  -412.302931472  -412.147582530
   454.500  -412.295311127  -412.080260185  -412.073302730  -412.295311127  -412.147531666
   455.000  -412.294974609  -412.084389141  -412.075478590  -412.294974609  -412.147460507
   455.500  -412.302959340  -412.098001173  -412.085347388  -412.302959340  -412.147669687
   456.000  -412.316245688  -412.117122700  -412.100398929  -412.316245688  -412.148144554
   456.500  -412.328285666  -412.134705627  -412.114417872  -412.328285666  -412.148680694
   457.000  -412.332529544  -412.143743822  -412.121416524  -412.332529544  -412.148764208
   457.500  -412.329813134  -412.145009911  -412.123158849  -412.329813134  -412.148043502
   458.000  -412.331757864  -412.150857826  -412.131942785  -412.331757864  -412.147324808
   458.500  -412.348888139  -412.173389804  -412.157328043  -412.348888139  -412.147530122
   459.000  -412.377804878  -412.211342925  -412.193241930  -412.377804878  -412.148401999
   459.500  -412.404442149  -412.251819195  -412.224661136  -412.404442149  -412.149313184
   460.000  -412.415339154  -412.277789576  -412.243550582  -412.415339154  -412.149360163
   460.500  -412.407083842  -412.282930664  -412.245096646  -412.407083842  -412.149137858
   461.000  -412.382543969  -412.270490329  -412.229803226  -412.382543969  -412.148747084
   461.500  -412.349024003  -412.246662361  -412.204657226  -412.349024003  -412.148626732
   462.000  -412.316061269  -412.222781303  -412.180192285  -412.316061269  -412.147702639
   462.500  -412.297180799  -412.211029941  -412.168413237  -412.297180799  -412.147345356
   463.000  -412.297572255  -412.216388313  -412.173718112  -412.297572255  -412.147874757
   463.500  -412.309740179  -412.231528260  -412.188714652  -412.309740179  -412.148505272
   464.000  -412.323798711  -412.246806337  -412.203765907  -412.323798711  -412.148693154
   464.500  -412.335635765  -412.258290335  -412.214929025  -412.335635765  -412.148619247
   465.000  -412.345309726  -412.266115698  -412.222298243  -412.345309726  -412.148580226
   465.500  -412.352950091  -412.270406470  -412.225926183  -412.352950091  -412.148699653
   466.000  -412.356899106  -412.269458134  -412.224013264  -412.356899106  -412.148892040
   466.500  -412.355024818  -412.261100927  -412.214281218  -412.355024818  -412.148853160
   467.000  -412.348845144  -412.246888570  -412.198195463  -412.348845144  -412.148399452
   467.500  -412.345145844  -412.233882086  -412.182873681  -412.345145844  -412.148083815
   468.000  -412.348749306  -412.227288289  -412.174880514  -412.348749306  -412.148086331
   468.500  -412.358198030  -412.225061722  -412.171852422  -412.358198030  -412.148355830
   469.000  -412.368927046  -412.223694983  -412.168806426  -412.368927046  -412.148343153
   469.500  -412.377629734  -412.218954017  -412.162695304  -412.377629734  -412.148592922
   470.000  -412.380660767  -412.208036303  -412.150474743  -412.380660767  -412.148647188
   470.500  -412.376968044  -412.190465695  -412.132194848  -412.376968044  -412.148574320
   471.000  -412.367464783  -412.167965694  -412.110075459  -412.367464783  -412.148524181
   471.500  -412.353104648  -412.142434727  -412.086164218  -412.353104648  -412.148524700
   472.000  -412.334456672  -412.115104191  -412.061587734  -412.334456672  -412.148452307
   472.500  -412.313444263  -412.088208038  -412.037938758  -412.313444263  -412.148095442
   473.000  -412.296053551  -412.067809249  -412.020025044  -412.296053551  -412.147456045
   473.500  -412.291585417  -412.063149363  -412.015897400  -412.291585417  -412.147136125
   474.000  -412.303770468  -412.077597923  -412.031118701  -412.303770468  -412.146849745
   474.500  -412.327551148  -412.106529837  -412.053992051  -412.327551148  -412.147739912
   475.000  -412.349661470  -412.136423493  -412.074385055  -412.349661470  -412.148257107
   475.500  -412.362455936  -412.159607408  -412.085715924  -412.362455936  -412.148134910
   476.000  -412.367453047  -412.177302182  -412.090647335  -412.367453047  -412.147588472
   476.500  -412.372195903  -412.196663337  -412.098148497  -412.372195903  -412.147333614
   477.000  -412.379971629  -412.219761733  -412.114274085  -412.379971629  -412.147736157
   477.500  -412.384454585  -412.238925223  -412.131838496  -412.384454585  -412.148338870
   478.000  -412.377093995  -412.245643620  -412.139852823  -412.377093995  -412.148408822
   478.500  -412.356598307  -412.238355857  -412.136039312  -412.356598307  -412.147850647
   479.000  -412.330818388  -412.224712761  -412.127131779  -412.330818388  -412.147098065
   479.500  -412.310300361  -412.215124835  -412.122721894  -412.310300361  -412.146826998
   480.000  -412.299086774  -412.213545008  -412.126211743  -412.299086774  -412.147057593
   480.500  -412.294126855  -412.216890743  -412.134206908  -412.294126855  -412.147251204
   481.000  -412.292233353  -412.221997521  -412.143404052  -412.292233353  -412.147227051
   481.500  -412.293130826  -412.228654056  -412.153571941  -412.293130826  -412.147148311
   482.000  -412.297566282  -412.237704129  -412.165610124  -412.297566282  -412.147175114
   482.500  -412.304987826  -412.248713668  -412.179182025  -412.304987826  -412.147380954
   483.000  -412.312426773  -412.258826893  -412.191536246  -412.312426773  -412.147764327
   483.500  -412.314699753  -412.262945328  -412.197646573  -412.314699753  -412.148181185
   484.000  -412.306917399  -412.256219613  -412.192673294  -412.306917399  -412.148228438
   484.500  -412.290457703  -412.240009732  -412.177908646  -412.290457703  -412.147463111
   485.000  -412.278559367  -412.227451714  -412.166254704  -412.278559367  -412.146695183
   485.500  -412.287131041  -412.234436248  -412.173699596  -412.287131041  -412.146618498
   486.000  -412.317594530  -412.262296569  -412.201413532  -412.317594530  -412.147790876
   486.500  -412.352851184  -412.293926656  -412.232311909  -412.352851184  -412.148810471
   487.000  -412.376366350  -412.312800077  -412.249916147  -412.376366350  -412.149000959
   487.500  -412.383112065  -412.313895630  -412.249231269  -412.383112065  -412.148680861
   488.000  -412.376373370  -412.300520720  -412.233550952  -412.376373370  -412.148218140
   488.500  -412.362324338  -412.278913263  -412.209064569  -412.362324338  -412.147804366
   489.000  -412.346801701  -412.254887334  -412.181595573  -412.346801701  -412.147562922
   489.500  -412.333472894  -412.232048282  -412.154845460  -412.333472894  -412.147487580
   490.000  -412.323803188  -412.211900286  -412.130421594  -412.323803188  -412.147463414
   490.500  -412.318465843  -412.195202277  -412.109254494  -412.318465843  -412.147418601
   491.000  -412.318300337  -412.182863648  -412.092676946  -412.318300337  -412.147369201
   491.500  -412.324100844  -412.175583283  -412.082543562  -412.324100844  -412.147387410
   492.000  -412.335688150  -412.173760785  -412.080857711  -412.335688150  -412.147598086
   492.500  -412.350946132  -412.176082607  -412.085231065  -412.350946132  -412.147847985
   493.000  -412.366462147  -412.180224410  -412.091793934  -412.366462147  -412.148157363
   493.500  -412.378174873  -412.182181044  -412.096031084  -412.378174873  -412.148358074
   494.000  -412.384128643  -412.180156146  -412.095805819  -412.384128643  -412.148181844
   494.500  -412.387762043  -412.177802173  -412.094715492  -412.387762043  -412.147773037
   495.000  -412.395299975  -412.181612497  -412.099405058  -412.395299975  -412.147709374
   495.500  -412.408219803  -412.193476025  -412.111845757  -412.408219803  -412.147928765
   496.000  -412.423442886  -412.210952232  -412.129199583  -412.423442886  -412.148116944
   496.500  -412.437209422  -412.230952785  -412.147467185  -412.437209422  -412.148415504
   497.000  -412.444336794  -412.248469803  -412.160923709  -412.444336794  -412.148706594
   497.500  -412.439976163  -412.257981586  -412.164211242  -412.439976163  -412.148715421
   498.000  -412.423301439  -412.257328732  -412.155968531  -412.423301439  -412.148443111
   498.500  -412.397760540  -412.248507152  -412.138907165  -412.397760540  -412.148051815
   499.000  -412.368864372  -412.235894766  -412.117858273  -412.368864372  -412.147688173
   499.500  -412.341922677  -412.224017930  -412.098430169  -412.341922677  -412.147468997
   500.000  -412.320542051  -412.216000640  -412.085905415  -412.320542051  -412.147322669
