     0.000  -412.523663383  -412.348829906  -412.291470914  -412.291470914  -412.236517919
     0.500  -412.525402186  -412.354921311  -412.298085623  -412.298085623  -412.236585315
     1.000  -412.531480199  -412.365976475  -412.309891622  -412.309891622  -412.237027909
     1.500  -412.535383687  -412.375429454  -412.320462373  -412.320462373  -412.237331510
     2.000  -412.532249281  -412.378318754  -412.324903705  -412.324903705  -412.237324556
     2.500  -412.521829342  -412.374404532  -412.322813790  -412.322813790  -412.237170418
     3.000  -412.506454201  -412.366072755  -412.316319114  -412.316319114  -412.237013208
     3.500  -412.488812098  -412.356005354  -412.307899658  -412.307899658  -412.236880178
     4.000  -412.471292837  -412.346485143  -412.299726121  -412.299726121  -412.236778342
     4.500  -412.455740247  -412.339166164  -412.293391729  -412.293391729  -412.236748094
     5.000  -412.442900726  -412.334549899  -412.289354360  -412.289354360  -412.236786152
     5.500  -412.432488930  -412.332073443  -412.287019099  -412.287019099  -412.236827139
     6.000  -412.424083025  -412.331038194  -412.285670872  -412.285670872  -412.236837007
     6.500  -412.417626046  -412.331134333  -412.285016003  -412.285016003  -412.236850916
     7.000  -412.412989361  -412.332021303  -412.284777566  -412.284777566  -412.236914397
     7.500  -412.409420625  -412.332789346  -412.284160242  -412.284160242  -412.236999373
     8.000  -412.406066329  -412.332481111  -412.282380462  -412.282380462  -412.236963944
     8.500  -412.404001300  -412.332116015  -412.280681923  -412.280681923  -412.236683481
     9.000  -412.407544866  -412.336006898  -412.283614930  -412.283614930  -412.236398361
     9.500  -412.420492711  -412.348011276  -412.295202564  -412.295202564  -412.236577229
    10.000  -412.439957235  -412.365388685  -412.312720523  -412.312720523  -412.237105565
    10.500  -412.457931836  -412.380356029  -412.328253954  -412.328253954  -412.237463749
    11.000  -412.468445659  -412.387204864  -412.335892102  -412.335892102  -412.237484551
    11.500  -412.470499706  -412.385195384  -412.334705782  -412.334705782  -412.237292541
    12.000  -412.466593616  -412.377058328  -412.327286802  -412.327286802  -412.237026381
    12.500  -412.460562758  -412.366824084  -412.317580841  -412.317580841  -412.236794977
    13.000  -412.455786786  -412.358034927  -412.309084888  -412.309084888  -412.236682339
    13.500  -412.453880062  -412.352445595  -412.303526222  -412.303526222  -412.236703757
    14.000  -412.454436296  -412.349772908  -412.300601925  -412.300601925  -412.236790620
    14.500  -412.456003456  -412.348673932  -412.298951325  -412.298951325  -412.236858043
    15.000  -412.457330577  -412.347992875  -412.297404976  -412.297404976  -412.236883503
    15.500  -412.457766284  -412.347155622  -412.295391095  -412.295391095  -412.236907115
    16.000  -412.456776174  -412.345681026  -412.292458722  -412.292458722  -412.236970399
    16.500  -412.453453473  -412.342681469  -412.287790385  -412.287790385  -412.237045096
    17.000  -412.447064584  -412.337398618  -412.280746413  -412.280746413  -412.236990533
    17.500  -412.439063501  -412.331214787  -412.272874082  -412.272874082  -412.236674157
    18.000  -412.434525772  -412.329100194  -412.269319405  -412.269319405  -412.236321575
    18.500  -412.438510947  -412.336011272  -412.275159162  -412.275159162  -412.236426367
    19.000  -412.449519568  -412.350380702  -412.288832833  -412.288832833  -412.236914892
    19.500  -412.460472003  -412.365094214  -412.303131002  -412.303131002  -412.237268055
    20.000  -412.465751323  -412.374502119  -412.312273948  -412.312273948  -412.237320794
    20.500  -412.464113235  -412.377308100  -412.314851478  -412.314851478  -412.237202981
    21.000  -412.457209808  -412.375090812  -412.312363092  -412.312363092  -412.237018256
    21.500  -412.447957090  -412.370680880  -412.307591854  -412.307591854  -412.236818590
    22.000  -412.439530116  -412.367164660  -412.303593592  -412.303593592  -412.236683755
    22.500  -412.434091987  -412.366613031  -412.302419294  -412.302419294  -412.236690993
    23.000  -412.431697707  -412.368979608  -412.304012672  -412.304012672  -412.236815004
    23.500  -412.430646129  -412.372446737  -412.306560826  -412.306560826  -412.236946831
    24.000  -412.429014513  -412.374959317  -412.308034812  -412.308034812  -412.237014069
    24.500  -412.425753933  -412.375329991  -412.307298362  -412.307298362  -412.237031046
    25.000  -412.420577510  -412.373138728  -412.304013599  -412.304013599  -412.237049628
    25.500  -412.413311361  -412.368091399  -412.298002831  -412.298002831  -412.237078522
    26.000  -412.403897685  -412.360024983  -412.289249973  -412.289249973  -412.237021405
    26.500  -412.393828501  -412.350332743  -412.279319914  -412.279319914  -412.236739486
    27.000  -412.387796831  -412.343609959  -412.272977130  -412.272977130  -412.236356264
    27.500  -412.391440698  -412.345410109  -412.275874674  -412.275874674  -412.236346036
    28.000  -412.404877923  -412.355807391  -412.288048199  -412.288048199  -412.236813435
    28.500  -412.421392479  -412.368109727  -412.302618357  -412.302618357  -412.237270605
    29.000  -412.433933299  -412.375361751  -412.312378048  -412.312378048  -412.237412512
    29.500  -412.439817516  -412.375039086  -412.314580459  -412.314580459  -412.237298734
    30.000  -412.440333291  -412.368635267  -412.310576361  -412.310576361  -412.237067981
    30.500  -412.438702711  -412.359607639  -412.303760611  -412.303760611  -412.236837200
    31.000  -412.438214665  -412.351495657  -412.297663599  -412.297663599  -412.236692356
    31.500  -412.440892606  -412.346580479  -412.294576480  -412.294576480  -412.236653698
    32.000  -412.447122580  -412.345509244  -412.295150414  -412.295150414  -412.236693672
    32.500  -412.456018756  -412.347658820  -412.298741553  -412.298741553  -412.236783261
    33.000  -412.465910783  -412.351617277  -412.303881482  -412.303881482  -412.236896381
    33.500  -412.474802083  -412.355630862  -412.308724257  -412.308724257  -412.237011218
    34.000  -412.480739277  -412.357951159  -412.311420312  -412.311420312  -412.237121536
    34.500  -412.482002753  -412.357000561  -412.310328003  -412.310328003  -412.237203552
    35.000  -412.477594040  -412.351835048  -412.304530376  -412.304530376  -412.237155870
    35.500  -412.468728469  -412.343624693  -412.295346872  -412.295346872  -412.236856562
    36.000  -412.460211921  -412.337051046  -412.287698220  -412.287698220  -412.236460473
    36.500  -412.457766074  -412.337676530  -412.287384821  -412.287384821  -412.236440978
    37.000  -412.461683104  -412.345652234  -412.294676869  -412.294676869  -412.236854641
    37.500  -412.466159759  -412.355053406  -412.303617567  -412.303617567  -412.237219831
    38.000  -412.465741712  -412.360282567  -412.308493360  -412.308493360  -412.237281534
    38.500  -412.459322265  -412.360036348  -412.307879591  -412.307879591  -412.237132451
    39.000  -412.449168670  -412.356337028  -412.303709543  -412.303709543  -412.236938741
    39.500  -412.438430572  -412.352065712  -412.298807107  -412.298807107  -412.236831364
    40.000  -412.429095135  -412.348943945  -412.294857887  -412.294857887  -412.236845035
    40.500  -412.421423923  -412.346984239  -412.291858554  -412.291858554  -412.236886306
    41.000  -412.415205155  -412.345753940  -412.289383185  -412.289383185  -412.236846981
    41.500  -412.411210702  -412.345839183  -412.288057262  -412.288057262  -412.236744697
    42.000  -412.410940053  -412.348598451  -412.289311800  -412.289311800  -412.236703800
    42.500  -412.414889737  -412.354439359  -412.293652033  -412.293652033  -412.236814291
    43.000  -412.421328290  -412.361590990  -412.299413923  -412.299413923  -412.237034851
    43.500  -412.426974046  -412.366768902  -412.303415672  -412.303415672  -412.237215201
    44.000  -412.429294316  -412.367459600  -412.303237508  -412.303237508  -412.237173899
    44.500  -412.429120628  -412.364527635  -412.299824583  -412.299824583  -412.236860796
    45.000  -412.431007374  -412.362585674  -412.297836292  -412.297836292  -412.236578010
    45.500  -412.438796503  -412.365589760  -412.301198119  -412.301198119  -412.236700936
    46.000  -412.450632418  -412.371882598  -412.308130181  -412.308130181  -412.237069336
    46.500  -412.460996828  -412.376222982  -412.313222130  -412.313222130  -412.237275245
    47.000  -412.466342125  -412.375383955  -412.313104365  -412.313104365  -412.237206003
    47.500  -412.467132388  -412.370148696  -412.308484371  -412.308484371  -412.236969157
    48.000  -412.466473034  -412.363905490  -412.302739599  -412.302739599  -412.236729241
    48.500  -412.467609414  -412.360135170  -412.299370986  -412.299370986  -412.236644358
    49.000  -412.471570720  -412.360043610  -412.299617164  -412.299617164  -412.236747600
    49.500  -412.476697309  -412.362089693  -412.301961225  -412.301961225  -412.236910471
    50.000  -412.480440904  -412.363787152  -412.303928951  -412.303928951  -412.236998117
    50.500  -412.481367114  -412.363711545  -412.304097589  -412.304097589  -412.236976956
    51.000  -412.479753160  -412.362103002  -412.302701572  -412.302701572  -412.236893584
    51.500  -412.476908450  -412.360198280  -412.300970456  -412.300970456  -412.236834437
    52.000  -412.473878425  -412.358944807  -412.299848801  -412.299848801  -412.236872127
    52.500  -412.470412617  -412.357977101  -412.298984262  -412.298984262  -412.236975579
    53.000  -412.465478412  -412.356134875  -412.297251393  -412.297251393  -412.236980180
    53.500  -412.459489050  -412.353695739  -412.294980334  -412.294980334  -412.236793506
    54.000  -412.455248913  -412.353335019  -412.294891319  -412.294891319  -412.236662449
    54.500  -412.454477344  -412.356669874  -412.298604962  -412.298604962  -412.236863212
    55.000  -412.454308616  -412.360771268  -412.303132966  -412.303132966  -412.237186545
    55.500  -412.450056854  -412.360910960  -412.303648308  -412.303648308  -412.237290236
    56.000  -412.440019014  -412.355333160  -412.298307579  -412.298307579  -412.237128312
    56.500  -412.426476739  -412.346243408  -412.289268454  -412.289268454  -412.236839794
    57.000  -412.413740272  -412.337856654  -412.280738028  -412.280738028  -412.236600877
    57.500  -412.405443377  -412.333706789  -412.276262927  -412.276262927  -412.236540701
    58.000  -412.402606340  -412.334722719  -412.276783695  -412.276783695  -412.236642497
    58.500  -412.403809248  -412.339404699  -412.280803974  -412.280803974  -412.236784247
    59.000  -412.406896000  -412.345526712  -412.286100105  -412.286100105  -412.236883764
    59.500  -412.410244464  -412.351400776  -412.290998953  -412.290998953  -412.236939585
    60.000  -412.412918993  -412.356024961  -412.294533959  -412.294533959  -412.236975683
    60.500  -412.414396565  -412.358807276  -412.296167117  -412.296167117  -412.236999453
    61.000  -412.414471173  -412.359468925  -412.295689117  -412.295689117  -412.237000365
    61.500  -412.413418885  -412.358208353  -412.293381189  -412.293381189  -412.236950929
    62.000  -412.412418472  -412.356121475  -412.290433366  -412.290433366  -412.236799641
    62.500  -412.414146685  -412.355798232  -412.289537209  -412.289537209  -412.236565448
    63.000  -412.422101104  -412.360657884  -412.294193032  -412.294193032  -412.236506359
    63.500  -412.436893557  -412.371268881  -412.304987860  -412.304987860  -412.236843977
    64.000  -412.453568799  -412.382701289  -412.316919202  -412.316919202  -412.237294106
    64.500  -412.465452453  -412.388385710  -412.323292247  -412.323292247  -412.237459645
    65.000  -412.469689266  -412.385642294  -412.321316304  -412.321316304  -412.237297344
    65.500  -412.468209210  -412.376629669  -412.313095699  -412.313095699  -412.236984679
    66.000  -412.465273802  -412.365875139  -412.303159252  -412.303159252  -412.236722210
    66.500  -412.464478254  -412.357265736  -412.295422927  -412.295422927  -412.236626208
    67.000  -412.467010878  -412.352290490  -412.291403281  -412.291403281  -412.236663949
    67.500  -412.472064279  -412.350442909  -412.290591073  -412.290591073  -412.236726999
    68.000  -412.478376830  -412.350748145  -412.291968649  -412.291968649  -412.236759609
    68.500  -412.485122307  -412.352642815  -412.294891480  -412.294891480  -412.236779368
    69.000  -412.491747719  -412.355794980  -412.298924836  -412.298924836  -412.236825493
    69.500  -412.497423646  -412.359539407  -412.303305732  -412.303305732  -412.236921655
    70.000  -412.500721181  -412.362531811  -412.306628412  -412.306628412  -412.237056750
    70.500  -412.499858479  -412.362974013  -412.307096571  -412.307096571  -412.237159202
    71.000  -412.493879871  -412.359784909  -412.303704606  -412.303704606  -412.237079908
    71.500  -412.484773171  -412.354731959  -412.298358879  -412.298358879  -412.236722006
    72.000  -412.478333190  -412.353342678  -412.296741952  -412.296741952  -412.236375419
    72.500  -412.479602305  -412.360411889  -412.303748200  -412.303748200  -412.236566416
    73.000  -412.485980797  -412.373152167  -412.316580412  -412.316580412  -412.237152627
    73.500  -412.489224792  -412.383172610  -412.326750480  -412.326750480  -412.237499367
    74.000  -412.484055809  -412.385034592  -412.328707777  -412.328707777  -412.237409550
    74.500  -412.471442495  -412.379501785  -412.323143155  -412.323143155  -412.237116177
    75.000  -412.455617320  -412.370568448  -412.314023681  -412.314023681  -412.236878758
    75.500  -412.440276532  -412.361691944  -412.304809777  -412.304809777  -412.236780445
    76.000  -412.427165855  -412.354406850  -412.297058626  -412.297058626  -412.236754149
    76.500  -412.416875309  -412.349140131  -412.291228158  -412.291228158  -412.236723614
    77.000  -412.409910574  -412.346289551  -412.287750005  -412.287750005  -412.236679332
    77.500  -412.406888225  -412.346412298  -412.287215068  -412.287215068  -412.236656087
    78.000  -412.408077821  -412.349761719  -412.289898516  -412.289898516  -412.236693705
    78.500  -412.412837301  -412.355708472  -412.295176733  -412.295176733  -412.236820301
    79.000  -412.419230616  -412.362344394  -412.301137682  -412.301137682  -412.237039166
    79.500  -412.424117738  -412.366563579  -412.304669032  -412.304669032  -412.237281932
    80.000  -412.424398851  -412.365292993  -412.302706967  -412.302706967  -412.237345262
    80.500  -412.420091055  -412.358560053  -412.295316473  -412.295316473  -412.236993319
    81.000  -412.417152027  -412.352317659  -412.288506035  -412.288506035  -412.236455049
    81.500  -412.423417700  -412.354408485  -412.290148362  -412.290148362  -412.236470111
    82.000  -412.438679157  -412.364685162  -412.300059076  -412.300059076  -412.237039562
    82.500  -412.454634003  -412.374969584  -412.309988897  -412.309988897  -412.237423537
    83.000  -412.464768735  -412.378913427  -412.313552993  -412.313552993  -412.237378320
    83.500  -412.468549623  -412.376162504  -412.310429590  -412.310429590  -412.237148816
    84.000  -412.468487778  -412.369409693  -412.303397711  -412.303397711  -412.236965034
    84.500  -412.466812663  -412.361064289  -412.294974643  -412.294974643  -412.236868671
    85.000  -412.464682249  -412.352461324  -412.286588481  -412.286588481  -412.236795685
    85.500  -412.462951223  -412.344616937  -412.279319765  -412.279319765  -412.236708902
    86.000  -412.462711347  -412.338762316  -412.274414986  -412.274414986  -412.236625204
    86.500  -412.465093319  -412.336144385  -412.273066953  -412.273066953  -412.236579327
    87.000  -412.470753259  -412.337510497  -412.275895947  -412.275895947  -412.236601174
    87.500  -412.479401923  -412.342633725  -412.282497339  -412.282497339  -412.236711973
    88.000  -412.489461399  -412.349955671  -412.291146742  -412.291146742  -412.236920072
    88.500  -412.497970967  -412.356474635  -412.298768681  -412.298768681  -412.237192138
    89.000  -412.501300922  -412.358476210  -412.301682958  -412.301682958  -412.237371888
    89.500  -412.497659144  -412.354064167  -412.298112879  -412.298112879  -412.237185012
    90.000  -412.490685946  -412.346771981  -412.291772671  -412.291772671  -412.236653271
    90.500  -412.488258881  -412.344409370  -412.290647432  -412.290647432  -412.236450330
    91.000  -412.493304610  -412.349925028  -412.297760566  -412.297760566  -412.236847963
    91.500  -412.500315323  -412.357905483  -412.307664072  -412.307664072  -412.237183423
    92.000  -412.503832666  -412.363022527  -412.314919465  -412.314919465  -412.237156174
    92.500  -412.503218214  -412.364748578  -412.318876256  -412.318876256  -412.237036606
    93.000  -412.499597947  -412.364264390  -412.320612299  -412.320612299  -412.237013831
    93.500  -412.493154662  -412.361736335  -412.320212898  -412.320212898  -412.237034973
    94.000  -412.483620971  -412.356814338  -412.317261048  -412.317261048  -412.237002525
    94.500  -412.471555942  -412.349909190  -412.312128875  -412.312128875  -412.236905507
    95.000  -412.458555310  -412.342433644  -412.306199097  -412.306199097  -412.236785849
    95.500  -412.446625800  -412.336193029  -412.301256965  -412.301256965  -412.236689237
    96.000  -412.437460023  -412.332685483  -412.298778743  -412.298778743  -412.236647555
    96.500  -412.431900726  -412.332585466  -412.299410938  -412.299410938  -412.236686252
    97.000  -412.429537379  -412.335354105  -412.302578445  -412.302578445  -412.236827540
    97.500  -412.428414883  -412.338944050  -412.306203596  -412.306203596  -412.237071555
    98.000  -412.425231193  -412.339987713  -412.306904685  -412.306904685  -412.237321685
    98.500  -412.417048311  -412.335487531  -412.301707834  -412.301707834  -412.237315293
    99.000  -412.405052754  -412.326554551  -412.291812264  -412.291812264  -412.236871292
    99.500  -412.396247064  -412.320115327  -412.284278500  -412.284278500  -412.236491134
   100.000  -412.396005706  -412.321503544  -412.284567546  -412.284567546  -412.236795804
   100.500  -412.400239769  -412.326651549  -412.288675052  -412.288675052  -412.237236379
   101.000  -412.402333972  -412.329003749  -412.290057068  -412.290057068  -412.237194034
   101.500  -412.401787234  -412.328123167  -412.288269066  -412.288269066  -412.236920432
   102.000  -412.401687257  -412.327165955  -412.286435076  -412.286435076  -412.236807340
   102.500  -412.403347030  -412.327530019  -412.285888564  -412.285888564  -412.236874393
   103.000  -412.405638648  -412.328189375  -412.285528364  -412.285528364  -412.236945782
   103.500  -412.407291246  -412.327985086  -412.284136520  -412.284136520  -412.236922660
   104.000  -412.408368065  -412.327087258  -412.281865971  -412.281865971  -412.236825109
   104.500  -412.410073738  -412.326795563  -412.280043474  -412.280043474  -412.236715092
   105.000  -412.413864057  -412.328649813  -412.280266675  -412.280266675  -412.236645712
   105.500  -412.420623297  -412.333611256  -412.283568094  -412.283568094  -412.236654775
   106.000  -412.430077208  -412.341479498  -412.289816639  -412.289816639  -412.236770081
   106.500  -412.440423401  -412.350523191  -412.297338727  -412.297338727  -412.236994051
   107.000  -412.448446547  -412.357582952  -412.303029731  -412.303029731  -412.237244871
   107.500  -412.450992200  -412.359527217  -412.303823261  -412.303823261  -412.237286146
   108.000  -412.448429415  -412.356701167  -412.300148423  -412.300148423  -412.236915388
   108.500  -412.446748390  -412.355033783  -412.298024481  -412.298024481  -412.236542994
   109.000  -412.451274731  -412.359798795  -412.302768428  -412.302768428  -412.236823880
   109.500  -412.458334057  -412.367319964  -412.310657907  -412.310657907  -412.237329902
   110.000  -412.460700805  -412.370408683  -412.314388244  -412.314388244  -412.237369473
   110.500  -412.457050339  -412.367773597  -412.312533405  -412.312533405  -412.237083257
   111.000  -412.450911725  -412.362945387  -412.308505784  -412.308505784  -412.236864888
   111.500  -412.445298273  -412.358908076  -412.305201035  -412.305201035  -412.236823343
   112.000  -412.440795071  -412.356202088  -412.303100758  -412.303100758  -412.236872036
   112.500  -412.436616185  -412.353992166  -412.301335632  -412.301335632  -412.236916228
   113.000  -412.432014938  -412.351476716  -412.299090950  -412.299090950  -412.236908230
   113.500  -412.427051327  -412.348653793  -412.296357896  -412.296357896  -412.236847659
   114.000  -412.422614986  -412.346340566  -412.293949009  -412.293949009  -412.236770327
   114.500  -412.419893005  -412.345642692  -412.292966036  -412.292966036  -412.236725267
   115.000  -412.419620866  -412.347209515  -412.294059074  -412.294059074  -412.236757083
   115.500  -412.421409714  -412.350565450  -412.296766741  -412.296766741  -412.236890041
   116.000  -412.423451593  -412.353817235  -412.299233741  -412.299233741  -412.237088863
   116.500  -412.423202404  -412.354335753  -412.298904820  -412.298904820  -412.237197912
   117.000  -412.419753428  -412.351126403  -412.294902162  -412.294902162  -412.236997898
   117.500  -412.416598604  -412.347603261  -412.290785464  -412.290785464  -412.236594881
   118.000  -412.419525218  -412.349501456  -412.292412914  -412.292412914  -412.236558030
   118.500  -412.429040977  -412.357328583  -412.300327289  -412.300327289  -412.236973574
   119.000  -412.439264334  -412.365254414  -412.308629153  -412.308629153  -412.237288877
   119.500  -412.445109985  -412.368266983  -412.312179657  -412.312179657  -412.237310222
   120.000  -412.445607674  -412.365466910  -412.309951307  -412.309951307  -412.237181882
   120.500  -412.442352646  -412.358514526  -412.303500831  -412.303500831  -412.236988143
   121.000  -412.438113448  -412.350249736  -412.295592814  -412.295592814  -412.236780513
   121.500  -412.435854145  -412.343726908  -412.289236008  -412.289236008  -412.236646885
   122.000  -412.437414833  -412.340902422  -412.286370185  -412.286370185  -412.236635470
   122.500  -412.442814944  -412.341936490  -412.287159691  -412.287159691  -412.236700705
   123.000  -412.450863965  -412.345790455  -412.290586746  -412.290586746  -412.236768561
   123.500  -412.460233406  -412.351280637  -412.295500104  -412.295500104  -412.236815527
   124.000  -412.469876456  -412.357484281  -412.301013914  -412.301013914  -412.236873408
   124.500  -412.478648086  -412.363347720  -412.306116456  -412.306116456  -412.236987892
   125.000  -412.484736230  -412.367111772  -412.309096030  -412.309096030  -412.237160946
   125.500  -412.485801529  -412.366447516  -412.307679310  -412.307679310  -412.237278315
   126.000  -412.480800194  -412.360271512  -412.300858074  -412.300858074  -412.237108235
   126.500  -412.473065357  -412.351830872  -412.291979677  -412.291979677  -412.236621838
   127.000  -412.469913008  -412.348336539  -412.288361250  -412.288361250  -412.236363847
   127.500  -412.474985229  -412.353351206  -412.293635076  -412.293635076  -412.236704729
   128.000  -412.483504951  -412.362082773  -412.302989347  -412.302989347  -412.237158254
   128.500  -412.488495685  -412.367593685  -412.309377747  -412.309377747  -412.237329552
   129.000  -412.486715126  -412.366702012  -412.309453035  -412.309453035  -412.237282109
   129.500  -412.478464885  -412.359753947  -412.303398967  -412.303398967  -412.237129166
   130.000  -412.466011838  -412.349025681  -412.293377880  -412.293377880  -412.236907642
   130.500  -412.452812158  -412.337941013  -412.282778322  -412.282778322  -412.236660884
   131.000  -412.442698079  -412.330274061  -412.275400965  -412.275400965  -412.236477628
   131.500  -412.438495217  -412.328789706  -412.274062250  -412.274062250  -412.236443088
   132.000  -412.440766945  -412.334004433  -412.279325656  -412.279325656  -412.236558185
   132.500  -412.447783694  -412.344156753  -412.289460744  -412.289460744  -412.236744551
   133.000  -412.456636922  -412.356310128  -412.301549063  -412.301549063  -412.236937360
   133.500  -412.464251187  -412.367351152  -412.312490847  -412.312490847  -412.237133765
   134.000  -412.467616047  -412.374211980  -412.319236181  -412.319236181  -412.237335003
   134.500  -412.464013088  -412.374086704  -412.319024827  -412.319024827  -412.237436996
   135.000  -412.452734609  -412.366149344  -412.311121528  -412.311121528  -412.237204225
   135.500  -412.438182450  -412.354669828  -412.299930360  -412.299930360  -412.236613903
   136.000  -412.429283514  -412.348473499  -412.294402114  -412.294402114  -412.236271798
   136.500  -412.430926357  -412.352424330  -412.299436504  -412.299436504  -412.236614844
   137.000  -412.438301694  -412.361771665  -412.310194338  -412.310194338  -412.237135347
   137.500  -412.443419081  -412.368615917  -412.318620158  -412.318620158  -412.237358591
   138.000  -412.442133141  -412.368880212  -412.320490019  -412.320490019  -412.237318059
   138.500  -412.434423987  -412.362574131  -412.315699508  -412.315699508  -412.237173930
   139.000  -412.422236487  -412.351638165  -412.306103773  -412.306103773  -412.237010808
   139.500  -412.408126475  -412.338602016  -412.294161131  -412.294161131  -412.236840822
   140.000  -412.394936274  -412.326268628  -412.282606858  -412.282606858  -412.236655439
   140.500  -412.385755732  -412.317684727  -412.274423520  -412.274423520  -412.236483168
   141.000  -412.383364600  -412.315598234  -412.272299828  -412.272299828  -412.236404181
   141.500  -412.388983801  -412.321223132  -412.277408667  -412.277408667  -412.236490975
   142.000  -412.401230883  -412.333205284  -412.288380928  -412.288380928  -412.236731929
   142.500  -412.416304925  -412.347802041  -412.301497056  -412.301497056  -412.237049512
   143.000  -412.429207311  -412.360083261  -412.311896769  -412.311896769  -412.237358413
   143.500  -412.435247181  -412.365415909  -412.315073384  -412.315073384  -412.237536033
   144.000  -412.432187557  -412.361590092  -412.308998859  -412.308998859  -412.237358897
   144.500  -412.423392816  -412.351961892  -412.297253716  -412.297253716  -412.236745608
   145.000  -412.418149448  -412.345792374  -412.289309314  -412.289309314  -412.236239397
   145.500  -412.423654215  -412.350273327  -412.292473454  -412.292473454  -412.236454915
   146.000  -412.436928436  -412.362468186  -412.303783930  -412.303783930  -412.237018435
   146.500  -412.449494834  -412.373972140  -412.314722341  -412.314722341  -412.237322159
   147.000  -412.455988266  -412.379489742  -412.319872667  -412.319872667  -412.237302138
   147.500  -412.455875555  -412.378535397  -412.318668625  -412.318668625  -412.237144330
   148.000  -412.451074229  -412.373052869  -412.313011317  -412.313011317  -412.236985843
   148.500  -412.443845191  -412.365314136  -412.305154158  -412.305154158  -412.236873730
   149.000  -412.435970115  -412.357105118  -412.296864689  -412.296864689  -412.236796164
   149.500  -412.428821476  -412.349798058  -412.289488247  -412.289488247  -412.236720956
   150.000  -412.423767002  -412.344758365  -412.284349989  -412.284349989  -412.236630462
   150.500  -412.422351701  -412.343529709  -412.282942716  -412.282942716  -412.236555582
   151.000  -412.425763115  -412.347301895  -412.286405973  -412.286405973  -412.236582116
   151.500  -412.433562229  -412.355643428  -412.294271867  -412.294271867  -412.236791875
   152.000  -412.442583718  -412.365397277  -412.303374637  -412.303374637  -412.237167490
   152.500  -412.447399010  -412.371131474  -412.308310752  -412.308310752  -412.237532802
   153.000  -412.443200628  -412.368005451  -412.304313086  -412.304313086  -412.237557787
   153.500  -412.430702409  -412.356657433  -412.292142278  -412.292142278  -412.236991113
   154.000  -412.418959909  -412.346034260  -412.280899289  -412.280899289  -412.236279541
   154.500  -412.418220081  -412.346280334  -412.280856873  -412.280856873  -412.236336760
   155.000  -412.427766694  -412.356622849  -412.291279008  -412.291279008  -412.236987537
   155.500  -412.438045083  -412.367494070  -412.302537795  -412.302537795  -412.237379185
   156.000  -412.442310892  -412.372144099  -412.307784754  -412.307784754  -412.237326350
   156.500  -412.440303636  -412.370290414  -412.306654577  -412.306654577  -412.237086395
   157.000  -412.435059774  -412.364932490  -412.302098142  -412.302098142  -412.236864282
   157.500  -412.429768521  -412.359219621  -412.297243135  -412.297243135  -412.236730706
   158.000  -412.426479328  -412.355169397  -412.294098785  -412.294098785  -412.236685789
   158.500  -412.425964388  -412.353537937  -412.293409918  -412.293409918  -412.236704679
   159.000  -412.428043407  -412.354143977  -412.294973533  -412.294973533  -412.236755759
   159.500  -412.432060568  -412.356348715  -412.298109682  -412.298109682  -412.236807683
   160.000  -412.437349331  -412.359516710  -412.302124279  -412.302124279  -412.236847170
   160.500  -412.443401909  -412.363183171  -412.306484153  -412.306484153  -412.236906699
   161.000  -412.449383543  -412.366565846  -412.310344156  -412.310344156  -412.237059943
   161.500  -412.453175180  -412.367603825  -412.311611205  -412.311611205  -412.237317192
   162.000  -412.451537863  -412.363110754  -412.307126923  -412.307126923  -412.237457092
   162.500  -412.443510944  -412.352155308  -412.296069831  -412.296069831  -412.237109842
   163.000  -412.435094482  -412.340734640  -412.284609877  -412.284609877  -412.236426320
   163.500  -412.436071775  -412.338625734  -412.282667636  -412.282667636  -412.236333807
   164.000  -412.447596811  -412.347026464  -412.291440924  -412.291440924  -412.236982715
   164.500  -412.460291178  -412.356668714  -412.301506160  -412.301506160  -412.237461023
   165.000  -412.466250817  -412.359783197  -412.304895923  -412.304895923  -412.237414734
   165.500  -412.464955308  -412.355964130  -412.301065078  -412.301065078  -412.237115897
   166.000  -412.460141299  -412.349029927  -412.293774817  -412.293774817  -412.236824365
   166.500  -412.455905586  -412.343133945  -412.287190984  -412.287190984  -412.236635365
   167.000  -412.455012104  -412.341083736  -412.284174933  -412.284174933  -412.236554802
   167.500  -412.458625685  -412.344079159  -412.285999788  -412.285999788  -412.236564192
   168.000  -412.466523086  -412.351923787  -412.292544491  -412.292544491  -412.236645282
   168.500  -412.477391711  -412.363317890  -412.302569022  -412.302569022  -412.236779683
   169.000  -412.489153725  -412.376176999  -412.314023254  -412.314023254  -412.236944774
   169.500  -412.499360566  -412.388020045  -412.324434525  -412.324434525  -412.237114391
   170.000  -412.505627778  -412.396399947  -412.331350546  -412.331350546  -412.237269114
   170.500  -412.505981788  -412.399248668  -412.332709701  -412.332709701  -412.237389072
   171.000  -412.499300689  -412.395319191  -412.327316750  -412.327316750  -412.237377282
   171.500  -412.486882105  -412.385758689  -412.316439324  -412.316439324  -412.237022901
   172.000  -412.475000346  -412.376683317  -412.306368594  -412.306368594  -412.236420265
   172.500  -412.472464273  -412.376776334  -412.305940122  -412.305940122  -412.236350220
   173.000  -412.480017003  -412.386729963  -412.315883328  -412.315883328  -412.237033879
   173.500  -412.487774049  -412.396685059  -412.326241289  -412.326241289  -412.237577113
   174.000  -412.486970921  -412.397927290  -412.328147743  -412.328147743  -412.237547118
   174.500  -412.476855219  -412.389734580  -412.320750798  -412.320750798  -412.237216274
   175.000  -412.461659976  -412.376341535  -412.308204487  -412.308204487  -412.236880059
   175.500  -412.446253848  -412.362602788  -412.295320583  -412.295320583  -412.236648552
   176.000  -412.434187765  -412.352055789  -412.285614451  -412.285614451  -412.236527078
   176.500  -412.427391744  -412.346624410  -412.280998073  -412.280998073  -412.236494374
   177.000  -412.426396915  -412.346844193  -412.281998459  -412.281998459  -412.236533489
   177.500  -412.430565631  -412.352089772  -412.287984597  -412.287984597  -412.236638456
   178.000  -412.438205501  -412.360687185  -412.297277609  -412.297277609  -412.236808971
   178.500  -412.446633082  -412.369971277  -412.307210133  -412.307210133  -412.237039170
   179.000  -412.452368419  -412.376476971  -412.314315984  -412.314315984  -412.237297273
   179.500  -412.451758247  -412.376554523  -412.314949788  -412.314949788  -412.237500271
   180.000  -412.442394871  -412.367783714  -412.306704285  -412.306704285  -412.237491319
   180.500  -412.425535981  -412.351389887  -412.290833671  -412.290833671  -412.237084721
   181.000  -412.408469927  -412.334614012  -412.274627222  -412.274627222  -412.236363989
   181.500  -412.402264976  -412.328484389  -412.269166302  -412.269166302  -412.236056006
   182.000  -412.411193525  -412.337273213  -412.278748105  -412.278748105  -412.236673497
   182.500  -412.426244008  -412.352023705  -412.294390740  -412.294390740  -412.237452866
   183.000  -412.435235362  -412.360639919  -412.303937957  -412.303937957  -412.237659883
   183.500  -412.433610389  -412.358641723  -412.302847822  -412.302847822  -412.237415385
   184.000  -412.423893484  -412.348601290  -412.293647837  -412.293647837  -412.237059764
   184.500  -412.410960333  -412.335414807  -412.281207842  -412.281207842  -412.236768391
   185.000  -412.399144290  -412.323417524  -412.269850602  -412.269850602  -412.236579852
   185.500  -412.391380368  -412.315538881  -412.262501049  -412.262501049  -412.236482897
   186.000  -412.389220976  -412.313326361  -412.260706450  -412.260706450  -412.236460760
   186.500  -412.393022589  -412.317137612  -412.264826650  -412.264826650  -412.236505284
   187.000  -412.402055483  -412.326253035  -412.274145712  -412.274145712  -412.236617823
   187.500  -412.414509991  -412.338882570  -412.286877529  -412.286877529  -412.236802440
   188.000  -412.427497092  -412.352163407  -412.300166078  -412.300166078  -412.237052449
   188.500  -412.437270257  -412.362377260  -412.310302670  -412.310302670  -412.237324103
   189.000  -412.440038378  -412.365752079  -412.313537313  -412.313537313  -412.237504942
   189.500  -412.433818752  -412.360304373  -412.307926517  -412.307926517  -412.237396737
   190.000  -412.421300957  -412.348690397  -412.296193228  -412.296193228  -412.236864805
   190.500  -412.411076394  -412.339442099  -412.286952658  -412.286952658  -412.236286007
   191.000  -412.411590166  -412.340951867  -412.288650772  -412.288650772  -412.236384277
   191.500  -412.421544741  -412.351913078  -412.299958518  -412.299958518  -412.236995507
   192.000  -412.431970034  -412.363391327  -412.311847013  -412.311847013  -412.237390857
   192.500  -412.436161725  -412.368724852  -412.317542587  -412.317542587  -412.237400816
   193.000  -412.433017547  -412.366823436  -412.315873920  -412.315873920  -412.237216346
   193.500  -412.424778272  -412.359889431  -412.309008978  -412.309008978  -412.236991647
   194.000  -412.414671783  -412.351067418  -412.300095691  -412.300095691  -412.236795196
   194.500  -412.405703934  -412.343249493  -412.292055393  -412.292055393  -412.236652977
   195.000  -412.400138292  -412.338573950  -412.287068793  -412.287068793  -412.236574414
   195.500  -412.399286652  -412.338236458  -412.286369359  -412.286369359  -412.236560830
   196.000  -412.403421472  -412.342412356  -412.290168691  -412.290168691  -412.236615899
   196.500  -412.411745222  -412.350240106  -412.297624316  -412.297624316  -412.236736309
   197.000  -412.422459613  -412.359892979  -412.306921014  -412.306921014  -412.236907327
   197.500  -412.433066529  -412.368881815  -412.315574249  -412.315574249  -412.237093544
   198.000  -412.440955513  -412.374633223  -412.321027675  -412.321027675  -412.237250022
   198.500  -412.444181419  -412.375250130  -412.321429982  -412.321429982  -412.237306205
   199.000  -412.442652670  -412.370679540  -412.316814477  -412.316814477  -412.237119109
   199.500  -412.439918142  -412.364489341  -412.310866408  -412.310866408  -412.236717998
   200.000  -412.441877437  -412.362608878  -412.309597333  -412.309597333  -412.236646946
   200.500  -412.449409121  -412.366002672  -412.313944770  -412.313944770  -412.237069905
   201.000  -412.456502461  -412.368822257  -412.317911530  -412.317911530  -412.237338661
   201.500  -412.458568673  -412.366675796  -412.316924617  -412.316924617  -412.237231010
   202.000  -412.456144166  -412.360286606  -412.311571195  -412.311571195  -412.237027197
   202.500  -412.451596087  -412.352179717  -412.304305687  -412.304305687  -412.236895846
   203.000  -412.446600289  -412.344159757  -412.296902891  -412.296902891  -412.236817549
   203.500  -412.442167691  -412.337332746  -412.290456031  -412.290456031  -412.236749423
   204.000  -412.439205013  -412.332664266  -412.285913442  -412.285913442  -412.236689386
   204.500  -412.438544693  -412.331010103  -412.284107265  -412.284107265  -412.236660695
   205.000  -412.440600715  -412.332779323  -412.285421726  -412.285421726  -412.236684514
   205.500  -412.445048442  -412.337621813  -412.289492702  -412.289492702  -412.236763605
   206.000  -412.450795074  -412.344402142  -412.295196335  -412.295196335  -412.236875552
   206.500  -412.456342934  -412.351563616  -412.301020892  -412.301020892  -412.236984569
   207.000  -412.460318864  -412.357655771  -412.305599075  -412.305599075  -412.237083998
   207.500  -412.461639401  -412.361497998  -412.307864622  -412.307864622  -412.237176577
   208.000  -412.459723029  -412.362390003  -412.307254091  -412.307254091  -412.237117468
   208.500  -412.456489966  -412.362110597  -412.305699078  -412.305699078  -412.236771081
   209.000  -412.457255047  -412.365835877  -412.308508783  -412.308508783  -412.236627374
   209.500  -412.463756217  -412.375209740  -412.317372979  -412.317372979  -412.237115813
   210.000  -412.469043043  -412.383250853  -412.325226725  -412.325226725  -412.237580797
   210.500  -412.465983097  -412.382822503  -412.324772126  -412.324772126  -412.237502742
   211.000  -412.454859658  -412.374182523  -412.316119550  -412.316119550  -412.237108985
   211.500  -412.440941924  -412.362545067  -412.304389257  -412.304389257  -412.236759469
   212.000  -412.429279831  -412.352887668  -412.294530932  -412.294530932  -412.236609089
   212.500  -412.422167626  -412.347438272  -412.288787823  -412.288787823  -412.236618557
   213.000  -412.419470029  -412.346007354  -412.287019401  -412.287019401  -412.236690619
   213.500  -412.420001325  -412.347375725  -412.288060467  -412.288060467  -412.236765882
   214.000  -412.422460996  -412.350227044  -412.290644197  -412.290644197  -412.236835243
   214.500  -412.425670386  -412.353383752  -412.293634262  -412.293634262  -412.236900520
   215.000  -412.428641448  -412.355876197  -412.296090438  -412.296090438  -412.236939641
   215.500  -412.430895828  -412.357258226  -412.297595750  -412.297595750  -412.236935346
   216.000  -412.432645196  -412.357787340  -412.298433641  -412.298433641  -412.236949698
   216.500  -412.433866646  -412.357489860  -412.298663798  -412.298663798  -412.237082730
   217.000  -412.433194711  -412.355044589  -412.297008648  -412.297008648  -412.237180527
   217.500  -412.430267479  -412.350118064  -412.293194602  -412.293194602  -412.236889231
   218.000  -412.429817913  -412.347463281  -412.292035491  -412.292035491  -412.236488299
   218.500  -412.437151758  -412.352430999  -412.298876711  -412.298876711  -412.236737340
   219.000  -412.448539331  -412.361395512  -412.309966088  -412.309966088  -412.237336330
   219.500  -412.454998715  -412.365523607  -412.316258424  -412.316258424  -412.237541522
   220.000  -412.452514791  -412.360937432  -412.313673029  -412.313673029  -412.237328426
   220.500  -412.443413460  -412.350055632  -412.304483396  -412.304483396  -412.236980839
   221.000  -412.432535281  -412.337756030  -412.293493479  -412.293493479  -412.236689793
   221.500  -412.424170177  -412.328333837  -412.284971713  -412.284971713  -412.236543045
   222.000  -412.420527599  -412.323993034  -412.281130790  -412.281130790  -412.236556698
   222.500  -412.421413014  -412.324547929  -412.281809372  -412.281809372  -412.236679748
   223.000  -412.424951537  -412.328148085  -412.285189365  -412.285189365  -412.236831633
   223.500  -412.428802918  -412.332487828  -412.289004218  -412.289004218  -412.236943933
   224.000  -412.431285222  -412.335916976  -412.291645954  -412.291645954  -412.236967244
   224.500  -412.432138463  -412.338192715  -412.292922279  -412.292922279  -412.236904089
   225.000  -412.432406067  -412.340354927  -412.293924676  -412.293924676  -412.236874301
   225.500  -412.432665815  -412.342953852  -412.295248389  -412.295248389  -412.237032404
   226.000  -412.431110054  -412.344121489  -412.295064166  -412.295064166  -412.237243501
   226.500  -412.425694206  -412.341707443  -412.291275870  -412.291275870  -412.237074373
   227.000  -412.419700704  -412.338842759  -412.287103943  -412.287103943  -412.236546602
   227.500  -412.420571817  -412.342804873  -412.289918846  -412.289918846  -412.236470538
   228.000  -412.429239595  -412.354397478  -412.300550088  -412.300550088  -412.237011813
   228.500  -412.438007869  -412.365841224  -412.311151315  -412.311151315  -412.237401665
   229.000  -412.440551516  -412.370735716  -412.315227460  -412.315227460  -412.237363595
   229.500  -412.436622396  -412.368735810  -412.312371518  -412.312371518  -412.237124334
   230.000  -412.429435502  -412.362945186  -412.305669049  -412.305669049  -412.236869051
   230.500  -412.422819371  -412.357081127  -412.298850511  -412.298850511  -412.236665483
   231.000  -412.419917271  -412.354202955  -412.294994897  -412.294994897  -412.236557427
   231.500  -412.422398563  -412.355930572  -412.295738514  -412.295738514  -412.236585015
   232.000  -412.429864393  -412.361864412  -412.300687865  -412.300687865  -412.236735545
   232.500  -412.440089584  -412.369823712  -412.307660921  -412.307660921  -412.236918347
   233.000  -412.450383796  -412.377207027  -412.314049867  -412.314049867  -412.237015566
   233.500  -412.459296640  -412.382691217  -412.318524472  -412.318524472  -412.236988739
   234.000  -412.467091314  -412.386698897  -412.321500949  -412.321500949  -412.236969297
   234.500  -412.473867947  -412.389509568  -412.323257033  -412.323257033  -412.237142349
   235.000  -412.477230533  -412.388905224  -412.321592581  -412.321592581  -412.237405145
   235.500  -412.474035775  -412.381888175  -412.313580619  -412.313580619  -412.237318945
   236.000  -412.466349722  -412.370621843  -412.301524093  -412.301524093  -412.236721513
   236.500  -412.462798093  -412.363800520  -412.294286401  -412.294286401  -412.236336230
   237.000  -412.468502950  -412.366636059  -412.297176176  -412.297176176  -412.236716856
   237.500  -412.477975437  -412.373774093  -412.304805323  -412.304805323  -412.237209950
   238.000  -412.483378226  -412.377519880  -412.309369793  -412.309369793  -412.237295542
   238.500  -412.482287020  -412.375547208  -412.308443869  -412.308443869  -412.237132038
   239.000  -412.476373505  -412.369559759  -412.303675453  -412.303675453  -412.236954072
   239.500  -412.468094167  -412.361990493  -412.297464923  -412.297464923  -412.236832848
   240.000  -412.459372722  -412.354702705  -412.291643440  -412.291643440  -412.236755414
   240.500  -412.451600210  -412.349006360  -412.287469616  -412.287469616  -412.236709068
   241.000  -412.445732434  -412.345766301  -412.285736142  -412.285736142  -412.236704827
   241.500  -412.442116997  -412.345236015  -412.286618559  -412.286618559  -412.236743480
   242.000  -412.440515292  -412.347089159  -412.289716531  -412.289716531  -412.236778733
   242.500  -412.440679410  -412.350996992  -412.294650284  -412.294650284  -412.236789881
   243.000  -412.442508374  -412.356783162  -412.301212811  -412.301212811  -412.236883261
   243.500  -412.444592540  -412.362960879  -412.307898149  -412.307898149  -412.237169571
   244.000  -412.442945218  -412.365450950  -412.310624395  -412.310624395  -412.237503805
   244.500  -412.433349383  -412.359917337  -412.305082254  -412.305082254  -412.237501593
   245.000  -412.416845862  -412.347254486  -412.292236595  -412.292236595  -412.236936337
   245.500  -412.402209437  -412.336085302  -412.280808794  -412.280808794  -412.236332098
   246.000  -412.398050719  -412.334906699  -412.279363896  -412.279363896  -412.236474987
   246.500  -412.402543054  -412.341845828  -412.286018426  -412.286018426  -412.237002945
   247.000  -412.407863780  -412.349085727  -412.292889695  -412.292889695  -412.237205783
   247.500  -412.410025872  -412.352657615  -412.295951402  -412.295951402  -412.237090244
   248.000  -412.409805796  -412.353345583  -412.295972970  -412.295972970  -412.236925817
   248.500  -412.409179599  -412.353120630  -412.294950422  -412.294950422  -412.236845793
   249.000  -412.409187166  -412.353008253  -412.293956215  -412.293956215  -412.236854830
   249.500  -412.409705918  -412.352866759  -412.292899371  -412.292899371  -412.236902084
   250.000  -412.410165416  -412.352103041  -412.291229710  -412.291229710  -412.236916445
   250.500  -412.410593414  -412.350720352  -412.288981844  -412.288981844  -412.236835437
   251.000  -412.412477275  -412.350185923  -412.287640632  -412.287640632  -412.236662847
   251.500  -412.418545437  -412.353222878  -412.289932284  -412.289932284  -412.236534717
   252.000  -412.430651565  -412.361707710  -412.297720840  -412.297720840  -412.236655784
   252.500  -412.446899658  -412.373802422  -412.309142053  -412.309142053  -412.237059642
   253.000  -412.461315566  -412.383624766  -412.318284266  -412.318284266  -412.237510635
   253.500  -412.467412638  -412.384796762  -412.318761901  -412.318761901  -412.237664253
   254.000  -412.463444094  -412.375676139  -412.308970671  -412.308970671  -412.237258892
   254.500  -412.455837972  -412.362786577  -412.295517888  -412.295517888  -412.236537287
   255.000  -412.454857301  -412.356499686  -412.288867901  -412.288867901  -412.236347574
   255.500  -412.463105097  -412.359583340  -412.291823697  -412.291823697  -412.236808825
   256.000  -412.473877495  -412.365557445  -412.297866154  -412.297866154  -412.237150415
   256.500  -412.481269804  -412.368756380  -412.301256776  -412.301256776  -412.237108847
   257.000  -412.484731784  -412.368834126  -412.301588008  -412.301588008  -412.236926056
   257.500  -412.486257453  -412.367929354  -412.300964933  -412.300964933  -412.236802462
   258.000  -412.487387830  -412.367664733  -412.300999586  -412.300999586  -412.236789269
   258.500  -412.488262443  -412.368204708  -412.301855022  -412.301855022  -412.236854452
   259.000  -412.488016261  -412.368657077  -412.302638411  -412.302638411  -412.236924179
   259.500  -412.485869918  -412.368168168  -412.302489652  -412.302489652  -412.236909474
   260.000  -412.482388716  -412.367187276  -412.301843050  -412.301843050  -412.236776103
   260.500  -412.479831154  -412.367828700  -412.302786395  -412.302786395  -412.236630920
   261.000  -412.480487465  -412.372224693  -412.307419053  -412.307419053  -412.236667234
   261.500  -412.483952800  -412.379815183  -412.315147045  -412.315147045  -412.236954296
   262.000  -412.486195966  -412.386421095  -412.321776803  -412.321776803  -412.237357077
   262.500  -412.481673921  -412.386350356  -412.321643896  -412.321643896  -412.237603981
   263.000  -412.467587506  -412.376639492  -412.311875518  -412.311875518  -412.237369720
   263.500  -412.448361273  -412.361528878  -412.296866498  -412.296866498  -412.236682413
   264.000  -412.434213903  -412.351067646  -412.286825214  -412.286825214  -412.236338899
   264.500  -412.430074930  -412.350084114  -412.286640674  -412.286640674  -412.236748892
   265.000  -412.430318538  -412.352937533  -412.290584075  -412.290584075  -412.237174419
   265.500  -412.428220957  -412.352931228  -412.291794615  -412.291794615  -412.237177211
   266.000  -412.422738717  -412.349043121  -412.289102336  -412.289102336  -412.236969348
   266.500  -412.416326165  -412.343730510  -412.284868483  -412.284868483  -412.236793738
   267.000  -412.411385871  -412.339389326  -412.281444059  -412.281444059  -412.236729015
   267.500  -412.408871916  -412.336972312  -412.279771127  -412.279771127  -412.236753555
   268.000  -412.408485880  -412.336196032  -412.279578095  -412.279578095  -412.236801356
   268.500  -412.409621971  -412.336489652  -412.280320545  -412.280320545  -412.236796993
   269.000  -412.412417219  -412.338043114  -412.282222777  -412.282222777  -412.236722537
   269.500  -412.417921887  -412.341975409  -412.286430031  -412.286430031  -412.236671752
   270.000  -412.426752764  -412.348982101  -412.293640468  -412.293640468  -412.236760926
   270.500  -412.437520142  -412.357754998  -412.302519891  -412.302519891  -412.236984025
   271.000  -412.446910865  -412.365058205  -412.309794722  -412.309794722  -412.237250858
   271.500  -412.451090986  -412.367120902  -412.311683045  -412.311683045  -412.237440919
   272.000  -412.447807134  -412.361725505  -412.306022351  -412.306022351  -412.237323168
   272.500  -412.439697528  -412.351512902  -412.295584581  -412.295584581  -412.236772794
   273.000  -412.435112323  -412.344826593  -412.288874263  -412.288874263  -412.236344351
   273.500  -412.439971186  -412.347627759  -412.291942527  -412.291942527  -412.236646327
   274.000  -412.449978554  -412.355740608  -412.300573031  -412.300573031  -412.237163000
   274.500  -412.457183859  -412.361378644  -412.306846772  -412.306846772  -412.237289640
   275.000  -412.458647688  -412.361743730  -412.307827348  -412.307827348  -412.237124416
   275.500  -412.456005283  -412.358554825  -412.305136774  -412.305136774  -412.236935980
   276.000  -412.451757654  -412.354344369  -412.301257901  -412.301257901  -412.236837981
   276.500  -412.447387060  -412.350593749  -412.297661450  -412.297661450  -412.236814608
   277.000  -412.443443585  -412.347838660  -412.294898836  -412.294898836  -412.236787418
   277.500  -412.440604386  -412.346733533  -412.293661950  -412.293661950  -412.236689064
   278.000  -412.440518957  -412.348896306  -412.295611888  -412.295611888  -412.236570131
   278.500  -412.444949861  -412.356046885  -412.302492642  -412.302492642  -412.236605898
   279.000  -412.453349810  -412.367580406  -412.313685239  -412.313685239  -412.236866869
   279.500  -412.461975066  -412.379676853  -412.325316838  -412.325316838  -412.237196606
   280.000  -412.466067168  -412.387478551  -412.332462566  -412.332462566  -412.237428289
   280.500  -412.462387296  -412.387618735  -412.331710625  -412.331710625  -412.237500557
   281.000  -412.450441311  -412.379446020  -412.322426415  -412.322426415  -412.237323884
   281.500  -412.433828183  -412.366385257  -412.308133740  -412.308133740  -412.236804707
   282.000  -412.420836540  -412.356561794  -412.297122384  -412.297122384  -412.236290927
   282.500  -412.418846756  -412.357239243  -412.296817074  -412.296817074  -412.236430351
   283.000  -412.425851388  -412.366360017  -412.305235341  -412.305235341  -412.237011299
   283.500  -412.433222745  -412.375293928  -412.313726546  -412.313726546  -412.237335033
   284.000  -412.435283346  -412.378371045  -412.316560183  -412.316560183  -412.237289522
   284.500  -412.431774253  -412.375329698  -412.313421153  -412.313421153  -412.237116705
   285.000  -412.424809021  -412.368271052  -412.306379454  -412.306379454  -412.236980148
   285.500  -412.416374123  -412.359169123  -412.297393668  -412.297393668  -412.236901328
   286.000  -412.407838643  -412.349389022  -412.287823472  -412.287823472  -412.236819864
   286.500  -412.400732409  -412.340471657  -412.279205816  -412.279205816  -412.236668416
   287.000  -412.397556234  -412.334947952  -412.274066254  -412.274066254  -412.236484739
   287.500  -412.401054022  -412.335615314  -412.275187115  -412.275187115  -412.236442056
   288.000  -412.411734755  -412.343062767  -412.283125988  -412.283125988  -412.236647804
   288.500  -412.426424783  -412.354223357  -412.294768574  -412.294768574  -412.236985880
   289.000  -412.439896171  -412.363997262  -412.304961731  -412.304961731  -412.237283528
   289.500  -412.447485071  -412.367857378  -412.309138196  -412.309138196  -412.237453779
   290.000  -412.446718250  -412.363456374  -412.304943072  -412.304943072  -412.237402923
   290.500  -412.438854678  -412.352148289  -412.293770713  -412.293770713  -412.237004128
   291.000  -412.430275638  -412.340370940  -412.282139434  -412.282139434  -412.236425345
   291.500  -412.429397879  -412.336579841  -412.278573341  -412.278573341  -412.236267682
   292.000  -412.438489418  -412.343106002  -412.285384806  -412.285384806  -412.236677443
   292.500  -412.451713264  -412.354217369  -412.296729138  -412.296729138  -412.237093291
   293.000  -412.462453762  -412.363424462  -412.305974280  -412.305974280  -412.237212455
   293.500  -412.468070594  -412.368190970  -412.310486408  -412.310486408  -412.237154427
   294.000  -412.468808057  -412.368811524  -412.310533679  -412.310533679  -412.237070873
   294.500  -412.465681843  -412.366288722  -412.307155070  -412.307155070  -412.237004808
   295.000  -412.459740070  -412.361601639  -412.301411614  -412.301411614  -412.236918199
   295.500  -412.452514192  -412.356175787  -412.294833135  -412.294833135  -412.236756092
   296.000  -412.446644720  -412.352528755  -412.290046382  -412.290046382  -412.236552915
   296.500  -412.445208131  -412.353616415  -412.290098946  -412.290098946  -412.236471008
   297.000  -412.449408779  -412.360538974  -412.296143902  -412.296143902  -412.236620144
   297.500  -412.457101660  -412.371063746  -412.305954695  -412.305954695  -412.236904653
   298.000  -412.464087543  -412.380915116  -412.315225585  -412.315225585  -412.237175878
   298.500  -412.466320562  -412.385969665  -412.319794370  -412.319794370  -412.237365569
   299.000  -412.461228560  -412.383564301  -412.316978181  -412.316978181  -412.237388109
   299.500  -412.449163664  -412.373937564  -412.307036955  -412.307036955  -412.237090861
   300.000  -412.435242781  -412.362074328  -412.295022995  -412.295022995  -412.236552703
   300.500  -412.427533766  -412.355917659  -412.288953712  -412.288953712  -412.236312235
   301.000  -412.429620854  -412.358969775  -412.292353512  -412.292353512  -412.236622354
   301.500  -412.437308943  -412.367013348  -412.300950408  -412.300950408  -412.237012942
   302.000  -412.444641215  -412.374111609  -412.308714940  -412.308714940  -412.237153485
   302.500  -412.448833230  -412.377522790  -412.312823401  -412.312823401  -412.237134368
   303.000  -412.449593682  -412.377012513  -412.312993038  -412.312993038  -412.237089926
   303.500  -412.447326041  -412.373054093  -412.309683586  -412.309683586  -412.237035246
   304.000  -412.442832473  -412.366530644  -412.303791742  -412.303791742  -412.236914099
   304.500  -412.438009011  -412.359423918  -412.297333538  -412.297333538  -412.236701842
   305.000  -412.436014596  -412.354978821  -412.293595439  -412.293595439  -412.236504379
   305.500  -412.439641030  -412.356073153  -412.295478386  -412.295478386  -412.236496519
   306.000  -412.448901119  -412.362808718  -412.303067081  -412.303067081  -412.236696096
   306.500  -412.460785038  -412.372268066  -412.313383269  -412.313383269  -412.236954112
   307.000  -412.471298151  -412.380548131  -412.322442829  -412.322442829  -412.237173557
   307.500  -412.477012919  -412.384300967  -412.326831156  -412.326831156  -412.237344904
   308.000  -412.475548142  -412.381197852  -412.324198344  -412.324198344  -412.237392531
   308.500  -412.466881891  -412.371229045  -412.314576859  -412.314576859  -412.237130049
   309.000  -412.455702537  -412.359056029  -412.302725562  -412.302725562  -412.236597166
   309.500  -412.450030692  -412.352662335  -412.296728554  -412.296728554  -412.236361952
   310.000  -412.453291013  -412.355470377  -412.300036124  -412.300036124  -412.236705130
   310.500  -412.460669722  -412.362713497  -412.307815651  -412.307815651  -412.237100688
   311.000  -412.465928287  -412.368223119  -412.313788547  -412.313788547  -412.237201525
   311.500  -412.466691099  -412.369678165  -412.315548704  -412.315548704  -412.237140944
   312.000  -412.463230250  -412.367376535  -412.313358080  -412.313358080  -412.237084645
   312.500  -412.456186057  -412.361955810  -412.307863777  -412.307863777  -412.237043541
   313.000  -412.446294283  -412.354128833  -412.299813449  -412.299813449  -412.236934859
   313.500  -412.435431968  -412.345732423  -412.291085913  -412.291085913  -412.236722184
   314.000  -412.426926698  -412.340039576  -412.284989586  -412.284989586  -412.236530001
   314.500  -412.423662490  -412.339869186  -412.284361428  -412.284361428  -412.236537660
   315.000  -412.425587808  -412.345098521  -412.289076913  -412.289076913  -412.236731888
   315.500  -412.429859991  -412.352810309  -412.296203584  -412.296203584  -412.236951618
   316.000  -412.433089209  -412.359537667  -412.302258353  -412.302258353  -412.237121933
   316.500  -412.432628478  -412.362551466  -412.304510474  -412.304510474  -412.237259869
   317.000  -412.426665714  -412.359948815  -412.301084120  -412.301084120  -412.237307753
   317.500  -412.415279579  -412.351705355  -412.292020934  -412.292020934  -412.237071095
   318.000  -412.402945296  -412.342188474  -412.281786559  -412.281786559  -412.236542539
   318.500  -412.397735060  -412.339382879  -412.278458171  -412.278458171  -412.236298723
   319.000  -412.403146438  -412.346750416  -412.285528247  -412.285528247  -412.236706056
   319.500  -412.413431995  -412.358565081  -412.297217621  -412.297217621  -412.237192467
   320.000  -412.421023809  -412.367304043  -412.305911237  -412.305911237  -412.237318247
   320.500  -412.423122088  -412.370198049  -412.308766579  -412.308766579  -412.237224410
   321.000  -412.420499237  -412.368021392  -412.306528237  -412.306528237  -412.237116457
   321.500  -412.414655889  -412.362255613  -412.300684653  -412.300684653  -412.237022643
   322.000  -412.407203561  -412.354486727  -412.292846352  -412.292846352  -412.236873626
   322.500  -412.400628575  -412.347181738  -412.285506485  -412.285506485  -412.236661200
   323.000  -412.398175509  -412.343579144  -412.281919876  -412.281919876  -412.236528394
   323.500  -412.401739083  -412.345583677  -412.283991467  -412.283991467  -412.236613660
   324.000  -412.409991750  -412.351893072  -412.290400579  -412.290400579  -412.236834573
   324.500  -412.419502942  -412.359114235  -412.297720460  -412.297720460  -412.237024041
   325.000  -412.427137043  -412.364158124  -412.302821124  -412.302821124  -412.237148734
   325.500  -412.430805113  -412.364985243  -412.303628164  -412.303628164  -412.237250793
   326.000  -412.429173877  -412.360305391  -412.298839534  -412.298839534  -412.237269416
   326.500  -412.422718999  -412.350617941  -412.288986603  -412.288986603  -412.237001168
   327.000  -412.416308445  -412.340791979  -412.279019823  -412.279019823  -412.236453851
   327.500  -412.418147862  -412.339032315  -412.277246199  -412.277246199  -412.236237172
   328.000  -412.431195477  -412.348338231  -412.286720992  -412.286720992  -412.236699974
   328.500  -412.448744238  -412.362111267  -412.300807963  -412.300807963  -412.237228949
   329.000  -412.462448603  -412.372155594  -412.311207371  -412.311207371  -412.237370971
   329.500  -412.469184962  -412.375491267  -412.314831536  -412.314831536  -412.237258996
   330.000  -412.469952723  -412.373228502  -412.312720855  -412.312720855  -412.237108093
   330.500  -412.466862986  -412.367550580  -412.307042348  -412.307042348  -412.236971931
   331.000  -412.462135347  -412.360714766  -412.300089104  -412.300089104  -412.236799937
   331.500  -412.458535509  -412.355497601  -412.294705018  -412.294705018  -412.236609149
   332.000  -412.458897807  -412.354724528  -412.293782523  -412.293782523  -412.236551666
   332.500  -412.464012088  -412.359167753  -412.298121249  -412.298121249  -412.236699904
   333.000  -412.471683041  -412.366610961  -412.305475988  -412.305475988  -412.236920363
   333.500  -412.478550866  -412.373668507  -412.312388724  -412.312388724  -412.237080142
   334.000  -412.482065020  -412.377749300  -412.316184253  -412.316184253  -412.237180574
   334.500  -412.480695166  -412.377257568  -412.315205595  -412.315205595  -412.237262421
   335.000  -412.473576991  -412.371224168  -412.308473176  -412.308473176  -412.237264643
   335.500  -412.461523486  -412.360317408  -412.296714745  -412.296714745  -412.237001641
   336.000  -412.449390199  -412.349218150  -412.284743513  -412.284743513  -412.236469699
   336.500  -412.445288260  -412.345876275  -412.280666114  -412.280666114  -412.236212166
   337.000  -412.452860118  -412.353850109  -412.288128188  -412.288128188  -412.236608742
   337.500  -412.466404870  -412.367460828  -412.301418312  -412.301418312  -412.237154794
   338.000  -412.477468870  -412.378353045  -412.312069642  -412.312069642  -412.237383096
   338.500  -412.481777198  -412.382368444  -412.315819842  -412.315819842  -412.237344505
   339.000  -412.479332406  -412.379610130  -412.312713265  -412.312713265  -412.237186059
   339.500  -412.472435605  -412.372451081  -412.305113460  -412.305113460  -412.236952295
   340.000  -412.464775630  -412.364627399  -412.296779001  -412.296779001  -412.236677384
   340.500  -412.460613675  -412.360428154  -412.292034210  -412.292034210  -412.236488683
   341.000  -412.462769771  -412.362690797  -412.293747305  -412.293747305  -412.236527866
   341.500  -412.470647218  -412.370833236  -412.301346201  -412.301346201  -412.236747033
   342.000  -412.480897250  -412.381526763  -412.311491339  -412.311491339  -412.236960676
   342.500  -412.490012392  -412.391293390  -412.320687473  -412.320687473  -412.237089247
   343.000  -412.495647238  -412.397823437  -412.326620089  -412.326620089  -412.237186029
   343.500  -412.496108671  -412.399453036  -412.327648999  -412.327648999  -412.237293649
   344.000  -412.489942108  -412.394731496  -412.322386199  -412.322386199  -412.237329191
   344.500  -412.477283301  -412.383757754  -412.311032228  -412.311032228  -412.237083285
   345.000  -412.462614911  -412.370937706  -412.298116751  -412.298116751  -412.236535058
   345.500  -412.454218976  -412.364465854  -412.291936309  -412.291936309  -412.236243139
   346.000  -412.456240090  -412.368434304  -412.296603747  -412.296603747  -412.236615965
   346.500  -412.463428745  -412.377596206  -412.306795336  -412.306795336  -412.237141006
   347.000  -412.467732232  -412.383930956  -412.314365649  -412.314365649  -412.237353897
   347.500  -412.465169342  -412.383482256  -412.315240154  -412.315240154  -412.237326703
   348.000  -412.455658730  -412.376172407  -412.309249503  -412.309249503  -412.237206402
   348.500  -412.441074417  -412.363857752  -412.298183835  -412.298183835  -412.237002162
   349.000  -412.424847395  -412.349940388  -412.285389610  -412.285389610  -412.236712738
   349.500  -412.411618877  -412.339027418  -412.275421591  -412.275421591  -412.236476143
   350.000  -412.405084210  -412.334781033  -412.271890237  -412.271890237  -412.236462275
   350.500  -412.405585059  -412.337513200  -412.275064069  -412.275064069  -412.236641543
   351.000  -412.410462552  -412.344539394  -412.282233671  -412.282233671  -412.236846007
   351.500  -412.416427949  -412.352546084  -412.290086193  -412.290086193  -412.236988194
   352.000  -412.420998648  -412.359022674  -412.296136900  -412.296136900  -412.237098624
   352.500  -412.422295125  -412.362056371  -412.298519098  -412.298519098  -412.237218251
   353.000  -412.418660597  -412.359949393  -412.295598942  -412.295598942  -412.237280337
   353.500  -412.409781291  -412.352336567  -412.287092856  -412.287092856  -412.237088649
   354.000  -412.399292819  -412.342791893  -412.276670727  -412.276670727  -412.236594629
   354.500  -412.394691291  -412.338753039  -412.271863672  -412.271863672  -412.236287426
   355.000  -412.400279135  -412.344492348  -412.277004745  -412.277004745  -412.236599355
   355.500  -412.411589057  -412.355553907  -412.287648581  -412.287648581  -412.237101851
   356.000  -412.420913464  -412.364268863  -412.296101933  -412.296101933  -412.237314366
   356.500  -412.424276259  -412.366702611  -412.298399213  -412.298399213  -412.237268094
   357.000  -412.421793364  -412.363003548  -412.294666265  -412.294666265  -412.237113214
   357.500  -412.415700104  -412.355432828  -412.287149709  -412.287149709  -412.236895333
   358.000  -412.409403841  -412.347424342  -412.279270004  -412.279270004  -412.236663354
   358.500  -412.406464378  -412.342570375  -412.274600361  -412.274600361  -412.236551803
   359.000  -412.408612812  -412.342641309  -412.274882982  -412.274882982  -412.236621736
   359.500  -412.414910727  -412.346745026  -412.279188411  -412.279188411  -412.236748959
   360.000  -412.423401647  -412.352979072  -412.285571500  -412.285571500  -412.236818683
   360.500  -412.432773098  -412.360093055  -412.292739548  -412.292739548  -412.236860956
   361.000  -412.442125229  -412.367254508  -412.299824332  -412.299824332  -412.236949936
   361.500  -412.450026094  -412.373095780  -412.305435502  -412.305435502  -412.237101024
   362.000  -412.454360066  -412.375548579  -412.307504710  -412.307504710  -412.237243069
   362.500  -412.453521946  -412.373024313  -412.304476788  -412.304476788  -412.237195314
   363.000  -412.449043645  -412.367033592  -412.297937354  -412.297937354  -412.236802303
   363.500  -412.447174934  -412.363781014  -412.294196222  -412.294196222  -412.236380818
   364.000  -412.453830749  -412.369150717  -412.299231927  -412.299231927  -412.236548951
   364.500  -412.466506190  -412.380656691  -412.310594426  -412.310594426  -412.237121993
   365.000  -412.476695368  -412.389853635  -412.319815827  -412.319815827  -412.237451305
   365.500  -412.478800808  -412.391204722  -412.321321459  -412.321321459  -412.237402667
   366.000  -412.472868269  -412.384786059  -412.315172612  -412.315172612  -412.237149058
   366.500  -412.462456177  -412.374155192  -412.304942365  -412.304942365  -412.236834001
   367.000  -412.452269595  -412.363999137  -412.295349343  -412.295349343  -412.236598026
   367.500  -412.445864395  -412.357854910  -412.289953496  -412.289953496  -412.236567154
   368.000  -412.443823911  -412.356297193  -412.289323733  -412.289323733  -412.236702523
   368.500  -412.444293265  -412.357478864  -412.291569145  -412.291569145  -412.236831261
   369.000  -412.445404057  -412.359552449  -412.294763361  -412.294763361  -412.236849869
   369.500  -412.446818668  -412.362205538  -412.298496089  -412.298496089  -412.236803328
   370.000  -412.449166459  -412.366082596  -412.303311458  -412.303311458  -412.236816133
   370.500  -412.452281229  -412.371008472  -412.308952784  -412.308952784  -412.236980164
   371.000  -412.453965854  -412.374741756  -412.313137122  -412.313137122  -412.237243294
   371.500  -412.450939817  -412.373912833  -412.312513379  -412.312513379  -412.237359105
   372.000  -412.442527333  -412.367709866  -412.306358942  -412.306358942  -412.237029670
   372.500  -412.434396107  -412.361637689  -412.300318527  -412.300318527  -412.236452047
   373.000  -412.434851389  -412.363853227  -412.302678007  -412.302678007  -412.236454498
   373.500  -412.443774686  -412.374155970  -412.313277320  -412.313277320  -412.237095042
   374.000  -412.451924572  -412.383295553  -412.322815424  -412.322815424  -412.237540391
   374.500  -412.452021043  -412.384015100  -412.323972451  -412.323972451  -412.237492406
   375.000  -412.443885057  -412.376156268  -412.316571927  -412.316571927  -412.237164144
   375.500  -412.431962379  -412.364175799  -412.305097607  -412.305097607  -412.236791869
   376.000  -412.421649668  -412.353481922  -412.294996238  -412.294996238  -412.236564770
   376.500  -412.416299503  -412.347451100  -412.289662396  -412.289662396  -412.236568535
   377.000  -412.415924523  -412.346139390  -412.289130694  -412.289130694  -412.236706285
   377.500  -412.418479888  -412.347560628  -412.291364116  -412.291364116  -412.236827839
   378.000  -412.422020902  -412.349839955  -412.294421179  -412.294421179  -412.236877120
   378.500  -412.425652372  -412.352154912  -412.297413098  -412.297413098  -412.236880880
   379.000  -412.429232972  -412.354432921  -412.300211034  -412.300211034  -412.236892486
   379.500  -412.432587088  -412.356557093  -412.302660893  -412.302660893  -412.236973931
   380.000  -412.434626476  -412.357481106  -412.303711422  -412.303711422  -412.237149640
   380.500  -412.433210120  -412.355080612  -412.301280764  -412.301280764  -412.237276477
   381.000  -412.427439527  -412.348441481  -412.294554207  -412.294554207  -412.237039416
   381.500  -412.421684796  -412.341895148  -412.288005644  -412.288005644  -412.236496145
   382.000  -412.423713351  -412.343188249  -412.289503921  -412.289503921  -412.236445859
   382.500  -412.433952984  -412.352793493  -412.299552021  -412.299552021  -412.237073725
   383.000  -412.443270638  -412.361691108  -412.309057769  -412.309057769  -412.237531974
   383.500  -412.444154390  -412.362494708  -412.310533238  -412.310533238  -412.237454192
   384.000  -412.436726211  -412.355409741  -412.304118201  -412.304118201  -412.237090869
   384.500  -412.425792957  -412.345271320  -412.294627187  -412.294627187  -412.236755183
   385.000  -412.416161123  -412.336870771  -412.286854750  -412.286854750  -412.236619551
   385.500  -412.409924772  -412.332263157  -412.282857230  -412.282857230  -412.236655299
   386.000  -412.406695997  -412.331011764  -412.282182945  -412.282182945  -412.236726566
   386.500  -412.405442076  -412.332032897  -412.283717318  -412.283717318  -412.236758095
   387.000  -412.405631520  -412.334745861  -412.286835838  -412.286835838  -412.236766834
   387.500  -412.407086891  -412.338927032  -412.291262603  -412.291262603  -412.236799515
   388.000  -412.409335346  -412.344059914  -412.296425752  -412.296425752  -412.236890066
   388.500  -412.411125617  -412.348849598  -412.300977665  -412.300977665  -412.237048713
   389.000  -412.410354756  -412.351144598  -412.302723903  -412.302723903  -412.237243095
   389.500  -412.404730531  -412.348589659  -412.299293755  -412.299293755  -412.237338348
   390.000  -412.393969428  -412.340813997  -412.290349813  -412.290349813  -412.237074110
   390.500  -412.383213915  -412.332843808  -412.281018556  -412.281018556  -412.236457948
   391.000  -412.381709567  -412.333801794  -412.280562968  -412.280562968  -412.236281238
   391.500  -412.391785319  -412.345923909  -412.291330755  -412.291330755  -412.236938886
   392.000  -412.404073650  -412.359793887  -412.303950401  -412.303950401  -412.237530057
   392.500  -412.409267238  -412.366072821  -412.309105907  -412.309105907  -412.237506194
   393.000  -412.406548022  -412.363901708  -412.305990457  -412.305990457  -412.237129557
   393.500  -412.400733727  -412.358045280  -412.299448931  -412.299448931  -412.236785209
   394.000  -412.396659820  -412.353284968  -412.294335096  -412.294335096  -412.236659556
   394.500  -412.396217947  -412.351467663  -412.292529126  -412.292529126  -412.236698644
   395.000  -412.398911301  -412.352069093  -412.293485741  -412.293485741  -412.236755386
   395.500  -412.403873654  -412.354219947  -412.296266414  -412.296266414  -412.236763038
   396.000  -412.410895176  -412.357739178  -412.300590326  -412.300590326  -412.236747724
   396.500  -412.420104729  -412.362825133  -412.306543742  -412.306543742  -412.236760975
   397.000  -412.431206488  -412.369298543  -412.313837183  -412.313837183  -412.236842497
   397.500  -412.442875078  -412.375995767  -412.321211449  -412.321211449  -412.237014587
   398.000  -412.452489615  -412.380492716  -412.326170327  -412.326170327  -412.237263463
   398.500  -412.456537760  -412.379482182  -412.325376747  -412.325376747  -412.237474041
   399.000  -412.452619679  -412.370740560  -412.316645919  -412.316645919  -412.237363124
   399.500  -412.443514828  -412.357166779  -412.302999316  -412.302999316  -412.236748151
   400.000  -412.438682400  -412.348293696  -412.294143445  -412.294143445  -412.236257069
   400.500  -412.444873362  -412.350961411  -412.297034751  -412.297034751  -412.236683588
   401.000  -412.456075453  -412.359308765  -412.305787193  -412.305787193  -412.237379390
   401.500  -412.461816418  -412.363042767  -412.309991903  -412.309991903  -412.237496310
   402.000  -412.459153728  -412.359355092  -412.306742713  -412.306742713  -412.237156496
   402.500  -412.452088191  -412.352295324  -412.300057696  -412.300057696  -412.236813441
   403.000  -412.445285849  -412.346498550  -412.294585300  -412.294585300  -412.236697078
   403.500  -412.440497183  -412.343630702  -412.292005637  -412.292005637  -412.236740255
   404.000  -412.437204259  -412.343051348  -412.291673527  -412.291673527  -412.236790454
   404.500  -412.434722613  -412.343929103  -412.292725387  -412.292725387  -412.236785943
   405.000  -412.433174261  -412.346218238  -412.295065443  -412.295065443  -412.236751290
   405.500  -412.433186458  -412.350366558  -412.299081723  -412.299081723  -412.236732975
   406.000  -412.435185214  -412.356615960  -412.304958428  -412.304958428  -412.236771648
   406.500  -412.438753152  -412.364372550  -412.312055632  -412.312055632  -412.236899559
   407.000  -412.442152083  -412.371735933  -412.318456728  -412.318456728  -412.237130250
   407.500  -412.442258809  -412.375439602  -412.320925694  -412.320925694  -412.237398441
   408.000  -412.435819923  -412.372102687  -412.316179887  -412.316179887  -412.237459909
   408.500  -412.423172602  -412.361946420  -412.304614928  -412.304614928  -412.237003927
   409.000  -412.411916750  -412.352473707  -412.293951408  -412.293951408  -412.236350355
   409.500  -412.411383185  -412.352964770  -412.293635893  -412.293635893  -412.236453606
   410.000  -412.420219722  -412.362088668  -412.302353206  -412.302353206  -412.237117016
   410.500  -412.428834294  -412.370326565  -412.310473953  -412.310473953  -412.237397244
   411.000  -412.431992864  -412.372519219  -412.312707154  -412.312707154  -412.237237103
   411.500  -412.430865424  -412.369884260  -412.310173607  -412.310173607  -412.237025434
   412.000  -412.428062413  -412.365054132  -412.305437845  -412.305437845  -412.236911630
   412.500  -412.425177303  -412.359634062  -412.300046237  -412.300046237  -412.236833980
   413.000  -412.423325783  -412.354760007  -412.295074756  -412.295074756  -412.236746362
   413.500  -412.423737679  -412.351701049  -412.291736280  -412.291736280  -412.236669690
   414.000  -412.427481880  -412.351589540  -412.291119285  -412.291119285  -412.236633770
   414.500  -412.435018074  -412.354972837  -412.293745153  -412.293745153  -412.236648532
   415.000  -412.446007272  -412.361619636  -412.299376727  -412.299376727  -412.236718612
   415.500  -412.459223058  -412.370425494  -412.306924112  -412.306924112  -412.236860328
   416.000  -412.472358842  -412.379212797  -412.314244101  -412.314244101  -412.237090819
   416.500  -412.481935124  -412.384627424  -412.318039897  -412.318039897  -412.237368275
   417.000  -412.484218157  -412.383040570  -412.314773800  -412.314773800  -412.237488056
   417.500  -412.478431712  -412.373744219  -412.303871370  -412.303871370  -412.237137796
   418.000  -412.470641616  -412.362836863  -412.291595055  -412.291595055  -412.236499171
   418.500  -412.470108275  -412.359614585  -412.287377486  -412.287377486  -412.236447388
   419.000  -412.477675408  -412.365006434  -412.292189835  -412.292189835  -412.236977943
   419.500  -412.485764547  -412.371571169  -412.298532226  -412.298532226  -412.237235788
   420.000  -412.489544294  -412.374618561  -412.301614023  -412.301614023  -412.237128760
   420.500  -412.489340180  -412.374573896  -412.301765919  -412.301765919  -412.237015682
   421.000  -412.486234671  -412.372561978  -412.300034756  -412.300034756  -412.236992692
   421.500  -412.480432824  -412.368775317  -412.296544607  -412.296544607  -412.236956686
   422.000  -412.472446197  -412.363659365  -412.291685127  -412.291685127  -412.236854479
   422.500  -412.463831315  -412.358656791  -412.286857591  -412.286857591  -412.236720988
   423.000  -412.456702060  -412.355731121  -412.283997348  -412.283997348  -412.236615159
   423.500  -412.452826735  -412.356476229  -412.284682813  -412.284682813  -412.236577605
   424.000  -412.452969868  -412.361473148  -412.289489196  -412.289489196  -412.236622590
   424.500  -412.456633241  -412.370041698  -412.297740054  -412.297740054  -412.236751878
   425.000  -412.462019402  -412.380211205  -412.307482822  -412.307482822  -412.236967425
   425.500  -412.466089948  -412.388775290  -412.315557843  -412.315557843  -412.237245132
   426.000  -412.465152221  -412.391880124  -412.318200625  -412.318200625  -412.237447436
   426.500  -412.457130530  -412.387292483  -412.313327285  -412.313327285  -412.237293596
   427.000  -412.445365541  -412.378207630  -412.304334395  -412.304334395  -412.236741153
   427.500  -412.438254675  -412.372916096  -412.299708309  -412.299708309  -412.236452200
   428.000  -412.440094537  -412.375681085  -412.303805620  -412.303805620  -412.236791875
   428.500  -412.446410876  -412.382076450  -412.312140255  -412.312140255  -412.237123354
   429.000  -412.451869489  -412.386863445  -412.319310219  -412.319310219  -412.237158909
   429.500  -412.454886099  -412.388563186  -412.323645581  -412.323645581  -412.237130321
   430.000  -412.455209880  -412.387028459  -412.324820880  -412.324820880  -412.237122793
   430.500  -412.452588120  -412.382110099  -412.322539574  -412.322539574  -412.237081666
   431.000  -412.447364165  -412.374258560  -412.317136656  -412.317136656  -412.236989097
   431.500  -412.440736733  -412.364779746  -412.309833223  -412.309833223  -412.236868855
   432.000  -412.434408968  -412.355480206  -412.302376368  -412.302376368  -412.236749118
   432.500  -412.430135074  -412.348209382  -412.296573337  -412.296573337  -412.236653668
   433.000  -412.429310769  -412.344448943  -412.293877462  -412.293877462  -412.236610563
   433.500  -412.432505924  -412.344851079  -412.294927315  -412.294927315  -412.236657975
   434.000  -412.438893105  -412.348673273  -412.298985395  -412.298985395  -412.236832808
   434.500  -412.445782298  -412.353310857  -412.303481707  -412.303481707  -412.237129302
   435.000  -412.448946948  -412.354610752  -412.304339569  -412.304339569  -412.237408307
   435.500  -412.444997588  -412.349222539  -412.298339278  -412.298339278  -412.237344101
   436.000  -412.435970007  -412.339172938  -412.287687211  -412.287687211  -412.236785069
   436.500  -412.430431976  -412.332997807  -412.281094942  -412.281094942  -412.236383086
   437.000  -412.434190006  -412.336508102  -412.284456596  -412.284456596  -412.236699208
   437.500  -412.443033515  -412.345567520  -412.293580991  -412.293580991  -412.237140190
   438.000  -412.449993149  -412.353311968  -412.301463495  -412.301463495  -412.237275732
   438.500  -412.451941224  -412.356688967  -412.304903649  -412.304903649  -412.237227422
   439.000  -412.448839023  -412.355674215  -412.303765689  -412.303765689  -412.237099228
   439.500  -412.442204902  -412.351744921  -412.299458377  -412.299458377  -412.236940723
   440.000  -412.434227768  -412.347007654  -412.294058684  -412.294058684  -412.236807654
   440.500  -412.426904999  -412.343349479  -412.289447832  -412.289447832  -412.236724849
   441.000  -412.421595673  -412.341999039  -412.286862123  -412.286862123  -412.236683055
   441.500  -412.419069052  -412.343578377  -412.286941273  -412.286941273  -412.236669024
   442.000  -412.419650524  -412.348255931  -412.289881610  -412.289881610  -412.236685647
   442.500  -412.423156579  -412.355690052  -412.295385459  -412.295385459  -412.236755745
   443.000  -412.428557657  -412.364701553  -412.302342051  -412.302342051  -412.236914691
   443.500  -412.433523789  -412.372825876  -412.308388270  -412.308388270  -412.237177028
   444.000  -412.434429829  -412.376320384  -412.309921959  -412.309921959  -412.237443532
   444.500  -412.428164770  -412.371970047  -412.303909480  -412.303909480  -412.237404868
   445.000  -412.416604598  -412.361561928  -412.292340968  -412.292340968  -412.236820289
   445.500  -412.408983572  -412.354272458  -412.284561632  -412.284561632  -412.236261036
   446.000  -412.413361335  -412.358164416  -412.288684821  -412.288684821  -412.236507220
   446.500  -412.426457749  -412.370031455  -412.301401682  -412.301401682  -412.237115136
   447.000  -412.438973287  -412.380693331  -412.313333028  -412.313333028  -412.237443577
   447.500  -412.444871363  -412.384236695  -412.318361710  -412.318361710  -412.237440159
   448.000  -412.443185348  -412.379806972  -412.315467187  -412.315467187  -412.237238659
   448.500  -412.436296794  -412.369887463  -412.307012471  -412.307012471  -412.236973666
   449.000  -412.427864446  -412.358234677  -412.296671974  -412.296671974  -412.236745975
   449.500  -412.421194246  -412.348250211  -412.287797807  -412.287797807  -412.236604029
   450.000  -412.418392933  -412.342134902  -412.282566164  -412.282566164  -412.236549089
   450.500  -412.420256176  -412.340774324  -412.281857128  -412.281857128  -412.236558783
   451.000  -412.426553904  -412.344021445  -412.285530128  -412.285530128  -412.236614006
   451.500  -412.436303150  -412.350966235  -412.292690933  -412.292690933  -412.236717752
   452.000  -412.447767050  -412.359933341  -412.301683970  -412.301683970  -412.236892945
   452.500  -412.458195612  -412.368219903  -412.309834804  -412.309834804  -412.237158535
   453.000  -412.463741226  -412.372006616  -412.313369670  -412.313369670  -412.237454723
   453.500  -412.460689511  -412.367581914  -412.308653570  -412.308653570  -412.237523547
   454.000  -412.449405834  -412.355283970  -412.296143831  -412.296143831  -412.237013801
   454.500  -412.438513410  -412.343689810  -412.284567046  -412.284567046  -412.236225996
   455.000  -412.439456670  -412.344218588  -412.285458493  -412.285458493  -412.236201051
   455.500  -412.452694242  -412.357364668  -412.299318061  -412.299318061  -412.236920846
   456.000  -412.467690851  -412.372677436  -412.315589514  -412.315589514  -412.237471589
   456.500  -412.475245219  -412.381037347  -412.325004745  -412.325004745  -412.237552936
   457.000  -412.472903405  -412.380028827  -412.325020770  -412.325020770  -412.237350108
   457.500  -412.462959683  -412.371934842  -412.317826719  -412.317826719  -412.237069702
   458.000  -412.449385760  -412.360674030  -412.307281478  -412.307281478  -412.236822248
   458.500  -412.435967892  -412.349950496  -412.297055278  -412.297055278  -412.236646807
   459.000  -412.425524572  -412.342482313  -412.289853617  -412.289853617  -412.236552241
   459.500  -412.419670667  -412.339772368  -412.287181841  -412.287181841  -412.236533834
   460.000  -412.418833481  -412.342128617  -412.289363315  -412.289363315  -412.236579923
   460.500  -412.422405848  -412.348818487  -412.295690815  -412.295690815  -412.236682131
   461.000  -412.428876130  -412.358202267  -412.304556002  -412.304556002  -412.236847630
   461.500  -412.435768266  -412.367676909  -412.313393819  -412.313393819  -412.237096739
   462.000  -412.439477102  -412.373514880  -412.318526806  -412.318526806  -412.237418809
   462.500  -412.435699727  -412.371295860  -412.315617312  -412.315617312  -412.237665446
   463.000  -412.422004250  -412.358471573  -412.302254843  -412.302254843  -412.237461148
   463.500  -412.403132590  -412.339672752  -412.283267535  -412.283267535  -412.236591443
   464.000  -412.392604294  -412.328341880  -412.272292646  -412.272292646  -412.235899270
   464.500  -412.400220237  -412.334284395  -412.279199882  -412.279199882  -412.236385217
   465.000  -412.419160294  -412.350788951  -412.297137020  -412.297137020  -412.237315757
   465.500  -412.435257410  -412.363870507  -412.311854997  -412.311854997  -412.237702397
   466.000  -412.441165152  -412.366380487  -412.315962446  -412.315962446  -412.237558627
   466.500  -412.437623589  -412.359236812  -412.310227892  -412.310227892  -412.237232635
   467.000  -412.428806139  -412.346765307  -412.298910711  -412.298910711  -412.236926530
   467.500  -412.419070616  -412.333456818  -412.286485535  -412.286485535  -412.236697917
   468.000  -412.411812119  -412.322828123  -412.276471416  -412.276471416  -412.236551415
   468.500  -412.409232470  -412.317194843  -412.271185993  -412.271185993  -412.236484931
   469.000  -412.412289702  -412.317621079  -412.271692897  -412.271692897  -412.236498884
   469.500  -412.420672916  -412.323894364  -412.277775545  -412.277775545  -412.236591838
   470.000  -412.432824562  -412.334546779  -412.287961795  -412.287961795  -412.236764653
   470.500  -412.445960253  -412.346870550  -412.299547055  -412.299547055  -412.237024120
   471.000  -412.456079572  -412.356921676  -412.308608098  -412.308608098  -412.237356965
   471.500  -412.458397990  -412.359938634  -412.310439994  -412.310439994  -412.237650697
   472.000  -412.449356658  -412.352335271  -412.301566965  -412.301566965  -412.237601065
   472.500  -412.431134124  -412.336200617  -412.284248946  -412.284248946  -412.236905825
   473.000  -412.414990924  -412.322654553  -412.269802530  -412.269802530  -412.236044938
   473.500  -412.413363421  -412.323986902  -412.270645069  -412.270645069  -412.236161834
   474.000  -412.424822461  -412.338667513  -412.285215793  -412.285215793  -412.237035128
   474.500  -412.436769939  -412.354048382  -412.300702712  -412.300702712  -412.237538758
   475.000  -412.440604996  -412.361491071  -412.308280901  -412.308280901  -412.237480000
   475.500  -412.435921673  -412.360534458  -412.307349577  -412.307349577  -412.237210447
   476.000  -412.426153385  -412.354533107  -412.301182881  -412.301182881  -412.236957580
   476.500  -412.415023142  -412.347114570  -412.293371367  -412.293371367  -412.236774108
   477.000  -412.405448741  -412.341092811  -412.286718797  -412.286718797  -412.236646653
   477.500  -412.399547852  -412.338479067  -412.283247095  -412.283247095  -412.236561534
   478.000  -412.398744400  -412.340594101  -412.284307146  -412.284307146  -412.236526111
   478.500  -412.403618287  -412.347923555  -412.290434646  -412.290434646  -412.236564001
   479.000  -412.413552668  -412.359769826  -412.301002040  -412.301002040  -412.236697109
   479.500  -412.426445857  -412.373966772  -412.313929102  -412.313929102  -412.236929273
   480.000  -412.438745013  -412.386911158  -412.325709433  -412.325709433  -412.237232147
   480.500  -412.446046412  -412.394159807  -412.332003882  -412.332003882  -412.237508715
   481.000  -412.444789228  -412.392111867  -412.329329561  -412.329329561  -412.237542176
   481.500  -412.435547853  -412.381292094  -412.318348157  -412.318348157  -412.237087292
   482.000  -412.425984371  -412.369300492  -412.306804426  -412.306804426  -412.236364728
   482.500  -412.426651572  -412.366641142  -412.305290775  -412.305290775  -412.236271349
   483.000  -412.438845081  -412.374625950  -412.315058347  -412.315058347  -412.236968119
   483.500  -412.452652452  -412.383456025  -412.326091728  -412.326091728  -412.237499950
   484.000  -412.459420657  -412.384672464  -412.329657732  -412.329657732  -412.237476837
   484.500  -412.458128252  -412.377489230  -412.324741085  -412.324741085  -412.237199877
   485.000  -412.451990495  -412.365366701  -412.314654322  -412.314654322  -412.236939486
   485.500  -412.444489480  -412.352022752  -412.303036263  -412.303036263  -412.236766620
   486.000  -412.438041967  -412.340090206  -412.292484845  -412.292484845  -412.236661311
   486.500  -412.434128676  -412.331239733  -412.284657564  -412.284657564  -412.236594865
   487.000  -412.433660454  -412.326542764  -412.280619605  -412.280619605  -412.236556962
   487.500  -412.437100181  -412.326592685  -412.280961786  -412.280961786  -412.236560479
   488.000  -412.444264784  -412.331309773  -412.285604886  -412.285604886  -412.236632324
   488.500  -412.453943413  -412.339559989  -412.293425432  -412.293425432  -412.236792717
   489.000  -412.463667204  -412.348921419  -412.302031264  -412.302031264  -412.237025036
   489.500  -412.470080149  -412.356044908  -412.308132590  -412.308132590  -412.237252752
   490.000  -412.470214366  -412.357913243  -412.308811199  -412.308811199  -412.237345863
   490.500  -412.463498675  -412.353834335  -412.303518084  -412.303518084  -412.237164951
   491.000  -412.453676999  -412.347358004  -412.295980075  -412.295980075  -412.236690465
   491.500  -412.448367289  -412.345865160  -412.293742670  -412.293742670  -412.236347081
   492.000  -412.452433586  -412.354001615  -412.301527920  -412.301527920  -412.236712203
   492.500  -412.460699210  -412.366443008  -412.313945923  -412.313945923  -412.237353724
   493.000  -412.463719882  -412.373659787  -412.321298158  -412.321298158  -412.237530909
   493.500  -412.457992158  -412.372079469  -412.319836365  -412.319836365  -412.237286731
   494.000  -412.446346738  -412.364457273  -412.312188544  -412.312188544  -412.236966472
   494.500  -412.433288415  -412.355223268  -412.302712135  -412.302712135  -412.236747674
   495.000  -412.422134526  -412.347634841  -412.294629447  -412.294629447  -412.236645245
   495.500  -412.414540668  -412.343308022  -412.289542478  -412.289542478  -412.236618274
   496.000  -412.410997237  -412.342709832  -412.287916049  -412.287916049  -412.236630264
   496.500  -412.411349393  -412.345669135  -412.289587632  -412.289587632  -412.236667127
   497.000  -412.415023244  -412.351594590  -412.293987551  -412.293987551  -412.236734759
   497.500  -412.420973101  -412.359417491  -412.300085276  -412.300085276  -412.236846774
   498.000  -412.427536417  -412.367444482  -412.306248505  -412.306248505  -412.237002103
   498.500  -412.432536499  -412.373461781  -412.310353158  -412.310353158  -412.237162203
   499.000  -412.433945469  -412.375399142  -412.310447418  -412.310447418  -412.237258070
   499.500  -412.430987046  -412.372430868  -412.305848721  -412.305848721  -412.237204218
   500.000  -412.425511856  -412.366348118  -412.298501533  -412.298501533  -412.236872733
