     0.000  -412.518187103  -412.332293363  -412.291144908  -412.291144908  -412.222460205
     0.500  -412.511671204  -412.329802958  -412.283371022  -412.283371022  -412.222099926
     1.000  -412.509847416  -412.332480374  -412.280503273  -412.280503273  -412.221997869
     1.500  -412.514196882  -412.341678178  -412.284125205  -412.284125205  -412.222206736
     2.000  -412.521518857  -412.354190210  -412.291233878  -412.291233878  -412.222449469
     2.500  -412.527622015  -412.365941918  -412.297874462  -412.297874462  -412.222577401
     3.000  -412.529737455  -412.374349198  -412.301565251  -412.301565251  -412.222589372
     3.500  -412.526704018  -412.378200718  -412.301562131  -412.301562131  -412.222524973
     4.000  -412.518657836  -412.377219249  -412.298314175  -412.298314175  -412.222476423
     4.500  -412.506418906  -412.372096705  -412.292512659  -412.292512659  -412.222441526
     5.000  -412.491073812  -412.364069978  -412.284882369  -412.284882369  -412.222386635
     5.500  -412.474144698  -412.354727606  -412.276534405  -412.276534405  -412.222276653
     6.000  -412.457987711  -412.346359468  -412.269403205  -412.269403205  -412.222113460
     6.500  -412.445612510  -412.341822105  -412.266091744  -412.266091744  -412.221987648
     7.000  -412.439284700  -412.343182414  -412.268499585  -412.268499585  -412.222017813
     7.500  -412.438845237  -412.350067363  -412.276163944  -412.276163944  -412.222211894
     8.000  -412.441592188  -412.359562904  -412.286155612  -412.286155612  -412.222468774
     8.500  -412.443737258  -412.367682656  -412.294543788  -412.294543788  -412.222700856
     9.000  -412.441865316  -412.370834791  -412.297853671  -412.297853671  -412.222850903
     9.500  -412.434055323  -412.366939992  -412.294176895  -412.294176895  -412.222809591
    10.000  -412.421577180  -412.357124241  -412.284841318  -412.284841318  -412.222449177
    10.500  -412.410366733  -412.347199919  -412.275841473  -412.275841473  -412.221914157
    11.000  -412.408394270  -412.345062312  -412.275157928  -412.275157928  -412.221728606
    11.500  -412.418345169  -412.353422409  -412.285424874  -412.285424874  -412.222124549
    12.000  -412.434552725  -412.366762985  -412.300901444  -412.300901444  -412.222654477
    12.500  -412.448910580  -412.377223911  -412.313456141  -412.313456141  -412.222890166
    13.000  -412.457080076  -412.380753627  -412.318825790  -412.318825790  -412.222834121
    13.500  -412.459032699  -412.377609834  -412.317155323  -412.317155323  -412.222664051
    14.000  -412.456720022  -412.370007299  -412.310638370  -412.310638370  -412.222500118
    14.500  -412.452262617  -412.360298103  -412.301670444  -412.301670444  -412.222372445
    15.000  -412.447415433  -412.350437632  -412.292277522  -412.292277522  -412.222259457
    15.500  -412.443792115  -412.342209239  -412.284318110  -412.284318110  -412.222138474
    16.000  -412.443113727  -412.337478172  -412.279723098  -412.279723098  -412.222028076
    16.500  -412.446878354  -412.337869372  -412.280168860  -412.280168860  -412.221990521
    17.000  -412.455432361  -412.343848482  -412.286166252  -412.286166252  -412.222076902
    17.500  -412.467258589  -412.354012448  -412.296353194  -412.296353194  -412.222269618
    18.000  -412.479245658  -412.365353856  -412.307755935  -412.307755935  -412.222502972
    18.500  -412.487713835  -412.374268718  -412.316789326  -412.316789326  -412.222711598
    19.000  -412.489552496  -412.377668485  -412.320358854  -412.320358854  -412.222829182
    19.500  -412.483371753  -412.374109720  -412.316989729  -412.316989729  -412.222769514
    20.000  -412.470810933  -412.365094901  -412.308131941  -412.308131941  -412.222466463
    20.500  -412.457241960  -412.355795396  -412.298890155  -412.298890155  -412.222033891
    21.000  -412.449556603  -412.352889056  -412.295879947  -412.295879947  -412.221874432
    21.500  -412.450278718  -412.358735250  -412.301421039  -412.301421039  -412.222219297
    22.000  -412.454552390  -412.368387554  -412.310555601  -412.310555601  -412.222681951
    22.500  -412.455370939  -412.374784138  -412.316225294  -412.316225294  -412.222846216
    23.000  -412.449640581  -412.374749698  -412.315262549  -412.315262549  -412.222731043
    23.500  -412.438510695  -412.369302042  -412.308694188  -412.308694188  -412.222530781
    24.000  -412.424768523  -412.361058093  -412.299154898  -412.299154898  -412.222364548
    24.500  -412.410952415  -412.352375573  -412.289039556  -412.289039556  -412.222256386
    25.000  -412.398824263  -412.344854620  -412.280006801  -412.280006801  -412.222185503
    25.500  -412.389561532  -412.339547672  -412.273187384  -412.273187384  -412.222130119
    26.000  -412.384019279  -412.337228588  -412.269445403  -412.269445403  -412.222094553
    26.500  -412.382660382  -412.338320459  -412.269293623  -412.269293623  -412.222107560
    27.000  -412.385169196  -412.342498572  -412.272490839  -412.272490839  -412.222186995
    27.500  -412.390266613  -412.348494025  -412.277837289  -412.277837289  -412.222299503
    28.000  -412.396237199  -412.354609808  -412.283688284  -412.283688284  -412.222375870
    28.500  -412.401935381  -412.359720723  -412.288949779  -412.288949779  -412.222379819
    29.000  -412.407282469  -412.363770407  -412.293568507  -412.293568507  -412.222369364
    29.500  -412.412426023  -412.366935715  -412.297689510  -412.297689510  -412.222459142
    30.000  -412.416197474  -412.368089813  -412.300115634  -412.300115634  -412.222663595
    30.500  -412.416053649  -412.364741587  -412.298254279  -412.298254279  -412.222800188
    31.000  -412.410742833  -412.355688462  -412.290786101  -412.290786101  -412.222623850
    31.500  -412.403576161  -412.344274629  -412.280940304  -412.280940304  -412.222164019
    32.000  -412.401510229  -412.337485314  -412.275597044  -412.275597044  -412.221891837
    32.500  -412.408449782  -412.339294325  -412.278645291  -412.278645291  -412.222121243
    33.000  -412.421004729  -412.346459304  -412.286795838  -412.286795838  -412.222507692
    33.500  -412.432980490  -412.352994067  -412.294061529  -412.294061529  -412.222667882
    34.000  -412.441000360  -412.355737481  -412.297312099  -412.297312099  -412.222608411
    34.500  -412.445030876  -412.354835548  -412.296738053  -412.296738053  -412.222480003
    35.000  -412.446443276  -412.351794903  -412.293881185  -412.293881185  -412.222366960
    35.500  -412.446681034  -412.348155619  -412.290301351  -412.290301351  -412.222286649
    36.000  -412.446843733  -412.345090336  -412.287176969  -412.287176969  -412.222239940
    36.500  -412.447575037  -412.343301533  -412.285212940  -412.285212940  -412.222229181
    37.000  -412.449007331  -412.342973541  -412.284599364  -412.284599364  -412.222240546
    37.500  -412.450945391  -412.343957333  -412.285205778  -412.285205778  -412.222242134
    38.000  -412.453299951  -412.346199650  -412.287012505  -412.287012505  -412.222220683
    38.500  -412.456265486  -412.349918842  -412.290280501  -412.290280501  -412.222209181
    39.000  -412.459888999  -412.355173149  -412.295111285  -412.295111285  -412.222248898
    39.500  -412.463528342  -412.361322294  -412.300899910  -412.300899910  -412.222339043
    40.000  -412.465865811  -412.367038182  -412.306339334  -412.306339334  -412.222455084
    40.500  -412.465287172  -412.370670021  -412.309777852  -412.309777852  -412.222588727
    41.000  -412.460140233  -412.370476306  -412.309441116  -412.309441116  -412.222723510
    41.500  -412.449177379  -412.365035692  -412.303845144  -412.303845144  -412.222763247
    42.000  -412.433087910  -412.354749904  -412.293316415  -412.293316415  -412.222532440
    42.500  -412.416690156  -412.344049629  -412.282235795  -412.282235795  -412.222048997
    43.000  -412.407852719  -412.340388837  -412.278074180  -412.278074180  -412.221800034
    43.500  -412.410403452  -412.347267935  -412.284426697  -412.284426697  -412.222139595
    44.000  -412.419522202  -412.359688060  -412.296425562  -412.296425562  -412.222645066
    44.500  -412.427394784  -412.369766326  -412.306307480  -412.306307480  -412.222842694
    45.000  -412.430184050  -412.373636423  -412.310284494  -412.310284494  -412.222742106
    45.500  -412.428603261  -412.371985839  -412.309075350  -412.309075350  -412.222542190
    46.000  -412.425241839  -412.367383126  -412.305231855  -412.305231855  -412.222378027
    46.500  -412.422431340  -412.362157775  -412.301025961  -412.301025961  -412.222292237
    47.000  -412.421434754  -412.357603593  -412.297666391  -412.297666391  -412.222269672
    47.500  -412.422547904  -412.354092980  -412.295426839  -412.295426839  -412.222281724
    48.000  -412.425481192  -412.351468612  -412.294050150  -412.294050150  -412.222307911
    48.500  -412.429685640  -412.349373307  -412.293089851  -412.293089851  -412.222325275
    49.000  -412.434704864  -412.347597206  -412.292266644  -412.292266644  -412.222311079
    49.500  -412.440485323  -412.346374469  -412.291776533  -412.291776533  -412.222267801
    50.000  -412.447345386  -412.346327162  -412.292242189  -412.292242189  -412.222227324
    50.500  -412.455545061  -412.348007499  -412.294250336  -412.294250336  -412.222231926
    51.000  -412.464704939  -412.351288115  -412.297731993  -412.297731993  -412.222318009
    51.500  -412.473343397  -412.354886025  -412.301462601  -412.301462601  -412.222497368
    52.000  -412.478821906  -412.356299927  -412.302984624  -412.302984624  -412.222720839
    52.500  -412.478268016  -412.352726661  -412.299519388  -412.299519388  -412.222820793
    53.000  -412.471144943  -412.343617703  -412.290536833  -412.290536833  -412.222564332
    53.500  -412.462192773  -412.333623834  -412.280718192  -412.280718192  -412.222039073
    54.000  -412.459311464  -412.330519800  -412.277898477  -412.277898477  -412.221881250
    54.500  -412.464729640  -412.336471318  -412.284293207  -412.284293207  -412.222330412
    55.000  -412.471964720  -412.345047838  -412.293449260  -412.293449260  -412.222763280
    55.500  -412.474083930  -412.349428432  -412.298440631  -412.298440631  -412.222785394
    56.000  -412.469720453  -412.348312722  -412.297856880  -412.297856880  -412.222573494
    56.500  -412.461248681  -412.344051882  -412.293993882  -412.293993882  -412.222386529
    57.000  -412.451141377  -412.339022190  -412.289221947  -412.289221947  -412.222310667
    57.500  -412.440527931  -412.334211362  -412.284536865  -412.284536865  -412.222299411
    58.000  -412.429703472  -412.329744188  -412.280061297  -412.280061297  -412.222287317
    58.500  -412.419027928  -412.325790833  -412.275945212  -412.275945212  -412.222249293
    59.000  -412.409284169  -412.322929893  -412.272740365  -412.272740365  -412.222196517
    59.500  -412.401501609  -412.321981943  -412.271246120  -412.271246120  -412.222150411
    60.000  -412.396601999  -412.323668063  -412.272179161  -412.272179161  -412.222128127
    60.500  -412.395101246  -412.328325099  -412.275895495  -412.275895495  -412.222140839
    61.000  -412.396911778  -412.335717758  -412.282206810  -412.282206810  -412.222197632
    61.500  -412.401204452  -412.344907045  -412.290247419  -412.290247419  -412.222307642
    62.000  -412.406300103  -412.354139342  -412.298362558  -412.298362558  -412.222478514
    62.500  -412.409650797  -412.360822760  -412.304074724  -412.304074724  -412.222697158
    63.000  -412.408207587  -412.361878675  -412.304427979  -412.304427979  -412.222883904
    63.500  -412.399824759  -412.355124483  -412.297361584  -412.297361584  -412.222847483
    64.000  -412.386083716  -412.342078143  -412.284499594  -412.284499594  -412.222414522
    64.500  -412.374212872  -412.329879500  -412.273045476  -412.273045476  -412.221851382
    65.000  -412.372659016  -412.326909308  -412.271355238  -412.271355238  -412.221805915
    65.500  -412.382282185  -412.334057194  -412.280182030  -412.280182030  -412.222286601
    66.000  -412.396111214  -412.344495423  -412.292498850  -412.292498850  -412.222681283
    66.500  -412.407550958  -412.351840417  -412.301732302  -412.301732302  -412.222749176
    67.000  -412.414464597  -412.354168818  -412.305828561  -412.305828561  -412.222644920
    67.500  -412.417568149  -412.352376739  -412.305612122  -412.305612122  -412.222518655
    68.000  -412.418272368  -412.348014075  -412.302601802  -412.302601802  -412.222418460
    68.500  -412.417816920  -412.342425975  -412.298133696  -412.298133696  -412.222345790
    69.000  -412.417138444  -412.336633478  -412.293228654  -412.293228654  -412.222293695
    69.500  -412.416909074  -412.331382685  -412.288639258  -412.288639258  -412.222256899
    70.000  -412.417587362  -412.327205598  -412.284908099  -412.284908099  -412.222230220
    70.500  -412.419473572  -412.324481021  -412.282430837  -412.282430837  -412.222209439
    71.000  -412.422759079  -412.323487115  -412.281510216  -412.281510216  -412.222194133
    71.500  -412.427530295  -412.324405285  -412.282359425  -412.282359425  -412.222189924
    72.000  -412.433686970  -412.327237224  -412.285017692  -412.285017692  -412.222208344
    72.500  -412.440790476  -412.331649499  -412.289189650  -412.289189650  -412.222262502
    73.000  -412.447899397  -412.336804339  -412.294068371  -412.294068371  -412.222365446
    73.500  -412.453424352  -412.341207888  -412.298176964  -412.298176964  -412.222526481
    74.000  -412.455121082  -412.342691239  -412.299340809  -412.299340809  -412.222710293
    74.500  -412.450795242  -412.339097751  -412.295377633  -412.295377633  -412.222770824
    75.000  -412.440526321  -412.330485168  -412.286306936  -412.286306936  -412.222499788
    75.500  -412.429290846  -412.321743226  -412.276978286  -412.276978286  -412.221973966
    76.000  -412.425142785  -412.320810086  -412.275300565  -412.275300565  -412.221757248
    76.500  -412.431278760  -412.330803870  -412.284377881  -412.284377881  -412.222137540
    77.000  -412.442229828  -412.346236951  -412.298715060  -412.298715060  -412.222641132
    77.500  -412.450158412  -412.359249747  -412.310442755  -412.310442755  -412.222852037
    78.000  -412.451136147  -412.365803449  -412.315513016  -412.315513016  -412.222804927
    78.500  -412.445332303  -412.365832662  -412.313866590  -412.313866590  -412.222665146
    79.000  -412.434750940  -412.361006208  -412.307214657  -412.307214657  -412.222523867
    79.500  -412.421701664  -412.353253607  -412.297583848  -412.297583848  -412.222400942
    80.000  -412.408296511  -412.344324733  -412.286881103  -412.286881103  -412.222291518
    80.500  -412.396403066  -412.335786155  -412.276873706  -412.276873706  -412.222194010
    81.000  -412.387642897  -412.329037885  -412.269164245  -412.269164245  -412.222115997
    81.500  -412.383309925  -412.325224608  -412.265050103  -412.265050103  -412.222069131
    82.000  -412.384227425  -412.325078711  -412.265323115  -412.265323115  -412.222066638
    82.500  -412.390548032  -412.328716946  -412.270047806  -412.270047806  -412.222122661
    83.000  -412.401517372  -412.335418180  -412.278354679  -412.278354679  -412.222238402
    83.500  -412.415426743  -412.343602968  -412.288461269  -412.288461269  -412.222382690
    84.000  -412.430027836  -412.351262641  -412.298161304  -412.298161304  -412.222505530
    84.500  -412.443261069  -412.356673011  -412.305586097  -412.305586097  -412.222576508
    85.000  -412.453769100  -412.358855710  -412.309689226  -412.309689226  -412.222603887
    85.500  -412.460917503  -412.357528778  -412.310189590  -412.310189590  -412.222598370
    86.000  -412.464772697  -412.353016229  -412.307466739  -412.307466739  -412.222515225
    86.500  -412.466716375  -412.346839107  -412.303126964  -412.303126964  -412.222303010
    87.000  -412.469836595  -412.342141669  -412.300410272  -412.300410272  -412.222099347
    87.500  -412.476753127  -412.341608405  -412.302074257  -412.302074257  -412.222165029
    88.000  -412.486204293  -412.344141268  -412.307012548  -412.307012548  -412.222459651
    88.500  -412.493663936  -412.345451600  -412.310845349  -412.310845349  -412.222677092
    89.000  -412.495477438  -412.342048894  -412.310028956  -412.310028956  -412.222679074
    89.500  -412.491082479  -412.333390333  -412.304057827  -412.304057827  -412.222538434
    90.000  -412.482242134  -412.321142169  -412.294684734  -412.294684734  -412.222359712
    90.500  -412.471568323  -412.307780647  -412.284429339  -412.284429339  -412.222203002
    91.000  -412.461549727  -412.295690942  -412.275599438  -412.275599438  -412.222101425
    91.500  -412.453968780  -412.286627174  -412.269714604  -412.269714604  -412.222078028
    92.000  -412.449515679  -412.281349526  -412.267152474  -412.267152474  -412.222125275
    92.500  -412.447797232  -412.279585837  -412.267260551  -412.267260551  -412.222195496
    93.000  -412.447851130  -412.280404564  -412.269044499  -412.269044499  -412.222237138
    93.500  -412.448798388  -412.282800608  -412.271894261  -412.271894261  -412.222242691
    94.000  -412.450225554  -412.286255384  -412.275747819  -412.275747819  -412.222226642
    94.500  -412.452231122  -412.290936614  -412.280886735  -412.280886735  -412.222210570
    95.000  -412.455155050  -412.297385682  -412.287577121  -412.287577121  -412.222234016
    95.500  -412.458949389  -412.305743645  -412.295488124  -412.295488124  -412.222337194
    96.000  -412.462431729  -412.314823142  -412.303136425  -412.303136425  -412.222521786
    96.500  -412.463208745  -412.321981751  -412.307955598  -412.307955598  -412.222702280
    97.000  -412.459079247  -412.324656354  -412.307661753  -412.307661753  -412.222701842
    97.500  -412.450556443  -412.322976668  -412.302724539  -412.302724539  -412.222426827
    98.000  -412.441849126  -412.320784973  -412.297354599  -412.297354599  -412.222117365
    98.500  -412.437306809  -412.322150577  -412.295948593  -412.295948593  -412.222146014
    99.000  -412.436535864  -412.326579922  -412.298164031  -412.298164031  -412.222427316
    99.500  -412.435455625  -412.330036418  -412.299947150  -412.299947150  -412.222592562
   100.000  -412.431306870  -412.329859973  -412.298524727  -412.298524727  -412.222536292
   100.500  -412.424453847  -412.326485292  -412.294219727  -412.294219727  -412.222392701
   101.000  -412.416731469  -412.321757917  -412.288815403  -412.288815403  -412.222280045
   101.500  -412.409752470  -412.317266678  -412.283869597  -412.283869597  -412.222218635
   102.000  -412.404460933  -412.313902461  -412.280280805  -412.280280805  -412.222189965
   102.500  -412.401314367  -412.312046852  -412.278478391  -412.278478391  -412.222183153
   103.000  -412.400451303  -412.311754886  -412.278592450  -412.278592450  -412.222191035
   103.500  -412.401768014  -412.312822961  -412.280544154  -412.280544154  -412.222204553
   104.000  -412.405054141  -412.314930059  -412.284189555  -412.284189555  -412.222207450
   104.500  -412.410211964  -412.317867662  -412.289548433  -412.289548433  -412.222195964
   105.000  -412.417304740  -412.321646208  -412.296835694  -412.296835694  -412.222202669
   105.500  -412.426092819  -412.326125577  -412.305936123  -412.305936123  -412.222298680
   106.000  -412.435172305  -412.330244473  -412.315420110  -412.315420110  -412.222528421
   106.500  -412.441621153  -412.331789359  -412.321964244  -412.321964244  -412.222883349
   107.000  -412.442107143  -412.329129251  -412.320844243  -412.320844243  -412.223087156
   107.500  -412.435396262  -412.321877288  -412.310454661  -412.310454661  -412.222711717
   108.000  -412.424614943  -412.311261087  -412.295978811  -412.295978811  -412.222240151
   108.500  -412.416170138  -412.302753309  -412.284695895  -412.284695895  -412.221911257
   109.000  -412.414749418  -412.300778647  -412.281521717  -412.281521717  -412.221966349
   109.500  -412.419558911  -412.304501971  -412.285760495  -412.285760495  -412.222240261
   110.000  -412.426405609  -412.309845579  -412.293233158  -412.293233158  -412.222453854
   110.500  -412.431821759  -412.313675626  -412.300265217  -412.300265217  -412.222553118
   111.000  -412.434579066  -412.315629505  -412.304807187  -412.304807187  -412.222643281
   111.500  -412.435052285  -412.317578802  -412.305601767  -412.317578802  -412.222549912
   112.000  -412.433981253  -412.322917119  -412.302743843  -412.322917119  -412.222576342
   112.500  -412.431882173  -412.332385337  -412.296967275  -412.332385337  -412.222330300
   113.000  -412.429124710  -412.342643685  -412.294885602  -412.342643685  -412.222352382
   113.500  -412.426164150  -412.348788891  -412.297184042  -412.348788891  -412.222206959
   114.000  -412.422617788  -412.353308927  -412.299194437  -412.353308927  -412.222183653
   114.500  -412.418512560  -412.356536106  -412.300053584  -412.356536106  -412.222153428
   115.000  -412.414230885  -412.358855768  -412.299811554  -412.358855768  -412.222116801
   115.500  -412.410232246  -412.360705314  -412.298794976  -412.360705314  -412.222126956
   116.000  -412.406271220  -412.361833924  -412.296756329  -412.361833924  -412.222239642
   116.500  -412.400723658  -412.360629242  -412.292170809  -412.360629242  -412.222420746
   117.000  -412.391240058  -412.354759042  -412.282857423  -412.354759042  -412.222510091
   117.500  -412.377102715  -412.343516608  -412.268304914  -412.343516608  -412.222331586
   118.000  -412.361553825  -412.330145119  -412.251968771  -412.330145119  -412.221929116
   118.500  -412.350772524  -412.320824772  -412.240221276  -412.320824772  -412.221668103
   119.000  -412.348583111  -412.319397783  -412.237026236  -412.319397783  -412.221828894
   119.500  -412.352649517  -412.323567713  -412.240111519  -412.323567713  -412.222190419
   120.000  -412.357445371  -412.327856219  -412.243938339  -412.327856219  -412.222388375
   120.500  -412.359478018  -412.328807483  -412.244944278  -412.328807483  -412.222346128
   121.000  -412.358801153  -412.326490504  -412.243076293  -412.326490504  -412.222186400
   121.500  -412.357466250  -412.322951987  -412.240256247  -412.322951987  -412.222027790
   122.000  -412.357739835  -412.320440619  -412.238609842  -412.320440619  -412.221924195
   122.500  -412.361172435  -412.320486351  -412.239543829  -412.320486351  -412.221886568
   123.000  -412.368340153  -412.323650852  -412.243499501  -412.323650852  -412.221907466
   123.500  -412.378906352  -412.329597616  -412.250023039  -412.329597616  -412.221972641
   124.000  -412.391827588  -412.337304426  -412.257982997  -412.337304426  -412.222061315
   124.500  -412.405678276  -412.345391151  -412.265902784  -412.345391151  -412.222146235
   125.000  -412.419071699  -412.352540980  -412.272388741  -412.352540980  -412.222204040
   125.500  -412.431015515  -412.357851311  -412.276490951  -412.357851311  -412.222236072
   126.000  -412.440914507  -412.360827373  -412.277707654  -412.360827373  -412.222273544
   126.500  -412.448184449  -412.360983457  -412.275593550  -412.360983457  -412.222336022
   127.000  -412.452046557  -412.357630007  -412.269537039  -412.357630007  -412.222379504
   127.500  -412.450540503  -412.352154941  -412.259849743  -412.352154941  -412.223862705
   128.000  -412.448156609  -412.342757749  -412.249674765  -412.342757749  -412.223632059
   128.500  -412.446416814  -412.334122814  -412.239929223  -412.334122814  -412.223452641
   129.000  -412.447983801  -412.329121379  -412.233308064  -412.329121379  -412.223807758
   129.500  -412.451588656  -412.326310874  -412.228600652  -412.326310874  -412.224012463
   130.000  -412.454035473  -412.322689282  -412.222858271  -412.322689282  -412.223960075
   130.500  -412.453185364  -412.316528754  -412.214513364  -412.316528754  -412.223901602
   131.000  -412.449294344  -412.308114344  -412.204037113  -412.308114344  -412.223748860
   131.500  -412.444258022  -412.299462038  -412.193616109  -412.299462038  -412.223600826
   132.000  -412.440104457  -412.292684688  -412.185535062  -412.292684688  -412.223510786
   132.500  -412.437160467  -412.277553619  -412.201260087  -412.277553619  -412.211704232
   133.000  -412.437758548  -412.278259466  -412.202326703  -412.278259466  -412.211735024
   133.500  -412.440490326  -412.282480980  -412.205277635  -412.282480980  -412.211798429
   134.000  -412.444247456  -412.289321293  -412.208789921  -412.289321293  -412.211813806
   134.500  -412.447983257  -412.299192046  -412.210063444  -412.299192046  -412.210979570
   135.000  -412.449308568  -412.311914999  -412.211682383  -412.311914999  -412.211443909
   135.500  -412.448588704  -412.320007685  -412.218880671  -412.320007685  -412.211187042
   136.000  -412.447271651  -412.327108422  -412.227013821  -412.327108422  -412.211127248
   136.500  -412.445828122  -412.334084432  -412.235511444  -412.334084432  -412.211193302
   137.000  -412.443336706  -412.339983704  -412.242965740  -412.339983704  -412.211353287
   137.500  -412.437732972  -412.342628727  -412.246965990  -412.342628727  -412.211462696
   138.000  -412.427805925  -412.340683614  -412.246048489  -412.340683614  -412.211380749
   138.500  -412.417161402  -412.334438277  -412.242135533  -412.334438277  -412.210056214
   139.000  -412.405407617  -412.329575659  -412.239450171  -412.329575659  -412.209899424
   139.500  -412.396962945  -412.327394560  -412.238893048  -412.327394560  -412.209954914
   140.000  -412.391103128  -412.327105639  -412.239764844  -412.327105639  -412.210110238
   140.500  -412.385462950  -412.326329900  -412.239808910  -412.326329900  -412.210188112
   141.000  -412.378594545  -412.323630464  -412.237707887  -412.323630464  -412.210154985
   141.500  -412.370665582  -412.319196283  -412.233755902  -412.319196283  -412.210072420
   142.000  -412.362684009  -412.314062129  -412.229072714  -412.314062129  -412.209998427
   142.500  -412.355637528  -412.309246278  -412.224743378  -412.309246278  -412.209955360
   143.000  -412.350107146  -412.305364597  -412.221433113  -412.305364597  -412.209940417
   143.500  -412.346263535  -412.302628066  -412.219386072  -412.302628066  -412.209942307
   144.000  -412.344011553  -412.300987966  -412.218571138  -412.300987966  -412.209952736
   144.500  -412.343111711  -412.300257274  -412.218803766  -412.300257274  -412.209968432
   145.000  -412.343246172  -412.300174227  -412.219809145  -412.300174227  -412.209983799
   145.500  -412.344118796  -412.300497046  -412.221316159  -412.300497046  -412.209988255
   146.000  -412.345603121  -412.301144734  -412.223196974  -412.301144734  -412.209984169
   146.500  -412.347695765  -412.302143957  -412.225415296  -412.302143957  -412.210002721
   147.000  -412.350093627  -412.303205324  -412.227605718  -412.303205324  -412.210072790
   147.500  -412.351847767  -412.303380771  -412.228740008  -412.303380771  -412.210159959
   148.000  -412.351880793  -412.301586388  -412.227656671  -412.301586388  -412.210170299
   148.500  -412.350265744  -412.297884841  -412.224349597  -412.297884841  -412.210050611
   149.000  -412.348859562  -412.294125417  -412.220610359  -412.294125417  -412.209886804
   149.500  -412.350028204  -412.292680964  -412.218775716  -412.292680964  -412.209835326
   150.000  -412.354485438  -412.294300414  -412.219594797  -412.294300414  -412.209926010
   150.500  -412.360856260  -412.297672119  -412.221802164  -412.297672119  -412.210038710
   151.000  -412.367311014  -412.301043507  -412.223727709  -412.301043507  -412.210074502
   151.500  -412.373047714  -412.303706814  -412.224737077  -412.303706814  -412.210015607
   152.000  -412.378387927  -412.306327408  -412.225256838  -412.306327408  -412.209931398
   152.500  -412.384389069  -412.310006668  -412.226399140  -412.310006668  -412.210046163
   153.000  -412.392265053  -412.314853403  -412.230017648  -412.314853403  -412.209950763
   153.500  -412.402291359  -412.321624691  -412.236209888  -412.321624691  -412.209969350
   154.000  -412.414013232  -412.330071149  -412.244407802  -412.330071149  -412.210057813
   154.500  -412.426106053  -412.338904134  -412.253314152  -412.338904134  -412.210179348
   155.000  -412.436817448  -412.346378420  -412.261260378  -412.346378420  -412.210279084
   155.500  -412.444745065  -412.351098870  -412.266984729  -412.351098870  -412.210314327
   156.000  -412.449430429  -412.352636618  -412.270231922  -412.352636618  -412.210281114
   156.500  -412.451356877  -412.351569107  -412.271718977  -412.351569107  -412.210217618
   157.000  -412.451314651  -412.348910316  -412.272366882  -412.348910316  -412.210174786
   157.500  -412.449675539  -412.345361578  -412.272372439  -412.345361578  -412.210173599
   158.000  -412.446338803  -412.341049623  -412.271226015  -412.341049623  -412.210171918
   158.500  -412.441421986  -412.336114044  -412.268715024  -412.336114044  -412.210116342
   159.000  -412.435835967  -412.331384029  -412.265586387  -412.331384029  -412.210031645
   159.500  -412.430828343  -412.328018385  -412.263010254  -412.328018385  -412.210000530
   160.000  -412.426866175  -412.326409298  -412.261404713  -412.326409298  -412.210054175
   160.500  -412.423221486  -412.325761724  -412.259992637  -412.325761724  -412.210137033
   161.000  -412.418740248  -412.324847145  -412.257557223  -412.324847145  -412.210177595
   161.500  -412.412865541  -412.323019492  -412.253458307  -412.323019492  -412.210152324
   162.000  -412.406026502  -412.320603153  -412.248030426  -412.320603153  -412.210082164
   162.500  -412.399351787  -412.318613339  -412.242314337  -412.318613339  -412.210008627
   163.000  -412.394042787  -412.318137455  -412.237454931  -412.318137455  -412.209972460
   163.500  -412.390734750  -412.319705467  -412.234077548  -412.319705467  -412.209995639
   164.000  -412.389152351  -412.322950429  -412.231951499  -412.322950429  -412.210068631
   164.500  -412.388237240  -412.326738648  -412.230111466  -412.326738648  -412.210159971
   165.000  -412.386622084  -412.329642299  -412.227319817  -412.329642299  -412.210236115
   165.500  -412.383152911  -412.330459084  -412.222572085  -412.330459084  -412.210274123
   166.000  -412.377258344  -412.328578078  -412.215448115  -412.328578078  -412.210264190
   166.500  -412.369103503  -412.324132126  -412.206247399  -412.324132126  -412.210213201
   167.000  -412.359486185  -412.317893395  -412.195870833  -412.317893395  -412.210144888
   167.500  -412.349493228  -412.310929552  -412.185468609  -412.310929552  -412.210083574
   168.000  -412.340147157  -412.304249394  -412.176085285  -412.304249394  -412.210033434
   168.500  -412.332304595  -412.298699864  -412.168563948  -412.298699864  -412.209989382
   169.000  -412.326666616  -412.294975272  -412.163571218  -412.294975272  -412.209966902
   169.500  -412.323547323  -412.293385620  -412.161387203  -412.293385620  -412.209990782
   170.000  -412.322560601  -412.293544598  -412.161611578  -412.293544598  -412.210052424
   170.500  -412.322760641  -412.294511374  -412.163309121  -412.294511374  -412.210110011
   171.000  -412.323227365  -412.295377950  -412.165584368  -412.295377950  -412.210131665
   171.500  -412.323534993  -412.295738560  -412.168032574  -412.295738560  -412.210117272
   172.000  -412.323783012  -412.295720706  -412.170756912  -412.295720706  -412.210086070
   172.500  -412.324335462  -412.295722080  -412.174100132  -412.295722080  -412.210058213
   173.000  -412.325527358  -412.296112532  -412.178349045  -412.296112532  -412.210045617
   173.500  -412.327484220  -412.297047147  -412.183555614  -412.297047147  -412.210050131
   174.000  -412.330088663  -412.298427314  -412.189509377  -412.298427314  -412.210065687
   174.500  -412.333064959  -412.299983287  -412.195831328  -412.299983287  -412.210082506
   175.000  -412.336121089  -412.301419118  -412.202128012  -412.301419118  -412.210091297
   175.500  -412.339083138  -412.302553725  -412.208135715  -412.302553725  -412.210087424
   176.000  -412.341960181  -412.303393502  -412.213791461  -412.303393502  -412.210073874
   176.500  -412.344896933  -412.304091150  -412.219183302  -412.304091150  -412.210060376
   177.000  -412.348037381  -412.304811967  -412.224406318  -412.304811967  -412.210054416
   177.500  -412.351423858  -412.305631537  -412.229449627  -412.305631537  -412.210052450
   178.000  -412.355046547  -412.306580742  -412.234239071  -412.306580742  -412.210044750
   178.500  -412.358968902  -412.307764991  -412.238764070  -412.307764991  -412.210032697
   179.000  -412.363302089  -412.309333679  -412.243064093  -412.309333679  -412.210033015
   179.500  -412.367984428  -412.311256082  -412.247022387  -412.311256082  -412.210056902
   180.000  -412.372642549  -412.313181585  -412.250239586  -412.313181585  -412.210091481
   180.500  -412.376771933  -412.314620844  -412.252216037  -412.314620844  -412.210111678
   181.000  -412.380083985  -412.315295044  -412.252695243  -412.315295044  -412.210104017
   181.500  -412.382697592  -412.315330364  -412.251847618  -412.315330364  -412.210074033
   182.000  -412.385061926  -412.315184079  -412.250185905  -412.315184079  -412.210037067
   182.500  -412.387731472  -412.315421919  -412.248335958  -412.315421919  -412.210007208
   183.000  -412.391150681  -412.316503333  -412.246817559  -412.316503333  -412.209992913
   183.500  -412.395524838  -412.318650495  -412.245915122  -412.318650495  -412.209995994
   184.000  -412.400786726  -412.321813266  -412.245640699  -412.321813266  -412.210014020
   184.500  -412.406634291  -412.325705970  -412.245771131  -412.325705970  -412.210041737
   185.000  -412.412606643  -412.329885140  -412.245921439  -412.329885140  -412.210074610
   185.500  -412.418154775  -412.333822298  -412.245618594  -412.333822298  -412.210111116
   186.000  -412.422674706  -412.336936742  -412.244337205  -412.336936742  -412.210152632
   186.500  -412.425510864  -412.338596304  -412.241508064  -412.338596304  -412.210197069
   187.000  -412.426013296  -412.338171198  -412.236576175  -412.338171198  -412.210231323
   187.500  -412.423749350  -412.335242872  -412.229212638  -412.335242872  -412.210231519
   188.000  -412.418843418  -412.329942703  -412.219652320  -412.329942703  -412.210180963
   188.500  -412.412180602  -412.323156353  -412.208896536  -412.323156353  -412.210095409
   189.000  -412.405136708  -412.316255407  -412.198445212  -412.316255407  -412.210023050
   189.500  -412.398869677  -412.310391203  -412.189589009  -412.310391203  -412.210002854
   190.000  -412.393767340  -412.305943014  -412.182847913  -412.305943014  -412.210025041
   190.500  -412.389578196  -412.302648235  -412.178079942  -412.302648235  -412.210049105
   191.000  -412.385986807  -412.300175492  -412.175033298  -412.300175492  -412.210049804
   191.500  -412.382996582  -412.298506379  -412.173718641  -412.298506379  -412.210032191
   192.000  -412.380882296  -412.297888555  -412.174364895  -412.297888555  -412.210013706
   192.500  -412.379940426  -412.298588599  -412.177177004  -412.298588599  -412.210005654
   193.000  -412.380308682  -412.300714558  -412.182161620  -412.300714558  -412.210008781
   193.500  -412.381935302  -412.304187883  -412.189105188  -412.304187883  -412.210018730
   194.000  -412.384630237  -412.308795807  -412.197640444  -412.308795807  -412.210033252
   194.500  -412.388097234  -412.314222990  -412.207298034  -412.314222990  -412.210055601
   195.000  -412.391899936  -412.320015308  -412.217489475  -412.320015308  -412.210091277
   195.500  -412.395410160  -412.325521156  -412.227459946  -412.325521156  -412.210140807
   196.000  -412.397850497  -412.329918482  -412.236302269  -412.329918482  -412.210186029
   196.500  -412.398396380  -412.332414550  -412.243116911  -412.332414550  -412.210226425
   197.000  -412.396457851  -412.332406317  -412.247255528  -412.332406317  -412.210239817
   197.500  -412.391887519  -412.329703195  -412.248464191  -412.329703195  -412.210221405
   198.000  -412.385025885  -412.324612260  -412.246970827  -412.324612260  -412.210173309
   198.500  -412.376661142  -412.317894450  -412.243455986  -412.317894450  -412.210107135
   199.000  -412.367834594  -412.310571725  -412.238873352  -412.310571725  -412.210047071
   199.500  -412.359484872  -412.303571039  -412.234111726  -412.303571039  -412.210015362
   200.000  -412.352132547  -412.297408029  -412.229683552  -412.297408029  -412.210011565
   200.500  -412.345877572  -412.292181165  -412.225701219  -412.292181165  -412.210016116
   201.000  -412.340672398  -412.287839814  -412.222138189  -412.287839814  -412.210012246
   201.500  -412.336566699  -412.284427594  -412.219075510  -412.284427594  -412.209999404
   202.000  -412.333732811  -412.282107398  -412.216725949  -412.282107398  -412.209986798
   202.500  -412.332336990  -412.281035216  -412.215297426  -412.281035216  -412.209982509
   203.000  -412.332421766  -412.281246176  -412.214872402  -412.281246176  -412.209986244
   203.500  -412.333903863  -412.282657203  -412.215405186  -412.282657203  -412.209990355
   204.000  -412.336678568  -412.285174432  -412.216827526  -412.285174432  -412.209987208
   204.500  -412.340728959  -412.288801205  -412.219158365  -412.288801205  -412.209978188
   205.000  -412.346110187  -412.293618909  -412.222487697  -412.293618909  -412.209976476
   205.500  -412.352773753  -412.299606176  -412.226798945  -412.299606176  -412.209997389
   206.000  -412.360357325  -412.306425427  -412.231757484  -412.306425427  -412.210045610
   206.500  -412.368115919  -412.313351772  -412.236640014  -412.313351772  -412.210111733
   207.000  -412.375049714  -412.319401110  -412.240460236  -412.319401110  -412.210177202
   207.500  -412.380178322  -412.323604868  -412.242239965  -412.323604868  -412.210218821
   208.000  -412.382888357  -412.325359025  -412.241354561  -412.325359025  -412.210216608
   208.500  -412.383226913  -412.324718635  -412.237828530  -412.324718635  -412.210167652
   209.000  -412.381933599  -412.322430391  -412.232378002  -412.322430391  -412.210096091
   209.500  -412.380079540  -412.319571247  -412.226067854  -412.319571247  -412.210042122
   210.000  -412.378486668  -412.316966486  -412.219750163  -412.316966486  -412.210030654
   210.500  -412.377366681  -412.314827644  -412.213712627  -412.314827644  -412.210052175
   211.000  -412.376440485  -412.312871621  -412.207789753  -412.312871621  -412.210079503
   211.500  -412.375317886  -412.310701053  -412.201720744  -412.310701053  -412.210095952
   212.000  -412.373750293  -412.308058852  -412.195376983  -412.308058852  -412.210102485
   212.500  -412.371640951  -412.304842233  -412.188754439  -412.304842233  -412.210104986
   213.000  -412.368982479  -412.301044080  -412.181905260  -412.301044080  -412.210099664
   213.500  -412.365922773  -412.296822995  -412.175014090  -412.296822995  -412.210070353
   214.000  -412.362993171  -412.292732253  -412.168652872  -412.292732253  -412.210002773
   214.500  -412.361268010  -412.289879127  -412.163973314  -412.289879127  -412.209914539
   215.000  -412.362056928  -412.289611287  -412.162424157  -412.289611287  -412.209864975
   215.500  -412.366031360  -412.292638070  -412.164870284  -412.292638070  -412.209911174
   216.000  -412.372453055  -412.298251009  -412.170784001  -412.298251009  -412.210039479
   216.500  -412.379387694  -412.304536280  -412.178402372  -412.304536280  -412.210173373
   217.000  -412.384795444  -412.309466369  -412.185774660  -412.309466369  -412.210246118
   217.500  -412.387509949  -412.311881824  -412.191723269  -412.311881824  -412.210243196
   218.000  -412.387501652  -412.311754079  -412.196115688  -412.311754079  -412.210184362
   218.500  -412.385609976  -412.309920294  -412.199618793  -412.309920294  -412.210096853
   219.000  -412.383131220  -412.307669525  -412.203309332  -412.307669525  -412.210007629
   219.500  -412.381438137  -412.306319079  -412.208269580  -412.306319079  -412.209948430
   220.000  -412.381553297  -412.306800274  -412.215225212  -412.306800274  -412.209917830
   220.500  -412.383617972  -412.309464938  -412.224352721  -412.309464938  -412.209949688
   221.000  -412.387200946  -412.313878274  -412.235031741  -412.313878274  -412.210012487
   221.500  -412.391435474  -412.319124407  -412.246221619  -412.319124407  -412.210079193
   222.000  -412.395350035  -412.324190801  -412.256832698  -412.324190801  -412.210135372
   222.500  -412.398091813  -412.328189976  -412.265930284  -412.328189976  -412.210180341
   223.000  -412.398958190  -412.330393417  -412.272759924  -412.330393417  -412.210218329
   223.500  -412.397372195  -412.330201956  -412.276718615  -412.330201956  -412.210245500
   224.000  -412.392973574  -412.327232910  -412.277440724  -412.327232910  -412.210240906
   224.500  -412.385936663  -412.321637363  -412.275102951  -412.321637363  -412.210173768
   225.000  -412.377380411  -412.314508752  -412.270814064  -412.314508752  -412.210042593
   225.500  -412.369307265  -412.307818762  -412.266533941  -412.307818762  -412.209919938
   226.000  -412.363535418  -412.303346473  -412.263999007  -412.303346473  -412.209908988
   226.500  -412.360293903  -412.301275224  -412.263334988  -412.301275224  -412.210018615
   227.000  -412.358106665  -412.300084071  -412.262975775  -412.300084071  -412.210147036
   227.500  -412.355171299  -412.297935492  -412.261067299  -412.297935492  -412.210203655
   228.000  -412.350668474  -412.293989998  -412.256775322  -412.293989998  -412.210174623
   228.500  -412.345052925  -412.288696039  -412.250553930  -412.288696039  -412.210086032
   229.000  -412.339720010  -412.283452837  -412.243791635  -412.283452837  -412.209965302
   229.500  -412.336565238  -412.280165900  -412.238367958  -412.280165900  -412.209846140
   230.000  -412.337419078  -412.280678307  -412.236107491  -412.280678307  -412.209780942
   230.500  -412.343253522  -412.285975207  -412.238016427  -412.285975207  -412.209813449
   231.000  -412.353576875  -412.295576989  -412.243695439  -412.295576989  -412.209930606
   231.500  -412.366641787  -412.307747432  -412.251537727  -412.307747432  -412.210069221
   232.000  -412.380348762  -412.320399091  -412.259604435  -412.320399091  -412.210176480
   232.500  -412.393017446  -412.331867071  -412.266368049  -412.331867071  -412.210247043
   233.000  -412.403503084  -412.341026618  -412.270816005  -412.341026618  -412.210306598
   233.500  -412.410868313  -412.346964366  -412.272119819  -412.346964366  -412.210374459
   234.000  -412.414153714  -412.348746349  -412.269406021  -412.348746349  -412.210432577
   234.500  -412.412701174  -412.345737121  -412.262081005  -412.345737121  -412.210416449
   235.000  -412.407105526  -412.338547109  -412.250786303  -412.338547109  -412.210258322
   235.500  -412.400069826  -412.329886847  -412.238267837  -412.329886847  -412.209997139
   236.000  -412.395625715  -412.323792308  -412.228621901  -412.323792308  -412.209826738
   236.500  -412.396302005  -412.322804269  -412.224492020  -412.322804269  -412.209894788
   237.000  -412.401081826  -412.325934115  -412.225032705  -412.325934115  -412.210098855
   237.500  -412.406779140  -412.330042850  -412.227257699  -412.330042850  -412.210246408
   238.000  -412.410781939  -412.332600875  -412.228730532  -412.332600875  -412.210265688
   238.500  -412.412161759  -412.332929440  -412.228456478  -412.332929440  -412.210455682
   239.000  -412.411184611  -412.330645221  -412.227124576  -412.330645221  -412.210390683
   239.500  -412.408303465  -412.326549706  -412.225018046  -412.326549706  -412.210332013
   240.000  -412.404270394  -412.321403766  -412.222725056  -412.321403766  -412.210259273
   240.500  -412.400066994  -412.316181290  -412.221035489  -412.316181290  -412.210174719
   241.000  -412.396843305  -412.312018108  -412.220859251  -412.312018108  -412.210107622
   241.500  -412.395532917  -412.309817034  -412.222887725  -412.309817034  -412.210091321
   242.000  -412.396394831  -412.309795286  -412.227184412  -412.309795286  -412.210131707
   242.500  -412.398893957  -412.311381483  -412.233072668  -412.311381483  -412.210206891
   243.000  -412.401970247  -412.313494499  -412.239403279  -412.313494499  -412.210290825
   243.500  -412.404399375  -412.314908770  -412.244906058  -412.314908770  -412.210369848
   244.000  -412.405021494  -412.314484656  -412.248403404  -412.314484656  -412.210435833
   244.500  -412.402922537  -412.311348731  -412.248975520  -412.311348731  -412.210464769
   245.000  -412.397845360  -412.305302529  -412.246359888  -412.305302529  -412.210405670
   245.500  -412.390919155  -412.297548389  -412.241674692  -412.297548389  -412.210222941
   246.000  -412.385028548  -412.291052538  -412.237790341  -412.291052538  -412.209994814
   246.500  -412.383527311  -412.289248927  -412.238053962  -412.289248927  -412.209913565
   247.000  -412.387529703  -412.293316489  -412.243593320  -412.293316489  -412.210065418
   247.500  -412.394745918  -412.301003420  -412.252156662  -412.301003420  -412.210308471
   248.000  -412.401418880  -412.308561487  -412.260039275  -412.308561487  -412.210472566
   248.500  -412.404810506  -412.313238867  -412.264550965  -412.313238867  -412.210520602
   249.000  -412.403947175  -412.314034185  -412.264741910  -412.314034185  -412.210492758
   249.500  -412.399167309  -412.311250709  -412.260936007  -412.311250709  -412.210418117
   250.000  -412.391690159  -412.306067715  -412.254292906  -412.306067715  -412.210299872
   250.500  -412.383476446  -412.300402142  -412.246677350  -412.300402142  -412.210152466
   251.000  -412.376899608  -412.296578653  -412.240358211  -412.296578653  -412.210034990
   251.500  -412.373818430  -412.296400835  -412.237124664  -412.296400835  -412.210021573
   252.000  -412.374519262  -412.300093127  -412.237262225  -412.300093127  -412.210121261
   252.500  -412.377606550  -412.306194154  -412.239441976  -412.306194154  -412.210260648
   253.000  -412.381042785  -412.312602845  -412.241723075  -412.312602845  -412.210363703
   253.500  -412.383260122  -412.317697777  -412.242619406  -412.317697777  -412.210414267
   254.000  -412.383461295  -412.320644664  -412.241373912  -412.320644664  -412.210438605
   254.500  -412.381308623  -412.321088920  -412.237646779  -412.321088920  -412.210454750
   255.000  -412.376711379  -412.318941554  -412.231316521  -412.318941554  -412.210439421
   255.500  -412.370178014  -412.314725454  -412.222853660  -412.314725454  -412.210339704
   256.000  -412.363504309  -412.310253860  -412.214032375  -412.310253860  -412.210151000
   256.500  -412.359661030  -412.308508805  -412.207841826  -412.308508805  -412.209998528
   257.000  -412.360909725  -412.311750336  -412.206615818  -412.311750336  -412.210040182
   257.500  -412.367069461  -412.319559588  -412.209651914  -412.319559588  -412.210466864
   258.000  -412.374075249  -412.328340790  -412.214410552  -412.328340790  -412.210660922
   258.500  -412.379303786  -412.335181567  -412.217779280  -412.335181567  -412.210730887
   259.000  -412.381400914  -412.338698964  -412.218576127  -412.338698964  -412.210697257
   259.500  -412.380620975  -412.339121574  -412.217192113  -412.339121574  -412.210623991
   260.000  -412.377926144  -412.337391725  -412.214676027  -412.337391725  -412.210554783
   260.500  -412.374295703  -412.334475527  -412.212033528  -412.334475527  -412.210500160
   261.000  -412.370508799  -412.331145359  -412.210002907  -412.331145359  -412.210450428
   261.500  -412.367243343  -412.328076926  -412.209153193  -412.328076926  -412.210401446
   262.000  -412.365130389  -412.325902101  -412.209949084  -412.325902101  -412.210372428
   262.500  -412.364520250  -412.324973351  -412.212541431  -412.324973351  -412.210388200
   263.000  -412.365170951  -412.325051837  -412.216488509  -412.325051837  -412.210446666
   263.500  -412.366269905  -412.325328726  -412.220804874  -412.325328726  -412.210520072
   264.000  -412.366792442  -412.324783516  -412.224330315  -412.324783516  -412.210583783
   264.500  -412.365852069  -412.322534394  -412.226074937  -412.322534394  -412.210625675
   265.000  -412.362916961  -412.318055070  -412.225425308  -412.318055070  -412.210628938
   265.500  -412.358087729  -412.311453610  -412.222414933  -412.311453610  -412.210565238
   266.000  -412.352477751  -412.303854015  -412.218105559  -412.303854015  -412.210430276
   266.500  -412.348174285  -412.297358586  -412.214557022  -412.297358586  -412.210295545
   267.000  -412.347147563  -412.293956955  -412.213746613  -412.293956955  -412.210272073
   267.500  -412.349707706  -412.293981987  -412.216027036  -412.293981987  -412.210377796
   268.000  -412.354267277  -412.295871107  -412.219873145  -412.295871107  -412.210509207
   268.500  -412.358771772  -412.297596720  -412.223287967  -412.297596720  -412.210570046
   269.000  -412.362118069  -412.298085336  -412.225202910  -412.298085336  -412.210551979
   269.500  -412.364385696  -412.297449460  -412.225704458  -412.297449460  -412.210497821
   270.000  -412.366283093  -412.296433979  -412.225485547  -412.296433979  -412.210442696
   270.500  -412.368633971  -412.295902610  -412.225340943  -412.295902610  -412.210390897
   271.000  -412.372268954  -412.296729702  -412.226070428  -412.296729702  -412.210329810
   271.500  -412.378136421  -412.299911918  -412.228607660  -412.299911918  -412.210266277
   272.000  -412.387136695  -412.306403516  -412.233877967  -412.306403516  -412.210247543
   272.500  -412.399441224  -412.316435053  -412.242141366  -412.316435053  -412.210322741
   273.000  -412.413629298  -412.329013093  -412.253392545  -412.329013093  -412.210599372
   273.500  -412.427862312  -412.341627747  -412.263434399  -412.341627747  -412.210762903
   274.000  -412.439756153  -412.351923218  -412.270643577  -412.351923218  -412.210849060
   274.500  -412.446967154  -412.358184728  -412.273986895  -412.358184728  -412.210909099
   275.000  -412.448877946  -412.359532672  -412.272393584  -412.359532672  -412.210905863
   275.500  -412.445706899  -412.356150015  -412.266117337  -412.356150015  -412.210826132
   276.000  -412.438881286  -412.349408548  -412.256601194  -412.349408548  -412.210673685
   276.500  -412.430869822  -412.341707577  -412.246318458  -412.341707577  -412.210515844
   277.000  -412.424130656  -412.335430384  -412.237719093  -412.335430384  -412.210455237
   277.500  -412.419657174  -412.331501029  -412.231771151  -412.331501029  -412.210515005
   278.000  -412.416653546  -412.329069947  -412.227647110  -412.329069947  -412.210607781
   278.500  -412.413730332  -412.326715169  -412.223949566  -412.326715169  -412.210647213
   279.000  -412.410169442  -412.323705222  -412.220017311  -412.323705222  -412.210625258
   279.500  -412.408632572  -412.319195064  -412.227053348  -412.319195064  -412.209633105
   280.000  -412.404957564  -412.315606075  -412.225307762  -412.315606075  -412.209606658
   280.500  -412.401620702  -412.312415412  -412.223930226  -412.312415412  -412.209605238
   281.000  -412.398664649  -412.309685227  -412.222841753  -412.309685227  -412.209604453
   281.500  -412.396080043  -412.307506727  -412.222048028  -412.307506727  -412.209563534
   282.000  -412.394299465  -412.306559618  -412.222247515  -412.306559618  -412.209456499
   282.500  -412.394330699  -412.308296760  -412.225273385  -412.308296760  -412.209423670
   283.000  -412.397669162  -412.313413244  -412.232979377  -412.313413244  -412.209448616
   283.500  -412.404236922  -412.321306894  -412.244489142  -412.321306894  -412.209579046
   284.000  -412.411638611  -412.329979903  -412.256920147  -412.329979903  -412.209765685
   284.500  -412.416849013  -412.336646805  -412.266941082  -412.336646805  -412.209898492
   285.000  -412.417703262  -412.339296119  -412.272185528  -412.339296119  -412.209921921
   285.500  -412.413700404  -412.337604171  -412.272065344  -412.337604171  -412.209795133
   286.000  -412.405848124  -412.333460873  -412.268070697  -412.333460873  -412.210058497
   286.500  -412.397933100  -412.328614098  -412.262497131  -412.328614098  -412.209890809
   287.000  -412.392090731  -412.326092710  -412.258187447  -412.326092710  -412.209852133
   287.500  -412.389085136  -412.326501738  -412.256159776  -412.326501738  -412.209952788
   288.000  -412.387632084  -412.328412782  -412.255326389  -412.328412782  -412.210082824
   288.500  -412.385911831  -412.329861821  -412.253891864  -412.329861821  -412.210149619
   289.000  -412.382957285  -412.329726713  -412.250889460  -412.329726713  -412.210143262
   289.500  -412.378859006  -412.327963469  -412.246473209  -412.327963469  -412.210103048
   290.000  -412.374227898  -412.325085462  -412.241361882  -412.325085462  -412.210067698
   290.500  -412.369637659  -412.321601213  -412.236235814  -412.321601213  -412.210052984
   291.000  -412.365396377  -412.317776061  -412.231470385  -412.317776061  -412.210048155
   291.500  -412.361708412  -412.313785596  -412.227274986  -412.313785596  -412.210022399
   292.000  -412.359106295  -412.310143923  -412.224119456  -412.310143923  -412.209949945
   292.500  -412.358756943  -412.308012865  -412.223052603  -412.308012865  -412.209853650
   293.000  -412.362049178  -412.308799562  -412.225319710  -412.308799562  -412.209815069
   293.500  -412.369414674  -412.312989330  -412.231222930  -412.312989330  -412.209896306
   294.000  -412.379484216  -412.319308632  -412.239314154  -412.319308632  -412.210058846
   294.500  -412.389643275  -412.325274878  -412.246966569  -412.325274878  -412.210206097
   295.000  -412.397434117  -412.328583699  -412.251771804  -412.328583699  -412.210274602
   295.500  -412.401565814  -412.328100103  -412.252528221  -412.328100103  -412.210250188
   296.000  -412.402208315  -412.324137596  -412.249512039  -412.324137596  -412.210141746
   296.500  -412.400857571  -412.318315099  -412.244323568  -412.318315099  -412.209984898
   297.000  -412.399745777  -412.312969571  -412.239293416  -412.312969571  -412.209855122
   297.500  -412.400702228  -412.310030406  -412.236356773  -412.310030406  -412.209822721
   298.000  -412.404116950  -412.310017741  -412.236057957  -412.310017741  -412.209876216
   298.500  -412.408910512  -412.312191484  -412.237680662  -412.312191484  -412.209905616
   299.000  -412.413642825  -412.315393867  -412.240364128  -412.315393867  -412.210090747
   299.500  -412.418195841  -412.318203962  -412.243120164  -412.318203962  -412.210071862
   300.000  -412.422041679  -412.320646625  -412.245527785  -412.320646625  -412.210065816
   300.500  -412.425024061  -412.322742900  -412.247541323  -412.322742900  -412.210078511
   301.000  -412.426895125  -412.324274575  -412.248945649  -412.324274575  -412.210110905
   301.500  -412.427210928  -412.324782962  -412.249276761  -412.324782962  -412.210141511
   302.000  -412.425628290  -412.323887973  -412.248133478  -412.323887973  -412.210132421
   302.500  -412.422430112  -412.321821369  -412.245718924  -412.321821369  -412.210059974
   303.000  -412.418805523  -412.319712253  -412.243136514  -412.319712253  -412.209960064
   303.500  -412.416280906  -412.319025583  -412.241836610  -412.319025583  -412.209922718
   304.000  -412.415455775  -412.320307588  -412.242368793  -412.320307588  -412.209996446
   304.500  -412.415339136  -412.322530855  -412.243727210  -412.322530855  -412.210123297
   305.000  -412.414153584  -412.323886119  -412.244130099  -412.323886119  -412.210219357
   305.500  -412.412775863  -412.321696434  -412.243084769  -412.321696434  -412.208745996
   306.000  -412.407336162  -412.319161003  -412.240721264  -412.319161003  -412.208639477
   306.500  -412.401475331  -412.316427063  -412.238187256  -412.316427063  -412.208495842
   307.000  -412.397333651  -412.315625305  -412.237560249  -412.315625305  -412.208399451
   307.500  -412.396340277  -412.318173016  -412.240193839  -412.318173016  -412.208413049
   308.000  -412.398354911  -412.323904430  -412.245869697  -412.323904430  -412.208514636
   308.500  -412.401953296  -412.331359048  -412.253082101  -412.331359048  -412.208627900
   309.000  -412.405491710  -412.338844237  -412.260097939  -412.338844237  -412.208700046
   309.500  -412.407894742  -412.345221830  -412.265749224  -412.345221830  -412.208729278
   310.000  -412.408727571  -412.349983301  -412.269517129  -412.349983301  -412.208739902
   310.500  -412.407873661  -412.352929856  -412.271221523  -412.352929856  -412.208752145
   311.000  -412.405255797  -412.353894853  -412.270751009  -412.353894853  -412.208766650
   311.500  -412.400834768  -412.352743844  -412.268062940  -412.352743844  -412.208762062
   312.000  -412.394927483  -412.349692539  -412.263500640  -412.349692539  -412.208704723
   312.500  -412.388665156  -412.345766735  -412.258248990  -412.345766735  -412.208582532
   313.000  -412.384081396  -412.342895561  -412.254414205  -412.342895561  -412.208448875
   313.500  -412.383268848  -412.343076153  -412.254164380  -412.343076153  -412.208405209
   314.000  -412.386931944  -412.346934472  -412.258252011  -412.346934472  -412.208498238
   314.500  -412.393747636  -412.353086993  -412.265343304  -412.353086993  -412.208663482
   315.000  -412.401265694  -412.359035835  -412.272898794  -412.359035835  -412.208802345
   315.500  -412.407351637  -412.362605304  -412.278617390  -412.362605304  -412.208860889
   316.000  -412.411059790  -412.362815632  -412.281331223  -412.362815632  -412.208825727
   316.500  -412.412875555  -412.360132535  -412.281282341  -412.360132535  -412.208707824
   317.000  -412.414492708  -412.356260381  -412.279941232  -412.356260381  -412.208564855
   317.500  -412.417906314  -412.353254092  -412.279149941  -412.353254092  -412.208493437
   318.000  -412.424017262  -412.352147512  -412.279777085  -412.352147512  -412.208542235
   318.500  -412.431937465  -412.352275824  -412.281060793  -412.352275824  -412.208653840
   319.000  -412.439742768  -412.352031012  -412.281365502  -412.352031012  -412.208737182
   319.500  -412.445755326  -412.350129524  -412.279433028  -412.350129524  -412.208756422
   320.000  -412.449142526  -412.346187163  -412.274937531  -412.346187163  -412.208729602
   320.500  -412.449712702  -412.340527226  -412.268264454  -412.340527226  -412.208678179
   321.000  -412.447106676  -412.334194336  -412.260141747  -412.334194336  -412.207535629
   321.500  -412.441391323  -412.327002404  -412.253266556  -412.327002404  -412.206705892
   322.000  -412.434258492  -412.318088911  -412.245326043  -412.318088911  -412.206684564
   322.500  -412.425601259  -412.309130767  -412.236649741  -412.309130767  -412.206576721
   323.000  -412.417073839  -412.301868807  -412.228970904  -412.301868807  -412.206427114
   323.500  -412.411080478  -412.298681268  -412.224765243  -412.298681268  -412.206324650
   324.000  -412.409331324  -412.301097983  -412.225682168  -412.301097983  -412.206381097
   324.500  -412.411212001  -412.308260561  -412.230987013  -412.308260561  -412.206579623
   325.000  -412.414015998  -412.317179685  -412.237798895  -412.317179685  -412.206789408
   325.500  -412.414812481  -412.324608452  -412.242924820  -412.324608452  -412.206908119
   326.000  -412.411886294  -412.328621316  -412.244574587  -412.328621316  -412.206910995
   326.500  -412.405310398  -412.329117416  -412.242780584  -412.329117416  -412.206804492
   327.000  -412.396906259  -412.327675514  -412.239107294  -412.327675514  -412.206639611
   327.500  -412.389269495  -412.326707008  -412.235981186  -412.326707008  -412.206522137
   328.000  -412.384204762  -412.327890664  -412.235150513  -412.327890664  -412.206538376
   328.500  -412.381539794  -412.330979279  -412.236478352  -412.330979279  -412.206653369
   329.000  -412.379613119  -412.334278235  -412.238380853  -412.334278235  -412.206756198
   329.500  -412.376828148  -412.336187796  -412.239327993  -412.336187796  -412.206785525
   330.000  -412.372593268  -412.336131721  -412.238757100  -412.336131721  -412.206759185
   330.500  -412.367148492  -412.334375366  -412.236898292  -412.334375366  -412.206723960
   331.000  -412.360924504  -412.331378515  -412.234144226  -412.331378515  -412.206711947
   331.500  -412.354075730  -412.327325708  -412.230592524  -412.327325708  -412.206726565
   332.000  -412.346438680  -412.322082444  -412.226009346  -412.322082444  -412.206741296
   332.500  -412.337937258  -412.315599234  -412.220236560  -412.315599234  -412.206707134
   333.000  -412.329282908  -412.308611510  -412.213892631  -412.308611510  -412.206586871
   333.500  -412.322424480  -412.303089674  -412.208830180  -412.303089674  -412.206420200
   334.000  -412.319854909  -412.301547853  -412.207460024  -412.301547853  -412.206339154
   334.500  -412.322714572  -412.305148899  -412.210879917  -412.305148899  -412.206436794
   335.000  -412.329514393  -412.312429759  -412.217614639  -412.312429759  -412.206644253
   335.500  -412.337080392  -412.320243645  -412.224553385  -412.320243645  -412.206820523
   336.000  -412.342564913  -412.325769399  -412.228937923  -412.325769399  -412.206894785
   336.500  -412.344588151  -412.327648823  -412.229477750  -412.327648823  -412.206870621
   337.000  -412.343282515  -412.326030601  -412.226382948  -412.326030601  -412.206774698
   337.500  -412.339904410  -412.322179284  -412.220972590  -412.322179284  -412.206646522
   338.000  -412.336223936  -412.317865122  -412.215068206  -412.317865122  -412.206545440
   338.500  -412.333687677  -412.314524878  -412.210158398  -412.314524878  -412.206517340
   339.000  -412.332788384  -412.312632832  -412.206770479  -412.312632832  -412.206552001
   339.500  -412.333173137  -412.311810087  -412.204579093  -412.311810087  -412.206599718
   340.000  -412.334279005  -412.311463516  -412.203042233  -412.311463516  -412.206625790
   340.500  -412.335807350  -412.311262242  -412.201872914  -412.311262242  -412.206631266
   341.000  -412.337731046  -412.311147188  -412.201041251  -412.311147188  -412.206636468
   341.500  -412.340033913  -412.311071201  -412.200507184  -412.311071201  -412.206658013
   342.000  -412.342502185  -412.310791188  -412.200006200  -412.310791188  -412.206691987
   342.500  -412.344822459  -412.309965457  -412.199145509  -412.309965457  -412.206703627
   343.000  -412.347106019  -412.308677856  -412.197932298  -412.308677856  -412.206642669
   343.500  -412.350554841  -412.308103295  -412.197453730  -412.308103295  -412.206507549
   344.000  -412.357333921  -412.310381073  -412.199776783  -412.310381073  -412.206407248
   344.500  -412.368927829  -412.316973383  -412.206340545  -412.316973383  -412.206476705
   345.000  -412.384270704  -412.326796933  -412.216107782  -412.326796933  -412.206698414
   345.500  -412.400062576  -412.336473600  -412.225860055  -412.336473600  -412.206902667
   346.000  -412.412669927  -412.342543844  -412.232105552  -412.342543844  -412.207017896
   346.500  -412.420184145  -412.343044857  -412.233019516  -412.343044857  -412.207012725
   347.000  -412.422530176  -412.337961924  -412.228593601  -412.337961924  -412.206902369
   347.500  -412.421320555  -412.329007334  -412.220484597  -412.329007334  -412.206709214
   348.000  -412.419394428  -412.319168896  -412.211590601  -412.319168896  -412.206504039
   348.500  -412.419656975  -412.311554085  -412.204940269  -412.311554085  -412.206401736
   349.000  -412.423419516  -412.307725476  -412.202069111  -412.307725476  -412.206450056
   349.500  -412.429752449  -412.307031370  -412.202354946  -412.307031370  -412.206568100
   350.000  -412.436653453  -412.307709624  -412.204081606  -412.307709624  -412.206648856
   350.500  -412.442619651  -412.308433537  -412.205961390  -412.308433537  -412.206660610
   351.000  -412.447135642  -412.308852595  -412.207687494  -412.308852595  -412.206640150
   351.500  -412.450240534  -412.309152240  -412.209492981  -412.309152240  -412.206630610
   352.000  -412.451907667  -412.309461585  -412.211501657  -412.309461585  -412.206644232
   352.500  -412.451785135  -412.309673462  -412.213342339  -412.309673462  -412.206668806
   353.000  -412.449497463  -412.309536116  -412.214423948  -412.309536116  -412.206686510
   353.500  -412.445392243  -412.309066562  -412.214835369  -412.309066562  -412.206615397
   354.000  -412.441063566  -412.309503411  -412.215855477  -412.309503411  -412.206483932
   354.500  -412.438808765  -412.312845227  -412.219434861  -412.312845227  -412.206420477
   355.000  -412.439787150  -412.319981695  -412.226422810  -412.319981695  -412.206521615
   355.500  -412.442690641  -412.329366389  -412.235278584  -412.329366389  -412.206720905
   356.000  -412.444654611  -412.337932811  -412.242986343  -412.337932811  -412.206880070
   356.500  -412.443248649  -412.343083954  -412.247023560  -412.343083954  -412.206937714
   357.000  -412.437508119  -412.343720173  -412.246362383  -412.343720173  -412.206906364
   357.500  -412.427877046  -412.340176665  -412.241388301  -412.340176665  -412.206803667
   358.000  -412.415940461  -412.333949107  -412.233619023  -412.333949107  -412.206644626
   358.500  -412.404103272  -412.327367725  -412.225384281  -412.327367725  -412.206486049
   359.000  -412.394711833  -412.322717813  -412.218962935  -412.322717813  -412.206419576
   359.500  -412.388795543  -412.320983989  -412.215350963  -412.320983989  -412.206475595
   360.000  -412.385663023  -412.321449666  -412.213881089  -412.321449666  -412.206582614
   360.500  -412.383842535  -412.322637771  -412.213170704  -412.322637771  -412.206658415
   361.000  -412.382211255  -412.323436446  -412.212237438  -412.323436446  -412.206687326
   361.500  -412.380269883  -412.323367784  -412.210746448  -412.323367784  -412.206700955
   362.000  -412.377750343  -412.322190098  -412.208585735  -412.322190098  -412.206729532
   362.500  -412.374219831  -412.319497540  -412.205439708  -412.319497540  -412.206774304
   363.000  -412.369102857  -412.314739308  -412.200788697  -412.314739308  -412.206798425
   363.500  -412.362250810  -412.307787379  -412.194469183  -412.307787379  -412.206739067
   364.000  -412.354815109  -412.299809889  -412.187558627  -412.299809889  -412.206568694
   364.500  -412.349491157  -412.293517447  -412.182653523  -412.293517447  -412.206382433
   365.000  -412.349026987  -412.291673042  -412.182417029  -412.291673042  -412.206353431
   365.500  -412.354016924  -412.294788995  -412.187187464  -412.294788995  -412.206668070
   366.000  -412.361294448  -412.300011481  -412.194491376  -412.300011481  -412.206892835
   366.500  -412.367623625  -412.303995199  -412.200835296  -412.303995199  -412.207036520
   367.000  -412.370575659  -412.304347034  -412.203871227  -412.304347034  -412.207073948
   367.500  -412.369411571  -412.300352704  -412.202893920  -412.300352704  -412.207017238
   368.000  -412.365004539  -412.292896309  -412.198746942  -412.292896309  -412.206860775
   368.500  -412.359832186  -412.284453102  -412.193816844  -412.284453102  -412.206628257
   369.000  -412.357438799  -412.278557508  -412.191521184  -412.278557508  -412.206441758
   369.500  -412.360584980  -412.277963428  -412.194505270  -412.277963428  -412.206443352
   370.000  -412.369270842  -412.282680936  -412.202712916  -412.282680936  -412.206615061
   370.500  -412.380961560  -412.290210566  -412.213625941  -412.290210566  -412.206802170
   371.000  -412.392712974  -412.297669361  -412.224365305  -412.297669361  -412.206903979
   371.500  -412.402696306  -412.303310509  -412.233180208  -412.303310509  -412.206933177
   372.000  -412.410167308  -412.306486267  -412.239395791  -412.306486267  -412.206942486
   372.500  -412.414775926  -412.306956075  -412.242718817  -412.306956075  -412.206961995
   373.000  -412.416146127  -412.304470912  -412.242819838  -412.304470912  -412.206977341
   373.500  -412.414054373  -412.299032753  -412.239484365  -412.299032753  -412.206848357
   374.000  -412.409064967  -412.291736500  -412.233394904  -412.291736500  -412.206843878
   374.500  -412.403719029  -412.284308912  -412.227225104  -412.284308912  -412.206626042
   375.000  -412.401265698  -412.280239260  -412.224178874  -412.280239260  -412.206482220
   375.500  -412.403804196  -412.281683534  -412.226450677  -412.281683534  -412.206537541
   376.000  -412.410468822  -412.287844430  -412.233299854  -412.287844430  -412.206730047
   376.500  -412.418266209  -412.295806372  -412.241863543  -412.295806372  -412.206906518
   377.000  -412.424280867  -412.302719185  -412.249332653  -412.302719185  -412.207005011
   377.500  -412.426760480  -412.306866649  -412.254014387  -412.306866649  -412.207050639
   378.000  -412.424942874  -412.307486909  -412.255149156  -412.307486909  -412.207057970
   378.500  -412.418918489  -412.304633323  -412.252774327  -412.304633323  -412.206987588
   379.000  -412.410136256  -412.299683627  -412.248242013  -412.299683627  -412.206801533
   379.500  -412.401733883  -412.295678673  -412.244571724  -412.295678673  -412.206581325
   380.000  -412.396877050  -412.295993328  -412.246223328  -412.295993328  -412.206560892
   380.500  -412.397164343  -412.301409970  -412.251661695  -412.301409970  -412.206728786
   381.000  -412.399893141  -412.309461474  -412.259688575  -412.309461474  -412.206959086
   381.500  -412.401594439  -412.316564206  -412.266759568  -412.316564206  -412.207085042
   382.000  -412.400176592  -412.320506393  -412.270704954  -412.320506393  -412.207096972
   382.500  -412.395265133  -412.320796733  -412.271064060  -412.320796733  -412.207067148
   383.000  -412.387264808  -412.317738082  -412.268144063  -412.317738082  -412.207044874
   383.500  -412.376654509  -412.311728774  -412.262311149  -412.311728774  -412.207019341
   384.000  -412.364140827  -412.303407492  -412.254147586  -412.303407492  -412.206936706
   384.500  -412.352268368  -412.293786629  -412.245574180  -412.293786629  -412.206076287
   385.000  -412.342218512  -412.287251492  -412.239086310  -412.287251492  -412.205883303
   385.500  -412.337810270  -412.286044081  -412.237572606  -412.286044081  -412.205852456
   386.000  -412.339480937  -412.290630105  -412.241438752  -412.290630105  -412.206025087
   386.500  -412.344640539  -412.298435879  -412.248114042  -412.298435879  -412.206250219
   387.000  -412.349765075  -412.305938921  -412.254144233  -412.305938921  -412.206390430
   387.500  -412.352450062  -412.310729126  -412.257231306  -412.310729126  -412.206437686
   388.000  -412.351714338  -412.311821743  -412.256512605  -412.311821743  -412.206441357
   388.500  -412.347386795  -412.309050159  -412.251921756  -412.309050159  -412.206422601
   389.000  -412.339805530  -412.302764896  -412.243867737  -412.302764896  -412.206354113
   389.500  -412.330166096  -412.294176260  -412.233576512  -412.294176260  -412.206200282
   390.000  -412.320928279  -412.285754973  -412.223510161  -412.285754973  -412.205996190
   390.500  -412.315193151  -412.280607697  -412.216769731  -412.280607697  -412.205871605
   391.000  -412.314835011  -412.280613820  -412.215251619  -412.280613820  -412.205923301
   391.500  -412.319151697  -412.285080930  -412.218303656  -412.285080930  -412.206091668
   392.000  -412.325652096  -412.291532260  -412.223500278  -412.291532260  -412.206247691
   392.500  -412.331893568  -412.297537765  -412.228453839  -412.297537765  -412.206332779
   393.000  -412.336461104  -412.301686698  -412.231767710  -412.301686698  -412.206360748
   393.500  -412.338912827  -412.303528900  -412.232967699  -412.303528900  -412.206348005
   394.000  -412.339603981  -412.303398711  -412.232333249  -412.303398711  -412.206276073
   394.500  -412.339913153  -412.302644158  -412.231139492  -412.302644158  -412.206123073
   395.000  -412.342397960  -412.303787391  -412.231826131  -412.303787391  -412.205947550
   395.500  -412.349773087  -412.309507583  -412.236990598  -412.309507583  -412.205898406
   396.000  -412.362763334  -412.320497176  -412.247263753  -412.320497176  -412.206047704
   396.500  -412.379124378  -412.334484067  -412.260351022  -412.334484067  -412.206279432
   397.000  -412.395252963  -412.347841568  -412.272645203  -412.347841568  -412.206439780
   397.500  -412.408432811  -412.357835323  -412.281459120  -412.357835323  -412.206488115
   398.000  -412.417589851  -412.363381953  -412.285767022  -412.363381953  -412.206467464
   398.500  -412.422781066  -412.364542112  -412.285686906  -412.364542112  -412.206423744
   399.000  -412.424525443  -412.361856711  -412.281812767  -412.361856711  -412.206373618
   399.500  -412.423514207  -412.356061178  -412.274929127  -412.356061178  -412.206309769
   400.000  -412.420665443  -412.348143319  -412.266068389  -412.348143319  -412.206220126
   400.500  -412.417250853  -412.339471059  -412.256635599  -412.339471059  -412.206112023
   401.000  -412.414749451  -412.331645432  -412.248254208  -412.331645432  -412.206025850
   401.500  -412.414264126  -412.325913235  -412.242170478  -412.325913235  -412.206009588
   402.000  -412.415861110  -412.322502712  -412.238582089  -412.322502712  -412.206068827
   402.500  -412.419204056  -412.322270237  -412.236836452  -412.322270237  -412.207901927
   403.000  -412.421293683  -412.320288030  -412.235131735  -412.320288030  -412.207988413
   403.500  -412.421395416  -412.316996278  -412.232087298  -412.316996278  -412.208037991
   404.000  -412.418747895  -412.311743995  -412.226984214  -412.311743995  -412.208027077
   404.500  -412.413649005  -412.304904036  -412.220118238  -412.304904036  -412.207926007
   405.000  -412.407828870  -412.298243307  -412.213175903  -412.298243307  -412.207748593
   405.500  -412.404086126  -412.294559536  -412.208889466  -412.294559536  -412.207610137
   406.000  -412.404526653  -412.295926588  -412.209310074  -412.295926588  -412.207647126
   406.500  -412.408651020  -412.301789335  -412.213920563  -412.301789335  -412.207840834
   407.000  -412.413615062  -412.309229925  -412.219891815  -412.309229925  -412.208036906
   407.500  -412.416407467  -412.315147299  -412.224230410  -412.315147299  -412.208129947
   408.000  -412.415475091  -412.317885299  -412.225376545  -412.317885299  -412.208125513
   408.500  -412.410788366  -412.317301696  -412.223258042  -412.317301696  -412.208072788
   409.000  -412.403169278  -412.314101594  -412.218621382  -412.314101594  -412.208006089
   409.500  -412.393753500  -412.309304470  -412.212501517  -412.309304470  -412.207933022
   410.000  -412.383818645  -412.304076066  -412.206058668  -412.304076066  -412.207849641
   410.500  -412.374794131  -412.299729378  -412.200584059  -412.299729378  -412.207766713
   411.000  -412.368435180  -412.297686910  -412.197334461  -412.297686910  -412.207783061
   411.500  -412.364908919  -412.298686658  -412.197383005  -412.298686658  -412.207782605
   412.000  -412.364251354  -412.301642302  -412.200253955  -412.301642302  -412.206736096
   412.500  -412.366769772  -412.308862615  -412.206079138  -412.308862615  -412.207963346
   413.000  -412.369464988  -412.315276855  -412.212134101  -412.315276855  -412.208089557
   413.500  -412.370865895  -412.320086066  -412.216971762  -412.320086066  -412.208199604
   414.000  -412.369349818  -412.321670721  -412.219054368  -412.321670721  -412.208261422
   414.500  -412.364111879  -412.319236966  -412.217629098  -412.319236966  -412.208230822
   415.000  -412.355807125  -412.313454737  -412.213349982  -412.313454737  -412.208084825
   415.500  -412.346766858  -412.306670642  -412.208484548  -412.306670642  -412.207893521
   416.000  -412.339857250  -412.301765843  -412.205791144  -412.301765843  -412.207808331
   416.500  -412.336317220  -412.299998397  -412.206404538  -412.299998397  -412.207893221
   417.000  -412.334875835  -412.300119189  -412.208975284  -412.300119189  -412.208041016
   417.500  -412.333219830  -412.299835821  -412.211137183  -412.299835821  -412.208124810
   418.000  -412.329845985  -412.297663043  -412.211346793  -412.297663043  -412.208120868
   418.500  -412.324552721  -412.293413687  -412.209361059  -412.293413687  -412.208067398
   419.000  -412.317977210  -412.287735709  -412.205768860  -412.287735709  -412.207995711
   419.500  -412.311129566  -412.281646676  -412.201529614  -412.281646676  -412.207916430
   420.000  -412.305188425  -412.276329258  -412.197778742  -412.276329258  -412.207836991
   420.500  -412.301348459  -412.272979005  -412.195686440  -412.272979005  -412.207774877
   421.000  -412.300545251  -412.272529157  -412.196190299  -412.272529157  -412.207751848
   421.500  -412.303137851  -412.275333950  -412.199679693  -412.275333950  -412.207776483
   422.000  -412.308784293  -412.281045067  -412.205862633  -412.281045067  -412.207836704
   422.500  -412.316607298  -412.288778756  -412.213915711  -412.288778756  -412.207912096
   423.000  -412.325485320  -412.297407582  -412.222756839  -412.297407582  -412.207990273
   423.500  -412.334250926  -412.305757886  -412.231230620  -412.305757886  -412.208067627
   424.000  -412.341783458  -412.312699543  -412.238189273  -412.312699543  -412.208135179
   424.500  -412.347190891  -412.317324130  -412.242666762  -412.317324130  -412.208163211
   425.000  -412.350275286  -412.319407443  -412.244344582  -412.319407443  -412.208107069
   425.500  -412.352137793  -412.320015691  -412.244166678  -412.320015691  -412.207957844
   426.000  -412.355178651  -412.321510561  -412.244365121  -412.321510561  -412.207804788
   426.500  -412.361712163  -412.326172746  -412.247116989  -412.326172746  -412.207789375
   427.000  -412.371970369  -412.334210898  -412.252594515  -412.334210898  -412.207939442
   427.500  -412.383722609  -412.343379385  -412.258610669  -412.343379385  -412.208129701
   428.000  -412.394027660  -412.350726494  -412.262359694  -412.350726494  -412.208236698
   428.500  -412.401089609  -412.354445470  -412.262241459  -412.354445470  -412.208234003
   429.000  -412.404762780  -412.354386010  -412.258329348  -412.354386010  -412.208158836
   429.500  -412.406092604  -412.351593778  -412.251890316  -412.351593778  -412.208051565
   430.000  -412.406687375  -412.347687456  -412.244739259  -412.347687456  -412.207943776
   430.500  -412.408181052  -412.344324376  -412.238692801  -412.344324376  -412.207866968
   431.000  -412.411712320  -412.342683490  -412.235046791  -412.342683490  -412.207849935
   431.500  -412.417480722  -412.343026616  -412.234138756  -412.343026616  -412.207898482
   432.000  -412.424653693  -412.344612896  -412.235286382  -412.344612896  -412.207991530
   432.500  -412.431783472  -412.345749581  -412.238465727  -412.345749581  -412.207701956
   433.000  -412.437434083  -412.345839763  -412.239733900  -412.345839763  -412.207765623
   433.500  -412.440396982  -412.343460520  -412.239124317  -412.343460520  -412.207801393
   434.000  -412.439974686  -412.338064884  -412.235963288  -412.338064884  -412.207808701
   434.500  -412.435980367  -412.329612810  -412.230069769  -412.329612810  -412.207776994
   435.000  -412.428907282  -412.318732738  -412.221930426  -412.318732738  -412.207685465
   435.500  -412.420194034  -412.306979959  -412.212973510  -412.306979959  -412.207532974
   436.000  -412.412151073  -412.296756374  -412.205506285  -412.296756374  -412.207380536
   436.500  -412.407012833  -412.290357631  -412.201772787  -412.290357631  -412.207328961
   437.000  -412.405521651  -412.288552663  -412.202529989  -412.288552663  -412.207408296
   437.500  -412.406524089  -412.290178055  -412.206621112  -412.290178055  -412.207536901
   438.000  -412.408105958  -412.293272970  -412.212084412  -412.293272970  -412.207622261
   438.500  -412.408943845  -412.296433820  -412.217491434  -412.296433820  -412.207641546
   439.000  -412.408724734  -412.299239448  -412.222371362  -412.299239448  -412.207619080
   439.500  -412.407843000  -412.301956307  -412.226925507  -412.301956307  -412.207580374
   440.000  -412.407005379  -412.305153160  -412.231656282  -412.305153160  -412.207540708
   440.500  -412.406951125  -412.309431324  -412.237111746  -412.309431324  -412.207515937
   441.000  -412.408178761  -412.315160203  -412.243632979  -412.315160203  -412.207523614
   441.500  -412.410678825  -412.322216647  -412.251098402  -412.322216647  -412.207567661
   442.000  -412.413883682  -412.329936954  -412.258874588  -412.329936954  -412.207628795
   442.500  -412.416950649  -412.337398845  -412.266091063  -412.337398845  -412.207679374
   443.000  -412.419172524  -412.343824872  -412.272038087  -412.343824872  -412.207706836
   443.500  -412.420647227  -412.348887115  -412.276208678  -412.348887115  -412.207745911
   444.000  -412.420344473  -412.352372894  -412.278947852  -412.352372894  -412.207754868
   444.500  -412.418579239  -412.354109475  -412.279834090  -412.354109475  -412.207768957
   445.000  -412.415189016  -412.353911196  -412.278703875  -412.353911196  -412.207773902
   445.500  -412.410155551  -412.351746803  -412.275528679  -412.351746803  -412.207744603
   446.000  -412.403958187  -412.348088700  -412.270766654  -412.348088700  -412.207671707
   446.500  -412.397690328  -412.344025547  -412.265485551  -412.344025547  -412.207585154
   447.000  -412.392622191  -412.340822017  -412.260938907  -412.340822017  -412.207541229
   447.500  -412.389402383  -412.339120768  -412.257782100  -412.339120768  -412.207572866
   448.000  -412.387583433  -412.338470149  -412.255605341  -412.338470149  -412.207658692
   448.500  -412.385901697  -412.337607998  -412.253209213  -412.337607998  -412.207747801
   449.000  -412.383010861  -412.335197001  -412.249324204  -412.335197001  -412.207798776
   449.500  -412.378122025  -412.330465071  -412.243235919  -412.330465071  -412.207792778
   450.000  -412.371314271  -412.323514524  -412.235083821  -412.323514524  -412.207731771
   450.500  -412.363508029  -412.315292447  -412.225831177  -412.315292447  -412.207639031
   451.000  -412.356099813  -412.307221775  -412.216901238  -412.307221775  -412.207555134
   451.500  -412.350354873  -412.300589094  -412.209577682  -412.300589094  -412.207513824
   452.000  -412.346905999  -412.296039530  -412.204510738  -412.296039530  -412.207518125
   452.500  -412.345696790  -412.293515971  -412.201667993  -412.293515971  -412.207545588
   453.000  -412.346297340  -412.292571787  -412.200651072  -412.292571787  -412.207575057
   453.500  -412.348230123  -412.292696030  -412.201011283  -412.292696030  -412.207597421
   454.000  -412.351104836  -412.293472652  -412.202358554  -412.293472652  -412.207609147
   454.500  -412.354643989  -412.294642419  -412.204380815  -412.294642419  -412.207607949
   455.000  -412.358758083  -412.296151768  -412.206934891  -412.296151768  -412.207589764
   455.500  -412.363638407  -412.298209069  -412.210151796  -412.298209069  -412.207556139
   456.000  -412.369710048  -412.301246605  -412.214407935  -412.301246605  -412.207522992
   456.500  -412.377383322  -412.305689743  -412.220092513  -412.305689743  -412.207513757
   457.000  -412.386718421  -412.311632536  -412.227283183  -412.311632536  -412.207540321
   457.500  -412.397246682  -412.318665255  -412.235564966  -412.318665255  -412.207594563
   458.000  -412.408082105  -412.325982610  -412.244131795  -412.325982610  -412.207655739
   458.500  -412.418211486  -412.332668528  -412.252060022  -412.332668528  -412.207706366
   459.000  -412.426767173  -412.337957924  -412.258566882  -412.337957924  -412.207735885
   459.500  -412.433203303  -412.341404218  -412.263177341  -412.341404218  -412.207738043
   460.000  -412.437406004  -412.342980853  -412.265833237  -412.342980853  -412.207709697
   460.500  -412.439731420  -412.343116515  -412.266936622  -412.343116515  -412.207658445
   461.000  -412.440880785  -412.342570799  -412.267236368  -412.342570799  -412.207606238
   461.500  -412.441569475  -412.342109053  -412.267506127  -412.342109053  -412.207578927
   462.000  -412.442162342  -412.342140794  -412.268182373  -412.342140794  -412.207584041
   462.500  -412.442565049  -412.342611399  -412.269244840  -412.342611399  -412.207606459
   463.000  -412.442443702  -412.343213653  -412.270418902  -412.343213653  -412.207624936
   463.500  -412.441536514  -412.343689275  -412.271467347  -412.343689275  -412.207629842
   464.000  -412.439814759  -412.343979545  -412.272337838  -412.343979545  -412.207622860
   464.500  -412.437474723  -412.344211700  -412.273150303  -412.344211700  -412.207608267
   465.000  -412.434867940  -412.344630681  -412.274132325  -412.344630681  -412.207590472
   465.500  -412.432406346  -412.345513893  -412.275540621  -412.345513893  -412.207579285
   466.000  -412.430382129  -412.347009000  -412.277504451  -412.347009000  -412.207591785
   466.500  -412.428710831  -412.348896798  -412.279795778  -412.348896798  -412.207637554
   467.000  -412.426801073  -412.350477452  -412.281716999  -412.350477452  -412.207703370
   467.500  -412.423753912  -412.350774591  -412.282305507  -412.350774591  -412.207759881
   468.000  -412.418782378  -412.348950489  -412.280744579  -412.348950489  -412.207786557
   468.500  -412.411518865  -412.344603749  -412.276657801  -412.344603749  -412.207782980
   469.000  -412.402044132  -412.337790806  -412.270124833  -412.337790806  -412.207759456
   469.500  -412.390764841  -412.328898806  -412.261550213  -412.328898806  -412.207720883
   470.000  -412.378354423  -412.318585305  -412.251597264  -412.318585305  -412.207661624
   470.500  -412.365828817  -412.307853513  -412.241260985  -412.307853513  -412.207575676
   471.000  -412.354600716  -412.298106641  -412.231923807  -412.298106641  -412.207476765
   471.500  -412.346236215  -412.290904955  -412.225120392  -412.290904955  -412.207404818
   472.000  -412.341852914  -412.287364255  -412.221949576  -412.287364255  -412.207397763
   472.500  -412.341567841  -412.287604370  -412.222532141  -412.287604370  -412.207454809
   473.000  -412.344507000  -412.290757209  -412.226021191  -412.290757209  -412.207539469
   473.500  -412.349335192  -412.295494761  -412.231119068  -412.295494761  -412.207617058
   474.000  -412.354800796  -412.300571322  -412.236605195  -412.300571322  -412.207672772
   474.500  -412.360013276  -412.305099658  -412.241597799  -412.305099658  -412.207699046
   475.000  -412.364597174  -412.308703765  -412.245701042  -412.308703765  -412.207681624
   475.500  -412.368880062  -412.311708559  -412.249192998  -412.311708559  -412.207615833
   476.000  -412.373884768  -412.315137085  -412.253030837  -412.315137085  -412.207541314
   476.500  -412.380685689  -412.320077041  -412.258227285  -412.320077041  -412.207536029
   477.000  -412.389313109  -412.326593793  -412.264779357  -412.326593793  -412.207633064
   477.500  -412.398325762  -412.333305162  -412.271252463  -412.333305162  -412.207770416
   478.000  -412.405679555  -412.338241574  -412.275644484  -412.338241574  -412.207859835
   478.500  -412.409972855  -412.340080666  -412.276612133  -412.340080666  -412.207869892
   479.000  -412.410951138  -412.338643633  -412.273960510  -412.338643633  -412.207821500
   479.500  -412.409257444  -412.334643153  -412.268382755  -412.334643153  -412.207745707
   480.000  -412.405999441  -412.329248881  -412.261026111  -412.329248881  -412.207659791
   480.500  -412.402477694  -412.323814542  -412.253217375  -412.323814542  -412.207571450
   481.000  -412.400048400  -412.319737108  -412.246330568  -412.319737108  -412.207490975
   481.500  -412.399932670  -412.318266598  -412.241597838  -412.318266598  -412.207442901
   482.000  -412.402851779  -412.320140066  -412.239757112  -412.320140066  -412.207453364
   482.500  -412.408635287  -412.325198160  -412.240668495  -412.325198160  -412.207529584
   483.000  -412.416137658  -412.332300992  -412.243240465  -412.332300992  -412.207647270
   483.500  -412.423584233  -412.339677624  -412.245781477  -412.339677624  -412.207772250
   484.000  -412.429083761  -412.345433831  -412.246510404  -412.345433831  -412.207882893
   484.500  -412.430983335  -412.347908916  -412.243915059  -412.347908916  -412.207969047
   485.000  -412.428093393  -412.345899309  -412.236973726  -412.345899309  -412.208005492
   485.500  -412.420068087  -412.339072626  -412.225526635  -412.339072626  -412.207939688
   486.000  -412.408075514  -412.328712324  -412.210923594  -412.328712324  -412.207742630
   486.500  -412.395181640  -412.317901326  -412.196485055  -412.317901326  -412.207525371
   487.000  -412.385203437  -412.310075779  -412.186308740  -412.310075779  -412.207410824
   487.500  -412.379965822  -412.306897447  -412.182211539  -412.306897447  -412.207515287
   488.000  -412.377988947  -412.306878434  -412.182565380  -412.306878434  -412.207714596
   488.500  -412.376277711  -412.307033718  -412.184221872  -412.307033718  -412.207838640
   489.000  -412.372764809  -412.305310903  -412.184955773  -412.305310903  -412.207850075
   489.500  -412.367034040  -412.301309315  -412.184158099  -412.301309315  -412.207795792
   490.000  -412.359768249  -412.295723374  -412.182267802  -412.295723374  -412.207715940
   490.500  -412.352149758  -412.289753112  -412.180209655  -412.289753112  -412.207621772
   491.000  -412.345618170  -412.284875362  -412.179215573  -412.284875362  -412.207517853
   491.500  -412.341755908  -412.282704228  -412.180709776  -412.282704228  -412.207428157
   492.000  -412.341967380  -412.284560419  -412.186095864  -412.284560419  -412.207378054
   492.500  -412.346974174  -412.291272101  -412.195849429  -412.291272101  -412.207490270
   493.000  -412.356083633  -412.302090298  -412.209219846  -412.302090298  -412.207585349
   493.500  -412.367515776  -412.315342793  -412.224663660  -412.315342793  -412.207711005
   494.000  -412.379102115  -412.328971196  -412.239993870  -412.328971196  -412.207848519
   494.500  -412.388736871  -412.340779594  -412.253053764  -412.340779594  -412.207970005
   495.000  -412.394625088  -412.348869971  -412.261998444  -412.348869971  -412.208058471
   495.500  -412.395610530  -412.351978975  -412.265614160  -412.351978975  -412.208075586
   496.000  -412.391772962  -412.350066836  -412.263920837  -412.350066836  -412.207973721
   496.500  -412.385014859  -412.344913239  -412.258772077  -412.344913239  -412.207771963
   497.000  -412.378591412  -412.339665327  -412.253402008  -412.339665327  -412.207612109
   497.500  -412.374977279  -412.336731100  -412.250301159  -412.336731100  -412.207634145
   498.000  -412.373927108  -412.335850025  -412.249271838  -412.335850025  -412.207782425
   498.500  -412.373229075  -412.334835313  -412.248160914  -412.334835313  -412.207887140
   499.000  -412.371108292  -412.331951831  -412.245243406  -412.331951831  -412.207874939
   499.500  -412.367425367  -412.327097410  -412.240409800  -412.327097410  -412.207792282
   500.000  -412.363151043  -412.321272573  -412.234643588  -412.321272573  -412.207707939
