 N     7.0   -1.87248075   -0.10393467   -0.03209540   14.00307401
 N     7.0    1.83655947    2.33864144    0.03198640   14.00307401
 C     6.0   -0.80633054    2.15639878    0.05966063   12.00000000
 C     6.0    3.14314506    0.16106714   -0.09364977   12.00000000
 C     6.0    2.13045476   -2.22037766    0.01528171   12.00000000
 C     6.0   -0.59190566   -2.42260633    0.14474858   12.00000000
 O     8.0   -1.78320076   -4.42016891   -0.05042732   15.99491464
 O     8.0   -2.01462649    4.19218628   -0.01133204   15.99491464
 H     1.0   -3.47994458   -0.15314969   -0.47836087    1.00782504
 H     1.0    2.77329826    4.19877683   -0.07418488    1.00782504
 H     1.0    5.07385118    0.61285766   -0.10598720    1.00782504
 H     1.0    3.34735347   -3.92724929    0.10077886    1.00782504
