   -0.000046707    0.000405454    0.000327284
   -0.000195520   -0.000383448    0.000207194
   -0.000057364    0.000394545   -0.000158252
    0.000240648    0.000938024   -0.000033472
   -0.000418508   -0.000530535   -0.000255049
    0.000653175   -0.000125744    0.000353173
   -0.000157784    0.000013409   -0.000241231
    0.000064374   -0.000345401   -0.000168109
    0.001278289   -0.002118876   -0.000331070
    0.001285886   -0.001603470    0.000146716
   -0.000219916   -0.001236607   -0.000935882
   -0.002725664    0.001245740    0.000934075
