     0.000  -412.504262152  -412.319783991  -412.273096813  -412.273096813  -412.245392330
     0.500  -412.499045787  -412.313979505  -412.267090317  -412.267090317  -412.245118425
     1.000  -412.503333739  -412.318140430  -412.270877147  -412.270877147  -412.245312675
     1.500  -412.514317669  -412.329462977  -412.281672370  -412.281672370  -412.245724905
     2.000  -412.525682243  -412.341666115  -412.293202938  -412.293202938  -412.245991935
     2.500  -412.532886349  -412.350242934  -412.300967230  -412.300967230  -412.246075698
     3.000  -412.534284729  -412.353558771  -412.303347831  -412.303347831  -412.246064710
     3.500  -412.530117302  -412.351838907  -412.300601503  -412.300601503  -412.245968581
     4.000  -412.522226251  -412.346895801  -412.294588574  -412.294588574  -412.245776234
     4.500  -412.513902791  -412.341989538  -412.288641051  -412.288641051  -412.245586266
     5.000  -412.508349098  -412.340295214  -412.286045407  -412.286045407  -412.245499080
     5.500  -412.507236614  -412.343458564  -412.288604712  -412.288604712  -412.245461693
     6.000  -412.511036787  -412.351920362  -412.296929996  -412.296929996  -412.245531472
     6.500  -412.518179647  -412.364084654  -412.309512239  -412.309512239  -412.245847698
     7.000  -412.523658671  -412.374936627  -412.321266235  -412.321266235  -412.246225793
     7.500  -412.521683097  -412.378686111  -412.326206307  -412.326206307  -412.246399387
     8.000  -412.509562582  -412.372591709  -412.321401350  -412.321401350  -412.246302305
     8.500  -412.489065830  -412.358297240  -412.308374045  -412.308374045  -412.245937373
     9.000  -412.466226965  -412.341640854  -412.292919656  -412.292919656  -412.245435668
     9.500  -412.448860346  -412.330215077  -412.282623648  -412.282623648  -412.245184645
    10.000  -412.440947996  -412.327806928  -412.281255767  -412.281255767  -412.245373912
    10.500  -412.440084332  -412.331880196  -412.286224542  -412.286224542  -412.245673934
    11.000  -412.441804305  -412.337896393  -412.292917282  -412.292917282  -412.245798964
    11.500  -412.443797631  -412.343504780  -412.298920998  -412.298920998  -412.245802351
    12.000  -412.445604319  -412.348226852  -412.303720123  -412.303720123  -412.245834499
    12.500  -412.446608507  -412.351447960  -412.306690643  -412.306690643  -412.245954649
    13.000  -412.445216821  -412.351599192  -412.306276813  -412.306276813  -412.246080755
    13.500  -412.440121249  -412.347411955  -412.301251509  -412.301251509  -412.246007590
    14.000  -412.433191471  -412.340794169  -412.293600316  -412.293600316  -412.245591263
    14.500  -412.431017417  -412.338364013  -412.290056837  -412.290056837  -412.245105872
    15.000  -412.440516022  -412.347073253  -412.297696190  -412.297696190  -412.245141406
    15.500  -412.460851405  -412.366161850  -412.315835770  -412.315835770  -412.245767943
    16.000  -412.482591658  -412.386324259  -412.335171631  -412.335171631  -412.246402185
    16.500  -412.495729413  -412.397703513  -412.345801383  -412.345801383  -412.246636649
    17.000  -412.496005138  -412.396170810  -412.343562148  -412.343562148  -412.246466933
    17.500  -412.485605796  -412.383999819  -412.330739927  -412.330739927  -412.246001490
    18.000  -412.471408769  -412.368118532  -412.314316972  -412.314316972  -412.245477097
    18.500  -412.461049299  -412.356210695  -412.302031721  -412.302031721  -412.245277510
    19.000  -412.457471004  -412.351297498  -412.296918113  -412.296918113  -412.245464180
    19.500  -412.458072694  -412.350887667  -412.296432128  -412.296432128  -412.245684109
    20.000  -412.459403028  -412.351639897  -412.297144992  -412.297144992  -412.245728337
    20.500  -412.460357288  -412.352527343  -412.297943177  -412.297943177  -412.245670308
    21.000  -412.461459874  -412.354108969  -412.299320063  -412.299320063  -412.245639156
    21.500  -412.463045286  -412.356714277  -412.301565893  -412.301565893  -412.245702338
    22.000  -412.464239992  -412.359438048  -412.303756544  -412.303756544  -412.245853541
    22.500  -412.463105281  -412.360293514  -412.303901781  -412.303901781  -412.246000953
    23.000  -412.458093140  -412.357674143  -412.300401668  -412.300401668  -412.245974105
    23.500  -412.450472237  -412.352785925  -412.294466087  -412.294466087  -412.245674644
    24.000  -412.445338262  -412.350664582  -412.291125687  -412.291125687  -412.245320964
    24.500  -412.448176531  -412.356746113  -412.295799707  -412.295799707  -412.245311385
    25.000  -412.459184515  -412.371200325  -412.308642210  -412.308642210  -412.245750303
    25.500  -412.471805139  -412.387452867  -412.323099325  -412.323099325  -412.246319759
    26.000  -412.477446029  -412.396879068  -412.330619434  -412.330619434  -412.246570635
    26.500  -412.472184553  -412.395476864  -412.327317458  -412.327317458  -412.246305500
    27.000  -412.459722286  -412.386815514  -412.316897456  -412.316897456  -412.245764234
    27.500  -412.447763220  -412.378441474  -412.307018466  -412.307018466  -412.245466919
    28.000  -412.440660103  -412.374563608  -412.301942243  -412.301942243  -412.245581722
    28.500  -412.436942452  -412.373601410  -412.300078429  -412.300078429  -412.245762031
    29.000  -412.433804951  -412.372667038  -412.298504999  -412.298504999  -412.245769738
    29.500  -412.430683067  -412.371130432  -412.296571251  -412.296571251  -412.245672866
    30.000  -412.428651380  -412.370016108  -412.295303849  -412.295303849  -412.245604822
    30.500  -412.428552274  -412.370136646  -412.295529838  -412.295529838  -412.245631858
    31.000  -412.429974995  -412.371073696  -412.296845117  -412.296845117  -412.245744936
    31.500  -412.431415526  -412.371340590  -412.297769090  -412.297769090  -412.245858286
    32.000  -412.431599031  -412.369703660  -412.297069339  -412.297069339  -412.245835492
    32.500  -412.431347144  -412.367049782  -412.295630422  -412.295630422  -412.245660739
    33.000  -412.433451202  -412.366259372  -412.296320295  -412.296320295  -412.245610819
    33.500  -412.438781892  -412.368312866  -412.300081575  -412.300081575  -412.245869978
    34.000  -412.444038269  -412.370033054  -412.303661875  -412.303661875  -412.246103214
    34.500  -412.446095851  -412.368417872  -412.303966577  -412.303966577  -412.246047288
    35.000  -412.445538413  -412.364153454  -412.301612817  -412.301612817  -412.245931009
    35.500  -412.444043998  -412.358988233  -412.298333191  -412.298333191  -412.245874705
    36.000  -412.442747718  -412.354095423  -412.295333596  -412.295333596  -412.245707242
    36.500  -412.443852161  -412.351711296  -412.294870551  -412.294870551  -412.245583813
    37.000  -412.448536978  -412.353081087  -412.298134911  -412.298134911  -412.245742851
    37.500  -412.454157360  -412.355676760  -412.302458322  -412.302458322  -412.245944279
    38.000  -412.457316549  -412.356242365  -412.304430089  -412.304430089  -412.245938586
    38.500  -412.457408748  -412.354292568  -412.303480621  -412.303480621  -412.245794717
    39.000  -412.456010172  -412.351483819  -412.301277782  -412.301277782  -412.245667743
    39.500  -412.454706243  -412.349435983  -412.299536887  -412.299536887  -412.245637223
    40.000  -412.453871050  -412.348526533  -412.298765572  -412.298765572  -412.245693403
    40.500  -412.452820258  -412.348058608  -412.298385715  -412.298385715  -412.245744745
    41.000  -412.451189625  -412.347647334  -412.298094719  -412.298094719  -412.245655128
    41.500  -412.450754702  -412.349039308  -412.299678205  -412.299678205  -412.245423349
    42.000  -412.455058944  -412.355740610  -412.306633157  -412.306633157  -412.245360047
    42.500  -412.464976046  -412.368577754  -412.319722990  -412.319722990  -412.245733388
    43.000  -412.475231219  -412.382213048  -412.333507342  -412.333507342  -412.246306066
    43.500  -412.477724680  -412.388460737  -412.339683142  -412.339683142  -412.246659218
    44.000  -412.467714048  -412.382458496  -412.333301130  -412.333301130  -412.246554146
    44.500  -412.447638530  -412.366485362  -412.316613350  -412.316613350  -412.245947226
    45.000  -412.427302027  -412.350156573  -412.299282646  -412.299282646  -412.245205828
    45.500  -412.417836302  -412.344423532  -412.292365616  -412.292365616  -412.245036350
    46.000  -412.421744688  -412.351657477  -412.298343261  -412.298343261  -412.245573889
    46.500  -412.431168448  -412.363917314  -412.309336505  -412.309336505  -412.246137023
    47.000  -412.437182131  -412.372206901  -412.316367050  -412.316367050  -412.246260806
    47.500  -412.436876573  -412.373529178  -412.316444469  -412.316444469  -412.246072328
    48.000  -412.432271646  -412.369798248  -412.311503294  -412.311503294  -412.245841145
    48.500  -412.426509980  -412.364052807  -412.304617454  -412.304617454  -412.245710230
    49.000  -412.421577204  -412.358200865  -412.297727701  -412.297727701  -412.245691834
    49.500  -412.418010260  -412.352743568  -412.291353969  -412.291353969  -412.245700845
    50.000  -412.416118338  -412.348007211  -412.285824519  -412.285824519  -412.245595662
    50.500  -412.417873011  -412.346039946  -412.283176775  -412.283176775  -412.245345325
    51.000  -412.426961389  -412.350668224  -412.287214135  -412.287214135  -412.245223685
    51.500  -412.444804730  -412.363512839  -412.299520339  -412.299520339  -412.245516610
    52.000  -412.466811739  -412.380227888  -412.315702640  -412.315702640  -412.246045457
    52.500  -412.484816322  -412.392916224  -412.327824996  -412.327824996  -412.246462162
    53.000  -412.492215965  -412.395231654  -412.329535448  -412.329535448  -412.246611386
    53.500  -412.486868379  -412.385235466  -412.318941786  -412.318941786  -412.246388009
    54.000  -412.472777384  -412.367056569  -412.300260476  -412.300260476  -412.245760470
    54.500  -412.459847266  -412.350660206  -412.283535988  -412.283535988  -412.245121866
    55.000  -412.457671824  -412.345688204  -412.278427082  -412.278427082  -412.245052453
    55.500  -412.467377006  -412.353349594  -412.286084502  -412.286084502  -412.245520488
    56.000  -412.481865804  -412.366660848  -412.299448971  -412.299448971  -412.245999552
    56.500  -412.493221008  -412.377802057  -412.310665753  -412.310665753  -412.246173447
    57.000  -412.497758035  -412.383126825  -412.316099118  -412.316099118  -412.246109116
    57.500  -412.495610855  -412.382732562  -412.315885013  -412.315885013  -412.245992234
    58.000  -412.488228760  -412.377967653  -412.311412072  -412.311412072  -412.245915777
    58.500  -412.476966173  -412.370040480  -412.303918065  -412.303918065  -412.245838150
    59.000  -412.463562421  -412.360514348  -412.294988978  -412.294988978  -412.245649128
    59.500  -412.451474799  -412.352656413  -412.287911929  -412.287911929  -412.245357215
    60.000  -412.445351460  -412.350927893  -412.287160867  -412.287160867  -412.245231451
    60.500  -412.447130786  -412.357102061  -412.294502553  -412.294502553  -412.245481325
    61.000  -412.453273583  -412.367511911  -412.306228161  -412.306228161  -412.245899165
    61.500  -412.457575636  -412.375863901  -412.315975687  -412.315975687  -412.246189399
    62.000  -412.455543553  -412.377601153  -412.319117013  -412.319117013  -412.246263081
    62.500  -412.446164813  -412.371658592  -412.314534741  -412.314534741  -412.246108944
    63.000  -412.432133674  -412.360679466  -412.304849686  -412.304849686  -412.245781311
    63.500  -412.418658704  -412.349827129  -412.295218073  -412.295218073  -412.245551130
    64.000  -412.409515328  -412.342852932  -412.289359652  -412.289359652  -412.245612676
    64.500  -412.404520807  -412.339573521  -412.287016563  -412.287016563  -412.245692661
    65.000  -412.402939532  -412.339260180  -412.287358543  -412.287358543  -412.245574010
    65.500  -412.406184120  -412.343315761  -412.291716871  -412.291716871  -412.245522150
    66.000  -412.414537989  -412.351989702  -412.300335930  -412.300335930  -412.245733702
    66.500  -412.424615453  -412.361840269  -412.309839076  -412.309839076  -412.246012247
    67.000  -412.431944532  -412.368318285  -412.315794525  -412.315794525  -412.246142838
    67.500  -412.434225313  -412.369037453  -412.315950049  -412.315950049  -412.246073320
    68.000  -412.432417461  -412.364879921  -412.311307654  -412.311307654  -412.245809837
    68.500  -412.430552164  -412.359831363  -412.305931545  -412.305931545  -412.245461617
    69.000  -412.433747694  -412.359016040  -412.304968078  -412.304968078  -412.245318361
    69.500  -412.444011458  -412.364507578  -412.310450571  -412.310450571  -412.245535388
    70.000  -412.458119347  -412.373208642  -412.319201726  -412.319201726  -412.245889831
    70.500  -412.470609961  -412.379838146  -412.325855822  -412.325855822  -412.246119340
    71.000  -412.477657987  -412.380787829  -412.326756609  -412.326756609  -412.246153460
    71.500  -412.478493017  -412.375518845  -412.321377475  -412.321377475  -412.245985474
    72.000  -412.475559603  -412.366700783  -412.312462899  -412.312462899  -412.245656763
    72.500  -412.473574596  -412.359261790  -412.305052789  -412.305052789  -412.245407305
    73.000  -412.475948163  -412.356826087  -412.302853315  -412.302853315  -412.245501695
    73.500  -412.481257100  -412.358200025  -412.304663179  -412.304663179  -412.245811751
    74.000  -412.485019438  -412.359131342  -412.306123305  -412.306123305  -412.245979907
    74.500  -412.484684805  -412.357257433  -412.304716834  -412.304716834  -412.245865655
    75.000  -412.481780292  -412.354216929  -412.301945269  -412.301945269  -412.245626932
    75.500  -412.479663788  -412.353398082  -412.301117143  -412.301117143  -412.245545885
    76.000  -412.479508589  -412.355943383  -412.303368400  -412.303368400  -412.245710050
    76.500  -412.479095515  -412.359565218  -412.306462720  -412.306462720  -412.245881524
    77.000  -412.476058595  -412.361798045  -412.308008487  -412.308008487  -412.245816738
    77.500  -412.471246882  -412.363348296  -412.308772835  -412.308772835  -412.245599200
    78.000  -412.467645248  -412.367004965  -412.311555725  -412.311555725  -412.245532254
    78.500  -412.466307678  -412.373570304  -412.317112611  -412.317112611  -412.245711380
    79.000  -412.464962196  -412.380472168  -412.322784100  -412.322784100  -412.245944080
    79.500  -412.460488738  -412.384255885  -412.325025513  -412.325025513  -412.246072658
    80.000  -412.451250908  -412.382936731  -412.321806883  -412.321806883  -412.246066072
    80.500  -412.437744056  -412.376678152  -412.313334053  -412.313334053  -412.245901632
    81.000  -412.422834549  -412.368069062  -412.302349199  -412.302349199  -412.245590575
    81.500  -412.411251332  -412.361649835  -412.293639580  -412.293639580  -412.245325633
    82.000  -412.406706628  -412.361050688  -412.291108061  -412.291108061  -412.245352640
    82.500  -412.408644088  -412.365726068  -412.294424820  -412.294424820  -412.245617729
    83.000  -412.413007533  -412.371686454  -412.299713364  -412.299713364  -412.245871807
    83.500  -412.415764978  -412.374980834  -412.303034250  -412.303034250  -412.245998624
    84.000  -412.414903661  -412.373662871  -412.302370535  -412.302370535  -412.245999252
    84.500  -412.410660840  -412.368009319  -412.297864954  -412.297864954  -412.245874485
    85.000  -412.405401799  -412.360399065  -412.291721009  -412.291721009  -412.245668013
    85.500  -412.402742243  -412.354450459  -412.287366462  -412.287366462  -412.245503980
    86.000  -412.405645531  -412.353142075  -412.287608422  -412.287608422  -412.245444514
    86.500  -412.415305103  -412.357714602  -412.293557920  -412.293557920  -412.245480879
    87.000  -412.430950400  -412.367481972  -412.304442795  -412.304442795  -412.245675821
    87.500  -412.449206168  -412.379187941  -412.316951110  -412.316951110  -412.245976472
    88.000  -412.465103922  -412.388013396  -412.326231128  -412.326231128  -412.246179973
    88.500  -412.474981974  -412.390473159  -412.328793097  -412.328793097  -412.246203146
    89.000  -412.477932360  -412.385857005  -412.323961531  -412.323961531  -412.246078530
    89.500  -412.475549209  -412.375965557  -412.313619175  -412.313619175  -412.245821920
    90.000  -412.471555211  -412.364724853  -412.301817247  -412.301817247  -412.245490985
    90.500  -412.470638391  -412.357021456  -412.293586930  -412.293586930  -412.245288322
    91.000  -412.475504529  -412.355762120  -412.291953960  -412.291953960  -412.245363802
    91.500  -412.484875052  -412.359875896  -412.295900127  -412.295900127  -412.245583856
    92.000  -412.495264367  -412.366078834  -412.302120512  -412.302120512  -412.245748728
    92.500  -412.503818721  -412.371688897  -412.307863398  -412.307863398  -412.245834281
    93.000  -412.508909176  -412.375197371  -412.311538948  -412.311538948  -412.245916705
    93.500  -412.509224602  -412.375351269  -412.311831033  -412.311831033  -412.246024867
    94.000  -412.503458104  -412.370840843  -412.307397532  -412.307397532  -412.246071276
    94.500  -412.491636370  -412.361636569  -412.298205023  -412.298205023  -412.245883463
    95.000  -412.477428758  -412.351306737  -412.287835629  -412.287835629  -412.245422265
    95.500  -412.468177341  -412.347054928  -412.283505019  -412.283505019  -412.245049578
    96.000  -412.469467492  -412.354296392  -412.290622519  -412.290622519  -412.245222061
    96.500  -412.478952518  -412.370484699  -412.306611876  -412.306611876  -412.245799871
    97.000  -412.488238342  -412.386989619  -412.322804994  -412.322804994  -412.246268440
    97.500  -412.490104762  -412.396313704  -412.331679675  -412.331679675  -412.246402878
    98.000  -412.482259618  -412.395851144  -412.330640371  -412.330640371  -412.246266379
    98.500  -412.466823500  -412.387392613  -412.321544890  -412.321544890  -412.245948168
    99.000  -412.448879349  -412.375712164  -412.309292075  -412.309292075  -412.245555240
    99.500  -412.434492462  -412.366628132  -412.299860769  -412.299860769  -412.245307395
   100.000  -412.427421405  -412.363744410  -412.296995996  -412.296995996  -412.245355285
   100.500  -412.427070627  -412.366405261  -412.300112914  -412.300112914  -412.245560200
   101.000  -412.430365183  -412.371543877  -412.306134872  -412.306134872  -412.245709627
   101.500  -412.434798615  -412.376697127  -412.312528806  -412.312528806  -412.245767532
   102.000  -412.439193443  -412.380744898  -412.318073051  -412.318073051  -412.245813528
   102.500  -412.442714708  -412.382919341  -412.321885033  -412.321885033  -412.245904022
   103.000  -412.444094329  -412.382032115  -412.322663221  -412.322663221  -412.246008147
   103.500  -412.442114929  -412.376963200  -412.319186754  -412.319186754  -412.246006303
   104.000  -412.437301753  -412.368350346  -412.312013306  -412.312013306  -412.245794777
   104.500  -412.433164639  -412.359821868  -412.304710169  -412.304710169  -412.245485509
   105.000  -412.434374128  -412.356167889  -412.302008304  -412.302008304  -412.245368816
   105.500  -412.442653373  -412.359235666  -412.305690431  -412.305690431  -412.245559224
   106.000  -412.455047878  -412.366215605  -412.312892639  -412.312892639  -412.245912774
   106.500  -412.465954395  -412.371676430  -412.318173861  -412.318173861  -412.246203456
   107.000  -412.470623255  -412.371048251  -412.317023174  -412.317023174  -412.246239621
   107.500  -412.468149845  -412.363584967  -412.308814335  -412.308814335  -412.245967911
   108.000  -412.462245633  -412.353121873  -412.297528885  -412.297528885  -412.245563374
   108.500  -412.458531854  -412.345381832  -412.289022959  -412.289022959  -412.245353090
   109.000  -412.459893500  -412.343360707  -412.286366497  -412.286366497  -412.245444669
   109.500  -412.464905509  -412.345767876  -412.288274767  -412.288274767  -412.245621142
   110.000  -412.470688770  -412.349868558  -412.291976440  -412.291976440  -412.245703441
   110.500  -412.475576748  -412.354124388  -412.295884610  -412.295884610  -412.245708884
   111.000  -412.479132764  -412.358186966  -412.299610604  -412.299610604  -412.245719238
   111.500  -412.481067155  -412.361798012  -412.302874524  -412.302874524  -412.245773233
   112.000  -412.480699905  -412.364247230  -412.304958656  -412.304958656  -412.245835404
   112.500  -412.477505830  -412.364918959  -412.305246458  -412.305246458  -412.245810065
   113.000  -412.472436564  -412.364622164  -412.304541345  -412.304541345  -412.245647938
   113.500  -412.468351465  -412.366032398  -412.305497980  -412.305497980  -412.245511678
   114.000  -412.467530840  -412.371217836  -412.310138077  -412.310138077  -412.245638836
   114.500  -412.468492581  -412.378466327  -412.316678067  -412.316678067  -412.245933436
   115.000  -412.467277556  -412.383577036  -412.320845712  -412.320845712  -412.246093699
   115.500  -412.461578657  -412.383997281  -412.320054328  -412.320054328  -412.246044719
   116.000  -412.452071036  -412.380158572  -412.314785910  -412.314785910  -412.245895960
   116.500  -412.441113490  -412.374192479  -412.307317814  -412.307317814  -412.245698217
   117.000  -412.431782512  -412.368980115  -412.300753880  -412.300753880  -412.245511024
   117.500  -412.426721701  -412.367019760  -412.297825286  -412.297825286  -412.245488863
   118.000  -412.426104376  -412.368399821  -412.298783959  -412.298783959  -412.245636693
   118.500  -412.427682178  -412.370844329  -412.301401151  -412.301401151  -412.245765348
   119.000  -412.429359711  -412.372271272  -412.303538579  -412.303538579  -412.245779267
   119.500  -412.430659821  -412.372246287  -412.304640773  -412.304640773  -412.245741040
   120.000  -412.431976703  -412.371234507  -412.305023409  -412.305023409  -412.245733768
   120.500  -412.433387083  -412.369416430  -412.304716660  -412.304716660  -412.245774575
   121.000  -412.434376454  -412.366418374  -412.303214648  -412.303214648  -412.245801448
   121.500  -412.434720324  -412.362189608  -412.300367893  -412.300367893  -412.245716181
   122.000  -412.435789073  -412.358296411  -412.297681475  -412.297681475  -412.245518076
   122.500  -412.440327808  -412.357686014  -412.298074228  -412.298074228  -412.245416372
   123.000  -412.449497533  -412.361713194  -412.302888920  -412.302888920  -412.245601013
   123.500  -412.460410567  -412.367664934  -412.309403930  -412.309403930  -412.245931524
   124.000  -412.468067514  -412.370690689  -412.312761214  -412.312761214  -412.246137777
   124.500  -412.469221352  -412.367662801  -412.309837035  -412.309837035  -412.246112961
   125.000  -412.464186992  -412.358982170  -412.301062043  -412.301062043  -412.245880120
   125.500  -412.456582324  -412.348319726  -412.290169607  -412.290169607  -412.245529846
   126.000  -412.451736788  -412.341035749  -412.282605593  -412.282605593  -412.245272791
   126.500  -412.453418757  -412.340929175  -412.282239353  -412.282239353  -412.245327860
   127.000  -412.460780998  -412.347203600  -412.288293390  -412.288293390  -412.245613528
   127.500  -412.469498399  -412.355604108  -412.296479014  -412.296479014  -412.245836548
   128.000  -412.475871258  -412.362498012  -412.303111801  -412.303111801  -412.245874638
   128.500  -412.478827840  -412.366851664  -412.307126614  -412.307126614  -412.245812368
   129.000  -412.478960803  -412.369255990  -412.309113663  -412.309113663  -412.245760386
   129.500  -412.476970740  -412.370372857  -412.309754204  -412.309754204  -412.245758449
   130.000  -412.473070183  -412.370348465  -412.309215058  -412.309215058  -412.245759941
   130.500  -412.467618777  -412.369453388  -412.307783308  -412.307783308  -412.245671400
   131.000  -412.462341358  -412.369302475  -412.307080349  -412.307080349  -412.245483000
   131.500  -412.460213874  -412.372738324  -412.309941811  -412.309941811  -412.245393948
   132.000  -412.462601284  -412.380965948  -412.317549283  -412.317549283  -412.245602349
   132.500  -412.466646415  -412.390940537  -412.326822938  -412.326822938  -412.245982231
   133.000  -412.466971912  -412.397072747  -412.332146876  -412.332146876  -412.246265129
   133.500  -412.459535861  -412.395093619  -412.329258415  -412.329258415  -412.246317896
   134.000  -412.443872044  -412.384308823  -412.317522832  -412.317522832  -412.246099625
   134.500  -412.423739620  -412.368264896  -412.300603567  -412.300603567  -412.245653431
   135.000  -412.406132973  -412.353777765  -412.285463351  -412.285463351  -412.245241773
   135.500  -412.397264353  -412.346931706  -412.278313810  -412.278313810  -412.245183225
   136.000  -412.398149126  -412.348664455  -412.280157745  -412.280157745  -412.245434429
   136.500  -412.405136523  -412.355281595  -412.287298012  -412.287298012  -412.245695510
   137.000  -412.414094901  -412.362616670  -412.295521888  -412.295521888  -412.245813649
   137.500  -412.422865754  -412.368473873  -412.302568144  -412.302568144  -412.245833558
   138.000  -412.430873104  -412.372247369  -412.307755538  -412.307755538  -412.245841306
   138.500  -412.437925889  -412.373749262  -412.310816018  -412.310816018  -412.245865258
   139.000  -412.443770525  -412.372795756  -412.311485287  -412.311485287  -412.245853341
   139.500  -412.448758214  -412.369903497  -412.310209609  -412.310209609  -412.245724820
   140.000  -412.454806840  -412.367262417  -412.309125612  -412.309125612  -412.245514561
   140.500  -412.464651717  -412.367977106  -412.311301543  -412.311301543  -412.245444932
   141.000  -412.478756496  -412.372942374  -412.317608371  -412.317608371  -412.245654416
   141.500  -412.493558630  -412.379039291  -412.324913780  -412.324913780  -412.245971116
   142.000  -412.503865054  -412.381476941  -412.328429339  -412.328429339  -412.246166709
   142.500  -412.506268010  -412.377167000  -412.325088208  -412.325088208  -412.246158522
   143.000  -412.500671881  -412.366229556  -412.315049846  -412.315049846  -412.245941245
   143.500  -412.490368332  -412.352070674  -412.301768269  -412.301768269  -412.245601960
   144.000  -412.480478617  -412.339844850  -412.290436141  -412.290436141  -412.245374751
   144.500  -412.474521733  -412.333049166  -412.284555001  -412.284555001  -412.245397865
   145.000  -412.472478353  -412.331609467  -412.283997038  -412.283997038  -412.245523453
   145.500  -412.472647747  -412.333742825  -412.286876311  -412.286876311  -412.245599222
   146.000  -412.473809644  -412.338117710  -412.291744175  -412.291744175  -412.245640585
   146.500  -412.475236505  -412.343869031  -412.297640444  -412.297640444  -412.245694823
   147.000  -412.476094726  -412.350006389  -412.303519239  -412.303519239  -412.245761682
   147.500  -412.475426893  -412.355404756  -412.308240293  -412.308240293  -412.245817179
   148.000  -412.472523541  -412.359181124  -412.310941454  -412.310941454  -412.245822064
   148.500  -412.467550468  -412.361323788  -412.311652581  -412.311652581  -412.245722644
   149.000  -412.462225804  -412.363371604  -412.311964608  -412.311964608  -412.245537649
   149.500  -412.459347500  -412.367939984  -412.314542055  -412.314542055  -412.245446171
   150.000  -412.460238795  -412.376165687  -412.320563343  -412.320563343  -412.245614982
   150.500  -412.462606402  -412.385566720  -412.327580574  -412.327580574  -412.245929047
   151.000  -412.462122310  -412.391628338  -412.331122749  -412.331122749  -412.246133162
   151.500  -412.455987926  -412.391372642  -412.328294833  -412.328294833  -412.246095718
   152.000  -412.444966510  -412.385405783  -412.319833035  -412.319833035  -412.245838731
   152.500  -412.433011186  -412.377561238  -412.309730603  -412.309730603  -412.245543814
   153.000  -412.424478512  -412.372125885  -412.302420304  -412.302420304  -412.245464977
   153.500  -412.420590138  -412.370306110  -412.299190082  -412.299190082  -412.245616083
   154.000  -412.419266041  -412.370047117  -412.297983112  -412.297983112  -412.245749896
   154.500  -412.418492125  -412.369378103  -412.296764402  -412.296764402  -412.245718561
   155.000  -412.418509921  -412.368583704  -412.295727147  -412.295727147  -412.245605447
   155.500  -412.420780269  -412.369164893  -412.296276919  -412.296276919  -412.245567340
   156.000  -412.425762866  -412.371622024  -412.298831513  -412.298831513  -412.245667919
   156.500  -412.431976510  -412.374522645  -412.301894551  -412.301894551  -412.245834035
   157.000  -412.437057213  -412.375565047  -412.303121597  -412.303121597  -412.245919540
   157.500  -412.439913020  -412.373733987  -412.301480499  -412.301480499  -412.245803132
   158.000  -412.442398755  -412.370979078  -412.298922511  -412.298922511  -412.245532475
   158.500  -412.448362307  -412.371265825  -412.299421972  -412.299421972  -412.245399822
   159.000  -412.459475067  -412.376412559  -412.304799605  -412.304799605  -412.245609770
   159.500  -412.472507957  -412.383366672  -412.311998443  -412.311998443  -412.245958901
   160.000  -412.482103465  -412.386965706  -412.315859979  -412.315859979  -412.246140326
   160.500  -412.485269266  -412.384408354  -412.313615562  -412.313615562  -412.246039281
   161.000  -412.483320817  -412.377177473  -412.306814621  -412.306814621  -412.245712856
   161.500  -412.480930910  -412.370087146  -412.300354556  -412.300354556  -412.245405855
   162.000  -412.482386405  -412.367555443  -412.298718436  -412.298718436  -412.245403461
   162.500  -412.487620875  -412.369652057  -412.301990163  -412.301990163  -412.245653140
   163.000  -412.492889847  -412.372767574  -412.306518677  -412.306518677  -412.245861682
   163.500  -412.494854098  -412.373675010  -412.308994111  -412.308994111  -412.245891803
   164.000  -412.492794691  -412.371720014  -412.308667303  -412.308667303  -412.245795975
   164.500  -412.488055850  -412.368254735  -412.306796206  -412.306796206  -412.245673922
   165.000  -412.482544298  -412.365140026  -412.305153554  -412.305153554  -412.245620783
   165.500  -412.477270950  -412.363294208  -412.304578515  -412.304578515  -412.245688496
   166.000  -412.471635256  -412.361985742  -412.304273892  -412.304273892  -412.245810834
   166.500  -412.464430524  -412.359841846  -412.302823841  -412.302823841  -412.245816281
   167.000  -412.456200564  -412.357210314  -412.300555521  -412.300555521  -412.245631166
   167.500  -412.449988506  -412.356916272  -412.300288853  -412.300288853  -412.245487504
   168.000  -412.447965216  -412.360898576  -412.303967123  -412.303967123  -412.245666049
   168.500  -412.447713414  -412.366500357  -412.308950678  -412.308950678  -412.246030297
   169.000  -412.444107455  -412.368354928  -412.309924662  -412.309924662  -412.246223978
   169.500  -412.434402771  -412.363483285  -412.304025450  -412.304025450  -412.246074775
   170.000  -412.420924428  -412.353998362  -412.293551982  -412.293551982  -412.245664223
   170.500  -412.409720528  -412.345778891  -412.284606461  -412.284606461  -412.245325325
   171.000  -412.405654313  -412.343582482  -412.282129458  -412.282129458  -412.245356457
   171.500  -412.408321680  -412.346970052  -412.285751315  -412.285751315  -412.245616899
   172.000  -412.413859568  -412.352099475  -412.291577772  -412.291577772  -412.245798545
   172.500  -412.419260244  -412.356018803  -412.296526125  -412.296526125  -412.245827939
   173.000  -412.423752049  -412.358033639  -412.299743661  -412.299743661  -412.245785539
   173.500  -412.427832042  -412.358736992  -412.301665878  -412.301665878  -412.245730462
   174.000  -412.432337432  -412.359081224  -412.303103133  -412.303103133  -412.245681546
   174.500  -412.438030813  -412.359964309  -412.304833888  -412.304833888  -412.245665131
   175.000  -412.445147242  -412.361779422  -412.307162530  -412.307162530  -412.245708907
   175.500  -412.453051050  -412.364075380  -412.309585377  -412.309585377  -412.245759038
   176.000  -412.460999076  -412.366321572  -412.311565851  -412.311565851  -412.245702494
   176.500  -412.469558868  -412.369315983  -412.313932091  -412.313932091  -412.245588371
   177.000  -412.479777909  -412.374334660  -412.318022137  -412.318022137  -412.245668482
   177.500  -412.490035431  -412.379958329  -412.322491188  -412.322491188  -412.245970348
   178.000  -412.495871308  -412.381877966  -412.323122641  -412.323122641  -412.246185909
   178.500  -412.494209328  -412.377103056  -412.317049386  -412.317049386  -412.246069891
   179.000  -412.486868158  -412.367473973  -412.306264575  -412.306264575  -412.245669718
   179.500  -412.479747184  -412.358870495  -412.296793842  -412.296793842  -412.245326945
   180.000  -412.477812758  -412.356235982  -412.293666147  -412.293666147  -412.245353743
   180.500  -412.480777729  -412.359283529  -412.296588771  -412.296588771  -412.245612500
   181.000  -412.484846322  -412.364235886  -412.301707459  -412.301707459  -412.245786859
   181.500  -412.487132369  -412.368215221  -412.306046552  -412.306046552  -412.245803430
   182.000  -412.487051264  -412.370612428  -412.308910691  -412.308910691  -412.245759247
   182.500  -412.485118643  -412.371884228  -412.310689467  -412.310689467  -412.245738707
   183.000  -412.481715933  -412.372329014  -412.311618713  -412.311618713  -412.245760846
   183.500  -412.476736427  -412.371743058  -412.311430475  -412.311430475  -412.245799649
   184.000  -412.469927580  -412.369768815  -412.309699191  -412.309699191  -412.245808580
   184.500  -412.461548196  -412.366548946  -412.306508574  -412.306508574  -412.245743712
   185.000  -412.452981477  -412.363336236  -412.303073070  -412.303073070  -412.245593347
   185.500  -412.446749838  -412.362502289  -412.301762753  -412.301762753  -412.245457628
   186.000  -412.444888355  -412.365915624  -412.304479302  -412.304479302  -412.245552026
   186.500  -412.446028226  -412.372039310  -412.309737238  -412.309737238  -412.245907061
   187.000  -412.445212181  -412.375760602  -412.312479290  -412.312479290  -412.246203602
   187.500  -412.438354575  -412.372851738  -412.308546460  -412.308546460  -412.246136662
   188.000  -412.426576663  -412.364300166  -412.299025539  -412.299025539  -412.245737924
   188.500  -412.415685237  -412.355790740  -412.289727322  -412.289727322  -412.245376032
   189.000  -412.410886049  -412.352432846  -412.285878284  -412.285878284  -412.245368747
   189.500  -412.412383596  -412.354367928  -412.287688719  -412.287688719  -412.245578755
   190.000  -412.417093650  -412.358477974  -412.292044916  -412.292044916  -412.245711713
   190.500  -412.422749748  -412.362481260  -412.296621387  -412.296621387  -412.245709038
   191.000  -412.429049570  -412.366078562  -412.301044027  -412.301044027  -412.245665980
   191.500  -412.436435626  -412.369742587  -412.305693199  -412.305693199  -412.245663606
   192.000  -412.444864245  -412.373500482  -412.310495997  -412.310495997  -412.245727421
   192.500  -412.453361029  -412.376497766  -412.314503765  -412.314503765  -412.245839382
   193.000  -412.460295924  -412.377271484  -412.316178657  -412.316178657  -412.245940601
   193.500  -412.464318137  -412.374674441  -412.314327074  -412.314327074  -412.245933389
   194.000  -412.465805121  -412.369307308  -412.309536802  -412.309536802  -412.245740281
   194.500  -412.467799700  -412.364447757  -412.305100644  -412.305100644  -412.245460091
   195.000  -412.474260783  -412.364297196  -412.305254101  -412.305254101  -412.245422114
   195.500  -412.485405677  -412.369326192  -412.310506030  -412.310506030  -412.245786198
   196.000  -412.495742254  -412.374294151  -412.315656394  -412.315656394  -412.246202547
   196.500  -412.498985594  -412.373137792  -412.314695988  -412.314695988  -412.246243852
   197.000  -412.494161860  -412.365049045  -412.306896704  -412.306896704  -412.245892846
   197.500  -412.485984396  -412.354847990  -412.297164701  -412.297164701  -412.245517307
   198.000  -412.479680224  -412.347831950  -412.290837109  -412.290837109  -412.245443196
   198.500  -412.476407288  -412.345214315  -412.289077712  -412.289077712  -412.245575785
   199.000  -412.474298943  -412.345165268  -412.289936213  -412.289936213  -412.245658278
   199.500  -412.471972817  -412.346294709  -412.291898543  -412.291898543  -412.245629502
   200.000  -412.469656805  -412.348759582  -412.295038674  -412.295038674  -412.245568922
   200.500  -412.468187871  -412.353258202  -412.300023260  -412.300023260  -412.245552780
   201.000  -412.467878614  -412.359907192  -412.306966091  -412.306966091  -412.245614865
   201.500  -412.467978767  -412.367716927  -412.314877500  -412.314877500  -412.245754981
   202.000  -412.466712037  -412.374641402  -412.321694842  -412.321694842  -412.245929139
   202.500  -412.461994635  -412.378305638  -412.325014944  -412.325014944  -412.246029503
   203.000  -412.453049794  -412.377632017  -412.323733396  -412.323733396  -412.245922077
   203.500  -412.442149283  -412.374597343  -412.319819682  -412.319819682  -412.245635900
   204.000  -412.433837488  -412.373481379  -412.317578425  -412.317578425  -412.245484815
   204.500  -412.430504290  -412.376461340  -412.319248801  -412.319248801  -412.245693045
   205.000  -412.429413762  -412.380655749  -412.322051797  -412.322051797  -412.246033739
   205.500  -412.425776747  -412.381194254  -412.321266552  -412.321266552  -412.246137469
   206.000  -412.417964882  -412.376417028  -412.315418510  -412.315418510  -412.245912959
   206.500  -412.408869107  -412.369210529  -412.307577075  -412.307577075  -412.245635785
   207.000  -412.402172486  -412.363269690  -412.301547377  -412.301547377  -412.245592621
   207.500  -412.398477808  -412.359217103  -412.297949713  -412.297949713  -412.245701227
   208.000  -412.396249404  -412.355537891  -412.295163305  -412.295163305  -412.245738081
   208.500  -412.394833954  -412.351596972  -412.292392776  -412.292392776  -412.245663279
   209.000  -412.395208603  -412.348399076  -412.290464783  -412.290464783  -412.245561235
   209.500  -412.398838483  -412.347465057  -412.290728685  -412.290728685  -412.245505714
   210.000  -412.406510324  -412.349680154  -412.293925332  -412.293925332  -412.245530077
   210.500  -412.417756135  -412.354728022  -412.299632114  -412.299632114  -412.245639703
   211.000  -412.430774272  -412.361005422  -412.306186453  -412.306186453  -412.245810657
   211.500  -412.442880503  -412.366057073  -412.311123025  -412.311123025  -412.245965378
   212.000  -412.451777284  -412.367826953  -412.312419682  -412.312419682  -412.245974256
   212.500  -412.457407731  -412.366494933  -412.310325360  -412.310325360  -412.245792176
   213.000  -412.462343686  -412.364852789  -412.307720330  -412.307720330  -412.245638369
   213.500  -412.468653360  -412.365163908  -412.306957830  -412.306957830  -412.245744274
   214.000  -412.474904740  -412.366160301  -412.306852643  -412.306852643  -412.245923451
   214.500  -412.478569586  -412.365440253  -412.305090013  -412.305090013  -412.245881947
   215.000  -412.479953065  -412.363397114  -412.302166638  -412.302166638  -412.245675781
   215.500  -412.481536036  -412.362572184  -412.300730122  -412.300730122  -412.245589330
   216.000  -412.484161182  -412.363861729  -412.301741253  -412.301741253  -412.245720752
   216.500  -412.485702686  -412.365194840  -412.303115701  -412.303115701  -412.245868769
   217.000  -412.483757000  -412.364209421  -412.302403911  -412.302403911  -412.245866715
   217.500  -412.478093858  -412.360677593  -412.299250157  -412.299250157  -412.245745435
   218.000  -412.470410297  -412.356240186  -412.295169982  -412.295169982  -412.245606011
   218.500  -412.462888258  -412.352962579  -412.292130196  -412.292130196  -412.245514755
   219.000  -412.457108614  -412.352255999  -412.291482825  -412.291482825  -412.245499312
   219.500  -412.453557722  -412.354399871  -412.293481591  -412.293481591  -412.245566526
   220.000  -412.451522539  -412.358453648  -412.297182252  -412.297182252  -412.245698888
   220.500  -412.449419057  -412.362599039  -412.300780540  -412.300780540  -412.245828142
   221.000  -412.445897919  -412.365260450  -412.302727275  -412.302727275  -412.245830347
   221.500  -412.441554491  -412.366824999  -412.303452913  -412.303452913  -412.245667793
   222.000  -412.439105126  -412.369825980  -412.305551126  -412.305551126  -412.245590652
   222.500  -412.439755665  -412.375315083  -412.310149511  -412.310149511  -412.245851403
   223.000  -412.440050791  -412.379713865  -412.313756808  -412.313756808  -412.246167576
   223.500  -412.435755601  -412.378691985  -412.312145080  -412.312145080  -412.246095881
   224.000  -412.427861738  -412.373175002  -412.306349628  -412.306349628  -412.245699422
   224.500  -412.421793609  -412.368551607  -412.301850928  -412.301850928  -412.245442223
   225.000  -412.421067111  -412.368336503  -412.302198134  -412.302198134  -412.245556763
   225.500  -412.423974612  -412.370850715  -412.305678100  -412.305678100  -412.245809282
   226.000  -412.426633661  -412.372254818  -412.308365008  -412.308365008  -412.245922539
   226.500  -412.426995403  -412.370545375  -412.308147077  -412.308147077  -412.245860693
   227.000  -412.425641696  -412.366349186  -412.305542161  -412.305542161  -412.245722953
   227.500  -412.424450748  -412.361592720  -412.302379342  -412.302379342  -412.245601585
   228.000  -412.425186790  -412.358106476  -412.300400056  -412.300400056  -412.245543002
   228.500  -412.428706178  -412.356836030  -412.300476634  -412.300476634  -412.245564046
   229.000  -412.434662681  -412.357548044  -412.302323754  -412.302323754  -412.245659551
   229.500  -412.441623473  -412.358940475  -412.304616489  -412.304616489  -412.245783745
   230.000  -412.447834801  -412.359398478  -412.305756306  -412.305756306  -412.245829326
   230.500  -412.452796918  -412.358561466  -412.305443127  -412.305443127  -412.245702274
   231.000  -412.458361533  -412.358414588  -412.305762882  -412.305762882  -412.245539001
   231.500  -412.466588949  -412.361144836  -412.309026662  -412.309026662  -412.245650596
   232.000  -412.475755972  -412.365144967  -412.313744359  -412.313744359  -412.245964329
   232.500  -412.481472553  -412.366123141  -412.315709977  -412.315709977  -412.246067717
   233.000  -412.482097101  -412.362516350  -412.313398645  -412.313398645  -412.245891417
   233.500  -412.479882916  -412.356656024  -412.309103751  -412.309103751  -412.245702356
   234.000  -412.477535254  -412.351355003  -412.305500323  -412.305500323  -412.245628182
   234.500  -412.476215935  -412.347921007  -412.303674370  -412.303674370  -412.245619796
   235.000  -412.475973150  -412.346555269  -412.303588591  -412.303588591  -412.245649506
   235.500  -412.476236357  -412.346796936  -412.304599278  -412.304599278  -412.245693201
   236.000  -412.476267734  -412.347940454  -412.305906199  -412.305906199  -412.245705988
   236.500  -412.475797135  -412.349657174  -412.307172074  -412.307172074  -412.245680692
   237.000  -412.475149084  -412.352133641  -412.308631599  -412.308631599  -412.245654616
   237.500  -412.474726503  -412.355573423  -412.310566986  -412.310566986  -412.245674067
   238.000  -412.474347563  -412.359557305  -412.312646446  -412.312646446  -412.245763547
   238.500  -412.472916710  -412.362729245  -412.313608512  -412.313608512  -412.245899546
   239.000  -412.468869001  -412.363257242  -412.311728069  -412.311728069  -412.245973892
   239.500  -412.461809757  -412.360489671  -412.306485027  -412.306485027  -412.245830367
   240.000  -412.454534274  -412.356989644  -412.300596485  -412.300596485  -412.245512343
   240.500  -412.451923687  -412.357451350  -412.298905787  -412.298905787  -412.245412107
   241.000  -412.455535270  -412.363307962  -412.302947445  -412.302947445  -412.245678716
   241.500  -412.461689104  -412.370827502  -412.309022397  -412.309022397  -412.245928866
   242.000  -412.466376316  -412.376019693  -412.313126443  -412.313126443  -412.245987883
   242.500  -412.468026609  -412.377398390  -412.313730352  -412.313730352  -412.246010822
   243.000  -412.465953811  -412.374415438  -412.310215169  -412.310215169  -412.246016023
   243.500  -412.460097062  -412.367178769  -412.302596374  -412.302596374  -412.245879168
   244.000  -412.452533102  -412.357938179  -412.293025978  -412.293025978  -412.245602239
   244.500  -412.447295764  -412.350883298  -412.285611625  -412.285611625  -412.245373386
   245.000  -412.447645827  -412.349408930  -412.283699980  -412.283699980  -412.245360606
   245.500  -412.453668281  -412.353709859  -412.287486385  -412.287486385  -412.245516503
   246.000  -412.462859726  -412.361370262  -412.294594008  -412.294594008  -412.245683624
   246.500  -412.472352539  -412.369588408  -412.302279802  -412.302279802  -412.245797292
   247.000  -412.480017450  -412.376280026  -412.308520699  -412.308520699  -412.245893109
   247.500  -412.484166208  -412.379782971  -412.311708370  -412.311708370  -412.245996238
   248.000  -412.483343727  -412.378650038  -412.310445243  -412.310445243  -412.246036334
   248.500  -412.477407129  -412.372728663  -412.304635065  -412.304635065  -412.245873188
   249.000  -412.469314248  -412.364952460  -412.297278215  -412.297278215  -412.245531525
   249.500  -412.464303238  -412.360526269  -412.293647753  -412.293647753  -412.245364412
   250.000  -412.464980357  -412.362021129  -412.296358077  -412.296358077  -412.245540348
   250.500  -412.469088711  -412.367150432  -412.303122184  -412.303122184  -412.245742327
   251.000  -412.473471706  -412.372739561  -412.310719427  -412.310719427  -412.245814904
   251.500  -412.476489822  -412.377151683  -412.317415733  -412.317415733  -412.245887446
   252.000  -412.476738013  -412.379003547  -412.321690536  -412.321690536  -412.245979884
   252.500  -412.472766035  -412.376876683  -412.321965440  -412.321965440  -412.246009992
   253.000  -412.464145485  -412.370369007  -412.317684869  -412.317684869  -412.245948504
   253.500  -412.451983557  -412.360599829  -412.309830321  -412.309830321  -412.245795960
   254.000  -412.438919651  -412.350201896  -412.300918959  -412.300918959  -412.245559356
   254.500  -412.428845495  -412.343042686  -412.294725320  -412.294725320  -412.245321363
   255.000  -412.425477709  -412.342801649  -412.294868465  -412.294868465  -412.245256765
   255.500  -412.429800730  -412.350417865  -412.302272019  -412.302272019  -412.245457154
   256.000  -412.438811979  -412.362836736  -412.313910393  -412.313910393  -412.245808823
   256.500  -412.447158101  -412.374639854  -412.324428342  -412.324428342  -412.246132582
   257.000  -412.449895114  -412.380794062  -412.328885614  -412.328885614  -412.246297880
   257.500  -412.444705447  -412.378865529  -412.324972871  -412.324972871  -412.246189138
   258.000  -412.433563079  -412.370691831  -412.314688237  -412.314688237  -412.245814562
   258.500  -412.422181870  -412.361841360  -412.303790782  -412.303790782  -412.245496127
   259.000  -412.415384556  -412.356994514  -412.297155862  -412.297155862  -412.245494582
   259.500  -412.413555078  -412.356409634  -412.295204614  -412.295204614  -412.245615104
   260.000  -412.414857841  -412.358154416  -412.296109572  -412.296109572  -412.245698705
   260.500  -412.417589265  -412.360470021  -412.298137632  -412.298137632  -412.245782964
   261.000  -412.420154789  -412.361748757  -412.299626579  -412.299626579  -412.245830238
   261.500  -412.421612345  -412.361068770  -412.299543949  -412.299543949  -412.245796334
   262.000  -412.422257855  -412.358771164  -412.298098893  -412.298098893  -412.245725181
   262.500  -412.423057351  -412.355893697  -412.296195684  -412.296195684  -412.245677966
   263.000  -412.424756777  -412.353284317  -412.294559659  -412.294559659  -412.245669437
   263.500  -412.427634270  -412.351353938  -412.293492987  -412.293492987  -412.245660857
   264.000  -412.432029995  -412.350599243  -412.293397247  -412.293397247  -412.245598309
   264.500  -412.439020254  -412.352266516  -412.295439035  -412.295439035  -412.245502132
   265.000  -412.449961066  -412.357884904  -412.301090319  -412.301090319  -412.245522690
   265.500  -412.464340810  -412.367122628  -412.309989460  -412.309989460  -412.245783873
   266.000  -412.478236536  -412.376239041  -412.318409256  -412.318409256  -412.246141463
   266.500  -412.486528274  -412.380285172  -412.321468328  -412.321468328  -412.246258406
   267.000  -412.487637006  -412.377818683  -412.317847079  -412.317847079  -412.246000760
   267.500  -412.485197412  -412.372565518  -412.311421414  -412.311421414  -412.245692745
   268.000  -412.483562703  -412.368928945  -412.306725203  -412.306725203  -412.245658561
   268.500  -412.483401619  -412.367593100  -412.304528562  -412.304528562  -412.245732517
   269.000  -412.483470805  -412.367306866  -412.303616732  -412.303616732  -412.245754171
   269.500  -412.482919580  -412.367201819  -412.303103972  -412.303103972  -412.245784763
   270.000  -412.480924224  -412.366428905  -412.302084101  -412.302084101  -412.245802736
   270.500  -412.476992406  -412.364454941  -412.299953716  -412.299953716  -412.245746502
   271.000  -412.471767365  -412.361858502  -412.297235262  -412.297235262  -412.245641443
   271.500  -412.466728271  -412.360031408  -412.295285170  -412.295285170  -412.245550671
   272.000  -412.463263626  -412.360259124  -412.295372654  -412.295372654  -412.245516639
   272.500  -412.461983998  -412.363044037  -412.297993875  -412.297993875  -412.245554136
   273.000  -412.462476227  -412.367868179  -412.302623245  -412.302623245  -412.245654618
   273.500  -412.463454866  -412.373348962  -412.307861895  -412.307861895  -412.245781367
   274.000  -412.463345874  -412.377820291  -412.312022116  -412.312022116  -412.245874064
   274.500  -412.461195536  -412.380239071  -412.314035358  -412.314035358  -412.245889875
   275.000  -412.457241013  -412.380750640  -412.314033607  -412.314033607  -412.245856737
   275.500  -412.452510306  -412.380284655  -412.312971180  -412.312971180  -412.245806211
   276.000  -412.448353009  -412.380087951  -412.312171574  -412.312171574  -412.245710388
   276.500  -412.446425445  -412.381712187  -412.313309272  -412.313309272  -412.245680576
   277.000  -412.447048297  -412.385373778  -412.316736514  -412.316736514  -412.245832465
   277.500  -412.447934444  -412.388688312  -412.320175324  -412.320175324  -412.245976658
   278.000  -412.446604411  -412.389099767  -412.321118247  -412.321118247  -412.246005451
   278.500  -412.442078368  -412.385585621  -412.318523295  -412.318523295  -412.245983374
   279.000  -412.434365754  -412.378149170  -412.312316064  -412.312316064  -412.245899665
   279.500  -412.424547204  -412.367892004  -412.303490601  -412.303490601  -412.245739293
   280.000  -412.414898954  -412.357127207  -412.294254464  -412.294254464  -412.245557010
   280.500  -412.408110897  -412.348593743  -412.287256423  -412.287256423  -412.245416201
   281.000  -412.406304321  -412.344474009  -412.284609645  -412.284609645  -412.245349821
   281.500  -412.410468959  -412.345835092  -412.287327037  -412.287327037  -412.245366459
   282.000  -412.420282831  -412.352450521  -412.295137773  -412.295137773  -412.245467138
   282.500  -412.434088880  -412.362775205  -412.306459776  -412.306459776  -412.245652130
   283.000  -412.448945538  -412.373990418  -412.318444723  -412.318444723  -412.245909641
   283.500  -412.460942180  -412.382310414  -412.327283972  -412.327283972  -412.246178577
   284.000  -412.466288882  -412.384057529  -412.329293705  -412.329293705  -412.246307455
   284.500  -412.463667900  -412.377999010  -412.323262659  -412.323262659  -412.246100140
   285.000  -412.456845122  -412.367951953  -412.313063924  -412.313063924  -412.245589564
   285.500  -412.453598872  -412.361717144  -412.306589777  -412.306589777  -412.245249513
   286.000  -412.458912840  -412.364294794  -412.308943701  -412.308943701  -412.245424124
   286.500  -412.470228676  -412.373163999  -412.317689675  -412.317689675  -412.245833753
   287.000  -412.480987009  -412.381840579  -412.326385699  -412.326385699  -412.246135558
   287.500  -412.485833104  -412.385077082  -412.329776083  -412.329776083  -412.246219082
   288.000  -412.482756308  -412.380975554  -412.325916129  -412.325916129  -412.246095464
   288.500  -412.473062592  -412.370928929  -412.316137224  -412.316137224  -412.245861908
   289.000  -412.459987800  -412.358216321  -412.303659874  -412.303659874  -412.245628006
   289.500  -412.447038829  -412.346343079  -412.291938347  -412.291938347  -412.245452781
   290.000  -412.436973517  -412.338029027  -412.283655139  -412.283655139  -412.245352831
   290.500  -412.431457697  -412.334874095  -412.280379843  -412.280379843  -412.245325593
   291.000  -412.431029689  -412.337331849  -412.282543344  -412.282543344  -412.245369861
   291.500  -412.435096787  -412.344709698  -412.289437766  -412.289437766  -412.245491899
   292.000  -412.441860367  -412.355096798  -412.299146599  -412.299146599  -412.245700330
   292.500  -412.448274505  -412.365323747  -412.308506601  -412.308506601  -412.245979356
   293.000  -412.450445377  -412.371360827  -412.313514219  -412.313514219  -412.246237540
   293.500  -412.445183577  -412.369872596  -412.310887477  -412.310887477  -412.246279593
   294.000  -412.432852578  -412.361068532  -412.300923552  -412.300923552  -412.245957556
   294.500  -412.419082003  -412.350424864  -412.289215115  -412.289215115  -412.245469291
   295.000  -412.411569262  -412.345501632  -412.283448121  -412.283448121  -412.245228421
   295.500  -412.414114834  -412.349998059  -412.287413944  -412.287413944  -412.245384752
   296.000  -412.424212687  -412.361358440  -412.298585439  -412.298585439  -412.245801916
   296.500  -412.435223355  -412.372940324  -412.310278932  -412.310278932  -412.246169768
   297.000  -412.441092053  -412.378705033  -412.316379209  -412.316379209  -412.246251605
   297.500  -412.439912597  -412.376755069  -412.314918875  -412.314918875  -412.246082801
   298.000  -412.433690642  -412.369091348  -412.307852133  -412.307852133  -412.245825844
   298.500  -412.426053567  -412.359333984  -412.298771490  -412.298771490  -412.245599419
   299.000  -412.420380223  -412.350869972  -412.291041778  -412.291041778  -412.245448500
   299.500  -412.418986100  -412.346056083  -412.286988429  -412.286988429  -412.245376891
   300.000  -412.422959017  -412.346066398  -412.287739649  -412.287739649  -412.245378428
   300.500  -412.432191435  -412.350928307  -412.293265902  -412.293265902  -412.245453214
   301.000  -412.445377753  -412.359519223  -412.302379436  -412.302379436  -412.245608016
   301.500  -412.459963955  -412.369505853  -412.312683264  -412.312683264  -412.245842382
   302.000  -412.472292051  -412.377471797  -412.320705932  -412.320705932  -412.246107003
   302.500  -412.478502973  -412.379789417  -412.322797923  -412.322797923  -412.246263346
   303.000  -412.476685204  -412.374732751  -412.317263650  -412.317263650  -412.246143796
   303.500  -412.469115287  -412.364683991  -412.306579627  -412.306579627  -412.245796314
   304.000  -412.461330570  -412.355190801  -412.296436565  -412.296436565  -412.245513011
   304.500  -412.458024499  -412.350886040  -412.291607381  -412.291607381  -412.245430279
   305.000  -412.460677168  -412.353176346  -412.293575426  -412.293575426  -412.245539538
   305.500  -412.467416623  -412.360157859  -412.300424167  -412.300424167  -412.245795096
   306.000  -412.474018466  -412.367624844  -412.307873789  -412.307873789  -412.246010320
   306.500  -412.476698518  -412.371824877  -412.312098165  -412.312098165  -412.246054123
   307.000  -412.474200245  -412.371499059  -412.311811003  -412.311811003  -412.245948321
   307.500  -412.467685427  -412.367752219  -412.308139057  -412.308139057  -412.245777494
   308.000  -412.459528629  -412.362858587  -412.303402536  -412.303402536  -412.245615551
   308.500  -412.452157986  -412.359126669  -412.299949861  -412.299949861  -412.245504510
   309.000  -412.447338531  -412.358202549  -412.299441391  -412.299441391  -412.245462308
   309.500  -412.445829095  -412.360736582  -412.302510849  -412.302510849  -412.245497348
   310.000  -412.447220665  -412.366223646  -412.308610782  -412.308610782  -412.245614747
   310.500  -412.449876140  -412.372938129  -412.315962708  -412.315962708  -412.245805620
   311.000  -412.451152427  -412.378152401  -412.321790869  -412.321790869  -412.246011517
   311.500  -412.448371389  -412.379100210  -412.323312265  -412.323312265  -412.246103391
   312.000  -412.440712860  -412.374870344  -412.319640202  -412.319640202  -412.245978527
   312.500  -412.430415671  -412.367605738  -412.312985432  -412.312985432  -412.245782885
   313.000  -412.420595176  -412.360324034  -412.306451697  -412.306451697  -412.245763963
   313.500  -412.412054011  -412.353736956  -412.300811967  -412.300811967  -412.245808294
   314.000  -412.404552178  -412.347531066  -412.295758140  -412.295758140  -412.245742291
   314.500  -412.398987383  -412.342558214  -412.292080038  -412.292080038  -412.245674449
   315.000  -412.396255379  -412.339698831  -412.290539346  -412.290539346  -412.245662769
   315.500  -412.396371629  -412.338972199  -412.291023067  -412.291023067  -412.245675816
   316.000  -412.398823116  -412.339875053  -412.292929842  -412.292929842  -412.245707420
   316.500  -412.402817098  -412.341624734  -412.295434098  -412.295434098  -412.245726854
   317.000  -412.407770801  -412.343647843  -412.297965858  -412.297965858  -412.245703407
   317.500  -412.413747267  -412.346023155  -412.300632329  -412.300632329  -412.245652833
   318.000  -412.421245389  -412.349282673  -412.304000983  -412.304000983  -412.245617354
   318.500  -412.430584583  -412.353807564  -412.308483120  -412.308483120  -412.245633022
   319.000  -412.441345293  -412.359277642  -412.313781169  -412.313781169  -412.245718325
   319.500  -412.452089211  -412.364400769  -412.318622012  -412.318622012  -412.245863984
   320.000  -412.460580504  -412.367130859  -412.320983150  -412.320983150  -412.246002020
   320.500  -412.464900254  -412.365774783  -412.319211120  -412.319211120  -412.245995838
   321.000  -412.465396745  -412.360927521  -412.313962986  -412.313962986  -412.245773448
   321.500  -412.465380990  -412.356146643  -412.308872157  -412.308872157  -412.245555334
   322.000  -412.467857044  -412.354656370  -412.307233360  -412.307233360  -412.245624185
   322.500  -412.471809511  -412.355615318  -412.308250397  -412.308250397  -412.245819701
   323.000  -412.474205316  -412.356112675  -412.309023142  -412.309023142  -412.245886194
   323.500  -412.473543884  -412.354731377  -412.308101866  -412.308101866  -412.245870959
   324.000  -412.469747695  -412.351453127  -412.305384707  -412.305384707  -412.245823976
   324.500  -412.463519007  -412.347016077  -412.301495850  -412.301495850  -412.245699459
   325.000  -412.456715163  -412.343275315  -412.298179011  -412.298179011  -412.245544181
   325.500  -412.451619291  -412.342457394  -412.297576225  -412.297576225  -412.245477596
   326.000  -412.449297967  -412.345508369  -412.300579382  -412.300579382  -412.245531157
   326.500  -412.449115304  -412.351607162  -412.306335526  -412.306335526  -412.245632868
   327.000  -412.449688713  -412.359127297  -412.313199735  -412.313199735  -412.245718631
   327.500  -412.449823576  -412.366586593  -412.319680796  -412.319680796  -412.245787609
   328.000  -412.448592232  -412.372748374  -412.324545618  -412.324545618  -412.245869256
   328.500  -412.444965470  -412.376279244  -412.326485801  -412.326485801  -412.245967771
   329.000  -412.437811597  -412.375773121  -412.324156129  -412.324156129  -412.246019518
   329.500  -412.426867732  -412.370743440  -412.317179037  -412.317179037  -412.245906028
   330.000  -412.414309064  -412.363205232  -412.307731078  -412.307731078  -412.245614009
   330.500  -412.404588882  -412.357517479  -412.300371350  -412.300371350  -412.245396694
   331.000  -412.400822763  -412.356759018  -412.298378596  -412.298378596  -412.245469548
   331.500  -412.401947477  -412.359871312  -412.300845769  -412.300845769  -412.245663537
   332.000  -412.404868860  -412.363790247  -412.304772921  -412.304772921  -412.245791136
   332.500  -412.407209066  -412.366181927  -412.307784660  -412.307784660  -412.245878850
   333.000  -412.407376706  -412.365505551  -412.308204461  -412.308204461  -412.245939663
   333.500  -412.404480929  -412.360923324  -412.304996132  -412.304996132  -412.245912015
   334.000  -412.399103261  -412.353071213  -412.298578499  -412.298578499  -412.245764613
   334.500  -412.393659463  -412.344423659  -412.291226408  -412.291226408  -412.245545205
   335.000  -412.391584156  -412.338483408  -412.286283883  -412.286283883  -412.245370992
   335.500  -412.395516673  -412.337972870  -412.286371609  -412.286371609  -412.245350379
   336.000  -412.405703245  -412.343232943  -412.291795160  -412.291795160  -412.245481361
   336.500  -412.420017389  -412.352238440  -412.300548241  -412.300548241  -412.245670839
   337.000  -412.435283782  -412.361912400  -412.309622664  -412.309622664  -412.245850522
   337.500  -412.448416112  -412.369258555  -412.316123610  -412.316123610  -412.245997781
   338.000  -412.456953598  -412.371896728  -412.317799820  -412.317799820  -412.246068608
   338.500  -412.459852266  -412.368855500  -412.313828556  -412.313828556  -412.245967240
   339.000  -412.458767564  -412.361859938  -412.306097841  -412.306097841  -412.245680591
   339.500  -412.457942016  -412.355222382  -412.299079285  -412.299079285  -412.245431096
   340.000  -412.460985337  -412.352627013  -412.296585127  -412.296585127  -412.245433788
   340.500  -412.467928308  -412.354188778  -412.298796161  -412.298796161  -412.245585975
   341.000  -412.476386314  -412.357622714  -412.303418149  -412.303418149  -412.245724176
   341.500  -412.483894406  -412.360586149  -412.308022189  -412.308022189  -412.245816272
   342.000  -412.488683746  -412.361449948  -412.310833040  -412.310833040  -412.245854208
   342.500  -412.489913593  -412.359518089  -412.310969226  -412.310969226  -412.245834229
   343.000  -412.487747555  -412.355084997  -412.308527900  -412.308527900  -412.245776545
   343.500  -412.483076329  -412.349141202  -412.304323537  -412.304323537  -412.245697014
   344.000  -412.477244632  -412.343088653  -412.299634099  -412.299634099  -412.245593623
   344.500  -412.471989903  -412.338685762  -412.296151074  -412.296151074  -412.245475027
   345.000  -412.469198639  -412.337813942  -412.295735541  -412.295735541  -412.245400107
   345.500  -412.469988580  -412.341561042  -412.299490471  -412.299490471  -412.245457266
   346.000  -412.473491723  -412.349002226  -412.306528470  -412.306528470  -412.245669393
   346.500  -412.476616553  -412.356949141  -412.313722956  -412.313722956  -412.245943510
   347.000  -412.475492300  -412.361376432  -412.317142263  -412.317142263  -412.246116938
   347.500  -412.467950650  -412.359899731  -412.314522554  -412.314522554  -412.246042519
   348.000  -412.455596590  -412.353852422  -412.307336600  -412.307336600  -412.245741285
   348.500  -412.443252066  -412.347755142  -412.300236472  -412.300236472  -412.245484381
   349.000  -412.435054191  -412.345453388  -412.297159925  -412.297159925  -412.245478340
   349.500  -412.431495198  -412.347196764  -412.298394907  -412.298394907  -412.245615627
   350.000  -412.430627124  -412.350870540  -412.301817283  -412.301817283  -412.245743510
   350.500  -412.430311249  -412.354249308  -412.305163492  -412.305163492  -412.245807597
   351.000  -412.429274904  -412.356041944  -412.307092848  -412.307092848  -412.245794428
   351.500  -412.427402198  -412.356161358  -412.307471095  -412.307471095  -412.245732379
   352.000  -412.425370949  -412.355346224  -412.306994150  -412.306994150  -412.245672229
   352.500  -412.423934500  -412.354433470  -412.306456024  -412.306456024  -412.245644709
   353.000  -412.423444168  -412.353875648  -412.306262098  -412.306262098  -412.245646122
   353.500  -412.423868130  -412.353752804  -412.306441001  -412.306441001  -412.245649116
   354.000  -412.425165170  -412.354136909  -412.307011338  -412.307011338  -412.245629015
   354.500  -412.427598591  -412.355394176  -412.308291111  -412.308291111  -412.245604372
   355.000  -412.431426821  -412.357867227  -412.310589048  -412.310589048  -412.245649934
   355.500  -412.435875727  -412.360846124  -412.313186840  -412.313186840  -412.245816271
   356.000  -412.438565436  -412.361996492  -412.313781719  -412.313781719  -412.246006860
   356.500  -412.437002140  -412.358857392  -412.309988706  -412.309988706  -412.246003229
   357.000  -412.431588599  -412.351851661  -412.302342232  -412.302342232  -412.245724035
   357.500  -412.426490732  -412.345160260  -412.295139162  -412.295139162  -412.245435256
   358.000  -412.425839045  -412.342931346  -412.292612385  -412.292612385  -412.245440400
   358.500  -412.429562478  -412.345121246  -412.294747556  -412.294747556  -412.245664691
   359.000  -412.434241143  -412.348348582  -412.298134631  -412.298134631  -412.245857247
   359.500  -412.436675523  -412.349458771  -412.299549431  -412.299549431  -412.245893099
   360.000  -412.435934960  -412.347565089  -412.298019595  -412.298019595  -412.245795141
   360.500  -412.433193911  -412.343879118  -412.294678327  -412.294678327  -412.245649463
   361.000  -412.430499758  -412.340477663  -412.291546414  -412.291546414  -412.245529438
   361.500  -412.429620259  -412.339152401  -412.290388785  -412.290388785  -412.245470134
   362.000  -412.431447715  -412.340817965  -412.292115179  -412.292115179  -412.245476012
   362.500  -412.435879975  -412.345393407  -412.296652471  -412.296652471  -412.245538070
   363.000  -412.441952428  -412.351930154  -412.303060211  -412.303060211  -412.245642347
   363.500  -412.448071288  -412.358839710  -412.309750570  -412.309750570  -412.245772230
   364.000  -412.452312479  -412.364186237  -412.314777746  -412.314777746  -412.245906198
   364.500  -412.452805009  -412.366066064  -412.316223886  -412.316223886  -412.246011790
   365.000  -412.448304089  -412.363179012  -412.312785989  -412.312785989  -412.246023722
   365.500  -412.439217167  -412.355860089  -412.304828947  -412.304828947  -412.245845934
   366.000  -412.428835193  -412.347316126  -412.295632368  -412.295632368  -412.245504576
   366.500  -412.422487235  -412.342786830  -412.290546992  -412.290546992  -412.245311263
   367.000  -412.423022890  -412.345032812  -412.292451250  -412.292451250  -412.245495975
   367.500  -412.427722247  -412.351251548  -412.298630140  -412.298630140  -412.245835101
   368.000  -412.431303079  -412.356088197  -412.303765922  -412.303765922  -412.246024205
   368.500  -412.430419655  -412.356133814  -412.304441046  -412.304441046  -412.245996526
   369.000  -412.425006683  -412.351264682  -412.300498825  -412.300498825  -412.245837742
   369.500  -412.417191902  -412.343552530  -412.293975055  -412.293975055  -412.245649364
   370.000  -412.409761382  -412.335732938  -412.287576644  -412.287576644  -412.245493938
   370.500  -412.405114796  -412.330167297  -412.283644453  -412.283644453  -412.245397217
   371.000  -412.404777972  -412.328362909  -412.283667870  -412.283667870  -412.245365971
   371.500  -412.409243021  -412.330819158  -412.288123720  -412.288123720  -412.245401043
   372.000  -412.417938305  -412.336999924  -412.296443956  -412.296443956  -412.245502697
   372.500  -412.429243656  -412.345348330  -412.307028207  -412.307028207  -412.245667557
   373.000  -412.440593498  -412.353381191  -412.317345669  -412.317345669  -412.245875808
   373.500  -412.448871258  -412.358073404  -412.324332561  -412.324332561  -412.246065253
   374.000  -412.451455251  -412.356887684  -412.325445253  -412.325445253  -412.246112932
   374.500  -412.448065613  -412.349608515  -412.320518162  -412.320518162  -412.245893768
   375.000  -412.442371953  -412.339949370  -412.313371726  -412.313371726  -412.245476708
   375.500  -412.440635388  -412.334228678  -412.310421944  -412.310421944  -412.245229607
   376.000  -412.446431998  -412.336132283  -412.315341038  -412.315341038  -412.245431655
   376.500  -412.456871010  -412.342956014  -412.325229377  -412.325229377  -412.245870950
   377.000  -412.465428080  -412.348425819  -412.333466584  -412.333466584  -412.246164496
   377.500  -412.467391245  -412.348093697  -412.335233318  -412.335233318  -412.246173575
   378.000  -412.462122256  -412.341496005  -412.329885582  -412.329885582  -412.245985491
   378.500  -412.451953318  -412.330947880  -412.319917617  -412.319917617  -412.245744166
   379.000  -412.440200166  -412.319617125  -412.308858060  -412.308858060  -412.245548724
   379.500  -412.429811334  -412.310350288  -412.299707438  -412.299707438  -412.245433483
   380.000  -412.422818086  -412.305215997  -412.294304745  -412.294304745  -412.245393207
   380.500  -412.420231522  -412.305320074  -412.293330961  -412.293330961  -412.245407815
   381.000  -412.422049443  -412.310638796  -412.296546163  -412.296546163  -412.245474531
   381.500  -412.427209410  -412.319944406  -412.302838049  -412.302838049  -412.245609808
   382.000  -412.433520504  -412.330860461  -412.310061521  -412.310061521  -412.245815692
   382.500  -412.437805751  -412.340071358  -412.315102572  -412.315102572  -412.246050391
   383.000  -412.436652348  -412.344054265  -412.314626927  -412.314626927  -412.246198914
   383.500  -412.428172176  -412.340783575  -412.306879523  -412.306879523  -412.246096429
   384.000  -412.414334393  -412.332057554  -412.294023564  -412.294023564  -412.245690493
   384.500  -412.401444097  -412.324046954  -412.282539318  -412.282539318  -412.245248867
   385.000  -412.396198362  -412.323426873  -412.279160713  -412.279160713  -412.245159760
   385.500  -412.400150166  -412.331790121  -412.285337954  -412.285337954  -412.245463120
   386.000  -412.408965272  -412.344836946  -412.296562539  -412.296562539  -412.245855455
   386.500  -412.416638264  -412.356554206  -412.306647929  -412.306647929  -412.246075358
   387.000  -412.419476082  -412.363191692  -412.311745944  -412.311745944  -412.246073946
   387.500  -412.417105325  -412.364281560  -412.311362696  -412.311362696  -412.245937336
   388.000  -412.411358786  -412.361544209  -412.307243596  -412.307243596  -412.245766028
   388.500  -412.404768388  -412.357400099  -412.301863758  -412.301863758  -412.245620893
   389.000  -412.399576014  -412.353994522  -412.297428929  -412.297428929  -412.245524648
   389.500  -412.397301484  -412.352771152  -412.295434714  -412.295434714  -412.245484098
   390.000  -412.398591460  -412.354322898  -412.296506248  -412.296506248  -412.245506019
   390.500  -412.403123666  -412.358297245  -412.300293506  -412.300293506  -412.245597718
   391.000  -412.409520151  -412.363308052  -412.305389306  -412.305389306  -412.245755723
   391.500  -412.415482624  -412.367073537  -412.309475612  -412.309475612  -412.245932426
   392.000  -412.418618273  -412.367245013  -412.310164329  -412.310164329  -412.246008562
   392.500  -412.418214279  -412.363180525  -412.306785874  -412.306785874  -412.245863650
   393.000  -412.416768574  -412.357472953  -412.301917171  -412.301917171  -412.245584655
   393.500  -412.418459880  -412.354416697  -412.299829829  -412.299829829  -412.245496216
   394.000  -412.424638722  -412.355494842  -412.301954340  -412.301954340  -412.245710209
   394.500  -412.432360535  -412.357911330  -412.305393894  -412.305393894  -412.245921717
   395.000  -412.438411989  -412.358609978  -412.306960681  -412.306960681  -412.245907861
   395.500  -412.442496578  -412.357449706  -412.306381005  -412.306381005  -412.245790432
   396.000  -412.445859202  -412.355820893  -412.304938213  -412.304938213  -412.245737448
   396.500  -412.449014585  -412.354367965  -412.303208441  -412.303208441  -412.245736837
   397.000  -412.451761071  -412.353002027  -412.301073462  -412.301073462  -412.245709503
   397.500  -412.454237575  -412.351958449  -412.298774308  -412.298774308  -412.245641389
   398.000  -412.457170589  -412.352045691  -412.297162176  -412.297162176  -412.245571205
   398.500  -412.461342987  -412.354114275  -412.297168599  -412.297168599  -412.245538925
   399.000  -412.467003805  -412.358463707  -412.299204875  -412.299204875  -412.245565522
   399.500  -412.473544888  -412.364512474  -412.302823108  -412.302823108  -412.245655710
   400.000  -412.479480010  -412.370769745  -412.306670380  -412.306670380  -412.245790445
   400.500  -412.482824641  -412.375211963  -412.308851209  -412.308851209  -412.245904728
   401.000  -412.482154969  -412.376339994  -412.307980682  -412.307980682  -412.245880483
   401.500  -412.478306099  -412.374883703  -412.304885490  -412.304885490  -412.245639724
   402.000  -412.475193362  -412.374636621  -412.303431444  -412.303431444  -412.245349538
   402.500  -412.477125503  -412.379789262  -412.307837955  -412.307837955  -412.245375894
   403.000  -412.483782990  -412.389923773  -412.317651481  -412.317651481  -412.245780798
   403.500  -412.489473966  -412.399268212  -412.327000358  -412.327000358  -412.246187385
   404.000  -412.488332092  -412.401879667  -412.329804238  -412.329804238  -412.246277899
   404.500  -412.479024125  -412.396335205  -412.324497714  -412.324497714  -412.246048724
   405.000  -412.465014910  -412.385986505  -412.314315962  -412.314315962  -412.245701788
   405.500  -412.451597694  -412.375995780  -412.304345931  -412.304345931  -412.245476008
   406.000  -412.442340467  -412.369797132  -412.297994124  -412.297994124  -412.245459328
   406.500  -412.437704652  -412.367729528  -412.295620802  -412.295620802  -412.245544200
   407.000  -412.436462297  -412.368465575  -412.295950804  -412.295950804  -412.245601712
   407.500  -412.437551217  -412.370864630  -412.297920428  -412.297920428  -412.245615945
   408.000  -412.440474247  -412.374376368  -412.301057434  -412.301057434  -412.245640036
   408.500  -412.444607553  -412.378341558  -412.304787751  -412.304787751  -412.245725712
   409.000  -412.448525437  -412.381321809  -412.307750818  -412.307750818  -412.245873253
   409.500  -412.450091676  -412.381189953  -412.307886809  -412.307886809  -412.246001336
   410.000  -412.447765077  -412.376438509  -412.303739597  -412.303739597  -412.245948383
   410.500  -412.442908546  -412.368494526  -412.296760584  -412.296760584  -412.245614248
   411.000  -412.440799412  -412.362738512  -412.292318688  -412.292318688  -412.245239315
   411.500  -412.446817226  -412.364700263  -412.295888910  -412.295888910  -412.245280353
   412.000  -412.460199289  -412.373815436  -412.306812179  -412.306812179  -412.245734184
   412.500  -412.474087076  -412.383459684  -412.318349892  -412.318349892  -412.246145925
   413.000  -412.481787470  -412.387182606  -412.323945466  -412.323945466  -412.246267013
   413.500  -412.480756578  -412.382659702  -412.321191865  -412.321191865  -412.246159688
   414.000  -412.472180128  -412.371241781  -412.311383804  -412.311383804  -412.245935084
   414.500  -412.459406107  -412.356373670  -412.297929593  -412.297929593  -412.245654215
   415.000  -412.446824644  -412.342478219  -412.285226655  -412.285226655  -412.245390434
   415.500  -412.438547202  -412.333653718  -412.277356893  -412.277356893  -412.245260014
   416.000  -412.436622774  -412.331914040  -412.276330867  -412.276330867  -412.245322321
   416.500  -412.440178007  -412.336348651  -412.281245322  -412.281245322  -412.245503216
   417.000  -412.446433121  -412.344141180  -412.289302108  -412.289302108  -412.245694692
   417.500  -412.452310018  -412.352171605  -412.297401600  -412.297401600  -412.245860697
   418.000  -412.455144941  -412.357718820  -412.302842172  -412.302842172  -412.246008066
   418.500  -412.452818164  -412.358583829  -412.303444829  -412.303444829  -412.246090779
   419.000  -412.444580068  -412.353912318  -412.298384532  -412.298384532  -412.245972907
   419.500  -412.432938036  -412.346085998  -412.290082486  -412.290082486  -412.245576321
   420.000  -412.424270944  -412.341346932  -412.284824529  -412.284824529  -412.245176453
   420.500  -412.424527187  -412.345511084  -412.288453230  -412.288453230  -412.245235755
   421.000  -412.432974918  -412.357731326  -412.300113687  -412.300113687  -412.245690664
   421.500  -412.443054333  -412.371354500  -412.313116771  -412.313116771  -412.246053336
   422.000  -412.449039405  -412.380578606  -412.321625331  -412.321625331  -412.246120189
   422.500  -412.449358297  -412.383768472  -412.323989999  -412.323989999  -412.246015188
   423.000  -412.445214285  -412.382073053  -412.321372820  -412.321372820  -412.245889379
   423.500  -412.438431856  -412.377270438  -412.315583884  -412.315583884  -412.245796128
   424.000  -412.430588969  -412.370899416  -412.308195143  -412.308195143  -412.245707786
   424.500  -412.423326061  -412.364565980  -412.300835656  -412.300835656  -412.245574567
   425.000  -412.418959898  -412.360555358  -412.295795305  -412.295795305  -412.245403051
   425.500  -412.420218692  -412.361568104  -412.295766320  -412.295766320  -412.245309944
   426.000  -412.428469995  -412.368952818  -412.302090366  -412.302090366  -412.245431120
   426.500  -412.441823955  -412.380811948  -412.312879647  -412.312879647  -412.245751599
   427.000  -412.455405620  -412.392274565  -412.323294944  -412.323294944  -412.246110637
   427.500  -412.463810328  -412.397944877  -412.327989526  -412.327989526  -412.246322461
   428.000  -412.464087708  -412.394883491  -412.324087230  -412.324087230  -412.246212393
   428.500  -412.458360553  -412.385228990  -412.313798351  -412.313798351  -412.245727678
   429.000  -412.454059340  -412.376443132  -412.304650346  -412.304650346  -412.245234713
   429.500  -412.458236327  -412.375642321  -412.303792258  -412.303792258  -412.245291802
   430.000  -412.469999647  -412.382052304  -412.310425103  -412.310425103  -412.245782622
   430.500  -412.482005042  -412.388502944  -412.317311468  -412.317311468  -412.246121290
   431.000  -412.488486384  -412.389439226  -412.318827141  -412.318827141  -412.246106690
   431.500  -412.488707464  -412.384341945  -412.314411121  -412.314411121  -412.245903906
   432.000  -412.485030325  -412.375768109  -412.306615264  -412.306615264  -412.245693993
   432.500  -412.480270888  -412.366692949  -412.298428665  -412.298428665  -412.245558856
   433.000  -412.476338200  -412.359144959  -412.291889195  -412.291889195  -412.245511152
   433.500  -412.473954777  -412.353934364  -412.287780945  -412.287780945  -412.245530339
   434.000  -412.472959752  -412.350976820  -412.285924713  -412.285924713  -412.245575439
   434.500  -412.472920206  -412.349920816  -412.285801479  -412.285801479  -412.245595511
   435.000  -412.473792442  -412.350791464  -412.287261010  -412.287261010  -412.245572384
   435.500  -412.476062456  -412.354112581  -412.290718369  -412.290718369  -412.245569551
   436.000  -412.479777698  -412.359925406  -412.296217975  -412.296217975  -412.245695788
   436.500  -412.483116901  -412.366352710  -412.302000417  -412.302000417  -412.245943978
   437.000  -412.482721810  -412.369927342  -412.304793776  -412.304793776  -412.246100962
   437.500  -412.476834759  -412.368736916  -412.302902220  -412.302902220  -412.245928060
   438.000  -412.468534157  -412.365682539  -412.299393021  -412.299393021  -412.245503117
   438.500  -412.464170630  -412.366928633  -412.300511976  -412.300511976  -412.245325336
   439.000  -412.466339025  -412.374892041  -412.308649729  -412.308649729  -412.245662025
   439.500  -412.470366437  -412.384728652  -412.318844476  -412.318844476  -412.246087609
   440.000  -412.469931536  -412.389934714  -412.324450291  -412.324450291  -412.246198221
   440.500  -412.462945359  -412.388222969  -412.323073894  -412.323073894  -412.246038479
   441.000  -412.451451690  -412.381436980  -412.316516754  -412.316516754  -412.245801566
   441.500  -412.438933378  -412.372880408  -412.308101787  -412.308101787  -412.245604915
   442.000  -412.428423397  -412.365447889  -412.300782515  -412.300782515  -412.245486273
   442.500  -412.421787368  -412.360918198  -412.296412056  -412.296412056  -412.245450718
   443.000  -412.419595894  -412.359826930  -412.295589948  -412.295589948  -412.245492544
   443.500  -412.421230584  -412.361566731  -412.297742510  -412.297742510  -412.245594537
   444.000  -412.425194417  -412.364687744  -412.301415792  -412.301415792  -412.245718821
   444.500  -412.429739303  -412.367512697  -412.304892928  -412.304892928  -412.245807093
   445.000  -412.433735007  -412.368994231  -412.307065397  -412.307065397  -412.245822186
   445.500  -412.437148310  -412.369185917  -412.307924068  -412.307924068  -412.245807893
   446.000  -412.440387070  -412.368584226  -412.307925813  -412.307925813  -412.245836961
   446.500  -412.443380222  -412.367217762  -412.307094828  -412.307094828  -412.245837573
   447.000  -412.446556748  -412.365636894  -412.306006062  -412.306006062  -412.245660948
   447.500  -412.452484725  -412.366558629  -412.307407508  -412.307407508  -412.245474346
   448.000  -412.463299216  -412.372289727  -412.313617432  -412.313617432  -412.245653196
   448.500  -412.475983837  -412.379995195  -412.321780256  -412.321780256  -412.246044729
   449.000  -412.484471605  -412.383783304  -412.325963412  -412.325963412  -412.246196602
   449.500  -412.485810766  -412.380860184  -412.323336552  -412.323336552  -412.246045035
   450.000  -412.481550239  -412.372907381  -412.315568235  -412.315568235  -412.245784747
   450.500  -412.475212148  -412.363554187  -412.306295492  -412.306295492  -412.245559795
   451.000  -412.470059830  -412.356145235  -412.298885115  -412.298885115  -412.245417225
   451.500  -412.468217459  -412.352866061  -412.295546471  -412.295546471  -412.245360495
   452.000  -412.470524396  -412.354601304  -412.297176661  -412.297176661  -412.245384618
   452.500  -412.476579914  -412.360981044  -412.303400998  -412.303400998  -412.245486708
   453.000  -412.484810799  -412.370448466  -412.312636079  -412.312636079  -412.245659173
   453.500  -412.492635775  -412.380416690  -412.322255489  -412.322255489  -412.245876309
   454.000  -412.496955048  -412.387746892  -412.329077461  -412.329077461  -412.246073988
   454.500  -412.495200569  -412.389787686  -412.330419872  -412.330419872  -412.246153929
   455.000  -412.486806431  -412.385841176  -412.325581758  -412.325581758  -412.246042148
   455.500  -412.474224391  -412.378187387  -412.316876589  -412.316876589  -412.245757559
   456.000  -412.462518415  -412.371703147  -412.309243747  -412.309243747  -412.245420740
   456.500  -412.457197733  -412.371716997  -412.308086353  -412.308086353  -412.245308851
   457.000  -412.459903450  -412.379711631  -412.314931350  -412.314931350  -412.245665593
   457.500  -412.465357664  -412.390270692  -412.324345989  -412.324345989  -412.246167325
   458.000  -412.465919117  -412.395617978  -412.328498358  -412.328498358  -412.246326042
   458.500  -412.458505405  -412.392530822  -412.324118659  -412.324118659  -412.246133330
   459.000  -412.445333464  -412.383084650  -412.313279771  -412.313279771  -412.245826495
   459.500  -412.430731498  -412.371476629  -412.300227362  -412.300227362  -412.245562738
   460.000  -412.418653952  -412.361553358  -412.288892821  -412.288892821  -412.245388396
   460.500  -412.411782719  -412.355919399  -412.281978697  -412.281978697  -412.245303095
   461.000  -412.411418804  -412.355830451  -412.280830799  -412.280830799  -412.245300656
   461.500  -412.417548946  -412.361261233  -412.285486901  -412.285486901  -412.245377963
   462.000  -412.428902654  -412.370963073  -412.294727309  -412.294727309  -412.245530850
   462.500  -412.443056579  -412.382569984  -412.306182893  -412.306182893  -412.245743626
   463.000  -412.456735588  -412.392902541  -412.316649653  -412.316649653  -412.245978166
   463.500  -412.466470820  -412.398623626  -412.322760327  -412.322760327  -412.246168429
   464.000  -412.469683924  -412.397317056  -412.322073891  -412.322073891  -412.246221120
   464.500  -412.466158569  -412.388949739  -412.314538146  -412.314538146  -412.246021513
   465.000  -412.459610141  -412.377430261  -412.304040770  -412.304040770  -412.245549374
   465.500  -412.457363871  -412.370277554  -412.298069506  -412.298069506  -412.245168807
   466.000  -412.464730256  -412.372988929  -412.302080313  -412.302080313  -412.245380724
   466.500  -412.478396933  -412.382427121  -412.312889368  -412.312889368  -412.245961927
   467.000  -412.489480443  -412.389864870  -412.321728926  -412.321728926  -412.246294676
   467.500  -412.492128699  -412.389578856  -412.322847101  -412.322847101  -412.246227697
   468.000  -412.486362324  -412.381683770  -412.316340207  -412.316340207  -412.245967832
   468.500  -412.475513284  -412.369568392  -412.305585145  -412.305585145  -412.245704541
   469.000  -412.463383146  -412.357056623  -412.294392972  -412.294392972  -412.245512681
   469.500  -412.452923642  -412.347093403  -412.285691557  -412.285691557  -412.245400321
   470.000  -412.445965560  -412.341479042  -412.281256674  -412.281256674  -412.245356208
   470.500  -412.443296448  -412.340950764  -412.281798510  -412.281798510  -412.245374107
   471.000  -412.444739326  -412.345264104  -412.287043944  -412.287043944  -412.245453302
   471.500  -412.449181776  -412.353222394  -412.295770701  -412.295770701  -412.245588668
   472.000  -412.454690677  -412.362791198  -412.305927100  -412.305927100  -412.245760553
   472.500  -412.458861325  -412.371446637  -412.314980991  -412.314980991  -412.245936937
   473.000  -412.459354526  -412.376714546  -412.320457193  -412.320457193  -412.246082468
   473.500  -412.454543556  -412.376823614  -412.320585879  -412.320585879  -412.246123638
   474.000  -412.444694443  -412.371894446  -412.315485770  -412.315485770  -412.245939992
   474.500  -412.433363635  -412.365341897  -412.308565892  -412.308565892  -412.245620597
   475.000  -412.425614651  -412.362089639  -412.304746045  -412.304746045  -412.245542285
   475.500  -412.422909936  -412.363461907  -412.305355308  -412.305355308  -412.245737577
   476.000  -412.422512782  -412.366594820  -412.307560546  -412.307560546  -412.245901590
   476.500  -412.421504181  -412.368469336  -412.308414147  -412.308414147  -412.245943872
   477.000  -412.418573328  -412.367706763  -412.306654072  -412.306654072  -412.245898941
   477.500  -412.413833766  -412.364376438  -412.302490689  -412.302490689  -412.245784980
   478.000  -412.408555142  -412.359711277  -412.297292878  -412.297292878  -412.245644643
   478.500  -412.404561216  -412.355499248  -412.292943775  -412.292943775  -412.245533161
   479.000  -412.403407753  -412.353260690  -412.290997582  -412.290997582  -412.245485186
   479.500  -412.405828138  -412.353700195  -412.292119138  -412.292119138  -412.245506511
   480.000  -412.411585062  -412.356567756  -412.295953489  -412.295953489  -412.245584164
   480.500  -412.419632703  -412.360830558  -412.301317260  -412.301317260  -412.245692091
   481.000  -412.428481238  -412.365048899  -412.306606596  -412.306606596  -412.245799261
   481.500  -412.436656233  -412.367843579  -412.310294498  -412.310294498  -412.245883500
   482.000  -412.443044201  -412.368242905  -412.311304378  -412.311304378  -412.245936914
   482.500  -412.447113601  -412.365897244  -412.309239427  -412.309239427  -412.245913004
   483.000  -412.449658445  -412.361805620  -412.305113764  -412.305113764  -412.245724452
   483.500  -412.453677151  -412.359179864  -412.302197155  -412.302197155  -412.245513813
   484.000  -412.461923558  -412.360978682  -412.303521509  -412.303521509  -412.245652236
   484.500  -412.472142520  -412.365141972  -412.307072174  -412.307072174  -412.246018870
   485.000  -412.478865274  -412.366389739  -412.307561204  -412.307561204  -412.246116883
   485.500  -412.480119290  -412.362915772  -412.303147345  -412.303147345  -412.245871837
   486.000  -412.478847541  -412.357798302  -412.296872780  -412.296872780  -412.245585159
   486.500  -412.478877744  -412.354958762  -412.292651858  -412.292651858  -412.245483277
   487.000  -412.481586618  -412.355823978  -412.291946062  -412.291946062  -412.245536016
   487.500  -412.486088585  -412.359517576  -412.293951392  -412.293951392  -412.245609160
   488.000  -412.491069493  -412.364706827  -412.297423573  -412.297423573  -412.245642284
   488.500  -412.495754652  -412.370577300  -412.301637292  -412.301637292  -412.245656456
   489.000  -412.499715175  -412.376638512  -412.306184994  -412.306184994  -412.245686149
   489.500  -412.502426624  -412.382282127  -412.310524390  -412.310524390  -412.245738001
   490.000  -412.503186469  -412.386693288  -412.313885942  -412.313885942  -412.245793114
   490.500  -412.501382063  -412.389117835  -412.315537901  -412.315537901  -412.245834001
   491.000  -412.496735920  -412.389111431  -412.315040255  -412.315040255  -412.245860516
   491.500  -412.489366747  -412.386612451  -412.312325543  -412.312325543  -412.245837155
   492.000  -412.480351681  -412.382523679  -412.308283450  -412.308283450  -412.245666359
   492.500  -412.472777414  -412.379775698  -412.305829403  -412.305829403  -412.245433972
   493.000  -412.470083254  -412.381677158  -412.308246387  -412.308246387  -412.245503063
   493.500  -412.471270024  -412.387120691  -412.314384933  -412.314384933  -412.245896614
   494.000  -412.470739097  -412.390416747  -412.318503698  -412.318503698  -412.246192917
   494.500  -412.463996386  -412.386998269  -412.315983942  -412.315983942  -412.246178812
   495.000  -412.451056646  -412.376824510  -412.306743057  -412.306743057  -412.245930050
   495.500  -412.435691595  -412.363629183  -412.294477218  -412.294477218  -412.245575528
   496.000  -412.423363510  -412.352851357  -412.284591202  -412.284591202  -412.245281067
   496.500  -412.418536152  -412.348944964  -412.281513399  -412.281513399  -412.245225541
   497.000  -412.422072759  -412.352777783  -412.286098918  -412.286098918  -412.245417588
   497.500  -412.431107467  -412.361500811  -412.295499079  -412.295499079  -412.245680758
   498.000  -412.441516347  -412.371014673  -412.305621969  -412.305621969  -412.245869747
   498.500  -412.450133616  -412.378181011  -412.313342508  -412.313342508  -412.245962798
   499.000  -412.455297706  -412.381369883  -412.317046060  -412.317046060  -412.245983374
   499.500  -412.456592852  -412.380202496  -412.316376478  -412.316376478  -412.245951996
   500.000  -412.454518051  -412.375225987  -412.311905669  -412.311905669  -412.245896812
