 N     7.0   -1.85381385   -0.11983950    0.00937982   14.00307401
 N     7.0    1.87854706    2.21708025   -0.06040846   14.00307401
 C     6.0   -0.76543431    2.32714857    0.06849740   12.00000000
 C     6.0    3.19936871    0.08867471    0.01235317   12.00000000
 C     6.0    1.94411939   -2.04282777    0.02609134   12.00000000
 C     6.0   -0.54925490   -2.42433312    0.13383876   12.00000000
 O     8.0   -1.72483658   -4.47939591   -0.06139750   15.99491464
 O     8.0   -2.03021442    4.18690790   -0.05278081   15.99491464
 H     1.0   -4.06266638   -0.05605881   -0.09473645    1.00782504
 H     1.0    2.53312222    3.95327877    0.43592512    1.00782504
 H     1.0    5.31823891    0.23395756   -0.15729381    1.00782504
 H     1.0    3.02209404   -3.70744449   -0.54902337    1.00782504
