   -0.000184393    0.000259994    0.000094101
    0.000037552   -0.000084280   -0.000208016
    0.000180681    0.000270768    0.000097979
   -0.000041040   -0.000088229    0.000169571
   -0.000002803    0.000822786    0.000090248
    0.000409328   -0.000448997   -0.000148470
   -0.000106118   -0.000175573   -0.000030807
   -0.000091527   -0.000057082    0.000092029
   -0.000397238   -0.001234741   -0.000519109
   -0.001414490   -0.003265046   -0.002028718
   -0.002342433    0.000796745    0.000901920
    0.002399856   -0.001561604   -0.000239286
