 N     7.0   -1.81574949    0.00637927    0.15667929   14.00307401
 N     7.0    1.83103682    2.25043371   -0.17746484   14.00307401
 C     6.0   -0.85869276    2.22276190   -0.10070530   12.00000000
 C     6.0    3.24737342    0.11584559   -0.04567381   12.00000000
 C     6.0    2.15590114   -2.13214480    0.20845256   12.00000000
 C     6.0   -0.58109063   -2.45076379   -0.02430124   12.00000000
 O     8.0   -1.75548081   -4.52179459   -0.11444076   15.99491464
 O     8.0   -2.09406461    4.21816041    0.08232542   15.99491464
 H     1.0   -3.96492401   -0.02036082   -0.07998140    1.00782504
 H     1.0    2.44016964    4.11072143   -0.13529513    1.00782504
 H     1.0    5.13522032    0.44508329    0.63668553    1.00782504
 H     1.0    3.19651145   -3.85937459    0.00387792    1.00782504
