    0.000432438    0.000345557    0.000362823
   -0.000600604    0.000326532    0.000034702
   -0.000210254    0.000247154    0.000020013
    0.000490901   -0.000014962    0.000203246
    0.000027762   -0.000007900   -0.000251284
    0.000179247   -0.000152675   -0.000364497
   -0.000022423   -0.000061020    0.000156896
   -0.000333575   -0.000255579   -0.000124883
   -0.000407835   -0.001137350   -0.000790077
    0.002135048    0.000828961   -0.000874084
   -0.000003887   -0.004073144    0.001249089
    0.000453117   -0.000366165   -0.000797852
