 N     7.0   -1.86780947   -0.17388671   -0.38390718   14.00307401
 N     7.0    1.83696790    2.25717980    0.00050644   14.00307401
 C     6.0   -0.83456669    2.27244395   -0.00443328   12.00000000
 C     6.0    3.14627469    0.14739421    0.05164912   12.00000000
 C     6.0    2.16674526   -2.26928220   -0.13000102   12.00000000
 C     6.0   -0.55486502   -2.49475995   -0.05285649   12.00000000
 O     8.0   -1.91631706   -4.33448227    0.24425657   15.99491464
 O     8.0   -1.88469090    4.30673223    0.15360966   15.99491464
 H     1.0   -4.18724345   -0.37399701   -0.09302792    1.00782504
 H     1.0    2.55308959    3.87638851    0.39291613    1.00782504
 H     1.0    5.34890585    0.46763699    0.20019046    1.00782504
 H     1.0    3.40607259   -4.07183925    0.14617491    1.00782504
