    0.000513848    0.000115603   -0.000132954
    0.000359417    0.000094066   -0.000021121
   -0.000394419   -0.000080178    0.000125552
   -0.000340025    0.000905227    0.000035727
   -0.000061987   -0.000522554    0.000102313
    0.000151284   -0.000390343   -0.000161921
   -0.000169040    0.000031918    0.000104528
   -0.000393992   -0.000039470    0.000023893
    0.000811052   -0.001668404   -0.000178307
    0.001453531   -0.001089501   -0.000087497
    0.002181775   -0.000211367   -0.000527896
    0.000219846    0.000652201   -0.000262906
